79 3 233 0 699
541 2 241 0 699
104 2 223 1 700
79 4 232 1 700
250 3 223 1 700
541 3 239 1 700
104 3 235 2 701
425 3 233 2 701
79 5 226 2 701
250 4 223 2 701
382 1 223 2 701
541 4 233 2 701
281 4 223 2 701
104 4 246 3 702
655 3 239 3 702
425 4 235 3 702
261 5 233 3 702
281 5 233 3 702
104 5 231 4 703
303 1 232 4 703
655 4 226 4 703
425 5 226 4 703
503 4 227 4 703
79 7 222 4 703
250 6 227 4 703
261 6 228 4 703
541 6 225 4 703
281 6 231 4 703
104 6 224 5 704
655 5 227 5 704
503 5 231 5 704
425 6 223 5 704
79 8 221 5 704
261 7 223 5 704
541 7 239 5 704
281 7 221 5 704
104 7 231 6 705
303 3 224 6 705
655 6 222 6 705
425 7 221 6 705
503 6 222 6 705
79 9 225 6 705
250 8 221 6 705
382 5 223 6 705
261 8 221 6 705
541 8 231 6 705
281 8 224 6 705
104 8 231 7 706
303 4 223 7 706
655 7 224 7 706
425 8 227 7 706
503 7 227 7 706
382 6 221 7 706
261 9 221 7 706
541 9 229 7 706
281 9 225 7 706
104 9 229 8 707
14 4 223 8 707
303 5 224 8 707
655 8 225 8 707
425 9 227 8 707
79 11 223 8 707
250 10 226 8 707
382 7 224 8 707
261 10 224 8 707
541 10 241 8 707
281 10 222 8 707
104 10 223 9 708
655 9 222 9 708
425 10 222 9 708
382 8 226 9 708
261 11 223 9 708
541 11 230 9 708
104 11 233 10 709
303 7 221 10 709
503 10 230 10 709
425 11 225 10 709
250 12 227 10 709
541 12 224 10 709
281 12 222 10 709
104 12 233 11 710
14 7 221 11 710
655 11 224 11 710
425 12 225 11 710
250 13 225 11 710
261 13 228 11 710
541 13 227 11 710
281 13 223 11 710
104 13 235 12 711
655 12 222 12 711
503 12 221 12 711
425 13 228 12 711
250 14 227 12 711
79 15 229 12 711
261 14 224 12 711
541 14 238 12 711
281 14 224 12 711
104 14 238 13 712
79 16 229 13 712
541 15 229 13 712
104 15 225 14 713
303 11 223 14 713
503 14 223 14 713
425 15 222 14 713
79 17 224 14 713
281 16 222 14 713
541 16 236 14 713
104 16 231 15 714
14 11 221 15 714
425 16 231 15 714
79 18 222 15 714
261 17 222 15 714
541 17 238 15 714
655 1 221 15 714
104 17 227 16 715
303 13 225 16 715
503 16 222 16 715
425 17 225 16 715
250 18 229 16 715
382 15 225 16 715
281 18 229 16 715
541 18 237 16 715
104 18 224 17 716
14 13 225 17 716
303 14 221 17 716
503 17 224 17 716
425 18 225 17 716
79 20 231 17 716
261 19 222 17 716
382 16 233 17 716
281 19 229 17 716
541 19 235 17 716
104 19 229 18 717
303 15 225 18 717
425 19 223 18 717
261 20 221 18 717
79 21 224 18 717
281 20 229 18 717
541 20 242 18 717
104 20 244 19 718
14 15 221 19 718
303 16 221 19 718
503 19 234 19 718
425 20 221 19 718
281 21 224 19 718
382 18 225 19 718
541 21 235 19 718
303 17 222 20 719
503 20 225 20 719
250 22 229 20 719
425 21 226 20 719
79 23 225 20 719
281 22 228 20 719
541 22 231 20 719
104 22 235 21 720
503 21 235 21 720
250 23 224 21 720
425 22 222 21 720
79 24 229 21 720
382 20 223 21 720
281 23 229 21 720
541 23 239 21 720
104 23 225 22 721
303 19 221 22 721
503 22 224 22 721
250 24 225 22 721
425 23 227 22 721
261 24 223 22 721
79 25 229 22 721
382 21 224 22 721
541 24 243 22 721
104 24 236 23 722
14 19 221 23 722
303 20 222 23 722
503 23 227 23 722
250 25 225 23 722
425 24 223 23 722
261 25 223 23 722
79 26 221 23 722
281 25 222 23 722
541 25 227 23 722
104 25 238 24 723
14 20 224 24 723
303 21 221 24 723
503 24 237 24 723
250 26 221 24 723
425 25 221 24 723
281 26 224 24 723
382 23 221 24 723
541 26 246 24 723
104 26 239 25 724
14 21 221 25 724
303 22 222 25 724
503 25 233 25 724
250 27 227 25 724
261 27 223 25 724
425 26 227 25 724
281 27 223 25 724
541 27 240 25 724
104 27 221 26 725
14 22 224 26 725
303 23 225 26 725
503 26 234 26 725
250 28 224 26 725
425 27 231 26 725
261 28 224 26 725
382 25 225 26 725
79 29 226 26 725
541 28 241 26 725
104 28 238 27 726
503 27 221 27 726
250 29 224 27 726
425 28 227 27 726
79 30 222 27 726
541 29 241 27 726
104 29 232 28 727
14 24 224 28 727
303 25 222 28 727
250 30 221 28 727
425 29 233 28 727
281 30 227 28 727
541 30 234 28 727
104 30 237 29 728
14 25 221 29 728
303 26 233 29 728
503 29 231 29 728
250 31 221 29 728
425 30 226 29 728
281 31 222 29 728
79 32 225 29 728
541 31 246 29 728
104 31 235 30 729
303 27 221 30 729
503 30 225 30 729
250 32 227 30 729
425 31 233 30 729
261 32 221 30 729
382 29 223 30 729
541 32 245 30 729
104 32 237 31 730
303 28 234 31 730
250 33 231 31 730
425 32 228 31 730
382 30 230 31 730
541 33 242 31 730
104 33 234 32 731
303 29 225 32 731
250 34 225 32 731
425 33 224 32 731
281 34 227 32 731
79 35 225 32 731
541 34 240 32 731
104 34 231 33 732
303 30 227 33 732
250 35 227 33 732
425 34 227 33 732
281 35 229 33 732
79 36 226 33 732
382 32 227 33 732
541 35 242 33 732
104 35 238 34 733
14 30 224 34 733
503 34 233 34 733
250 36 231 34 733
261 36 223 34 733
79 37 225 34 733
281 36 221 34 733
382 33 221 34 733
541 36 247 34 733
104 36 235 35 734
503 35 224 35 734
425 36 227 35 734
79 38 226 35 734
541 37 229 35 734
14 32 223 36 735
104 37 241 36 735
303 33 226 36 735
503 36 223 36 735
250 38 224 36 735
425 37 228 36 735
261 38 224 36 735
79 39 228 36 735
281 38 225 36 735
382 35 225 36 735
541 38 237 36 735
104 38 240 37 736
303 34 228 37 736
503 37 233 37 736
250 39 224 37 736
425 38 227 37 736
261 39 221 37 736
79 40 229 37 736
382 36 225 37 736
541 39 240 37 736
104 39 238 38 737
503 38 233 38 737
250 40 223 38 737
425 39 222 38 737
79 41 225 38 737
281 40 224 38 737
541 40 241 38 737
104 40 239 39 738
503 39 224 39 738
250 41 232 39 738
425 40 226 39 738
281 41 222 39 738
79 42 226 39 738
541 41 239 39 738
104 41 224 40 739
303 37 227 40 739
503 40 235 40 739
425 41 233 40 739
261 42 221 40 739
79 43 222 40 739
281 42 227 40 739
541 42 237 40 739
655 26 226 40 739
104 42 227 41 740
303 38 230 41 740
503 41 235 41 740
250 43 232 41 740
425 42 229 41 740
261 43 222 41 740
79 44 224 41 740
382 40 230 41 740
281 43 221 41 740
541 43 222 41 740
655 27 221 41 740
303 39 225 42 741
503 42 229 42 741
250 44 221 42 741
425 43 221 42 741
261 44 224 42 741
79 45 225 42 741
541 44 235 42 741
655 28 227 42 741
303 40 229 43 742
250 45 223 43 742
261 45 229 43 742
79 46 223 43 742
541 45 227 43 742
281 45 226 43 742
655 29 225 43 742
104 45 228 44 743
14 40 221 44 743
303 41 231 44 743
503 44 232 44 743
261 46 227 44 743
79 47 222 44 743
541 46 227 44 743
382 43 224 44 743
281 46 222 44 743
655 30 223 44 743
104 46 239 45 744
303 42 227 45 744
503 45 236 45 744
250 47 235 45 744
425 46 230 45 744
261 47 226 45 744
541 47 230 45 744
382 44 221 45 744
281 47 221 45 744
104 47 225 46 745
503 46 233 46 745
303 43 226 46 745
250 48 231 46 745
425 47 233 46 745
261 48 226 46 745
541 48 235 46 745
655 32 225 46 745
104 48 229 47 746
250 49 224 47 746
425 48 222 47 746
541 49 234 47 746
79 50 232 47 746
655 33 223 47 746
104 49 226 48 747
503 48 222 48 747
425 49 224 48 747
541 50 241 48 747
79 51 230 48 747
382 47 227 48 747
104 50 229 49 748
503 49 226 49 748
250 51 221 49 748
425 50 225 49 748
541 51 235 49 748
79 52 235 49 748
104 51 232 50 749
503 50 225 50 749
250 52 224 50 749
425 51 221 50 749
541 52 231 50 749
261 52 223 50 749
79 53 235 50 749
281 52 221 50 749
655 36 226 50 749
104 52 225 51 750
250 53 227 51 750
541 53 239 51 750
261 53 223 51 750
79 54 237 51 750
655 37 223 51 750
14 48 227 52 751
104 53 237 52 751
503 52 227 52 751
303 49 221 52 751
250 54 227 52 751
541 54 237 52 751
261 54 222 52 751
655 38 235 52 751
104 54 237 53 752
503 53 231 53 752
303 50 227 53 752
541 55 242 53 752
261 55 227 53 752
382 52 225 53 752
79 56 233 53 752
655 39 223 53 752
14 50 223 54 753
104 55 231 54 753
503 54 223 54 753
303 51 227 54 753
250 56 224 54 753
541 56 236 54 753
382 53 221 54 753
79 57 237 54 753
281 56 223 54 753
104 56 231 55 754
503 55 236 55 754
303 52 221 55 754
250 57 226 55 754
541 57 239 55 754
382 54 225 55 754
79 58 239 55 754
655 41 224 55 754
104 57 235 56 755
503 56 222 56 755
250 58 227 56 755
541 58 240 56 755
382 55 226 56 755
79 59 243 56 755
281 58 222 56 755
104 58 235 57 756
14 53 225 57 756
503 57 224 57 756
425 58 222 57 756
250 59 231 57 756
541 59 247 57 756
79 60 240 57 756
281 59 223 57 756
655 43 225 57 756
104 59 222 58 757
503 58 226 58 757
250 60 221 58 757
541 60 230 58 757
79 61 222 58 757
281 60 225 58 757
655 44 224 58 757
104 60 236 59 758
503 59 226 59 758
250 61 227 59 758
425 60 225 59 758
541 61 231 59 758
79 62 225 59 758
655 45 227 59 758
14 56 223 60 759
104 61 224 60 759
503 60 222 60 759
250 62 235 60 759
303 57 223 60 759
382 59 223 60 759
79 63 230 60 759
541 62 227 60 759
281 62 221 60 759
104 62 225 61 760
250 63 225 61 760
425 62 221 61 760
382 60 223 61 760
79 64 232 61 760
541 63 242 61 760
281 63 226 61 760
655 47 226 61 760
104 63 226 62 761
250 64 223 62 761
79 65 223 62 761
541 64 232 62 761
281 64 229 62 761
503 63 221 63 762
425 64 225 63 762
382 62 223 63 762
79 66 234 63 762
541 65 233 63 762
281 65 231 63 762
655 49 225 63 762
104 65 231 64 763
503 64 223 64 763
250 66 227 64 763
303 61 221 64 763
425 65 224 64 763
261 66 223 64 763
382 63 221 64 763
79 67 246 64 763
541 66 239 64 763
281 66 231 64 763
655 50 225 64 763
104 66 235 65 764
79 68 232 65 764
382 64 225 65 764
541 67 238 65 764
281 67 224 65 764
655 51 227 65 764
104 67 225 66 765
503 66 229 66 765
303 63 225 66 765
250 68 229 66 765
425 67 226 66 765
79 69 239 66 765
541 68 233 66 765
382 65 229 66 765
281 68 223 66 765
655 52 221 66 765
303 64 227 67 766
503 67 224 67 766
250 69 231 67 766
79 70 233 67 766
382 66 226 67 766
541 69 234 67 766
655 53 222 67 766
303 65 231 68 767
503 68 222 68 767
261 70 221 68 767
79 71 232 68 767
541 70 246 68 767
382 67 226 68 767
281 70 222 68 767
104 70 221 69 768
303 66 223 69 768
503 69 221 69 768
250 71 232 69 768
261 71 221 69 768
79 72 224 69 768
541 71 233 69 768
425 71 226 70 769
79 73 225 70 769
541 72 225 70 769
281 72 225 70 769
655 1 230 70 769
104 72 225 71 770
303 68 226 71 770
503 71 232 71 770
425 72 227 71 770
79 74 225 71 770
541 73 233 71 770
281 73 227 71 770
14 68 222 72 771
303 69 225 72 771
503 72 233 72 771
382 71 224 72 771
541 74 236 72 771
14 69 223 73 772
104 74 224 73 772
303 70 223 73 772
503 73 230 73 772
425 74 233 73 772
79 76 223 73 772
541 75 221 73 772
281 75 225 73 772
14 70 223 74 773
104 75 232 74 773
503 74 224 74 773
425 75 226 74 773
541 76 237 74 773
281 76 226 74 773
104 76 225 75 774
303 72 221 75 774
425 76 225 75 774
382 74 221 75 774
541 77 222 75 774
104 77 231 76 775
655 5 224 76 775
503 76 229 76 775
425 77 224 76 775
261 78 221 76 775
382 75 221 76 775
541 78 230 76 775
14 73 227 77 776
104 78 227 77 776
655 6 221 77 776
503 77 234 77 776
425 78 223 77 776
382 76 229 77 776
541 79 239 77 776
104 79 227 78 777
655 7 226 78 777
503 78 226 78 777
303 75 224 78 777
250 80 222 78 777
425 79 223 78 777
261 80 233 78 777
541 80 222 78 777
104 80 231 79 778
250 81 223 79 778
425 80 227 79 778
79 82 225 79 778
541 81 233 79 778
281 1 239 80 779
655 9 222 80 779
425 81 223 80 779
282 86 221 80 779
402 86 222 82 781
510 77 222 82 781
156 75 222 82 781
419 71 243 82 781
110 80 225 83 782
425 84 226 83 782
129 97 246 84 783
177 93 237 84 783
632 74 239 85 784
129 98 235 85 784
143 69 227 85 784
30 94 223 85 784
129 99 226 86 785
143 70 244 86 785
30 95 224 86 785
549 84 221 87 786
129 100 231 87 786
143 71 231 87 786
655 17 226 88 787
129 101 245 88 787
535 40 236 88 787
143 72 245 88 787
88 63 233 88 787
670 93 241 88 787
210 82 225 89 788
514 61 240 89 788
138 103 227 89 788
129 102 234 89 788
80 99 226 89 788
143 73 239 89 788
670 94 250 89 788
655 19 222 90 789
138 104 224 90 789
129 103 245 90 789
507 5 225 90 789
80 100 223 90 789
88 65 221 90 789
121 103 224 90 789
143 74 233 90 789
670 95 250 90 789
210 84 222 91 790
138 105 226 91 790
672 84 232 91 790
129 104 255 91 790
291 88 236 91 790
80 101 223 91 790
121 104 226 91 790
143 75 244 91 790
670 96 241 91 790
138 106 232 92 791
655 21 231 92 791
129 105 231 92 791
143 76 225 92 791
670 97 230 92 791
138 107 221 93 792
672 86 227 93 792
129 106 231 93 792
586 99 222 93 792
655 23 224 94 793
514 66 224 94 793
129 107 224 94 793
507 9 223 94 793
143 78 231 94 793
210 88 221 95 794
777 91 224 95 794
514 67 237 95 794
129 108 229 95 794
507 10 222 95 794
80 105 223 95 794
143 79 231 95 794
670 100 225 95 794
514 68 238 96 795
672 89 221 96 795
129 109 222 96 795
507 11 223 96 795
586 102 239 96 795
80 106 224 96 795
143 80 237 96 795
670 101 224 96 795
514 69 232 97 796
672 90 222 97 796
129 110 231 97 796
586 103 225 97 796
291 94 225 97 796
143 81 237 97 796
670 102 225 97 796
655 27 223 98 797
777 94 221 98 797
672 91 222 98 797
129 111 226 98 797
509 59 223 98 797
143 82 233 98 797
670 103 224 98 797
138 113 229 99 798
777 95 221 99 798
672 92 223 99 798
129 112 242 99 798
586 105 223 99 798
509 60 225 99 798
291 96 223 99 798
121 112 223 99 798
143 83 224 99 798
670 104 232 99 798
138 114 233 100 799
514 72 224 100 799
777 96 224 100 799
672 93 231 100 799
509 61 225 100 799
129 113 235 100 799
291 97 225 100 799
507 4 224 100 799
670 105 221 100 799
138 115 225 101 800
514 73 222 101 800
655 30 223 101 800
143 85 233 101 800
507 5 228 101 800
670 106 221 102 801
129 115 238 102 801
143 86 238 102 801
670 107 224 102 801
210 96 223 103 802
514 75 223 103 802
138 117 223 103 802
655 32 223 103 802
672 96 221 103 802
129 116 226 103 802
143 87 237 103 802
138 118 221 104 803
672 97 222 104 803
80 114 221 104 803
121 117 223 104 803
143 88 227 104 803
507 8 228 104 803
138 119 223 105 804
655 34 223 105 804
672 98 225 105 804
291 102 222 105 804
129 118 225 105 804
129 119 223 106 805
121 119 222 106 805
507 10 223 106 805
514 79 223 107 806
655 36 224 107 806
129 120 231 107 806
80 117 223 107 806
600 90 223 107 806
143 91 234 107 806
507 11 229 107 806
514 80 224 108 807
138 122 233 108 807
121 121 221 108 807
143 92 226 108 807
507 12 233 108 807
514 81 223 109 808
138 123 223 109 808
655 38 224 109 808
129 122 226 109 808
367 96 221 109 808
507 13 224 109 808
514 82 223 110 809
655 39 225 110 809
143 94 231 110 809
507 14 232 110 809
210 104 221 111 810
118 3 223 111 810
138 125 221 111 810
129 124 237 111 810
514 84 223 112 811
672 105 223 112 811
514 85 221 113 812
655 42 225 113 812
129 126 222 113 812
291 110 224 113 812
672 106 222 113 812
80 123 223 113 812
121 126 221 113 812
30 122 222 113 812
514 86 224 114 813
777 110 222 114 813
138 128 227 114 813
655 43 222 114 813
672 107 221 114 813
291 111 224 114 813
507 18 225 114 813
138 129 221 115 814
655 44 222 115 814
143 99 222 115 814
507 19 231 115 814
670 120 221 115 814
694 91 223 115 814
129 129 224 116 815
672 109 223 116 815
121 129 223 116 815
507 20 223 116 815
670 121 231 116 815
777 113 222 117 816
514 89 227 117 816
655 46 224 117 816
138 131 227 117 816
129 130 221 117 816
586 123 221 117 816
672 110 223 117 816
121 130 225 117 816
507 21 226 117 816
670 122 228 117 816
514 90 229 118 817
138 132 227 118 817
672 111 226 118 817
143 102 233 118 817
786 93 233 118 817
210 112 225 119 818
138 133 223 119 818
586 125 223 119 818
143 103 221 119 818
210 113 221 120 819
291 117 223 120 819
143 104 225 120 819
507 24 228 120 819
721 113 223 120 819
138 135 221 121 820
80 131 225 121 820
670 126 227 121 820
450 127 221 121 820
138 136 225 122 821
129 135 223 122 821
451 132 221 122 821
586 128 225 122 821
507 26 222 122 821
670 127 227 122 821
129 136 227 123 822
721 116 221 123 822
670 128 229 123 822
514 96 226 124 823
129 137 235 124 823
672 117 225 124 823
507 28 231 124 823
670 129 227 124 823
514 97 223 125 824
129 138 233 125 824
507 29 225 125 824
121 138 227 125 824
721 118 221 125 824
495 117 221 125 824
670 130 221 125 824
514 98 231 126 825
655 55 225 126 825
138 140 222 126 825
129 139 223 126 825
586 132 226 126 825
451 136 223 126 825
672 119 222 126 825
143 110 227 126 825
670 131 223 126 825
210 120 222 127 826
514 99 225 127 826
655 56 222 127 826
129 140 232 127 826
586 133 227 127 826
672 120 225 127 826
143 111 223 127 826
721 120 224 127 826
655 57 225 128 827
507 32 226 128 827
143 112 232 128 827
514 101 226 129 828
655 58 224 129 828
507 33 223 129 828
143 113 222 129 828
514 102 221 130 829
672 123 225 130 829
507 34 223 130 829
507 35 229 131 830
143 115 230 131 830
777 128 221 132 831
143 116 225 132 831
495 124 221 132 831
291 130 226 133 832
586 139 223 133 832
121 146 230 133 832
143 117 226 133 832
721 126 225 133 832
514 106 221 134 833
655 63 233 134 833
586 140 226 134 833
129 147 227 134 833
672 127 231 134 833
507 38 223 134 833
121 147 227 134 833
143 118 227 134 833
600 117 221 134 833
670 139 224 134 833
655 64 229 135 834
586 141 224 135 834
129 148 221 135 834
672 128 232 135 834
451 145 221 135 834
121 148 230 135 834
143 119 225 135 834
721 128 231 135 834
600 118 221 135 834
30 144 222 135 834
670 140 224 135 834
655 65 229 136 835
586 142 224 136 835
129 149 223 136 835
672 129 231 136 835
507 40 224 136 835
451 146 233 136 835
121 149 227 136 835
143 120 223 136 835
600 119 223 136 835
670 141 221 136 835
655 66 232 137 836
129 150 225 137 836
672 130 233 137 836
451 147 230 137 836
507 41 223 137 836
121 150 226 137 836
721 130 221 137 836
600 120 225 137 836
777 134 223 137 836
514 110 227 138 837
655 67 226 138 837
586 144 223 138 837
129 151 222 138 837
291 135 225 138 837
672 131 221 138 837
507 42 237 138 837
121 151 223 138 837
143 122 223 138 837
655 68 224 139 838
672 132 223 139 838
507 43 233 139 838
143 123 231 139 838
138 154 224 140 839
655 69 221 140 839
143 124 223 140 839
138 155 221 141 840
138 156 225 142 841
586 148 221 142 841
129 155 221 142 841
655 71 224 142 841
672 135 223 142 841
507 46 229 142 841
121 155 221 142 841
143 126 223 142 841
138 157 223 143 842
586 149 221 143 842
129 156 221 143 842
672 136 226 143 842
507 47 225 143 842
143 127 224 143 842
777 140 226 144 843
138 158 236 144 843
655 73 228 144 843
586 150 221 144 843
129 157 234 144 843
672 137 229 144 843
291 141 223 144 843
507 48 224 144 843
143 128 225 144 843
121 157 226 144 843
777 141 224 145 844
210 138 222 145 844
138 159 239 145 844
655 74 227 145 844
129 158 222 145 844
586 151 221 145 844
672 138 231 145 844
507 49 226 145 844
143 129 224 145 844
721 138 223 145 844
670 150 222 145 844
777 142 225 146 845
210 139 223 146 845
138 160 237 146 845
655 75 225 146 845
129 159 235 146 845
586 152 221 146 845
672 139 231 146 845
507 50 224 146 845
121 159 225 146 845
143 130 223 146 845
786 121 221 146 845
138 161 235 147 846
655 76 224 147 846
129 160 223 147 846
672 140 227 147 846
143 131 233 147 846
655 77 225 148 847
138 162 225 148 847
129 161 225 148 847
507 52 231 148 847
121 161 225 148 847
143 132 231 148 847
721 141 221 148 847
129 162 222 149 848
672 142 223 149 848
291 146 221 149 848
143 133 221 149 848
670 154 221 149 848
129 163 224 150 849
672 143 221 150 849
291 147 221 150 849
143 134 221 150 849
670 155 222 150 849
777 147 222 151 850
138 165 230 151 850
586 157 222 151 850
507 55 222 151 850
121 164 221 151 850
143 135 227 151 850
786 126 223 151 850
777 148 221 152 851
655 81 221 152 851
138 166 231 152 851
129 165 222 152 851
80 162 223 152 851
121 165 222 152 851
143 136 226 152 851
786 127 225 152 851
670 157 221 152 851
777 149 225 153 852
138 167 225 153 852
586 159 221 153 852
291 150 221 153 852
80 163 221 153 852
121 166 221 153 852
721 146 221 153 852
143 137 229 153 852
786 128 224 153 852
777 150 221 154 853
507 58 239 154 853
80 164 223 154 853
670 159 223 154 853
655 84 221 155 854
129 168 222 155 854
507 59 227 155 854
721 148 222 155 854
670 160 221 155 854
129 169 221 156 855
721 149 221 156 855
143 140 230 156 855
129 170 227 157 856
586 163 225 157 856
507 61 223 157 856
121 170 221 157 856
777 154 223 158 857
129 171 226 158 857
786 133 225 158 857
655 88 228 159 858
129 173 223 160 859
143 144 221 160 859
777 157 222 161 860
129 174 225 161 860
655 90 223 161 860
586 167 223 161 860
451 171 223 161 860
507 65 230 161 860
80 171 221 161 860
573 168 225 161 860
143 145 227 161 860
450 167 221 161 860
138 176 224 162 861
129 175 231 162 861
655 91 223 162 861
672 155 221 162 861
586 168 223 162 861
507 66 229 162 861
121 175 222 162 861
143 146 225 162 861
670 167 223 162 861
777 159 222 163 862
672 156 223 163 862
655 92 233 163 862
80 173 222 163 862
507 67 232 163 862
121 176 224 163 862
143 147 225 163 862
30 172 225 163 862
655 93 230 164 863
80 174 227 164 863
721 157 224 164 863
30 173 224 164 863
210 158 223 165 864
129 178 223 165 864
655 94 226 165 864
80 175 229 165 864
507 69 233 165 864
121 178 229 165 864
143 149 224 165 864
30 174 225 165 864
777 162 228 166 865
129 179 223 166 865
655 95 227 166 865
291 163 233 166 865
451 176 221 166 865
80 176 227 166 865
507 70 223 166 865
670 171 223 166 865
30 175 227 166 865
129 180 222 167 866
655 96 232 167 866
586 173 225 167 866
291 164 223 167 866
80 177 226 167 866
721 160 223 167 866
121 180 229 167 866
30 176 225 167 866
777 164 222 168 867
129 181 227 168 867
655 97 230 168 867
672 161 222 168 867
291 165 225 168 867
80 178 226 168 867
507 72 223 168 867
721 161 221 168 867
121 181 229 168 867
670 173 225 168 867
30 177 221 168 867
129 182 225 169 868
655 98 229 169 868
672 162 225 169 868
80 179 228 169 868
291 166 233 169 868
507 73 226 169 868
121 182 223 169 868
11 87 221 169 868
670 174 227 169 868
30 178 221 169 868
655 99 233 170 869
672 163 221 170 869
80 180 226 170 869
721 163 223 170 869
670 175 226 170 869
30 179 221 170 869
777 167 227 171 870
129 184 232 171 870
655 100 222 171 870
80 181 223 171 870
143 155 224 171 870
121 184 221 171 870
670 176 221 171 870
210 165 221 172 871
129 185 231 172 871
586 178 223 172 871
80 182 223 172 871
507 76 225 172 871
121 185 225 172 871
670 177 227 172 871
777 169 222 173 872
138 187 223 173 872
129 186 222 173 872
655 102 229 173 872
672 166 227 173 872
367 160 221 173 872
586 179 227 173 872
291 170 227 173 872
507 77 222 173 872
143 157 223 173 872
30 182 223 173 872
138 188 231 174 873
129 187 223 174 873
655 103 230 174 873
672 167 223 174 873
586 180 221 174 873
291 171 230 174 873
507 78 221 174 873
721 167 222 174 873
143 158 224 174 873
121 187 227 174 873
30 183 224 174 873
138 189 229 175 874
655 104 224 175 874
672 168 226 175 874
586 181 223 175 874
291 172 232 175 874
507 79 238 175 874
721 168 223 175 874
143 159 227 175 874
670 180 223 175 874
30 184 223 175 874
210 169 225 176 875
138 190 226 176 875
655 105 222 176 875
672 169 223 176 875
586 182 223 176 875
291 173 225 176 875
507 80 235 176 875
786 151 221 176 875
721 169 221 176 875
670 181 225 176 875
30 185 221 176 875
138 191 224 177 876
507 81 225 177 876
143 161 223 177 876
670 182 221 177 876
138 192 228 178 877
655 107 225 178 877
129 191 225 178 877
507 82 225 178 877
121 191 221 178 877
138 193 223 179 878
129 192 233 179 878
507 83 225 179 878
121 192 226 179 878
655 109 221 180 879
80 190 222 180 879
507 84 221 180 879
138 195 229 181 880
129 194 231 181 880
507 85 225 181 880
143 165 227 181 880
138 196 229 182 881
129 195 225 182 881
507 86 226 182 881
138 197 227 183 882
129 196 225 183 882
655 112 223 183 882
507 87 225 183 882
143 167 223 183 882
138 198 227 184 883
586 190 221 184 883
143 168 226 184 883
41 191 231 184 883
655 114 223 185 884
138 200 230 186 885
129 199 233 186 885
655 115 226 186 885
507 90 227 186 885
121 199 225 186 885
143 170 225 186 885
600 169 221 186 885
138 201 223 187 886
586 193 224 187 886
121 200 222 187 886
138 202 227 188 887
129 201 227 188 887
655 117 223 188 887
507 92 225 188 887
143 172 223 188 887
138 203 222 189 888
121 202 227 189 888
129 203 224 190 889
291 187 222 190 889
507 94 224 190 889
721 183 223 190 889
121 203 233 190 889
143 174 231 190 889
777 187 222 191 890
514 163 223 191 890
138 205 223 191 890
291 188 221 191 890
507 95 223 191 890
121 204 227 191 890
143 175 229 191 890
514 164 221 192 891
672 185 224 192 891
655 121 221 192 891
129 205 225 192 891
507 96 223 192 891
143 176 225 192 891
514 165 223 193 892
655 122 223 193 892
672 186 222 193 892
129 206 228 193 892
507 97 222 193 892
121 206 227 193 892
143 177 226 193 892
650 144 225 194 893
655 123 221 194 893
672 187 225 194 893
507 98 222 194 893
786 169 234 194 893
121 207 223 194 893
670 199 221 194 893
672 188 225 195 894
507 99 225 195 894
121 208 230 195 894
777 192 223 196 895
514 168 224 196 895
655 125 227 196 895
138 210 230 196 895
129 209 226 196 895
507 100 226 196 895
670 201 221 196 895
30 205 221 196 895
514 169 225 197 896
138 211 221 197 896
129 210 225 197 896
507 101 221 197 896
143 181 231 197 896
138 212 221 198 897
129 211 225 198 897
586 204 222 198 897
507 102 225 198 897
721 191 224 198 897
30 207 222 198 897
514 171 226 199 898
138 213 221 199 898
129 212 236 199 898
672 192 223 199 898
451 209 221 199 898
670 204 221 199 898
143 183 226 199 898
30 208 227 199 898
118 92 221 200 899
514 172 223 200 899
129 213 236 200 899
121 213 227 200 899
129 214 237 201 900
507 105 221 201 900
450 207 221 201 900
129 215 235 202 901
80 212 221 202 901
121 215 226 202 901
129 216 229 203 902
586 209 229 203 902
143 187 226 203 902
670 208 223 203 902
129 217 233 204 903
507 108 221 204 903
586 210 226 204 903
121 217 221 204 903
143 188 224 204 903
129 218 227 205 904
672 198 225 205 904
507 109 229 205 904
586 211 221 205 904
22 158 223 205 904
143 189 227 205 904
30 214 224 205 904
129 219 227 206 905
507 110 226 206 905
121 219 223 206 905
143 190 221 206 905
129 220 235 207 906
30 216 221 208 907
129 221 235 208 907
507 112 222 208 907
138 223 223 209 908
129 222 227 209 908
672 202 223 209 908
507 113 232 209 908
586 215 227 209 908
121 222 223 209 908
143 193 222 209 908
138 224 221 210 909
121 223 222 210 909
777 207 225 211 910
507 115 230 211 910
670 216 227 211 910
143 195 221 211 910
777 208 221 212 911
118 104 223 212 911
129 225 231 212 911
138 226 229 212 911
672 205 222 212 911
507 116 224 212 911
143 196 223 212 911
138 227 225 213 912
586 219 223 213 912
121 226 221 213 912
143 197 227 213 912
672 207 224 214 913
507 118 225 214 913
121 227 225 214 913
514 187 221 215 914
129 228 223 215 914
138 229 225 215 914
655 144 223 215 914
129 229 223 216 915
507 120 223 216 915
30 2 222 216 915
655 146 221 217 916
507 121 224 217 916
507 122 224 218 917
451 229 221 219 918
514 192 221 220 919
129 233 228 220 919
672 213 224 220 919
507 124 225 220 919
30 6 226 220 919
507 125 222 221 920
514 194 236 222 921
507 126 223 222 921
129 236 226 223 922
507 127 221 223 922
80 233 221 223 922
586 229 223 223 922
143 207 221 223 922
514 196 223 224 923
129 237 229 224 923
507 128 224 224 923
721 217 225 224 923
143 208 225 224 923
672 218 221 225 924
655 154 232 225 924
507 129 222 225 924
129 239 221 226 925
672 219 221 226 925
514 199 223 227 926
507 131 225 227 926
586 233 223 227 926
143 211 221 227 926
138 242 221 228 927
129 241 239 228 927
507 132 221 228 927
670 233 224 228 927
514 201 227 229 928
138 243 229 229 928
129 242 231 229 928
655 158 229 229 928
507 133 223 229 928
514 202 225 230 929
129 243 238 230 929
672 223 226 230 929
291 227 222 230 929
670 235 225 230 929
143 214 230 230 929
451 241 223 231 930
670 236 225 231 930
143 215 239 231 930
210 225 227 232 931
777 228 224 232 931
514 204 225 232 931
138 246 224 232 931
129 245 222 232 931
655 161 223 232 931
507 136 231 232 931
586 238 227 232 931
121 245 222 232 931
143 216 224 232 931
514 205 224 233 932
138 247 227 233 932
129 246 235 233 932
655 162 226 233 932
586 239 223 233 932
121 246 221 233 932
143 217 221 233 932
514 206 224 234 933
138 248 222 234 933
129 247 233 234 933
655 163 228 234 933
507 138 222 234 933
143 218 221 234 933
210 228 224 235 934
138 249 227 235 934
129 248 238 235 934
655 164 227 235 934
507 139 235 235 934
121 248 226 235 934
210 229 221 236 935
514 208 223 236 935
129 249 241 236 935
655 165 225 236 935
30 22 221 236 935
507 140 233 236 935
121 249 221 236 935
143 220 228 236 935
138 251 225 237 936
129 250 239 237 936
655 166 221 237 936
507 141 223 237 936
121 250 222 237 936
143 221 223 237 936
138 252 224 238 937
655 167 226 238 937
507 142 225 238 937
143 222 226 238 937
138 253 233 239 938
129 252 223 239 938
655 168 225 239 938
507 143 225 239 938
121 252 226 239 938
514 212 221 240 939
138 254 233 240 939
129 253 225 240 939
507 144 225 240 939
121 253 222 240 939
210 234 222 241 940
514 213 222 241 940
138 255 222 241 940
129 254 239 241 940
655 170 227 241 940
30 27 226 241 940
121 254 223 241 940
514 214 222 242 941
138 256 229 242 941
129 255 234 242 941
655 171 223 242 941
586 248 224 242 941
80 252 223 242 941
121 255 227 242 941
129 256 239 243 942
138 257 228 243 942
507 147 222 243 942
514 216 223 244 943
129 257 235 244 943
121 257 222 244 943
514 217 223 245 944
129 258 223 245 944
655 174 222 245 944
138 259 226 245 944
143 229 224 245 944
514 218 227 246 945
129 259 228 246 945
143 230 231 246 945
129 260 227 247 946
30 33 225 247 946
143 231 235 247 946
210 241 223 247 946
514 220 221 248 947
129 261 223 248 947
138 262 226 248 947
586 254 229 248 947
121 261 223 248 947
143 232 229 248 947
514 221 224 249 948
129 262 240 249 948
121 262 223 249 948
143 233 235 249 948
129 263 237 250 949
514 222 227 250 949
210 244 223 250 949
143 234 226 250 949
121 264 239 251 950
9 261 224 252 951
586 258 230 252 951
121 265 235 252 951
786 227 221 252 951
777 249 226 253 952
9 262 223 253 952
80 263 222 253 952
121 266 227 253 952
786 228 225 253 952
9 263 223 254 953
121 267 233 254 953
786 229 221 254 953
777 251 225 255 954
121 268 235 255 954
786 230 222 255 954
777 252 223 256 955
121 269 242 256 955
121 270 228 257 956
777 254 221 257 956
121 271 236 258 957
210 252 227 258 957
80 269 224 259 958
495 251 221 259 958
121 272 224 259 958
786 234 225 259 958
777 256 225 259 958
495 252 222 260 959
786 235 222 260 959
210 254 224 260 959
210 255 223 261 960
777 258 223 262 961
210 256 226 262 961
786 238 222 263 962
210 257 235 263 962
80 274 225 264 963
129 280 222 267 966
291 264 225 267 966
672 260 228 267 966
80 277 225 267 966
143 251 227 267 966
514 240 221 268 967
655 197 221 268 967
507 172 230 268 967
672 261 223 268 967
80 278 222 268 967
121 281 222 268 967
138 283 223 269 968
121 282 221 269 968
495 261 221 269 968
210 263 221 269 968
129 283 223 270 969
138 284 226 270 969
121 283 226 270 969
143 254 231 270 969
129 284 239 271 970
138 285 225 271 970
586 277 222 271 970
573 278 221 271 970
143 255 223 271 970
129 285 225 272 971
514 244 230 272 971
129 286 226 273 972
138 287 224 273 972
129 287 231 274 973
514 246 225 274 973
138 288 222 274 973
507 179 223 275 974
586 281 223 275 974
121 288 222 275 974
91 223 223 275 974
129 289 230 276 975
138 290 221 276 975
121 289 225 276 975
91 224 225 276 975
129 290 229 277 976
514 249 227 277 976
586 283 223 277 976
121 290 224 277 976
91 225 223 277 976
143 261 221 277 976
129 291 221 278 977
514 250 236 278 977
586 284 237 278 977
143 262 226 278 977
586 285 223 279 978
143 263 233 279 978
129 293 232 280 979
514 252 229 280 979
138 294 226 280 979
586 286 225 280 979
143 264 225 280 979
129 294 235 281 980
138 295 228 281 980
143 265 221 281 980
210 275 221 282 981
129 295 235 282 981
514 254 226 282 981
586 288 224 282 981
670 287 221 282 981
143 266 231 282 981
129 296 235 283 982
514 255 223 283 982
129 297 227 284 983
514 256 223 284 983
143 268 229 284 983
514 257 225 285 984
586 291 221 285 984
670 290 225 285 984
143 269 225 285 984
129 299 233 286 985
514 258 229 286 985
138 300 227 286 985
507 190 221 286 985
670 291 223 286 985
143 270 226 286 985
129 300 232 287 986
514 259 226 287 986
138 301 230 287 986
586 293 225 287 986
507 191 224 287 986
143 271 222 287 986
129 301 221 288 987
514 260 225 288 987
138 302 228 288 987
586 294 221 288 987
507 192 221 288 987
670 293 231 288 987
143 272 225 289 988
129 302 223 289 988
138 303 225 289 988
507 193 226 289 988
670 294 226 289 988
210 283 223 289 988
143 273 222 290 989
129 303 223 290 989
514 262 227 290 989
138 304 224 290 989
291 287 222 290 989
507 194 227 290 989
670 295 233 290 989
786 265 224 290 989
210 284 224 290 989
777 287 226 291 990
129 304 222 291 990
514 263 224 291 990
655 220 231 291 990
138 305 231 291 990
291 288 221 291 990
507 195 228 291 990
80 301 223 291 990
786 266 221 291 990
210 285 221 291 990
143 275 221 291 990
777 288 222 292 991
129 305 221 292 991
514 264 221 292 991
655 221 229 292 991
138 306 227 292 991
291 289 224 292 991
507 196 225 292 991
586 298 226 292 991
345 233 221 292 991
143 276 222 292 991
777 289 225 293 992
80 303 223 293 992
210 287 223 293 992
143 277 221 293 992
514 266 223 294 993
121 307 225 294 993
655 224 221 295 994
138 310 226 296 995
672 289 223 296 995
291 293 231 296 995
670 301 223 296 995
121 309 223 296 995
143 280 225 296 995
129 310 226 297 996
514 269 233 297 996
121 310 221 297 996
129 311 226 298 997
514 270 235 298 997
507 202 221 298 997
586 304 228 298 997
291 295 222 298 997
143 282 224 298 997
129 312 233 299 998
514 271 234 299 998
138 313 221 299 998
586 305 225 299 998
777 296 221 299 998
129 313 231 300 999
129 314 234 301 1000
514 273 231 301 1000
143 285 221 302 1001
129 315 237 302 1001
514 274 235 302 1001
586 308 223 302 1001
291 299 225 302 1001
507 207 223 303 1002
121 316 221 303 1002
129 317 239 304 1003
514 276 227 304 1003
9 313 222 304 1003
129 318 226 305 1004
514 277 238 305 1004
138 319 224 305 1004
507 209 222 305 1004
670 310 223 305 1004
129 319 231 306 1005
514 278 229 306 1005
721 299 221 306 1005
514 279 221 307 1006
138 321 221 307 1006
777 304 225 308 1007
586 314 223 308 1007
80 318 221 308 1007
129 322 238 309 1008
143 292 224 309 1008
514 281 225 309 1008
586 315 221 309 1008
495 301 233 309 1008
143 293 231 310 1009
471 319 221 310 1009
138 324 223 310 1009
495 302 225 310 1009
143 294 223 311 1010
514 283 227 311 1010
670 316 223 311 1010
91 259 221 311 1010
129 325 244 311 1010
514 284 229 312 1011
655 241 227 312 1011
507 216 223 312 1011
586 318 235 312 1011
670 317 224 312 1011
129 326 236 312 1011
143 296 227 313 1012
121 326 221 313 1012
80 323 229 313 1012
210 307 221 313 1012
129 327 237 313 1012
291 311 231 314 1013
394 316 224 315 1014
41 322 225 316 1015
296 331 221 316 1015
41 323 223 317 1016
41 324 234 318 1017
41 326 222 320 1019
425 202 223 320 1019
11 44 222 320 1019
572 326 221 320 1019
41 327 229 321 1020
425 204 224 322 1021
41 329 241 323 1022
11 47 221 323 1022
41 330 223 324 1023
425 206 231 324 1023
41 331 231 325 1024
425 207 221 325 1024
425 208 223 326 1025
11 50 221 326 1025
41 333 221 327 1026
425 209 239 327 1026
65 277 225 327 1026
572 333 225 327 1026
41 334 222 328 1027
463 339 228 328 1027
65 278 222 328 1027
572 334 223 328 1027
41 335 231 329 1028
463 340 230 329 1028
65 279 228 329 1028
296 345 223 330 1029
65 280 224 330 1029
41 337 223 331 1030
425 213 230 331 1030
296 346 221 331 1030
65 281 225 331 1030
633 321 238 331 1030
572 337 221 331 1030
425 214 226 332 1031
463 343 225 332 1031
392 340 222 332 1031
41 339 224 333 1032
463 344 221 333 1032
392 341 226 333 1032
41 340 224 334 1033
572 340 221 334 1033
633 324 232 334 1033
271 283 234 335 1034
41 341 225 335 1034
296 350 222 335 1034
633 325 227 335 1034
271 284 231 336 1035
41 342 223 336 1035
425 218 224 336 1035
463 347 225 336 1035
633 326 235 336 1035
271 285 221 337 1036
463 348 221 337 1036
41 344 236 338 1037
573 345 223 338 1037
425 220 225 338 1037
15 341 224 338 1037
59 246 223 338 1037
425 221 222 339 1038
775 60 222 339 1038
633 329 237 339 1038
15 343 221 340 1039
775 61 231 340 1039
633 330 235 340 1039
65 291 223 341 1040
633 331 235 341 1040
271 290 223 342 1041
41 348 223 342 1041
59 250 221 342 1041
775 63 223 342 1041
392 350 223 342 1041
65 292 224 342 1041
633 332 237 342 1041
271 291 229 343 1042
41 349 223 343 1042
425 225 223 343 1042
392 351 226 343 1042
633 333 236 343 1042
41 350 229 344 1043
271 292 227 344 1043
463 355 222 344 1043
633 334 231 344 1043
271 293 221 345 1044
633 335 226 345 1044
271 294 227 346 1045
573 353 221 346 1045
15 349 226 346 1045
633 336 230 346 1045
41 353 224 347 1046
573 354 221 347 1046
633 337 233 347 1046
41 354 224 348 1047
573 355 225 348 1047
15 351 223 348 1047
633 338 229 348 1047
271 297 224 349 1048
425 231 221 349 1048
633 339 233 349 1048
15 353 221 350 1049
65 300 221 350 1049
633 340 234 350 1049
271 299 225 351 1050
633 341 226 351 1050
271 300 221 352 1051
633 342 231 352 1051
271 301 227 353 1052
425 235 221 353 1052
15 356 222 353 1052
633 343 229 353 1052
41 360 221 354 1053
271 302 225 354 1053
633 344 221 354 1053
271 303 225 355 1054
573 362 223 355 1054
59 263 222 355 1054
425 237 231 355 1054
15 358 225 355 1054
633 345 233 355 1054
271 304 223 356 1055
15 359 221 356 1055
392 364 223 356 1055
65 306 222 356 1055
633 346 235 356 1055
271 305 225 357 1056
15 360 221 357 1056
65 307 228 357 1056
633 347 231 357 1056
425 240 221 358 1057
65 308 226 358 1057
633 348 225 358 1057
65 309 221 359 1058
633 349 228 359 1058
271 308 223 360 1059
425 242 224 360 1059
392 368 223 360 1059
65 310 221 360 1059
633 350 227 360 1059
271 309 227 361 1060
425 243 230 361 1060
633 351 230 361 1060
271 310 226 362 1061
15 365 221 362 1061
392 370 221 362 1061
633 352 221 362 1061
15 366 223 363 1062
65 313 223 363 1062
633 353 225 363 1062
425 246 224 364 1063
65 314 224 364 1063
15 368 221 365 1064
463 376 221 365 1064
65 315 228 365 1064
425 248 223 366 1065
633 356 231 366 1065
425 249 226 367 1066
775 88 221 367 1066
633 357 226 367 1066
59 276 221 368 1067
15 371 222 368 1067
65 318 223 368 1067
633 358 222 368 1067
59 277 222 369 1068
65 319 222 369 1068
633 359 223 369 1068
41 376 226 370 1069
15 373 223 370 1069
425 252 225 370 1069
65 320 223 370 1069
425 253 225 371 1070
633 361 227 371 1070
15 375 225 372 1071
633 362 223 372 1071
15 376 222 373 1072
425 255 227 373 1072
633 363 227 373 1072
15 377 223 374 1073
425 256 225 374 1073
392 382 223 374 1073
425 257 221 375 1074
271 324 221 376 1075
15 379 226 376 1075
271 325 221 377 1076
15 381 224 378 1077
425 260 222 378 1077
15 382 230 379 1078
15 383 227 380 1079
425 262 224 380 1079
633 370 227 380 1079
15 384 227 381 1080
392 389 221 381 1080
633 372 223 382 1081
271 331 223 383 1082
15 386 222 383 1082
425 265 223 383 1082
633 373 231 383 1082
271 332 222 384 1083
15 387 225 384 1083
633 374 225 384 1083
271 333 227 385 1084
775 106 222 385 1084
425 267 223 385 1084
633 375 230 385 1084
271 334 227 386 1085
775 107 222 386 1085
425 268 226 386 1085
633 376 227 386 1085
271 335 226 387 1086
15 390 224 387 1086
425 269 229 387 1086
65 337 221 387 1086
271 336 227 388 1087
59 296 221 388 1087
425 270 226 388 1087
633 378 221 388 1087
271 337 223 389 1088
15 392 229 389 1088
425 271 221 389 1088
633 379 231 389 1088
271 338 229 390 1089
15 393 226 390 1089
633 380 227 390 1089
271 339 223 391 1090
15 394 233 391 1090
65 341 225 391 1090
271 340 227 392 1091
775 113 227 392 1091
15 395 235 392 1091
425 274 235 392 1091
633 382 226 392 1091
271 341 221 393 1092
41 399 247 393 1092
775 114 221 393 1092
15 396 225 393 1092
425 275 222 393 1092
633 383 231 393 1092
15 397 224 394 1093
425 276 221 394 1093
633 384 227 394 1093
271 343 222 395 1094
15 398 226 395 1094
633 385 231 395 1094
271 344 221 396 1095
463 407 221 396 1095
15 399 223 396 1095
425 278 221 396 1095
572 402 221 396 1095
633 386 231 396 1095
15 400 225 397 1096
633 387 232 397 1096
271 346 224 398 1097
573 405 221 398 1097
775 119 223 398 1097
15 401 227 398 1097
425 280 221 398 1097
633 388 235 398 1097
59 307 223 399 1098
463 410 221 399 1098
633 389 230 399 1098
463 411 224 400 1099
15 403 229 400 1099
425 282 227 400 1099
633 390 223 400 1099
15 404 223 401 1100
633 391 225 401 1100
271 350 223 402 1101
573 409 223 402 1101
463 413 221 402 1101
15 405 227 402 1101
633 392 223 402 1101
15 406 222 403 1102
65 353 221 403 1102
633 393 226 403 1102
271 352 227 404 1103
775 125 229 404 1103
271 353 234 405 1104
775 126 231 405 1104
15 408 221 405 1104
425 287 225 405 1104
271 354 231 406 1105
573 413 223 406 1105
775 127 227 406 1105
15 409 224 406 1105
425 288 237 406 1105
633 396 221 406 1105
271 355 234 407 1106
775 128 227 407 1106
15 410 230 407 1106
392 415 221 407 1106
633 397 225 407 1106
41 414 227 408 1107
271 356 235 408 1107
573 415 221 408 1107
775 129 229 408 1107
15 411 226 408 1107
425 290 223 408 1107
271 357 233 409 1108
775 130 224 409 1108
15 412 227 409 1108
425 291 231 409 1108
41 416 223 410 1109
271 358 231 410 1109
573 417 221 410 1109
775 131 227 410 1109
15 413 225 410 1109
425 292 226 410 1109
633 400 225 410 1109
271 359 232 411 1110
775 132 229 411 1110
15 414 221 411 1110
425 293 232 411 1110
41 418 225 412 1111
271 360 233 412 1111
573 419 221 412 1111
775 133 227 412 1111
15 415 230 412 1111
572 418 223 412 1111
425 294 234 412 1111
271 361 229 413 1112
775 134 226 413 1112
15 416 231 413 1112
425 295 225 413 1112
271 362 231 414 1113
775 135 223 414 1113
572 420 222 414 1113
15 417 231 414 1113
425 296 223 414 1113
392 422 221 414 1113
271 363 228 415 1114
775 136 223 415 1114
572 421 223 415 1114
15 418 233 415 1114
425 297 233 415 1114
65 365 222 415 1114
392 423 223 415 1114
463 427 222 416 1115
425 298 225 416 1115
65 366 221 416 1115
633 406 221 416 1115
59 325 221 417 1116
463 428 222 417 1116
425 299 225 417 1116
65 367 222 417 1116
633 408 225 418 1117
425 302 222 420 1119
633 412 223 422 1121
425 305 221 423 1122
425 306 229 424 1123
41 432 223 426 1125
59 334 224 426 1125
15 429 221 426 1125
271 375 224 426 1125
463 438 223 427 1126
573 436 221 429 1128
775 150 225 429 1128
15 432 226 429 1128
425 311 228 429 1128
633 419 223 429 1128
633 420 225 430 1129
271 379 224 430 1129
775 152 227 431 1130
463 442 223 431 1130
15 434 225 431 1130
425 313 224 431 1130
633 421 241 431 1130
271 380 223 431 1130
271 381 226 432 1131
573 440 222 433 1132
463 444 221 433 1132
425 315 228 433 1132
15 436 225 433 1132
65 383 225 433 1132
271 382 224 433 1132
573 441 223 434 1133
425 316 223 434 1133
633 424 221 434 1133
425 317 223 435 1134
65 385 222 435 1134
425 318 221 436 1135
633 426 224 436 1135
463 448 222 437 1136
65 387 224 437 1136
65 388 224 438 1137
15 441 222 438 1137
633 428 221 438 1137
15 442 222 439 1138
65 389 223 439 1138
633 429 231 439 1138
425 322 221 440 1139
65 390 229 440 1139
633 430 225 440 1139
425 323 222 441 1140
65 391 230 441 1140
633 431 223 441 1140
775 163 222 442 1141
65 392 223 442 1141
65 393 224 443 1142
271 392 229 444 1143
425 326 223 444 1143
65 394 225 444 1143
633 434 227 444 1143
271 393 223 444 1143
65 395 221 445 1144
573 453 227 446 1145
425 328 222 446 1145
572 452 221 446 1145
633 436 225 446 1145
573 454 229 447 1146
425 329 224 447 1146
15 450 226 447 1146
633 437 224 447 1146
271 396 226 447 1146
573 455 231 448 1147
65 398 221 448 1147
633 438 221 448 1147
15 452 224 449 1148
65 399 222 449 1148
271 398 224 449 1148
425 332 221 450 1149
65 400 222 450 1149
15 453 237 450 1149
392 458 224 450 1149
573 458 222 451 1150
425 333 227 451 1150
15 454 223 451 1150
392 459 225 451 1150
633 441 223 451 1150
15 455 221 452 1151
392 460 226 452 1151
572 459 225 453 1152
425 335 221 453 1152
463 464 223 453 1152
65 403 232 453 1152
15 456 221 453 1152
633 443 224 453 1152
573 461 223 454 1153
425 336 226 454 1153
65 404 231 454 1153
392 462 223 454 1153
425 337 225 455 1154
65 405 227 455 1154
392 463 221 455 1154
425 338 225 456 1155
65 407 228 457 1156
65 408 221 458 1157
392 466 221 458 1157
15 461 225 458 1157
65 409 222 459 1158
15 462 221 459 1158
65 411 222 461 1160
15 464 227 461 1160
65 412 225 462 1161
15 465 229 462 1161
633 452 221 462 1161
65 413 235 463 1162
633 453 226 463 1162
425 346 221 464 1163
65 414 234 464 1163
15 467 225 464 1163
633 454 222 464 1163
65 415 236 465 1164
633 455 224 465 1164
572 472 221 466 1165
65 416 232 466 1165
15 469 224 466 1165
633 456 224 466 1165
59 375 223 467 1166
65 417 243 467 1166
15 470 226 467 1166
633 457 221 467 1166
41 474 226 468 1167
65 418 227 468 1167
633 458 221 468 1167
41 475 223 469 1168
65 419 235 469 1168
633 459 227 469 1168
41 476 222 470 1169
65 420 237 470 1169
633 460 224 470 1169
572 477 221 471 1170
65 421 227 471 1170
15 474 221 471 1170
633 461 225 471 1170
775 193 224 472 1171
463 483 221 472 1171
65 422 232 472 1171
15 475 226 472 1171
633 462 227 472 1171
572 479 221 473 1172
65 423 236 473 1172
15 476 221 473 1172
633 463 227 473 1172
65 424 239 474 1173
572 480 224 474 1173
15 477 226 474 1173
633 464 232 474 1173
271 423 221 475 1174
775 196 221 475 1174
65 425 225 475 1174
15 478 227 475 1174
775 197 221 476 1175
65 426 228 476 1175
15 479 221 476 1175
775 198 225 477 1176
15 480 235 477 1176
775 199 224 478 1177
65 428 221 478 1177
15 481 231 478 1177
271 427 221 479 1178
65 429 223 479 1178
15 482 231 479 1178
271 428 225 480 1179
425 362 222 480 1179
15 483 230 480 1179
271 429 227 481 1180
65 431 229 481 1180
15 484 233 481 1180
633 471 227 481 1180
271 430 224 482 1181
775 203 225 482 1181
425 364 231 482 1181
65 432 227 482 1181
271 431 224 483 1182
775 204 233 483 1182
425 365 221 483 1182
572 489 222 483 1182
463 494 224 483 1182
271 432 227 484 1183
425 366 233 484 1183
463 495 227 484 1183
271 433 223 485 1184
775 206 231 485 1184
425 367 229 485 1184
573 493 221 486 1185
775 207 227 486 1185
425 368 230 486 1185
271 435 222 487 1186
775 208 224 487 1186
425 369 231 487 1186
633 477 231 487 1186
775 209 221 488 1187
425 370 226 488 1187
65 438 225 488 1187
463 499 224 488 1187
633 478 223 488 1187
425 371 227 489 1188
572 495 222 489 1188
463 500 222 489 1188
65 439 222 489 1188
15 492 227 489 1188
425 372 221 490 1189
65 440 221 490 1189
463 501 221 490 1189
15 493 231 490 1189
633 480 225 490 1189
271 439 221 491 1190
425 373 224 491 1190
65 441 221 491 1190
572 497 223 491 1190
15 494 231 491 1190
633 481 227 491 1190
775 213 221 492 1191
425 374 224 492 1191
15 495 227 492 1191
775 214 221 493 1192
65 443 227 493 1192
15 496 223 493 1192
633 483 221 493 1192
775 215 224 494 1193
425 376 223 494 1193
65 444 226 494 1193
271 443 221 495 1194
775 216 225 495 1194
15 498 227 495 1194
775 217 223 496 1195
15 499 223 496 1195
633 486 224 496 1195
271 445 222 497 1196
59 405 225 497 1196
425 379 221 497 1196
65 447 221 497 1196
463 508 222 497 1196
15 500 227 497 1196
271 446 224 498 1197
775 219 221 498 1197
65 448 225 498 1197
15 501 226 498 1197
633 488 225 498 1197
775 220 222 499 1198
425 381 222 499 1198
65 449 223 499 1198
633 489 225 499 1198
775 221 222 500 1199
425 382 225 500 1199
65 450 225 500 1199
15 503 227 500 1199
633 490 227 500 1199
271 449 225 501 1200
775 222 222 501 1200
425 383 221 501 1200
15 504 225 501 1200
271 450 226 502 1201
65 452 231 502 1201
15 505 233 502 1201
463 514 222 503 1202
65 453 230 503 1202
15 506 232 503 1202
271 452 224 504 1203
425 386 225 504 1203
463 515 223 504 1203
65 454 231 504 1203
15 507 231 504 1203
633 494 225 504 1203
271 453 225 505 1204
296 520 221 505 1204
463 516 223 505 1204
65 455 228 505 1204
15 508 231 505 1204
633 495 227 505 1204
463 517 223 506 1205
425 388 222 506 1205
65 456 226 506 1205
15 509 232 506 1205
633 496 230 506 1205
271 455 223 507 1206
65 457 232 507 1206
633 497 231 507 1206
271 456 224 508 1207
463 519 221 508 1207
65 458 233 508 1207
633 498 227 508 1207
271 457 224 509 1208
463 520 221 509 1208
65 459 233 509 1208
633 499 227 509 1208
271 458 223 510 1209
463 521 225 510 1209
65 460 233 510 1209
633 500 227 510 1209
271 459 223 511 1210
463 522 221 511 1210
65 461 235 511 1210
633 501 227 511 1210
271 460 222 512 1211
463 523 225 512 1211
65 462 235 512 1211
15 515 228 512 1211
633 502 231 512 1211
271 461 223 513 1212
775 234 221 513 1212
425 395 222 513 1212
65 463 233 513 1212
775 235 221 514 1213
425 396 222 514 1213
15 517 226 514 1213
633 504 225 514 1213
425 397 225 515 1214
463 526 225 515 1214
15 518 222 515 1214
65 465 221 515 1214
633 505 231 515 1214
463 527 227 516 1215
15 519 226 516 1215
463 529 222 518 1217
15 521 224 518 1217
463 530 223 519 1218
15 522 222 519 1218
425 403 222 521 1220
463 532 221 521 1220
15 524 223 521 1220
15 526 224 523 1222
15 527 225 524 1223
463 535 221 524 1223
463 536 221 525 1224
15 528 221 525 1224
633 515 225 525 1224
775 247 225 526 1225
573 534 222 527 1226
775 248 221 527 1226
15 530 223 527 1226
633 517 224 527 1226
463 539 221 528 1227
633 518 225 528 1227
573 536 221 529 1228
41 535 227 529 1228
775 250 221 529 1228
633 519 224 530 1229
41 536 226 530 1229
15 533 227 530 1229
65 480 227 530 1229
633 520 227 531 1230
15 534 227 531 1230
633 521 223 531 1230
15 535 227 532 1231
633 522 224 532 1231
41 539 221 533 1232
425 415 228 533 1232
392 541 222 533 1232
572 539 221 533 1232
574 531 225 534 1233
425 421 225 539 1238
392 547 228 539 1238
572 545 225 539 1238
633 529 236 539 1238
41 546 222 540 1239
775 261 225 540 1239
463 551 223 540 1239
15 543 231 540 1239
425 422 221 540 1239
65 490 228 540 1239
59 448 225 540 1239
633 530 231 540 1239
41 547 225 541 1240
463 552 223 541 1240
15 544 225 541 1240
65 491 225 541 1240
425 423 223 541 1240
59 449 223 541 1240
633 531 237 541 1240
65 492 222 542 1241
633 532 235 542 1241
41 549 223 543 1242
15 546 225 543 1242
65 493 221 543 1242
633 533 233 543 1242
65 494 221 544 1243
41 551 222 545 1244
15 548 227 545 1244
65 495 225 545 1244
633 535 227 545 1244
41 552 221 546 1245
15 549 226 546 1245
59 454 221 546 1245
41 553 222 547 1246
463 558 223 547 1246
15 550 223 547 1246
633 537 240 547 1246
775 269 221 548 1247
15 551 225 548 1247
425 430 223 548 1247
633 538 227 548 1247
15 552 223 549 1248
633 539 231 549 1248
425 432 222 550 1249
463 561 231 550 1249
15 553 224 550 1249
633 540 235 550 1249
15 554 222 551 1250
633 541 235 551 1250
633 542 233 552 1251
425 435 222 553 1252
15 556 221 553 1252
65 503 228 553 1252
633 543 226 553 1252
41 560 225 554 1253
775 275 223 554 1253
425 436 223 554 1253
15 557 224 554 1253
633 544 235 554 1253
41 561 226 555 1254
633 545 224 555 1254
271 504 231 556 1255
185 564 225 556 1255
463 567 232 556 1255
42 211 231 557 1256
157 571 229 557 1256
185 565 231 557 1256
572 563 223 557 1256
197 567 221 558 1257
141 130 224 559 1258
197 568 221 559 1258
336 558 227 559 1258
785 556 241 559 1258
736 496 227 560 1259
237 563 223 560 1259
336 561 221 562 1261
552 565 223 562 1261
785 559 222 562 1261
626 541 241 563 1262
785 560 223 563 1262
704 569 225 564 1263
67 505 234 564 1263
315 248 226 564 1263
601 574 223 564 1263
565 570 226 564 1263
159 283 221 564 1263
42 219 233 565 1264
80 575 224 565 1264
426 547 228 566 1265
426 548 223 567 1266
426 549 227 568 1267
535 520 223 568 1267
38 37 226 568 1267
694 223 227 569 1268
508 483 223 569 1268
426 550 225 569 1268
38 38 228 569 1268
694 224 235 570 1269
508 484 237 570 1269
426 551 222 570 1269
535 522 221 570 1269
38 39 222 570 1269
694 225 227 571 1270
98 573 225 571 1270
694 226 231 572 1271
426 553 236 572 1271
98 574 222 572 1271
38 41 226 572 1271
694 227 227 573 1272
694 228 230 574 1273
426 555 227 574 1273
535 526 221 574 1273
98 576 222 574 1273
694 229 226 575 1274
426 556 231 575 1274
535 527 222 575 1274
694 230 227 576 1275
508 490 224 576 1275
426 557 225 576 1275
694 231 227 577 1276
426 558 221 577 1276
535 529 221 577 1276
38 46 229 577 1276
694 232 223 578 1277
426 559 237 578 1277
38 47 225 578 1277
694 233 232 579 1278
426 560 229 579 1278
535 531 221 579 1278
38 48 235 579 1278
694 234 225 580 1279
38 49 233 580 1279
426 562 221 581 1280
694 236 235 582 1281
426 563 240 582 1281
535 534 226 582 1281
38 51 225 582 1281
694 237 229 583 1282
508 497 226 583 1282
426 564 233 583 1282
535 535 225 583 1282
38 52 227 583 1282
694 238 237 584 1283
508 498 225 584 1283
426 565 246 584 1283
535 536 231 584 1283
98 586 224 584 1283
38 53 225 584 1283
694 239 221 585 1284
508 499 228 585 1284
426 566 231 585 1284
535 537 223 585 1284
98 587 221 585 1284
426 567 230 586 1285
38 55 227 586 1285
426 569 224 588 1287
694 243 222 589 1288
535 541 223 589 1288
38 58 224 589 1288
694 245 226 591 1290
38 60 222 591 1290
426 574 221 593 1292
426 575 222 594 1293
535 546 221 594 1293
426 576 225 595 1294
98 597 222 595 1294
38 64 221 595 1294
694 250 223 596 1295
426 577 225 596 1295
535 548 225 596 1295
426 578 222 597 1296
508 512 224 598 1297
426 579 226 598 1297
98 601 222 599 1298
426 581 221 600 1299
426 582 221 601 1300
426 584 223 603 1302
426 588 221 607 1306
426 597 223 616 1315
426 600 222 619 1318
508 537 229 623 1322
508 551 225 637 1336
508 553 221 639 1338
426 620 223 639 1338
508 554 221 640 1339
426 623 223 642 1341
508 557 221 643 1342
426 624 223 643 1342
426 625 225 644 1343
426 626 221 645 1344
291 19 221 646 1345
426 627 221 646 1345
291 20 223 647 1346
426 628 221 647 1346
38 117 221 648 1347
291 22 221 649 1348
508 564 221 650 1349
508 566 223 652 1351
38 121 223 652 1351
508 568 224 654 1353
291 27 221 654 1353
291 28 222 655 1354
291 29 224 656 1355
763 70 230 656 1355
291 30 225 657 1356
763 71 231 657 1356
291 31 227 658 1357
763 72 221 658 1357
38 127 223 658 1357
763 73 225 659 1358
291 34 223 661 1360
763 75 225 661 1360
426 642 223 661 1360
694 316 221 661 1360
763 76 227 662 1361
426 643 224 662 1361
763 77 231 663 1362
426 644 224 663 1362
291 37 226 664 1363
763 78 222 664 1363
291 38 226 665 1364
763 79 226 665 1364
291 39 225 666 1365
763 80 225 666 1365
763 81 225 667 1366
763 82 227 668 1367
426 649 221 668 1367
291 42 221 669 1368
763 83 232 669 1368
763 84 227 670 1369
291 45 225 672 1371
763 86 224 672 1371
426 653 221 672 1371
763 87 221 673 1372
426 654 222 673 1372
426 655 222 674 1373
426 656 222 675 1374
426 658 222 677 1376
763 92 224 678 1377
291 51 224 678 1377
763 93 221 679 1378
291 52 222 679 1378
763 94 222 680 1379
426 662 222 681 1380
535 18 221 684 1383
763 98 221 684 1383
38 153 221 684 1383
763 100 221 686 1385
291 60 223 687 1386
763 102 222 688 1387
291 61 223 688 1387
38 157 221 688 1387
694 343 221 688 1387
291 62 225 689 1388
763 104 232 690 1389
763 105 238 691 1390
291 65 221 692 1391
763 106 225 692 1391
426 673 221 692 1391
80 703 221 693 1392
98 695 221 693 1392
426 676 223 695 1394
763 111 224 697 1396
508 615 221 701 1400
508 616 225 702 1401
508 617 227 703 1402
763 117 221 703 1402
508 618 223 704 1403
763 118 223 704 1403
508 619 223 705 1404
763 119 226 705 1404
508 620 224 706 1405
763 120 224 706 1405
426 688 221 707 1406
763 122 226 708 1407
80 718 223 708 1407
426 689 223 708 1407
508 623 221 708 1407
763 123 223 709 1408
426 692 221 711 1410
763 126 221 712 1411
426 693 226 712 1411
98 714 223 712 1411
38 182 222 713 1412
80 724 221 714 1413
38 183 222 714 1413
763 129 225 715 1414
763 130 227 716 1415
426 697 224 716 1415
426 699 225 718 1417
763 132 226 718 1417
426 700 221 719 1418
763 133 226 719 1418
426 701 225 720 1419
763 134 224 720 1419
694 375 222 720 1419
763 135 226 721 1420
426 703 222 722 1421
426 705 221 724 1423
508 639 224 725 1424
426 706 226 725 1424
426 707 224 726 1425
508 642 223 728 1427
426 709 223 728 1427
763 144 222 730 1429
98 732 223 730 1429
508 645 223 731 1430
426 714 221 733 1432
763 156 221 742 1441
508 657 225 743 1442
763 157 231 743 1442
508 658 222 744 1443
763 158 221 744 1443
535 79 222 745 1444
508 659 223 745 1444
80 755 223 745 1444
763 159 225 745 1444
535 80 221 746 1445
508 660 223 746 1445
80 756 227 746 1445
763 160 229 746 1445
80 757 223 747 1446
763 161 222 747 1446
80 758 222 748 1447
763 162 223 748 1447
80 759 223 749 1448
763 163 225 749 1448
508 664 222 750 1449
80 760 225 750 1449
763 164 224 750 1449
508 665 221 751 1450
763 165 233 751 1450
763 167 233 753 1452
763 168 230 754 1453
98 756 221 754 1453
763 169 236 755 1454
98 757 222 755 1454
763 171 221 757 1456
98 759 223 757 1456
508 672 221 758 1457
763 174 226 760 1459
763 175 226 761 1460
763 177 229 763 1462
426 744 223 763 1462
763 178 221 764 1463
426 745 221 764 1463
763 179 225 765 1464
98 767 221 765 1464
763 180 221 766 1465
98 768 221 766 1465
763 181 227 767 1466
763 187 221 773 1472
763 188 232 774 1473
426 755 223 774 1473
508 689 223 775 1474
763 189 233 775 1474
763 190 222 776 1475
426 757 223 776 1475
763 191 231 777 1476
763 192 224 778 1477
763 193 232 779 1478
426 760 223 779 1478
535 114 221 780 1479
763 194 230 780 1479
535 115 221 781 1480
222 793 223 781 1480
763 195 230 781 1480
38 251 222 782 1481
763 196 228 782 1481
535 117 225 783 1482
763 197 224 783 1482
535 118 226 784 1483
763 199 224 785 1484
535 120 226 786 1485
535 121 221 787 1486
763 201 226 787 1486
763 202 225 788 1487
763 203 221 789 1488
426 770 225 789 1488
763 204 223 790 1489
426 771 221 790 1489
426 772 221 791 1490
508 706 221 792 1491
763 206 235 792 1491
426 773 225 792 1491
535 127 221 793 1492
763 207 241 793 1492
535 128 224 794 1493
763 208 243 794 1493
694 449 227 794 1493
426 775 225 794 1493
98 796 224 794 1493
535 129 222 795 1494
80 805 221 795 1494
763 209 229 795 1494
426 776 223 795 1494
98 797 233 795 1494
80 806 241 796 1495
166 774 225 797 1496
272 807 226 797 1496
80 807 236 797 1496
763 211 221 797 1496
612 56 222 798 1497
66 736 236 798 1497
421 25 224 799 1498
313 715 229 799 1498
736 735 235 799 1498
224 708 222 799 1498
197 808 237 799 1498
494 326 229 799 1498
633 789 222 799 1498
188 288 229 799 1498
336 88 234 800 1499
313 716 227 800 1499
736 736 237 800 1499
197 809 227 800 1499
551 701 225 800 1499
188 289 242 800 1499
596 801 223 801 1500
278 811 222 801 1500
336 89 221 801 1500
747 30 226 801 1500
313 717 228 801 1500
322 795 231 801 1500
483 237 228 801 1500
340 218 221 801 1500
104 803 241 801 1500
88 777 222 802 1501
736 738 221 802 1501
633 792 227 802 1501
431 516 221 803 1502
414 810 221 804 1503
738 744 225 804 1503
334 740 221 804 1503
454 814 230 804 1503
71 164 221 804 1503
317 809 235 804 1503
262 50 225 804 1503
345 483 225 804 1503
789 802 233 805 1504
731 222 222 806 1505
733 813 224 806 1505
426 4 221 807 1506
262 53 222 807 1506
672 800 222 807 1506
46 805 229 807 1506
736 744 237 808 1507
129 822 250 808 1507
197 817 237 808 1507
80 818 233 808 1507
374 812 229 808 1507
143 56 224 808 1507
567 769 225 808 1507
129 823 239 809 1508
217 818 221 809 1508
129 824 222 810 1509
403 147 223 810 1509
616 624 229 810 1509
697 815 233 811 1510
532 19 233 811 1510
129 825 227 811 1510
491 674 225 812 1511
129 826 237 812 1511
735 451 223 812 1511
334 749 232 813 1512
467 20 229 813 1512
131 806 226 813 1512
253 564 225 813 1512
212 237 225 813 1512
121 41 229 813 1512
320 71 223 813 1512
129 827 221 813 1512
40 481 235 813 1512
392 821 223 813 1512
594 14 222 813 1512
35 765 222 813 1512
733 820 221 813 1512
610 520 223 813 1512
512 799 222 813 1512
358 480 223 813 1512
651 819 225 813 1512
284 822 228 814 1513
467 21 221 814 1513
373 808 228 814 1513
138 828 227 814 1513
129 828 226 814 1513
716 820 225 814 1513
60 828 224 814 1513
733 821 233 814 1513
512 800 221 814 1513
785 811 222 815 1514
424 828 223 815 1514
7 809 231 815 1514
196 811 236 815 1514
334 752 222 816 1515
467 23 235 816 1515
196 812 243 816 1515
498 399 239 816 1515
295 794 222 817 1516
698 826 223 817 1516
182 27 222 817 1516
432 22 228 817 1516
256 603 237 817 1516
483 253 224 817 1516
602 802 223 817 1516
689 255 221 817 1516
200 22 221 817 1516
733 824 223 817 1516
562 110 223 817 1516
516 822 225 817 1516
426 15 223 818 1517
161 314 222 818 1517
141 211 231 818 1517
785 814 229 818 1517
391 748 223 818 1517
547 826 224 818 1517
60 832 227 818 1517
512 804 224 818 1517
423 815 233 818 1517
659 59 225 819 1518
380 763 225 819 1518
60 833 229 819 1518
423 816 221 819 1518
589 834 234 819 1518
284 828 222 820 1519
547 828 224 820 1519
242 118 225 820 1519
129 834 253 820 1519
60 834 226 820 1519
423 817 233 820 1519
399 66 232 821 1520
129 835 250 821 1520
463 24 227 822 1521
785 818 227 822 1521
688 219 233 822 1521
445 815 223 822 1521
508 736 226 822 1521
137 820 233 822 1521
322 816 243 822 1521
45 488 222 822 1521
191 217 231 822 1521
210 195 224 822 1521
129 836 225 822 1521
578 378 223 822 1521
471 248 233 822 1521
779 793 223 823 1522
574 820 227 823 1522
129 837 231 823 1522
104 825 221 823 1522
313 16 232 824 1523
336 112 223 824 1523
572 829 239 824 1523
736 760 237 824 1523
682 832 223 824 1523
52 820 222 824 1523
63 811 221 824 1523
79 387 227 824 1523
104 826 231 824 1523
313 17 232 825 1524
336 113 251 825 1524
736 761 226 825 1524
129 839 242 825 1524
104 827 239 825 1524
313 18 231 826 1525
572 831 230 826 1525
736 762 223 826 1525
129 840 236 826 1525
104 828 225 826 1525
313 19 230 827 1526
129 841 233 827 1526
104 829 235 827 1526
313 20 226 828 1527
572 833 223 828 1527
736 764 221 828 1527
104 830 223 828 1527
313 21 225 829 1528
129 843 233 829 1528
104 831 233 829 1528
313 22 226 830 1529
736 766 221 830 1529
129 844 231 830 1529
104 832 227 830 1529
129 845 225 831 1530
104 833 236 831 1530
313 24 230 832 1531
736 768 223 832 1531
104 834 223 832 1531
129 847 226 833 1532
104 835 227 833 1532
313 1 223 833 1532
572 839 223 834 1533
129 848 221 834 1533
313 2 235 834 1533
104 836 235 834 1533
736 771 227 835 1534
447 745 223 835 1534
572 840 221 835 1534
129 849 233 835 1534
104 837 235 835 1534
313 3 224 835 1534
736 772 229 836 1535
572 841 224 836 1535
129 850 233 836 1535
188 325 223 836 1535
736 773 225 837 1536
313 5 229 837 1536
188 326 231 837 1536
736 774 221 838 1537
129 852 221 838 1537
104 840 224 838 1537
313 6 229 838 1537
188 327 233 838 1537
736 775 225 839 1538
129 853 225 839 1538
104 841 231 839 1538
313 7 227 839 1538
736 776 225 840 1539
572 845 224 840 1539
129 854 229 840 1539
247 845 230 840 1539
104 842 238 840 1539
313 8 232 840 1539
736 777 226 841 1540
129 855 226 841 1540
104 843 227 841 1540
313 9 230 841 1540
736 778 224 842 1541
572 847 230 842 1541
129 856 229 842 1541
104 844 224 842 1541
313 10 227 842 1541
736 779 228 843 1542
572 848 224 843 1542
129 857 227 843 1542
104 846 221 844 1543
313 12 227 844 1543
572 850 225 845 1544
129 859 227 845 1544
313 13 221 845 1544
572 851 233 846 1545
313 14 223 846 1545
572 852 231 847 1546
104 849 225 847 1546
313 15 225 847 1546
572 853 222 848 1547
104 850 223 848 1547
313 16 231 848 1547
572 854 221 849 1548
129 863 225 849 1548
104 851 229 849 1548
313 17 222 849 1548
736 786 221 850 1549
247 855 232 850 1549
200 1 223 850 1549
171 107 231 851 1550
129 865 253 851 1550
323 781 226 851 1550
733 858 222 851 1550
787 545 246 852 1551
268 744 221 852 1551
319 860 231 852 1551
173 70 223 852 1551
83 294 222 852 1551
129 866 227 852 1551
618 207 227 853 1552
771 726 223 853 1552
223 297 223 853 1552
129 867 247 853 1552
195 221 221 853 1552
782 805 224 853 1552
787 547 221 854 1553
724 860 224 854 1553
421 80 224 854 1553
687 868 227 854 1553
532 62 223 854 1553
126 505 225 854 1553
665 660 223 854 1553
129 868 227 854 1553
331 17 221 854 1553
637 223 224 854 1553
129 869 249 855 1554
401 848 222 856 1555
129 870 231 856 1555
104 858 239 856 1555
129 871 239 857 1556
104 859 236 857 1556
129 872 230 858 1557
104 860 226 858 1557
129 873 238 859 1558
104 861 237 859 1558
733 866 225 859 1558
596 860 223 860 1559
104 862 241 860 1559
129 875 231 861 1560
104 863 231 861 1560
129 876 242 862 1561
104 864 239 862 1561
129 877 237 863 1562
104 865 245 863 1562
129 878 241 864 1563
104 866 237 864 1563
747 8 231 865 1564
129 879 238 865 1564
104 867 241 865 1564
129 880 241 866 1565
104 868 239 866 1565
129 881 234 867 1566
104 869 234 867 1566
129 882 226 868 1567
104 870 227 868 1567
129 883 236 869 1568
104 871 228 869 1568
735 508 226 870 1569
129 884 233 870 1569
104 872 239 870 1569
129 885 237 871 1570
104 873 234 871 1570
380 816 231 872 1571
129 886 237 872 1571
104 874 225 872 1571
129 887 233 873 1572
441 816 227 873 1572
104 875 227 873 1572
745 881 221 874 1573
129 888 233 874 1573
104 876 225 874 1573
80 885 221 875 1574
129 889 240 875 1574
104 877 226 875 1574
467 83 224 876 1575
129 890 238 876 1575
129 891 235 877 1576
104 879 235 877 1576
129 892 234 878 1577
104 880 241 878 1577
129 893 239 879 1578
129 894 227 880 1579
104 882 239 880 1579
404 851 221 881 1580
129 895 237 881 1580
104 883 237 881 1580
129 896 239 882 1581
104 884 229 882 1581
129 897 239 883 1582
104 885 227 883 1582
342 891 223 884 1583
129 898 242 884 1583
104 886 225 884 1583
129 899 245 885 1584
104 887 229 885 1584
345 564 226 886 1585
129 900 231 886 1585
104 888 236 886 1585
345 565 230 887 1586
129 901 243 887 1586
77 421 223 887 1586
359 342 228 887 1586
104 889 235 887 1586
104 890 237 888 1587
714 830 223 888 1587
129 903 231 889 1588
129 904 233 890 1589
104 892 236 890 1589
129 905 247 891 1590
682 900 224 892 1591
129 906 241 892 1591
104 894 237 892 1591
74 905 223 893 1592
129 907 235 893 1592
104 895 235 893 1592
129 908 247 894 1593
104 896 238 894 1593
129 909 236 895 1594
104 897 231 895 1594
129 910 247 896 1595
104 898 238 896 1595
129 911 242 897 1596
104 899 240 897 1596
129 912 246 898 1597
104 900 241 898 1597
129 913 245 899 1598
104 901 237 899 1598
129 914 245 900 1599
129 918 237 904 1603
104 906 234 904 1603
244 906 226 905 1604
244 907 225 906 1605
129 921 225 907 1606
104 909 224 907 1606
570 389 221 908 1607
104 910 224 908 1607
244 909 224 908 1607
104 911 225 909 1608
244 910 223 909 1608
129 924 225 910 1609
104 912 225 910 1609
244 911 227 910 1609
129 925 229 911 1610
104 913 228 911 1610
629 833 222 911 1610
244 912 228 911 1610
129 926 239 912 1611
244 913 230 912 1611
129 927 236 913 1612
608 342 223 913 1612
244 914 227 913 1612
129 928 237 914 1613
79 477 221 914 1613
244 915 227 914 1613
129 929 246 915 1614
121 36 225 915 1614
244 916 233 915 1614
525 918 226 915 1614
90 297 226 915 1614
446 33 221 915 1614
129 930 229 916 1615
403 254 226 917 1616
121 38 226 917 1616
104 919 245 917 1616
244 918 222 917 1616
358 584 229 917 1616
625 111 225 917 1616
574 915 221 917 1616
121 39 233 918 1617
244 919 230 918 1617
104 920 226 918 1617
77 453 224 919 1618
104 921 252 919 1618
785 916 230 919 1618
579 935 221 920 1619
104 922 242 920 1619
104 923 240 921 1620
104 924 241 922 1621
371 47 222 923 1622
213 179 226 923 1622
672 53 227 924 1623
371 48 222 924 1623
213 180 231 924 1623
244 926 237 925 1624
358 592 229 925 1624
672 54 221 925 1624
213 181 225 925 1624
244 927 232 926 1625
372 909 225 926 1625
244 928 237 927 1626
372 910 221 927 1626
244 929 221 928 1627
372 911 223 928 1627
244 930 225 929 1628
213 185 221 929 1628
372 913 221 930 1629
358 597 223 930 1629
213 186 224 930 1629
372 914 221 931 1630
358 598 221 931 1630
206 905 236 931 1630
244 933 229 932 1631
371 56 222 932 1631
213 188 224 932 1631
206 906 237 932 1631
372 916 225 933 1632
672 62 224 933 1632
213 189 226 933 1632
206 907 223 933 1632
286 936 221 934 1633
672 64 223 935 1634
206 909 250 935 1634
244 937 241 936 1635
206 910 223 936 1635
372 920 221 937 1636
672 66 224 937 1636
371 61 225 937 1636
542 911 230 937 1636
206 911 223 937 1636
286 940 239 938 1637
371 62 222 938 1637
213 194 221 938 1637
206 912 221 938 1637
286 941 234 939 1638
371 63 223 939 1638
542 913 222 939 1638
244 941 225 940 1639
286 942 226 940 1639
371 64 225 940 1639
213 196 223 940 1639
206 914 221 940 1639
372 924 223 941 1640
358 608 223 941 1640
286 943 234 941 1640
206 915 231 941 1640
244 943 225 942 1641
371 66 223 942 1641
672 1 225 942 1641
206 916 222 942 1641
372 926 222 943 1642
286 946 226 944 1643
672 3 225 944 1643
206 918 225 944 1643
213 201 221 945 1644
244 947 224 946 1645
286 948 232 946 1645
206 920 224 946 1645
244 948 228 947 1646
286 949 233 947 1646
371 71 241 947 1646
206 921 223 947 1646
244 949 226 948 1647
286 950 234 948 1647
371 72 222 948 1647
542 922 224 948 1647
206 922 230 948 1647
244 950 225 949 1648
286 951 235 949 1648
372 3 221 949 1648
672 8 222 949 1648
206 923 225 949 1648
244 951 227 950 1649
286 952 224 950 1649
371 74 224 950 1649
672 9 224 950 1649
206 924 229 950 1649
286 953 233 951 1650
372 5 222 951 1650
213 207 222 951 1650
206 925 224 952 1651
244 953 226 952 1651
358 619 224 952 1651
286 954 239 952 1651
371 76 231 952 1651
244 954 230 953 1652
286 955 237 953 1652
244 955 229 954 1653
206 928 224 954 1653
244 956 235 955 1654
286 957 223 955 1654
371 79 221 955 1654
372 9 226 955 1654
206 929 223 956 1655
286 958 224 956 1655
372 10 223 956 1655
206 930 227 957 1656
244 958 231 957 1656
286 959 233 957 1656
358 624 221 957 1656
371 81 226 957 1656
206 931 221 958 1657
244 959 222 958 1657
286 960 225 958 1657
358 625 221 958 1657
371 82 227 958 1657
206 932 225 958 1657
213 2 224 959 1658
244 960 225 959 1658
286 961 228 959 1658
372 13 227 959 1658
206 933 221 959 1658
213 3 223 960 1659
244 961 229 960 1659
286 962 229 960 1659
371 84 223 960 1659
244 962 229 961 1660
286 963 229 961 1660
358 628 232 961 1660
371 85 232 961 1660
372 15 227 961 1660
206 935 225 961 1660
213 5 221 962 1661
244 963 226 962 1661
286 964 235 962 1661
358 629 232 962 1661
372 16 227 962 1661
206 936 223 962 1661
244 964 235 963 1662
286 965 233 963 1662
358 630 230 963 1662
372 17 226 963 1662
371 87 221 963 1662
244 965 235 964 1663
286 966 241 964 1663
372 18 221 964 1663
542 938 221 964 1663
244 966 221 965 1664
286 967 233 965 1664
372 19 223 965 1664
371 89 221 965 1664
244 967 221 966 1665
286 968 226 966 1665
372 20 221 966 1665
371 90 227 966 1665
206 940 229 966 1665
286 969 231 967 1666
372 21 222 967 1666
371 91 227 967 1666
244 969 223 968 1667
286 970 222 968 1667
206 942 223 968 1667
244 970 221 969 1668
286 971 225 969 1668
371 93 229 969 1668
244 971 223 970 1669
286 972 227 970 1669
371 94 230 970 1669
213 14 222 971 1670
244 972 233 971 1670
358 638 221 971 1670
372 25 222 971 1670
371 95 225 971 1670
286 974 234 972 1671
244 974 231 973 1672
286 975 229 973 1672
244 975 234 974 1673
672 33 221 974 1673
372 30 223 976 1675
371 100 223 976 1675
206 950 222 976 1675
244 978 223 977 1676
372 31 223 977 1676
371 101 226 977 1676
206 951 235 977 1676
244 979 231 978 1677
372 32 225 978 1677
206 952 231 978 1677
244 980 228 979 1678
372 33 224 979 1678
672 38 224 979 1678
213 23 221 979 1678
206 953 232 979 1678
244 981 221 980 1679
372 34 222 980 1679
371 104 222 980 1679
672 39 222 980 1679
206 954 235 980 1679
358 648 222 981 1680
672 40 221 981 1680
213 25 224 981 1680
358 649 222 982 1681
286 984 231 982 1681
372 36 221 982 1681
371 106 223 982 1681
672 41 224 983 1682
286 985 225 983 1682
372 37 222 983 1682
371 107 222 983 1682
244 985 221 984 1683
244 986 223 985 1684
286 987 225 985 1684
371 109 222 985 1684
286 988 225 986 1685
371 110 227 986 1685
244 988 223 987 1686
286 989 225 987 1686
371 111 222 987 1686
206 961 221 988 1687
244 989 235 988 1687
286 990 225 988 1687
672 47 221 989 1688
206 962 227 989 1688
244 990 231 989 1688
244 991 221 990 1689
371 115 221 991 1690
213 35 223 992 1691
371 116 222 992 1691
358 659 221 992 1691
372 46 223 992 1691
206 966 223 993 1692
371 117 235 993 1692
358 660 222 993 1692
372 47 225 993 1692
213 37 222 994 1693
206 967 223 994 1693
371 118 223 994 1693
672 53 221 995 1694
286 997 237 995 1694
371 119 223 995 1694
358 662 229 995 1694
672 54 221 996 1695
206 969 226 996 1695
244 997 222 996 1695
286 998 235 996 1695
371 120 223 996 1695
358 663 228 996 1695
371 124 229 1000 1699
206 974 222 1000 1699
371 125 229 1001 1700
244 1003 231 1002 1701
286 1004 231 1002 1701
244 1004 246 1003 1702
286 1005 225 1003 1702
372 57 224 1003 1702
213 47 223 1003 1702
244 1005 233 1004 1703
286 1006 231 1004 1703
371 128 223 1004 1703
672 63 226 1004 1703
206 978 225 1004 1703
244 1006 221 1005 1704
286 1007 237 1005 1704
358 672 221 1005 1704
672 64 225 1005 1704
244 1007 224 1006 1705
286 1008 227 1006 1705
371 130 222 1006 1705
672 65 233 1006 1705
213 50 222 1006 1705
244 1008 224 1007 1706
371 131 226 1007 1706
244 1009 221 1008 1707
244 1010 223 1009 1708
286 1011 224 1009 1708
371 133 224 1009 1708
244 1011 224 1010 1709
371 134 223 1010 1709
213 54 232 1010 1709
371 135 223 1011 1710
244 1013 229 1012 1711
286 1014 224 1012 1711
371 136 227 1012 1711
372 66 221 1012 1711
244 1014 221 1013 1712
371 137 221 1013 1712
213 57 224 1013 1712
244 1015 223 1014 1713
286 1016 223 1014 1713
371 138 225 1014 1713
244 1016 226 1015 1714
371 140 221 1016 1715
244 1018 226 1017 1716
371 141 231 1017 1716
358 684 226 1017 1716
372 71 221 1017 1716
371 142 225 1018 1717
286 1021 225 1019 1718
371 143 227 1019 1718
371 144 234 1020 1719
213 64 221 1020 1719
371 145 236 1021 1720
372 75 240 1021 1720
286 1024 223 1022 1721
213 66 221 1022 1721
286 1025 231 1023 1722
371 147 233 1023 1722
286 1026 225 1024 1723
371 148 222 1024 1723
286 1028 225 1026 1725
286 1029 240 1027 1726
244 5 229 1027 1726
358 694 225 1027 1726
542 1001 229 1027 1726
206 1001 224 1027 1726
371 152 224 1028 1727
358 695 223 1028 1727
542 1002 226 1028 1727
371 153 226 1029 1728
244 7 233 1029 1728
286 1031 234 1029 1728
206 1003 224 1029 1728
244 8 224 1030 1729
371 154 221 1030 1729
358 697 222 1030 1729
244 9 229 1031 1730
371 155 224 1031 1730
542 1005 224 1031 1730
206 1005 228 1031 1730
244 10 223 1032 1731
542 1006 226 1032 1731
206 1006 227 1032 1731
121 100 221 1033 1732
244 11 223 1033 1732
542 1007 226 1033 1732
206 1007 227 1033 1732
542 1008 223 1034 1733
244 13 225 1035 1734
542 1009 223 1035 1734
206 1009 226 1035 1734
244 14 221 1036 1735
45 703 221 1036 1735
206 1010 225 1036 1735
244 15 223 1037 1736
286 1039 222 1037 1736
672 96 225 1037 1736
206 1011 227 1037 1736
244 16 227 1038 1737
371 162 223 1038 1737
286 1040 222 1038 1737
542 1012 221 1038 1737
206 1012 231 1038 1737
244 17 223 1039 1738
206 1013 230 1039 1738
244 18 227 1040 1739
358 707 221 1040 1739
672 99 221 1040 1739
206 1014 227 1040 1739
244 19 233 1041 1740
286 1043 222 1041 1740
206 1015 227 1041 1740
286 1044 226 1042 1741
542 1016 223 1042 1741
206 1016 230 1042 1741
244 21 224 1043 1742
286 1045 225 1043 1742
542 1017 227 1043 1742
206 1017 229 1043 1742
244 22 223 1044 1743
358 711 221 1044 1743
542 1018 222 1044 1743
206 1018 225 1044 1743
244 23 227 1045 1744
286 1047 222 1045 1744
358 712 222 1045 1744
371 169 222 1045 1744
542 1019 225 1045 1744
206 1019 222 1045 1744
244 24 225 1046 1745
371 170 223 1046 1745
206 1020 233 1046 1745
244 25 221 1047 1746
371 171 221 1047 1746
542 1021 225 1047 1746
372 101 221 1047 1746
244 26 226 1048 1747
358 715 224 1048 1747
542 1022 225 1048 1747
206 1022 231 1048 1747
542 1023 222 1049 1748
206 1023 230 1049 1748
244 28 224 1050 1749
244 29 221 1051 1750
358 718 225 1051 1750
542 1025 226 1051 1750
206 1025 224 1052 1751
244 30 227 1052 1751
358 719 224 1052 1751
542 1026 231 1052 1751
372 106 225 1052 1751
244 31 227 1053 1752
358 720 221 1053 1752
542 1027 228 1053 1752
244 32 225 1054 1753
358 721 223 1054 1753
542 1028 230 1054 1753
244 33 226 1055 1754
358 722 226 1055 1754
542 1029 229 1055 1754
358 723 226 1056 1755
244 34 221 1056 1755
371 180 223 1056 1755
672 115 223 1056 1755
358 724 227 1057 1756
244 35 225 1057 1756
206 1031 221 1057 1756
286 1060 226 1058 1757
206 1032 223 1058 1757
286 1061 227 1059 1758
358 726 223 1059 1758
244 37 221 1059 1758
206 1033 224 1059 1758
672 118 224 1059 1758
672 119 224 1060 1759
358 728 229 1061 1760
371 185 227 1061 1760
213 105 224 1061 1760
672 120 231 1061 1760
206 1035 231 1061 1760
542 1036 221 1062 1761
371 186 226 1062 1761
206 1036 231 1062 1761
371 187 223 1063 1762
206 1037 225 1063 1762
672 122 223 1063 1762
244 1 232 1064 1763
358 731 225 1064 1763
542 1038 221 1064 1763
371 188 228 1064 1763
206 1038 236 1064 1763
672 123 222 1064 1763
244 2 240 1065 1764
286 1067 223 1065 1764
372 122 224 1068 1767
372 123 231 1069 1768
372 124 224 1070 1769
558 118 224 1075 1774
558 119 222 1076 1775
558 120 225 1077 1776
558 121 225 1078 1777
558 123 227 1080 1779
558 126 227 1083 1782
558 128 227 1085 1784
558 129 226 1086 1785
558 134 221 1091 1790
358 765 222 1098 1797
672 17 229 1099 1798
286 1101 223 1099 1798
542 1073 223 1099 1798
372 153 232 1099 1798
206 1073 234 1100 1799
672 18 221 1100 1799
286 1102 224 1100 1799
371 224 225 1100 1799
542 1074 224 1100 1799
372 154 229 1100 1799
206 1074 234 1101 1800
244 38 223 1101 1800
286 1103 225 1101 1800
371 225 228 1101 1800
542 1075 222 1101 1800
372 155 227 1101 1800
206 1075 227 1102 1801
672 20 222 1102 1801
244 39 221 1102 1801
358 769 223 1102 1801
465 4 221 1102 1801
286 1104 224 1102 1801
542 1076 221 1102 1801
372 156 224 1102 1801
672 21 224 1103 1802
244 40 224 1103 1802
286 1105 222 1103 1802
542 1077 222 1103 1802
206 1077 231 1104 1803
672 22 225 1104 1803
371 228 221 1104 1803
286 1106 221 1104 1803
542 1078 230 1104 1803
213 148 222 1104 1803
206 1078 236 1105 1804
371 229 225 1105 1804
286 1107 227 1105 1804
206 1079 229 1106 1805
672 24 224 1106 1805
244 43 221 1106 1805
358 773 225 1106 1805
371 230 223 1106 1805
286 1108 222 1106 1805
372 160 221 1106 1805
213 150 223 1106 1805
206 1080 232 1107 1806
465 9 225 1107 1806
371 231 223 1107 1806
286 1109 221 1107 1806
542 1081 231 1107 1806
372 161 225 1107 1806
206 1081 233 1108 1807
371 232 221 1108 1807
286 1110 225 1108 1807
542 1082 223 1108 1807
206 1082 233 1109 1808
244 46 222 1109 1808
286 1111 223 1109 1808
213 153 222 1109 1808
206 1083 232 1110 1809
672 28 223 1110 1809
358 777 225 1110 1809
371 234 231 1110 1809
286 1112 226 1110 1809
206 1084 240 1111 1810
465 13 223 1111 1810
371 235 223 1111 1810
206 1085 239 1112 1811
465 14 224 1112 1811
244 49 225 1112 1811
358 779 224 1112 1811
371 236 227 1112 1811
286 1114 236 1112 1811
206 1086 240 1113 1812
672 31 223 1113 1812
244 50 228 1113 1812
358 780 221 1113 1812
286 1115 242 1113 1812
213 157 227 1113 1812
206 1087 239 1114 1813
244 51 228 1114 1813
358 781 225 1114 1813
286 1116 242 1114 1813
213 158 221 1114 1813
206 1088 237 1115 1814
286 1117 221 1115 1814
206 1089 241 1116 1815
358 783 223 1116 1815
286 1118 224 1116 1815
372 170 224 1116 1815
206 1090 235 1117 1816
358 784 227 1117 1816
286 1119 243 1117 1816
372 171 223 1117 1816
206 1091 237 1118 1817
358 785 227 1118 1817
542 1092 224 1118 1817
206 1092 227 1119 1818
286 1121 237 1119 1818
206 1093 230 1120 1819
286 1122 235 1120 1819
542 1094 223 1120 1819
206 1094 232 1121 1820
672 39 222 1121 1820
244 58 222 1121 1820
542 1095 221 1121 1820
372 175 221 1121 1820
206 1095 241 1122 1821
244 59 223 1122 1821
542 1096 223 1122 1821
372 176 222 1122 1821
206 1096 241 1123 1822
244 60 240 1123 1822
358 790 228 1123 1822
542 1097 221 1123 1822
286 1125 224 1123 1822
213 167 224 1123 1822
206 1097 235 1124 1823
244 61 239 1124 1823
358 791 227 1124 1823
286 1126 227 1124 1823
206 1098 242 1125 1824
286 1127 241 1125 1824
206 1099 240 1126 1825
244 63 235 1126 1825
286 1128 245 1126 1825
206 1100 235 1127 1826
465 29 221 1127 1826
244 64 228 1127 1826
358 794 221 1127 1826
542 1101 224 1127 1826
286 1129 235 1127 1826
206 1101 227 1128 1827
465 30 228 1128 1827
244 65 237 1128 1827
286 1130 233 1128 1827
372 182 221 1128 1827
206 1102 233 1129 1828
244 66 231 1129 1828
358 796 221 1129 1828
542 1103 227 1129 1828
286 1131 227 1129 1828
206 1103 231 1130 1829
244 67 237 1130 1829
286 1132 221 1130 1829
206 1104 225 1131 1830
244 68 235 1131 1830
286 1133 236 1131 1830
206 1105 224 1132 1831
465 34 229 1132 1831
244 69 239 1132 1831
358 799 221 1132 1831
206 1106 237 1133 1832
465 35 221 1133 1832
244 70 239 1133 1832
206 1107 240 1134 1833
465 36 225 1134 1833
358 801 225 1134 1833
244 71 221 1134 1833
371 258 224 1134 1833
286 1136 238 1134 1833
206 1108 236 1135 1834
672 53 226 1135 1834
465 37 224 1135 1834
371 259 222 1135 1834
286 1137 231 1135 1834
206 1109 237 1136 1835
244 73 228 1136 1835
286 1138 230 1136 1835
672 55 223 1137 1836
358 804 225 1137 1836
286 1139 236 1137 1836
206 1111 235 1138 1837
465 40 225 1138 1837
244 75 227 1138 1837
371 262 222 1138 1837
286 1140 226 1138 1837
206 1112 236 1139 1838
672 57 227 1139 1838
465 41 226 1139 1838
244 76 230 1139 1838
286 1141 237 1139 1838
206 1113 246 1140 1839
672 58 231 1140 1839
244 77 235 1140 1839
358 807 223 1140 1839
286 1142 244 1140 1839
206 1114 235 1141 1840
244 78 230 1141 1840
358 808 223 1141 1840
286 1143 228 1141 1840
206 1115 223 1142 1841
672 60 224 1142 1841
465 44 224 1142 1841
244 79 227 1142 1841
286 1144 240 1142 1841
206 1116 234 1143 1842
672 61 231 1143 1842
244 80 222 1143 1842
286 1145 233 1143 1842
213 187 235 1143 1842
206 1117 234 1144 1843
371 268 222 1144 1843
286 1148 225 1146 1845
286 1149 241 1147 1846
286 1150 226 1148 1847
286 1151 243 1149 1848
648 293 240 1150 1849
609 26 245 1153 1852
372 208 235 1154 1853
555 1154 224 1156 1855
775 878 239 1156 1855
539 43 221 1156 1855
104 1163 223 1161 1860
94 226 235 1161 1860
218 235 233 1161 1860
143 409 231 1161 1860
372 215 221 1161 1860
313 330 221 1162 1861
104 1164 241 1162 1861
94 227 245 1162 1861
218 236 247 1162 1861
143 410 237 1162 1861
358 13 224 1162 1861
94 228 231 1163 1862
749 847 226 1163 1862
358 14 231 1163 1862
104 1166 240 1164 1863
94 229 248 1164 1863
143 412 223 1164 1863
358 15 223 1164 1863
104 1167 233 1165 1864
600 1148 235 1165 1864
94 230 233 1165 1864
129 1180 227 1165 1864
104 1168 235 1166 1865
600 1149 227 1166 1865
94 231 244 1166 1865
143 414 225 1166 1865
129 1181 237 1166 1865
78 619 221 1167 1866
104 1169 226 1167 1866
600 1150 222 1167 1866
94 232 238 1167 1866
143 415 222 1167 1866
129 1182 247 1167 1866
104 1170 236 1168 1867
600 1151 224 1168 1867
94 233 235 1168 1867
143 416 229 1168 1867
129 1183 230 1168 1867
104 1171 241 1169 1868
94 234 230 1169 1868
32 1153 227 1169 1868
94 235 235 1170 1869
143 418 233 1170 1869
104 1173 231 1171 1870
600 1154 223 1171 1870
94 236 230 1171 1870
143 419 241 1171 1870
32 1155 238 1171 1870
749 855 229 1171 1870
104 1174 224 1172 1871
143 420 225 1172 1871
32 1156 237 1172 1871
104 1175 226 1173 1872
600 1156 225 1173 1872
224 1083 234 1174 1873
94 1 241 1174 1873
224 1084 224 1175 1874
94 2 224 1175 1874
143 2 231 1175 1874
94 3 225 1176 1875
104 1178 228 1176 1875
600 1159 226 1176 1875
129 1191 241 1176 1875
339 1166 221 1177 1876
129 1192 254 1177 1876
94 5 223 1178 1877
104 1180 221 1178 1877
600 1161 232 1178 1877
