49 28 229 0 747
606 15 226 0 747
756 35 229 0 747
784 30 223 0 747
423 46 230 1 748
49 29 228 1 748
232 10 224 1 748
606 16 225 1 748
330 1 221 1 748
784 31 248 1 748
756 36 245 1 748
423 47 231 2 749
49 30 241 2 749
606 17 229 2 749
691 46 221 2 749
626 29 233 2 749
784 32 222 2 749
756 37 243 2 749
423 48 229 3 750
49 31 232 3 750
606 18 228 3 750
330 3 223 3 750
756 38 241 3 750
49 32 225 4 751
606 19 227 4 751
626 31 228 4 751
756 39 237 4 751
49 33 242 5 752
626 32 234 5 752
784 35 224 5 752
756 40 234 5 752
49 34 230 6 753
232 15 221 6 753
626 33 226 6 753
756 41 244 6 753
423 52 223 7 754
49 35 255 7 754
232 16 227 7 754
626 34 228 7 754
784 37 232 7 754
756 42 243 7 754
423 53 228 8 755
49 36 242 8 755
232 17 222 8 755
606 23 223 8 755
626 35 238 8 755
756 43 235 8 755
330 8 223 8 755
784 38 224 8 755
423 54 226 9 756
640 45 222 9 756
606 24 225 9 756
756 44 225 9 756
330 9 223 9 756
423 55 224 10 757
49 38 231 10 757
423 56 225 11 758
49 39 230 11 758
606 26 226 11 758
626 38 227 11 758
756 46 223 11 758
330 11 221 11 758
423 57 223 12 759
49 40 223 12 759
232 21 223 12 759
330 12 229 12 759
49 41 221 13 760
232 22 223 13 760
756 48 237 13 760
423 59 221 14 761
626 41 227 14 761
330 14 227 14 761
784 44 226 14 761
756 49 224 14 761
423 60 221 15 762
49 43 232 15 762
606 30 227 15 762
626 42 235 15 762
330 15 224 15 762
784 45 244 15 762
49 44 229 16 763
232 25 227 16 763
626 43 231 16 763
330 16 222 16 763
784 46 236 16 763
756 51 231 16 763
49 45 233 17 764
626 44 233 17 764
784 47 231 17 764
756 52 223 17 764
423 63 227 18 765
49 46 228 18 765
784 48 241 18 765
756 53 226 18 765
423 64 226 19 766
49 47 233 19 766
626 46 224 19 766
784 49 232 19 766
756 54 225 19 766
49 48 224 20 767
626 47 224 20 767
606 35 233 20 767
784 50 242 20 767
49 49 242 21 768
232 30 224 21 768
626 48 229 21 768
606 36 231 21 768
784 51 233 21 768
423 67 222 22 769
49 50 235 22 769
626 49 221 22 769
606 37 235 22 769
784 52 237 22 769
756 57 233 22 769
49 51 238 23 770
784 53 237 23 770
756 58 222 23 770
606 39 227 24 771
756 59 221 24 771
784 54 237 24 771
49 53 229 25 772
626 52 221 25 772
784 55 233 25 772
49 54 229 26 773
626 53 222 26 773
784 56 235 26 773
756 61 233 26 773
423 72 230 27 774
606 42 228 27 774
784 57 243 27 774
94 72 222 28 775
49 56 231 28 775
626 55 237 28 775
606 43 228 28 775
756 63 233 28 775
310 73 234 28 775
308 35 227 28 775
457 85 225 29 776
395 15 227 29 776
307 84 225 29 776
232 38 231 29 776
362 82 225 29 776
729 15 221 29 776
168 69 221 29 776
751 37 226 29 776
308 36 237 29 776
49 58 222 30 777
734 1 233 30 777
565 85 232 30 777
112 69 231 30 777
308 37 225 30 777
101 69 226 31 778
661 40 223 31 778
538 70 234 31 778
591 79 221 31 778
461 52 226 31 778
588 80 221 31 778
165 58 228 32 779
131 74 229 32 779
40 60 230 32 779
155 80 226 32 779
72 97 222 33 780
288 87 235 34 781
150 90 221 34 781
736 20 221 34 781
48 74 225 34 781
206 56 230 34 781
22 36 222 35 782
294 87 239 35 782
153 78 239 35 782
497 88 223 36 783
401 78 227 37 784
224 66 233 38 785
342 94 229 38 785
401 80 225 39 786
733 95 224 39 786
262 15 225 39 786
342 96 223 40 787
374 93 221 40 787
262 16 242 40 787
764 30 230 41 788
262 17 231 41 788
698 100 223 42 789
342 98 235 42 789
262 18 228 42 789
342 100 225 44 791
388 101 221 44 791
262 20 224 44 791
262 21 231 45 792
342 104 229 48 795
228 111 224 48 795
698 108 223 50 797
228 113 221 50 797
698 110 224 52 799
228 115 222 52 799
262 1 224 53 800
262 2 231 54 801
342 111 221 55 802
698 114 227 56 803
262 4 235 56 803
342 113 222 57 804
764 46 221 57 804
262 5 231 57 804
698 116 225 58 805
764 47 221 58 805
262 6 224 58 805
262 7 232 59 806
262 8 238 60 807
262 9 240 61 808
228 124 224 61 808
698 120 221 62 809
342 118 223 62 809
262 10 225 62 809
733 118 222 62 809
698 121 223 63 810
342 119 221 63 810
342 120 222 64 811
374 117 221 64 811
342 121 226 65 812
764 54 223 65 812
228 128 221 65 812
342 122 222 66 813
764 55 221 66 813
262 14 221 66 813
374 119 222 66 813
342 123 225 67 814
224 25 222 67 814
401 108 229 67 814
262 15 230 67 814
733 123 224 67 814
228 130 227 67 814
698 126 226 68 815
224 26 236 68 815
401 109 224 68 815
764 57 223 68 815
262 16 221 68 815
228 131 221 68 815
342 125 234 69 816
262 17 229 69 816
228 132 227 69 816
224 28 224 70 817
764 59 233 70 817
228 133 224 70 817
472 138 221 71 818
764 60 233 71 818
262 19 225 71 818
228 134 221 71 818
764 61 236 72 819
262 20 229 72 819
374 125 239 72 819
342 129 233 73 820
224 31 233 73 820
401 114 224 73 820
262 21 222 73 820
733 129 221 73 820
342 130 222 74 821
401 115 228 74 821
262 22 233 74 821
764 63 225 74 821
228 137 223 74 821
374 127 225 74 821
342 131 226 75 822
224 33 224 75 822
764 64 231 75 822
228 138 230 75 822
374 128 224 75 822
224 34 229 76 823
401 117 223 76 823
262 24 233 76 823
764 65 222 76 823
733 132 225 76 823
228 139 230 76 823
224 35 221 77 824
262 25 227 77 824
342 134 230 78 825
224 36 245 78 825
262 26 236 78 825
224 37 225 79 826
401 120 222 79 826
262 27 232 79 826
764 68 223 79 826
733 135 221 79 826
228 142 238 79 826
224 38 223 80 827
401 121 226 80 827
764 69 224 80 827
228 143 230 80 827
676 136 225 81 828
224 39 227 81 828
401 122 228 81 828
262 29 221 81 828
764 70 223 81 828
374 134 221 81 828
342 138 239 82 829
401 123 222 82 829
733 138 233 82 829
374 135 240 82 829
342 139 222 83 830
224 41 235 83 830
401 124 232 83 830
262 31 223 83 830
228 146 230 83 830
342 140 224 84 831
262 32 235 84 831
374 137 221 84 831
401 126 222 85 832
764 74 227 85 832
342 142 241 86 833
401 127 223 86 833
262 34 223 86 833
733 142 227 86 833
224 45 223 87 834
733 143 231 87 834
374 140 228 87 834
224 46 230 88 835
262 36 221 88 835
764 77 224 88 835
228 151 245 88 835
224 47 223 89 836
676 144 223 89 836
733 145 221 89 836
228 152 222 89 836
374 142 221 89 836
224 48 226 90 837
401 131 224 90 837
764 79 226 90 837
374 143 229 90 837
342 147 235 91 838
224 49 233 91 838
676 146 222 91 838
401 132 221 91 838
262 39 241 91 838
764 80 227 91 838
733 147 225 91 838
342 148 233 92 839
401 133 231 92 839
262 40 225 92 839
764 81 223 92 839
342 149 230 93 840
224 51 231 93 840
262 41 242 93 840
228 156 222 93 840
342 150 224 94 841
262 42 222 94 841
764 83 230 94 841
374 147 221 94 841
342 151 226 95 842
676 150 221 95 842
401 136 231 95 842
764 84 227 95 842
228 158 225 95 842
401 137 222 96 843
764 85 230 96 843
262 1 239 96 843
374 149 239 96 843
342 153 223 97 844
698 155 227 97 844
224 55 236 97 844
401 138 224 97 844
764 86 223 97 844
262 2 235 97 844
733 154 226 98 845
262 3 236 98 845
698 157 233 99 846
374 152 226 99 846
342 156 232 100 847
764 89 223 100 847
374 153 224 100 847
342 157 239 101 848
733 157 225 101 848
262 6 221 101 848
374 154 235 101 848
342 158 241 102 849
224 60 221 102 849
733 158 232 102 849
262 7 237 102 849
374 155 222 102 849
764 92 238 103 850
262 8 245 103 850
224 62 231 104 851
401 145 233 104 851
764 93 222 104 851
262 9 244 104 851
698 163 237 105 852
224 63 227 105 852
401 146 225 105 852
733 161 221 105 852
698 164 225 106 853
224 64 226 106 853
733 162 230 106 853
764 95 231 106 853
342 163 239 107 854
262 12 223 107 854
262 13 231 108 855
262 14 223 109 856
342 166 228 110 857
262 15 231 110 857
262 16 228 111 858
262 17 225 112 859
374 165 221 113 860
228 176 221 113 860
262 18 225 113 860
262 19 227 114 861
262 20 229 115 862
262 21 232 116 863
262 22 234 117 864
764 107 221 118 865
262 23 232 118 865
698 177 222 119 866
262 24 229 119 866
262 25 224 120 867
262 26 225 121 868
342 179 222 123 870
262 28 221 123 870
262 29 225 124 871
262 30 223 125 872
342 182 225 126 873
262 31 225 126 873
342 183 222 127 874
262 32 222 127 874
342 184 229 128 875
262 33 226 128 875
342 185 225 129 876
698 187 221 129 876
262 35 233 130 877
342 187 226 131 878
262 36 237 131 878
342 188 227 132 879
698 190 222 132 879
262 37 237 132 879
342 189 224 133 880
698 191 221 133 880
262 38 235 133 880
342 190 222 134 881
764 123 222 134 881
262 39 237 134 881
698 193 223 135 882
262 40 233 135 882
698 194 222 136 883
262 41 241 136 883
342 193 222 137 884
698 195 227 137 884
262 42 240 137 884
262 43 241 138 885
342 195 225 139 886
262 44 227 139 886
698 198 222 140 887
262 45 229 140 887
342 197 223 141 888
262 46 223 141 888
262 47 225 142 889
342 199 223 143 890
262 48 237 143 890
262 50 224 145 892
262 52 225 147 894
262 54 237 149 896
262 55 238 150 897
698 209 222 151 898
262 56 239 151 898
342 208 221 152 899
698 210 223 152 899
262 57 230 152 899
262 58 221 153 900
698 212 227 154 901
262 59 237 154 901
374 207 221 154 901
342 211 233 155 902
698 213 222 155 902
733 211 221 155 902
262 60 237 155 902
342 212 227 155 902
262 61 234 156 903
342 213 225 157 904
262 62 229 157 904
342 214 224 157 904
262 63 233 158 905
342 215 222 158 905
262 64 221 159 906
342 216 224 159 906
262 65 231 160 907
342 217 227 160 907
733 217 223 161 908
262 66 230 161 908
342 218 233 161 908
228 225 221 162 909
262 67 236 162 909
342 219 231 162 909
262 68 226 163 910
262 69 237 164 911
764 154 221 165 912
262 70 231 165 912
342 222 222 165 912
764 155 221 166 913
262 71 227 166 913
342 223 223 166 913
262 72 235 167 914
698 226 225 168 915
262 73 224 168 915
698 227 224 169 916
224 127 222 169 916
262 74 242 169 916
224 128 221 170 917
698 229 225 171 918
228 234 224 171 918
698 231 233 173 920
262 79 233 174 921
698 233 223 175 922
228 238 223 175 922
262 80 225 175 922
342 232 227 176 923
698 234 223 176 923
262 81 234 176 923
342 233 222 177 924
262 82 231 177 924
262 83 230 178 925
342 235 221 179 926
262 84 228 179 926
262 87 223 182 929
342 240 223 184 931
228 247 233 184 931
342 241 225 185 932
228 248 227 185 932
262 91 233 186 933
342 243 226 187 934
262 92 224 187 934
342 244 225 188 935
262 93 226 188 935
262 94 225 189 936
698 249 232 191 938
262 96 225 191 938
224 150 222 192 939
262 97 239 192 939
224 151 223 193 940
228 256 224 193 940
262 98 235 193 940
342 250 226 194 941
224 152 222 194 941
228 257 225 194 941
342 251 228 195 942
228 258 224 195 942
342 252 230 196 943
224 154 224 196 943
342 253 224 197 944
224 155 221 197 944
224 156 224 198 945
228 262 223 199 946
342 256 223 200 947
698 258 222 200 947
228 263 233 200 947
733 256 223 200 947
262 105 229 200 947
764 191 221 202 949
374 255 221 202 949
262 107 232 202 949
764 192 223 203 950
262 108 225 203 950
342 260 224 204 951
228 267 223 204 951
262 109 221 204 951
342 261 224 204 951
698 263 221 205 952
228 268 223 205 952
733 261 223 205 952
262 110 221 205 952
228 269 222 206 953
262 111 230 206 953
342 263 222 206 953
262 112 239 207 954
262 113 223 208 955
228 272 221 209 956
764 198 222 209 956
698 268 224 210 957
228 273 224 210 957
262 115 224 210 957
228 274 228 211 958
262 116 221 211 958
228 275 224 212 959
262 117 221 212 959
342 269 222 212 959
224 171 221 213 960
228 276 222 213 960
262 118 225 213 960
228 277 221 214 961
342 271 226 214 961
262 120 229 215 962
342 272 225 215 962
342 273 224 216 963
764 206 224 217 964
342 275 221 218 965
262 124 229 219 966
342 276 225 219 966
342 277 233 220 967
698 279 223 220 967
342 278 224 221 968
342 279 226 222 969
262 128 225 223 970
764 213 225 224 971
342 281 223 224 971
262 130 233 225 972
342 282 223 225 972
698 284 222 226 973
262 131 223 226 973
342 283 223 226 973
262 132 238 227 974
262 134 240 229 976
342 286 224 229 976
228 293 221 230 977
764 219 221 230 977
262 135 226 230 977
342 287 221 231 978
228 294 221 231 978
262 136 227 231 978
698 290 234 232 979
262 137 227 232 979
342 289 221 233 980
262 138 232 233 980
698 292 225 234 981
262 140 232 235 982
342 292 221 236 983
698 294 222 236 983
764 225 223 236 983
262 141 231 236 983
698 295 221 237 984
228 300 231 237 984
764 226 224 237 984
262 142 225 237 984
228 301 231 238 985
764 227 222 238 985
342 295 222 239 986
228 302 221 239 986
228 303 231 240 987
764 229 222 240 987
262 145 231 240 987
342 297 221 241 988
228 304 233 241 988
262 146 221 241 988
224 200 223 242 989
228 305 228 242 989
262 147 242 242 989
224 201 228 243 990
228 306 225 243 990
224 202 225 244 991
228 307 225 244 991
764 233 221 244 991
262 149 232 244 991
342 301 227 245 992
228 308 222 245 992
262 150 225 245 992
342 302 223 246 993
764 235 222 246 993
262 151 222 246 993
342 303 226 247 994
224 205 221 247 994
733 303 222 247 994
764 236 227 247 994
262 152 233 247 994
342 304 225 248 995
224 206 222 248 995
228 311 230 248 995
262 153 234 248 995
228 312 223 249 996
262 154 242 249 996
342 306 231 250 997
228 313 226 250 997
262 155 225 250 997
224 209 221 251 998
228 314 221 251 998
262 156 235 251 998
342 308 221 252 999
228 315 222 252 999
262 157 228 252 999
764 242 227 253 1000
262 158 231 253 1000
342 310 223 254 1001
764 243 224 254 1001
262 159 231 254 1001
342 311 223 255 1002
228 318 223 255 1002
764 244 225 255 1002
262 160 239 255 1002
342 312 226 256 1003
698 314 221 256 1003
228 319 222 256 1003
342 313 222 257 1004
764 246 227 257 1004
342 314 231 258 1005
224 216 232 258 1005
764 247 221 258 1005
224 217 225 259 1006
262 164 235 259 1006
374 313 227 260 1007
262 165 233 260 1007
698 319 221 261 1008
262 166 241 261 1008
733 318 222 262 1009
733 319 233 263 1010
262 168 226 263 1010
342 320 233 264 1011
733 320 224 264 1011
262 169 239 264 1011
262 170 238 265 1012
342 322 226 265 1012
733 322 222 266 1013
228 329 227 266 1013
262 171 238 266 1013
228 330 231 267 1014
776 176 239 267 1014
761 319 223 267 1014
278 327 237 268 1015
344 316 225 269 1016
716 324 221 269 1016
626 296 237 269 1016
468 324 226 269 1016
157 333 228 269 1016
203 319 231 271 1018
336 319 223 271 1018
556 333 226 271 1018
336 320 221 272 1019
70 331 221 272 1019
707 273 234 273 1020
401 314 226 273 1020
74 334 229 273 1020
30 108 245 273 1020
450 328 237 273 1020
315 8 222 275 1022
42 88 221 275 1022
711 236 222 276 1023
626 304 223 277 1024
42 90 223 277 1024
67 269 221 278 1025
711 238 231 278 1025
42 91 223 278 1025
699 229 225 279 1026
626 307 221 280 1027
676 336 221 280 1027
711 2 224 281 1028
426 311 221 281 1028
711 3 224 282 1029
426 312 224 282 1029
426 313 237 283 1030
699 233 229 283 1030
42 96 224 283 1030
626 311 221 284 1031
426 314 241 284 1031
318 336 221 285 1032
67 276 223 285 1032
46 332 223 285 1032
384 343 222 285 1032
426 315 239 285 1032
42 98 221 285 1032
711 7 227 286 1033
45 1 228 286 1033
626 313 224 286 1033
46 333 221 286 1033
426 316 231 286 1033
42 99 223 286 1033
283 32 223 287 1034
45 2 221 287 1034
161 311 224 287 1034
67 278 221 287 1034
704 342 225 287 1034
711 9 221 288 1035
248 324 221 288 1035
626 315 225 288 1035
67 279 221 288 1035
704 343 224 288 1035
711 10 222 289 1036
169 337 235 289 1036
626 316 226 289 1036
704 344 223 289 1036
426 319 233 289 1036
699 239 221 289 1036
426 320 221 290 1037
711 12 226 291 1038
161 315 224 291 1038
426 321 235 291 1038
711 13 227 292 1039
161 316 225 292 1039
169 340 230 292 1039
393 94 222 292 1039
426 322 231 292 1039
360 342 221 293 1040
169 341 232 293 1040
626 320 225 293 1040
426 323 221 293 1040
699 243 227 293 1040
161 318 237 294 1041
45 9 226 294 1041
169 342 225 294 1041
626 321 222 294 1041
384 352 225 294 1041
46 341 221 294 1041
426 324 221 294 1041
711 16 223 295 1042
161 319 235 295 1042
169 343 235 295 1042
704 350 221 295 1042
426 325 222 295 1042
42 108 223 295 1042
711 17 226 296 1043
360 345 223 296 1043
161 320 229 296 1043
45 11 222 296 1043
169 344 231 296 1043
426 326 223 296 1043
711 18 221 297 1044
161 321 233 297 1044
169 345 229 297 1044
384 355 221 297 1044
426 327 231 297 1044
711 19 225 298 1045
360 347 221 298 1045
161 322 233 298 1045
704 353 231 298 1045
384 356 222 298 1045
426 328 242 298 1045
711 20 230 299 1046
360 348 222 299 1046
161 323 235 299 1046
169 347 233 299 1046
704 354 222 299 1046
46 346 222 299 1046
426 329 238 299 1046
42 3 221 300 1047
360 349 223 300 1047
711 21 233 300 1047
161 324 240 300 1047
169 348 237 300 1047
704 355 225 300 1047
426 330 239 300 1047
699 250 222 300 1047
711 22 235 301 1048
161 325 231 301 1048
283 46 223 301 1048
169 349 239 301 1048
384 359 227 301 1048
426 331 239 301 1048
161 326 243 302 1049
169 350 239 302 1049
384 360 221 302 1049
426 332 242 302 1049
360 352 221 303 1050
711 24 223 303 1050
161 327 231 303 1050
45 18 223 303 1050
169 351 241 303 1050
384 361 225 303 1050
426 333 242 303 1050
711 25 226 304 1051
161 328 232 304 1051
45 19 221 304 1051
169 352 241 304 1051
704 359 221 304 1051
426 334 241 304 1051
360 354 223 305 1052
711 26 231 305 1052
161 329 236 305 1052
169 353 240 305 1052
384 363 222 305 1052
426 335 241 305 1052
161 330 237 306 1053
169 354 242 306 1053
426 336 239 306 1053
161 331 242 307 1054
45 22 221 307 1054
169 355 243 307 1054
384 365 222 307 1054
426 337 245 307 1054
42 11 222 308 1055
161 332 245 308 1055
169 356 242 308 1055
426 338 242 308 1055
161 333 230 309 1056
169 357 243 309 1056
426 339 241 309 1056
360 359 221 310 1057
161 334 242 310 1057
169 358 246 310 1057
704 365 225 310 1057
426 340 241 310 1057
711 32 231 311 1058
161 335 243 311 1058
45 26 224 311 1058
169 359 239 311 1058
704 366 226 311 1058
426 341 239 311 1058
161 336 241 312 1059
169 360 239 312 1059
318 363 221 312 1059
46 359 223 312 1059
426 342 238 312 1059
360 362 221 313 1060
711 34 224 313 1060
161 337 230 313 1060
169 361 222 313 1060
426 343 225 313 1060
161 338 224 314 1061
169 362 223 314 1061
426 344 229 314 1061
161 339 229 315 1062
426 345 233 315 1062
145 366 222 316 1063
161 340 240 316 1063
169 364 239 316 1063
704 371 223 316 1063
426 346 233 316 1063
161 341 242 317 1064
169 365 240 317 1064
704 372 225 317 1064
67 308 221 317 1064
426 347 233 317 1064
161 342 242 318 1065
169 366 225 318 1065
704 373 224 318 1065
384 376 223 318 1065
426 348 233 318 1065
711 40 233 319 1066
161 343 246 319 1066
169 367 239 319 1066
613 280 221 319 1066
426 349 243 319 1066
161 344 241 320 1067
45 35 222 320 1067
169 368 241 320 1067
704 375 227 320 1067
384 378 223 320 1067
46 367 221 320 1067
426 350 230 320 1067
145 371 221 321 1068
42 24 221 321 1068
711 42 222 321 1068
161 345 247 321 1068
283 66 221 321 1068
169 369 223 321 1068
72 228 222 321 1068
318 372 223 321 1068
704 376 226 321 1068
426 351 242 321 1068
711 43 225 322 1069
161 346 242 322 1069
283 67 221 322 1069
169 370 231 322 1069
704 377 227 322 1069
426 352 243 322 1069
711 44 228 323 1070
161 347 231 323 1070
169 371 227 323 1070
283 68 223 323 1070
67 314 221 323 1070
426 353 245 323 1070
711 45 229 324 1071
45 39 221 324 1071
161 348 233 324 1071
169 372 226 324 1071
318 375 223 324 1071
67 315 221 324 1071
426 354 239 324 1071
711 46 227 325 1072
161 349 238 325 1072
169 373 222 325 1072
283 70 222 325 1072
704 380 223 325 1072
330 325 222 325 1072
426 355 239 325 1072
161 350 239 326 1073
45 41 221 326 1073
169 374 231 326 1073
283 71 223 326 1073
426 356 232 326 1073
161 351 238 327 1074
169 375 225 327 1074
283 72 222 327 1074
393 129 221 327 1074
704 382 224 327 1074
384 385 222 327 1074
161 352 243 328 1075
169 376 228 328 1075
283 73 223 328 1075
704 383 222 328 1075
384 386 222 328 1075
161 353 239 329 1076
169 377 234 329 1076
704 384 222 329 1076
330 329 221 329 1076
384 387 221 329 1076
426 359 255 329 1076
161 354 237 330 1077
169 378 223 330 1077
704 385 225 330 1077
426 360 225 330 1077
711 52 230 331 1078
161 355 227 331 1078
45 46 222 331 1078
169 379 236 331 1078
42 35 221 332 1079
161 356 227 332 1079
169 380 236 332 1079
704 387 229 332 1079
426 362 243 332 1079
42 36 221 333 1080
711 54 226 333 1080
161 357 224 333 1080
169 381 233 333 1080
426 363 244 333 1080
169 382 224 334 1081
426 364 243 334 1081
169 383 228 335 1082
426 365 233 335 1082
711 57 225 336 1083
161 360 226 336 1083
169 384 228 336 1083
626 363 223 336 1083
426 366 233 336 1083
42 40 225 337 1084
711 58 225 337 1084
161 361 231 337 1084
169 385 236 337 1084
45 52 222 337 1084
426 367 224 337 1084
42 41 223 338 1085
711 59 223 338 1085
161 362 231 338 1085
426 368 222 338 1085
711 60 225 339 1086
161 363 231 339 1086
169 387 235 339 1086
426 369 222 339 1086
169 388 231 340 1087
384 398 223 340 1087
426 370 225 340 1087
161 365 225 341 1088
169 389 223 341 1088
393 143 221 341 1088
384 399 221 341 1088
704 396 221 341 1088
711 63 224 342 1089
161 366 235 342 1089
169 390 239 342 1089
704 397 221 342 1089
426 372 235 342 1089
161 367 229 343 1090
169 391 235 343 1090
45 58 223 343 1090
626 370 221 343 1090
426 373 221 343 1090
711 65 223 344 1091
161 368 223 344 1091
169 392 241 344 1091
45 59 223 344 1091
426 374 226 344 1091
699 294 223 345 1092
161 369 222 345 1092
169 393 222 345 1092
426 375 231 345 1092
169 394 233 346 1093
626 373 221 346 1093
426 376 237 346 1093
711 68 227 347 1094
169 395 225 347 1094
426 377 246 347 1094
169 396 237 348 1095
384 406 223 348 1095
426 378 246 348 1095
426 379 241 349 1096
169 398 234 350 1097
426 380 237 350 1097
711 72 224 351 1098
169 399 234 351 1098
161 375 235 351 1098
626 378 222 351 1098
45 66 224 351 1098
330 351 221 351 1098
704 406 223 351 1098
426 381 247 351 1098
699 301 226 352 1099
360 401 221 352 1099
161 376 237 352 1099
169 400 241 352 1099
45 67 221 352 1099
330 352 222 352 1099
426 382 238 352 1099
699 302 226 353 1100
161 377 238 353 1100
169 401 241 353 1100
384 411 224 353 1100
704 408 222 353 1100
426 383 247 354 1101
699 303 224 354 1101
161 378 237 354 1101
169 402 229 354 1101
45 69 222 354 1101
384 412 226 354 1101
704 409 221 354 1101
426 384 242 354 1101
360 404 221 355 1102
161 379 233 355 1102
711 76 227 355 1102
169 403 234 355 1102
45 70 225 355 1102
384 413 230 355 1102
426 385 246 355 1102
699 305 221 356 1103
42 59 221 356 1103
711 77 222 356 1103
169 404 231 356 1103
161 380 230 356 1103
626 383 223 356 1103
384 414 221 356 1103
426 386 243 356 1103
711 78 229 357 1104
169 405 226 357 1104
161 381 226 357 1104
384 415 222 357 1104
426 387 242 358 1105
699 307 224 358 1105
169 406 224 358 1105
161 382 232 358 1105
45 73 221 358 1105
384 416 225 358 1105
426 388 251 359 1106
169 407 222 359 1106
161 383 230 359 1106
45 74 222 359 1106
384 417 222 359 1106
426 389 250 359 1106
699 309 226 360 1107
711 81 231 360 1107
169 408 241 360 1107
161 384 223 360 1107
45 75 224 360 1107
704 415 225 360 1107
426 390 245 360 1107
699 310 226 361 1108
169 409 226 361 1108
161 385 235 361 1108
384 419 222 361 1108
426 391 253 361 1108
711 83 227 362 1109
169 410 221 362 1109
161 386 233 362 1109
45 77 222 362 1109
426 392 249 362 1109
711 84 222 363 1110
169 411 221 363 1110
384 421 224 363 1110
426 393 250 363 1110
711 85 223 364 1111
169 412 231 364 1111
161 388 225 364 1111
45 79 223 364 1111
384 422 227 364 1111
67 355 222 364 1111
704 419 222 364 1111
426 394 242 364 1111
699 314 222 365 1112
711 86 223 365 1112
169 413 231 365 1112
45 80 221 365 1112
426 395 238 365 1112
42 69 222 366 1113
169 414 232 366 1113
161 390 221 366 1113
45 81 221 366 1113
426 396 247 366 1113
169 415 230 367 1114
45 82 227 367 1114
384 425 226 367 1114
426 397 247 368 1115
46 414 222 368 1115
169 416 231 368 1115
161 392 234 368 1115
45 83 221 368 1115
393 170 223 368 1115
384 426 229 368 1115
426 398 245 369 1116
711 90 225 369 1116
42 72 224 369 1116
169 417 237 369 1116
161 393 233 369 1116
45 84 223 369 1116
384 427 222 369 1116
426 399 230 370 1117
699 319 223 370 1117
711 91 221 370 1117
42 73 222 370 1117
169 418 237 370 1117
161 394 239 370 1117
45 85 225 370 1117
426 400 248 371 1118
169 419 234 371 1118
161 395 240 371 1118
384 429 222 371 1118
426 401 245 372 1119
711 93 222 372 1119
169 420 237 372 1119
161 396 239 372 1119
45 87 226 372 1119
393 174 223 372 1119
426 402 249 373 1120
699 322 223 373 1120
169 421 235 373 1120
161 397 230 373 1120
45 88 223 373 1120
426 403 248 374 1121
699 323 223 374 1121
711 95 223 374 1121
42 77 223 374 1121
169 422 235 374 1121
161 398 238 374 1121
45 89 222 374 1121
393 176 222 374 1121
384 432 228 374 1121
426 404 229 375 1122
699 324 226 375 1122
711 96 223 375 1122
169 423 240 375 1122
161 399 235 375 1122
45 90 228 375 1122
426 405 242 376 1123
699 325 225 376 1123
169 424 243 376 1123
161 400 237 376 1123
45 91 225 376 1123
384 434 222 376 1123
426 406 241 377 1124
699 326 225 377 1124
711 98 224 377 1124
646 413 223 377 1124
169 425 241 377 1124
161 401 234 377 1124
45 92 229 377 1124
384 435 225 377 1124
426 407 245 378 1125
699 327 223 378 1125
711 99 224 378 1125
646 414 224 378 1125
169 426 243 378 1125
161 402 225 378 1125
45 93 226 378 1125
384 436 226 378 1125
426 408 246 379 1126
699 328 224 379 1126
711 100 223 379 1126
169 427 246 379 1126
161 403 228 379 1126
45 94 225 379 1126
393 181 222 379 1126
384 437 222 379 1126
67 370 221 380 1127
699 329 228 380 1127
426 409 245 380 1127
711 101 225 380 1127
169 428 246 380 1127
161 404 225 380 1127
45 95 226 380 1127
384 438 221 380 1127
426 410 245 381 1128
711 102 223 381 1128
646 417 222 381 1128
169 429 243 381 1128
45 96 224 381 1128
393 183 221 381 1128
67 372 221 382 1129
426 411 244 382 1129
711 103 223 382 1129
169 430 246 382 1129
45 97 225 382 1129
711 104 224 383 1130
169 431 236 383 1130
161 407 226 383 1130
45 98 224 383 1130
426 413 254 384 1131
169 432 235 384 1131
161 408 229 384 1131
45 99 223 384 1131
393 186 222 384 1131
426 414 255 385 1132
169 433 240 385 1132
161 409 243 385 1132
45 100 226 385 1132
426 415 243 386 1133
169 434 239 386 1133
161 410 235 386 1133
45 101 226 386 1133
426 416 249 387 1134
699 336 224 387 1134
42 90 224 387 1134
169 435 227 387 1134
161 411 233 387 1134
45 102 227 387 1134
384 445 232 388 1135
426 417 241 388 1135
42 91 221 388 1135
711 109 227 388 1135
169 436 236 388 1135
161 412 226 388 1135
45 103 228 388 1135
384 446 233 389 1136
426 418 245 389 1136
46 435 221 389 1136
699 338 225 389 1136
711 110 221 389 1136
169 437 244 389 1136
161 413 237 389 1136
283 134 222 389 1136
45 104 223 389 1136
384 447 231 390 1137
426 419 251 390 1137
711 111 224 390 1137
169 438 236 390 1137
384 448 231 391 1138
426 420 253 391 1138
711 112 225 391 1138
169 439 236 391 1138
45 106 222 391 1138
393 193 226 391 1138
169 440 240 392 1139
161 416 223 392 1139
283 137 221 392 1139
45 107 230 392 1139
393 194 227 392 1139
699 342 223 393 1140
426 422 255 393 1140
384 450 225 393 1140
46 439 222 393 1140
711 114 223 393 1140
169 441 238 393 1140
45 108 231 393 1140
67 384 222 394 1141
384 451 222 394 1141
426 423 250 394 1141
169 442 235 394 1141
161 418 223 394 1141
626 421 222 394 1141
45 109 231 394 1141
169 443 223 395 1142
711 117 224 396 1143
169 444 224 396 1143
384 454 225 397 1144
426 426 247 397 1144
330 396 222 397 1144
711 118 235 397 1144
169 445 237 397 1144
384 455 227 398 1145
426 427 239 398 1145
704 452 225 398 1145
42 101 225 398 1145
711 119 224 398 1145
626 425 222 398 1145
384 456 226 399 1146
426 428 242 399 1146
699 348 226 399 1146
42 102 225 399 1146
169 447 232 399 1146
626 426 223 399 1146
384 457 223 400 1147
699 349 231 400 1147
426 429 247 400 1147
711 121 224 400 1147
169 448 235 400 1147
45 115 224 400 1147
384 458 222 401 1148
699 350 227 401 1148
426 430 250 401 1148
711 122 225 401 1148
169 449 241 401 1148
45 116 225 401 1148
384 459 223 402 1149
699 351 221 402 1149
426 431 245 402 1149
711 123 226 402 1149
646 438 223 402 1149
169 450 240 402 1149
161 426 222 402 1149
45 117 225 402 1149
426 432 246 403 1150
699 352 227 403 1150
169 451 231 403 1150
161 427 221 403 1150
45 118 221 403 1150
384 461 224 404 1151
426 433 240 404 1151
699 353 223 404 1151
704 458 225 404 1151
360 453 222 404 1151
169 452 238 404 1151
393 206 221 404 1151
426 434 245 405 1152
42 108 224 405 1152
145 455 225 405 1152
169 453 237 405 1152
360 454 223 405 1152
161 429 225 405 1152
384 463 231 406 1153
426 435 246 406 1153
699 355 222 406 1153
42 109 225 406 1153
169 454 237 406 1153
360 455 223 406 1153
161 430 225 406 1153
393 208 225 406 1153
318 457 223 406 1153
384 464 231 407 1154
426 436 244 407 1154
704 461 222 407 1154
42 110 224 407 1154
360 456 223 407 1154
161 431 224 407 1154
393 209 224 407 1154
384 465 222 408 1155
426 437 249 408 1155
46 454 221 408 1155
42 111 225 408 1155
161 432 223 408 1155
169 456 235 408 1155
384 466 227 409 1156
426 438 255 409 1156
42 112 224 409 1156
161 433 224 409 1156
169 457 229 409 1156
45 124 223 409 1156
384 467 229 410 1157
42 113 224 410 1157
161 434 223 410 1157
45 125 223 410 1157
393 212 221 410 1157
384 468 226 411 1158
426 440 245 411 1158
330 410 221 411 1158
161 435 226 411 1158
626 438 221 411 1158
169 459 221 411 1158
384 469 225 412 1159
426 441 246 412 1159
145 462 222 412 1159
646 448 221 412 1159
161 436 227 412 1159
169 460 222 412 1159
393 214 222 412 1159
45 127 225 412 1159
81 455 221 413 1160
384 470 225 413 1160
426 442 247 413 1160
646 449 222 413 1160
169 461 232 413 1160
161 437 232 413 1160
393 215 221 413 1160
384 471 224 414 1161
704 468 221 414 1161
237 466 221 414 1161
360 463 221 414 1161
646 450 227 414 1161
169 462 243 414 1161
161 438 233 414 1161
393 216 221 414 1161
45 129 221 414 1161
426 444 243 415 1162
169 463 231 415 1162
426 445 229 416 1163
42 119 221 416 1163
169 464 225 416 1163
45 131 222 416 1163
426 446 233 417 1164
161 441 225 417 1164
169 465 232 417 1164
384 475 221 418 1165
426 447 242 418 1165
699 367 229 418 1165
704 472 223 418 1165
169 466 235 418 1165
426 448 241 419 1166
699 368 225 419 1166
42 122 222 419 1166
169 467 234 419 1166
626 446 221 419 1166
426 449 237 420 1167
384 477 232 420 1167
704 474 222 420 1167
42 123 224 420 1167
360 469 221 420 1167
169 468 231 420 1167
384 478 226 421 1168
426 451 237 422 1169
161 446 223 422 1169
169 470 238 422 1169
45 137 222 422 1169
426 452 247 423 1170
169 471 237 423 1170
426 453 245 424 1171
161 448 223 424 1171
169 472 237 424 1171
426 454 241 425 1172
42 128 222 425 1172
169 473 234 425 1172
393 227 221 425 1172
426 455 238 426 1173
646 462 222 426 1173
161 450 234 426 1173
169 474 224 426 1173
626 453 222 426 1173
426 456 246 427 1174
384 484 227 427 1174
704 481 223 427 1174
161 451 235 427 1174
169 475 225 427 1174
426 457 245 427 1174
699 377 223 428 1175
384 485 227 428 1175
704 482 225 428 1175
161 452 245 428 1175
169 476 227 428 1175
426 458 235 428 1175
384 486 222 429 1176
699 378 224 429 1176
704 483 226 429 1176
161 453 224 429 1176
45 144 224 429 1176
426 459 237 430 1177
384 487 225 430 1177
704 484 223 430 1177
161 454 232 430 1177
426 460 235 431 1178
699 380 221 431 1178
384 488 226 431 1178
161 455 222 431 1178
169 479 230 431 1178
45 146 222 431 1178
426 461 244 432 1179
384 489 223 432 1179
360 481 221 432 1179
161 456 227 432 1179
169 480 222 432 1179
626 459 224 432 1179
45 147 225 432 1179
426 462 246 433 1180
384 490 227 433 1180
161 457 226 433 1180
169 481 234 433 1180
45 148 225 433 1180
426 463 242 434 1181
360 483 221 434 1181
161 458 225 434 1181
169 482 237 434 1181
318 485 223 434 1181
426 464 248 435 1182
81 477 224 435 1182
699 384 223 435 1182
42 138 223 435 1182
161 459 233 435 1182
169 483 229 435 1182
426 465 245 436 1183
384 493 224 436 1183
699 385 223 436 1183
42 139 223 436 1183
360 485 221 436 1183
38 484 222 436 1183
169 484 223 436 1183
426 466 246 436 1183
384 494 225 437 1184
699 386 223 437 1184
360 486 222 437 1184
38 485 223 437 1184
169 485 234 437 1184
426 467 243 437 1184
699 387 226 438 1185
384 495 225 438 1185
38 486 223 438 1185
161 462 222 438 1185
169 486 229 438 1185
426 468 245 439 1186
384 496 225 439 1186
699 388 223 439 1186
704 493 221 439 1186
161 463 223 439 1186
169 487 223 439 1186
426 469 232 439 1186
384 497 222 440 1187
161 464 233 440 1187
169 488 227 440 1187
426 470 239 440 1187
699 390 231 441 1188
704 495 223 441 1188
360 490 221 441 1188
161 465 221 441 1188
169 489 229 441 1188
426 471 241 441 1188
384 499 223 442 1189
161 466 223 442 1189
626 469 223 442 1189
426 472 241 442 1189
360 492 223 443 1190
161 467 227 443 1190
169 491 222 443 1190
426 473 246 443 1190
699 393 223 444 1191
384 501 221 444 1191
161 468 222 444 1191
426 474 246 444 1191
169 493 222 445 1192
426 475 237 445 1192
699 395 223 446 1193
360 495 225 446 1193
161 470 224 446 1193
426 476 238 446 1193
46 493 222 447 1194
81 489 221 447 1194
699 396 225 447 1194
384 504 225 447 1194
360 496 226 447 1194
161 471 223 447 1194
45 162 225 447 1194
393 249 222 447 1194
426 477 237 447 1194
384 505 222 448 1195
360 497 223 448 1195
161 472 223 448 1195
169 496 223 448 1195
393 250 221 448 1195
45 163 225 448 1195
426 478 235 448 1195
384 506 224 449 1196
42 152 224 449 1196
360 498 226 449 1196
161 473 223 449 1196
169 497 224 449 1196
626 476 223 449 1196
393 251 222 449 1196
426 479 239 449 1196
384 507 223 450 1197
360 499 228 450 1197
426 480 234 450 1197
384 508 230 451 1198
360 500 225 451 1198
426 481 232 451 1198
384 509 231 452 1199
360 501 228 452 1199
161 476 223 452 1199
426 482 230 453 1200
384 510 226 453 1200
711 174 227 453 1200
169 501 226 453 1200
45 168 222 453 1200
393 255 223 453 1200
426 483 243 454 1201
384 511 233 454 1201
42 157 223 454 1201
711 175 221 454 1201
169 502 226 454 1201
161 478 223 454 1201
426 484 225 454 1201
384 512 235 455 1202
711 176 221 455 1202
169 503 223 455 1202
626 482 221 455 1202
426 485 233 455 1202
384 513 228 456 1203
161 1 237 456 1203
699 405 223 456 1203
704 510 224 456 1203
711 177 230 456 1203
169 504 222 456 1203
426 486 231 456 1203
384 514 230 457 1204
699 406 222 457 1204
161 2 230 457 1204
704 511 223 457 1204
711 178 223 457 1204
169 505 227 457 1204
393 259 221 457 1204
426 487 221 457 1204
384 515 231 458 1205
161 3 232 458 1205
711 179 222 458 1205
169 506 230 458 1205
626 485 221 458 1205
426 488 236 458 1205
384 516 229 459 1206
699 408 221 459 1206
161 4 233 459 1206
711 180 223 459 1206
169 507 223 459 1206
426 489 246 459 1206
384 517 230 460 1207
161 5 226 460 1207
699 409 225 460 1207
711 181 222 460 1207
169 508 224 460 1207
45 175 222 460 1207
426 490 229 460 1207
161 6 234 461 1208
169 509 233 461 1208
384 519 231 462 1209
161 7 237 462 1209
67 452 222 462 1209
704 516 224 462 1209
169 510 231 462 1209
426 492 221 462 1209
384 520 232 463 1210
161 8 239 463 1210
169 511 226 463 1210
426 493 226 464 1211
384 521 227 464 1211
161 9 239 464 1211
161 10 234 465 1212
169 513 230 465 1212
426 495 221 466 1213
161 11 237 466 1213
169 514 226 466 1213
248 502 221 466 1213
426 496 222 467 1214
161 12 247 467 1214
169 515 235 467 1214
248 503 222 467 1214
426 497 226 468 1215
384 525 222 468 1215
161 13 244 468 1215
169 516 236 468 1215
248 504 223 468 1215
426 498 227 469 1216
384 526 226 469 1216
161 14 240 469 1216
67 459 221 469 1216
169 517 237 469 1216
426 499 233 470 1217
161 15 233 470 1217
169 518 233 470 1217
426 500 233 471 1218
384 528 224 471 1218
161 16 235 471 1218
711 192 222 471 1218
169 519 232 471 1218
248 507 222 471 1218
426 501 244 472 1219
384 529 231 472 1219
161 17 235 472 1219
699 421 221 472 1219
704 526 222 472 1219
169 520 236 472 1219
426 502 241 473 1220
384 530 231 473 1220
161 18 233 473 1220
699 422 224 473 1220
169 521 230 473 1220
426 503 241 474 1221
81 516 222 474 1221
384 531 226 474 1221
161 19 222 474 1221
169 522 223 474 1221
384 532 223 475 1222
161 20 224 475 1222
169 523 226 475 1222
426 505 229 476 1223
81 518 222 476 1223
161 21 233 476 1223
711 197 221 476 1223
169 524 226 476 1223
426 506 247 477 1224
384 534 224 477 1224
711 198 225 477 1224
169 525 227 477 1224
426 507 244 478 1225
384 535 227 478 1225
161 23 235 478 1225
711 199 225 478 1225
169 526 224 478 1225
426 508 227 478 1225
384 536 228 479 1226
161 24 232 479 1226
711 200 227 479 1226
426 509 237 479 1226
384 537 229 480 1227
161 25 233 480 1227
711 201 221 480 1227
169 528 232 480 1227
626 507 223 480 1227
426 510 239 480 1227
384 538 229 481 1228
699 430 224 481 1228
161 26 237 481 1228
711 202 222 481 1228
169 529 235 481 1228
626 508 222 481 1228
426 511 239 481 1228
384 539 233 482 1229
161 27 237 482 1229
169 530 233 482 1229
426 512 235 482 1229
81 525 224 483 1230
384 540 225 483 1230
161 28 226 483 1230
704 537 222 483 1230
169 531 231 483 1230
426 513 222 483 1230
384 541 231 484 1231
699 433 222 484 1231
711 205 221 484 1231
169 532 231 484 1231
426 514 225 484 1231
384 542 229 485 1232
704 539 226 485 1232
711 206 227 485 1232
169 533 230 485 1232
426 515 241 485 1232
384 543 226 486 1233
699 435 223 486 1233
161 31 223 486 1233
711 207 223 486 1233
169 534 231 486 1233
626 513 223 486 1233
426 516 239 486 1233
169 535 224 487 1234
426 517 240 487 1234
161 33 226 488 1235
711 209 223 488 1235
426 518 224 488 1235
161 34 227 489 1236
169 537 223 489 1236
711 210 226 489 1236
626 516 225 489 1236
426 519 246 489 1236
384 547 224 490 1237
161 35 226 490 1237
169 538 226 490 1237
711 211 227 490 1237
626 517 226 490 1237
426 520 241 490 1237
384 548 221 491 1238
161 36 228 491 1238
711 212 226 491 1238
626 518 225 491 1238
426 521 245 491 1238
699 441 221 492 1239
646 528 221 492 1239
169 540 227 492 1239
626 519 226 492 1239
426 522 242 492 1239
384 550 222 493 1240
161 38 230 493 1240
646 529 221 493 1240
626 520 228 493 1240
426 523 244 493 1240
426 524 242 494 1241
711 216 222 495 1242
426 525 241 495 1242
42 199 223 496 1243
646 532 221 496 1243
169 544 231 496 1243
711 217 224 496 1243
426 526 241 496 1243
42 200 222 497 1244
646 533 221 497 1244
169 545 230 497 1244
711 218 223 497 1244
426 527 241 497 1244
384 555 221 498 1245
704 552 227 498 1245
646 534 223 498 1245
169 546 221 498 1245
711 219 226 498 1245
426 528 236 498 1245
45 213 221 498 1245
318 549 221 498 1245
384 556 222 499 1246
646 535 225 499 1246
169 547 221 499 1246
426 529 232 499 1246
45 214 222 499 1246
646 536 221 500 1247
169 548 235 500 1247
426 530 237 500 1247
169 549 231 501 1248
360 550 223 501 1248
426 531 239 501 1248
45 216 223 501 1248
646 538 223 502 1249
169 550 233 502 1249
426 532 241 502 1249
699 452 225 503 1250
161 48 224 503 1250
646 539 221 503 1250
169 551 230 503 1250
426 533 225 503 1250
384 561 227 504 1251
67 494 225 504 1251
711 225 225 504 1251
426 534 232 504 1251
45 219 228 504 1251
330 504 224 504 1251
384 562 228 505 1252
161 50 222 505 1252
237 557 221 505 1252
360 1 223 505 1252
711 226 231 505 1252
393 307 221 505 1252
626 532 223 505 1252
45 220 223 505 1252
560 560 223 506 1253
384 563 231 506 1253
89 565 227 506 1253
315 239 231 506 1253
45 221 235 506 1253
384 564 221 507 1254
699 456 233 507 1254
161 52 225 507 1254
89 566 239 507 1254
315 240 222 507 1254
161 54 233 509 1256
89 568 236 509 1256
472 285 223 511 1258
593 251 223 515 1262
468 570 225 516 1263
504 561 223 516 1263
497 569 221 517 1264
414 573 221 518 1265
782 519 223 518 1265
533 252 221 519 1266
394 568 233 519 1266
498 150 221 519 1266
124 560 224 519 1266
445 561 229 519 1266
782 520 236 519 1266
394 569 234 520 1267
498 151 227 520 1267
445 562 236 520 1267
782 521 227 520 1267
445 563 240 521 1268
782 522 240 521 1268
394 571 227 522 1269
498 153 226 522 1269
90 276 222 522 1269
432 381 221 522 1269
445 564 225 522 1269
394 572 239 523 1270
498 154 225 523 1270
432 382 225 523 1270
782 524 245 523 1270
394 573 229 524 1271
498 155 233 524 1271
445 566 233 524 1271
782 525 238 524 1271
394 574 241 525 1272
90 279 221 525 1272
445 567 237 525 1272
782 526 237 525 1272
394 575 244 526 1273
268 467 235 526 1273
90 280 223 526 1273
445 568 237 526 1273
235 143 237 526 1273
782 527 238 526 1273
604 572 242 527 1274
90 281 227 527 1274
268 468 227 527 1274
431 288 231 527 1274
445 569 236 527 1274
782 528 237 527 1274
404 547 231 527 1274
604 573 222 528 1275
90 282 223 528 1275
431 289 223 528 1275
268 469 246 528 1275
445 570 222 528 1275
235 145 233 528 1275
782 529 246 528 1275
404 548 221 528 1275
268 470 247 529 1276
445 571 230 529 1276
782 530 223 529 1276
404 549 222 529 1276
268 471 235 530 1277
445 572 232 530 1277
235 147 221 530 1277
782 531 232 530 1277
604 576 227 531 1278
431 292 224 531 1278
432 390 222 531 1278
445 573 235 531 1278
782 532 223 531 1278
404 551 221 531 1278
90 286 231 532 1279
268 473 229 532 1279
431 293 222 532 1279
432 391 221 532 1279
445 574 233 532 1279
394 582 224 533 1280
90 287 223 533 1280
268 474 225 533 1280
445 575 233 533 1280
235 150 222 533 1280
782 534 225 533 1280
90 288 228 534 1281
268 475 231 534 1281
445 576 241 534 1281
604 580 233 535 1282
90 289 221 535 1282
268 476 226 535 1282
445 577 225 535 1282
394 585 227 536 1283
90 290 226 536 1283
431 297 231 536 1283
268 477 235 536 1283
445 578 227 536 1283
782 537 229 536 1283
394 586 222 537 1284
90 291 234 537 1284
445 579 236 537 1284
782 538 226 537 1284
404 557 223 537 1284
604 583 223 538 1285
431 299 225 538 1285
268 479 227 538 1285
445 580 243 538 1285
782 539 223 538 1285
404 558 223 538 1285
604 584 222 539 1286
268 480 223 539 1286
445 581 242 539 1286
604 585 224 540 1287
431 301 221 540 1287
445 582 242 540 1287
604 586 228 541 1288
394 590 227 541 1288
90 295 223 541 1288
268 482 225 541 1288
432 400 226 541 1288
445 583 222 541 1288
404 561 226 541 1288
604 588 222 543 1290
394 592 224 543 1290
445 585 226 543 1290
604 589 221 544 1291
235 161 222 544 1291
404 564 224 544 1291
268 486 224 545 1292
1 720 222 545 1292
268 487 223 546 1293
445 588 228 546 1293
404 566 223 547 1294
394 596 223 547 1294
1 722 221 547 1294
235 164 221 547 1294
445 589 225 547 1294
404 567 222 548 1295
445 590 240 548 1295
1 724 227 549 1296
445 591 226 549 1296
404 569 222 550 1297
604 595 223 550 1297
431 311 223 550 1297
1 725 222 550 1297
445 592 240 550 1297
782 551 222 550 1297
1 726 222 551 1298
445 593 225 551 1298
394 601 225 552 1299
1 727 227 552 1299
445 594 241 552 1299
782 553 222 552 1299
445 595 235 553 1300
782 554 222 553 1300
604 599 222 554 1301
445 596 235 554 1301
394 604 221 555 1302
604 600 224 555 1302
90 309 222 555 1302
445 597 221 555 1302
90 310 225 556 1303
445 598 236 556 1303
404 576 223 557 1304
431 318 221 557 1304
445 599 236 557 1304
604 603 223 558 1305
445 600 239 558 1305
404 578 224 559 1306
445 601 237 559 1306
445 603 226 561 1308
445 604 229 562 1309
445 605 231 563 1310
445 606 241 564 1311
445 607 230 565 1312
90 320 221 566 1313
445 608 230 566 1313
445 609 238 567 1314
90 322 221 568 1315
445 610 236 568 1315
90 323 221 569 1316
445 611 236 569 1316
404 589 222 570 1317
445 612 239 570 1317
445 613 231 571 1318
445 614 232 572 1319
782 573 221 572 1319
404 592 224 573 1320
445 615 241 573 1320
782 574 221 573 1320
268 515 221 574 1321
90 4 225 574 1321
235 191 221 574 1321
445 616 229 574 1321
782 575 222 575 1322
445 617 233 575 1322
431 337 221 576 1323
235 193 222 576 1323
445 618 241 576 1323
604 622 222 577 1324
268 518 223 577 1324
445 619 235 577 1324
445 620 236 578 1325
445 621 236 579 1326
782 580 221 580 1327
445 622 235 580 1327
445 623 237 581 1328
782 582 224 582 1329
445 624 227 582 1329
445 625 233 583 1330
782 584 222 584 1331
90 14 223 584 1331
445 626 236 584 1331
445 627 224 585 1332
445 628 222 586 1333
604 632 226 587 1334
404 606 221 587 1334
445 629 232 587 1334
268 529 221 588 1335
445 630 225 588 1335
268 530 222 589 1336
604 635 223 590 1337
404 609 224 590 1337
394 639 222 590 1337
235 207 221 590 1337
445 632 250 590 1337
404 610 221 591 1338
268 532 223 591 1338
445 633 242 591 1338
782 592 222 592 1339
445 634 230 592 1339
235 209 224 592 1339
445 635 237 593 1340
432 453 223 594 1341
445 636 242 594 1341
394 644 223 595 1342
268 536 229 595 1342
445 637 239 595 1342
782 596 225 596 1343
268 537 226 596 1343
90 26 221 596 1343
445 638 244 596 1343
445 639 241 597 1344
782 598 225 598 1345
604 643 225 598 1345
445 640 233 598 1345
782 599 233 599 1346
445 641 231 599 1346
782 600 221 600 1347
394 649 223 600 1347
604 645 226 600 1347
431 361 222 600 1347
445 642 237 600 1347
235 217 223 600 1347
394 650 227 601 1348
604 646 221 601 1348
404 620 223 601 1348
445 643 248 601 1348
445 644 240 602 1349
235 219 221 602 1349
782 603 223 603 1350
404 622 225 603 1350
445 645 243 603 1350
445 646 231 604 1351
604 650 230 605 1352
432 464 221 605 1352
445 647 230 605 1352
782 606 222 606 1353
394 655 221 606 1353
604 651 225 606 1353
445 648 231 606 1353
445 649 231 607 1354
604 653 221 608 1355
404 627 224 608 1355
268 549 227 608 1355
445 650 225 608 1355
604 654 229 609 1356
431 370 221 609 1356
404 628 224 609 1356
268 550 224 609 1356
445 651 231 609 1356
404 629 232 610 1357
268 551 227 610 1357
445 652 229 610 1357
235 227 225 610 1357
782 611 224 611 1358
445 653 241 611 1358
445 654 241 612 1359
782 613 231 613 1360
604 658 221 613 1360
445 655 242 613 1360
431 375 231 614 1361
268 555 223 614 1361
445 656 223 614 1361
782 615 221 615 1362
404 634 221 615 1362
268 556 227 615 1362
90 45 222 615 1362
445 657 224 615 1362
235 232 224 615 1362
394 665 221 616 1363
404 635 223 616 1363
431 377 227 616 1363
604 662 221 617 1364
404 636 223 617 1364
431 378 229 617 1364
268 558 223 617 1364
445 659 236 617 1364
394 667 224 618 1365
604 663 225 618 1365
431 379 224 618 1365
404 637 223 618 1365
432 477 221 618 1365
90 48 223 618 1365
445 660 228 618 1365
235 235 223 618 1365
604 664 221 619 1366
431 380 223 619 1366
90 49 227 619 1366
394 669 222 620 1367
431 381 231 620 1367
268 561 224 620 1367
431 383 222 622 1369
445 664 221 622 1369
394 672 224 623 1370
432 482 222 623 1370
268 564 224 623 1370
394 673 222 624 1371
404 643 221 624 1371
432 483 224 624 1371
445 666 224 624 1371
394 674 222 625 1372
445 667 226 625 1372
445 668 228 626 1373
445 669 232 627 1374
394 677 222 628 1375
431 389 224 628 1375
445 670 231 628 1375
235 245 222 628 1375
90 58 231 628 1375
782 629 223 629 1376
394 678 225 629 1376
404 648 224 629 1376
432 488 223 629 1376
268 570 225 629 1376
445 671 237 629 1376
90 59 223 629 1376
394 679 223 630 1377
404 649 223 630 1377
268 571 224 630 1377
445 672 225 630 1377
782 631 222 631 1378
432 490 222 631 1378
268 572 223 631 1378
445 673 230 631 1378
782 632 223 632 1379
394 681 223 632 1379
431 393 222 632 1379
268 573 221 632 1379
445 674 223 632 1379
90 62 221 632 1379
782 633 221 633 1380
445 675 224 633 1380
235 250 223 633 1380
445 676 222 634 1381
394 684 221 635 1382
268 576 222 635 1382
445 677 224 635 1382
782 636 222 636 1383
404 655 222 636 1383
432 495 221 636 1383
445 678 235 636 1383
235 253 222 636 1383
394 686 223 637 1384
782 637 222 637 1384
268 578 228 637 1384
445 679 240 637 1384
782 638 222 638 1385
268 579 232 638 1385
445 680 240 638 1385
604 684 226 639 1386
268 580 224 639 1386
445 681 228 639 1386
604 685 227 640 1387
782 640 222 640 1387
445 682 226 640 1387
90 70 221 641 1388
268 582 223 641 1388
90 71 223 642 1389
268 583 224 642 1389
90 72 223 643 1390
394 692 221 643 1390
404 662 221 643 1390
268 584 223 643 1390
445 685 225 643 1390
90 73 231 644 1391
404 663 224 644 1391
268 585 226 644 1391
445 686 226 644 1391
235 261 221 644 1391
604 690 224 645 1392
394 694 225 645 1392
431 406 221 645 1392
445 687 235 645 1392
90 75 229 646 1393
604 691 225 646 1393
394 695 221 646 1393
268 587 224 646 1393
445 688 235 646 1393
90 76 223 647 1394
604 692 222 647 1394
394 696 223 647 1394
431 408 223 647 1394
404 666 225 647 1394
445 689 238 647 1394
235 264 222 648 1395
90 77 234 648 1395
404 667 225 648 1395
445 690 235 648 1395
90 78 224 649 1396
445 691 235 649 1396
235 266 225 650 1397
90 79 228 650 1397
445 692 223 650 1397
235 267 221 651 1398
90 80 225 651 1398
604 696 224 651 1398
782 651 221 651 1398
394 700 221 651 1398
404 670 222 651 1398
432 510 225 651 1398
445 693 226 651 1398
90 81 230 652 1399
394 701 221 652 1399
431 413 221 652 1399
432 511 223 652 1399
445 694 223 652 1399
235 269 224 653 1400
90 82 221 653 1400
404 672 224 653 1400
431 414 228 653 1400
90 83 229 654 1401
782 654 222 654 1401
404 673 225 654 1401
431 415 225 654 1401
268 595 223 654 1401
432 513 223 654 1401
445 696 231 654 1401
432 514 221 655 1402
431 417 222 656 1403
268 597 221 656 1403
432 515 224 656 1403
445 698 223 656 1403
235 273 231 657 1404
782 657 225 657 1404
394 706 223 657 1404
268 598 222 657 1404
445 699 222 657 1404
90 87 233 658 1405
235 274 223 658 1405
404 677 221 658 1405
432 517 223 658 1405
445 700 224 658 1405
235 275 221 659 1406
432 518 224 659 1406
90 89 224 660 1407
604 705 223 660 1407
404 679 222 660 1407
268 601 224 660 1407
235 277 223 661 1408
90 90 224 661 1408
604 706 226 661 1408
404 680 224 661 1408
445 703 225 661 1408
604 707 222 662 1409
235 279 222 663 1410
604 708 223 663 1410
394 712 224 663 1410
404 683 221 664 1411
394 713 225 664 1411
268 605 225 664 1411
445 706 222 664 1411
404 684 221 665 1412
394 714 222 665 1412
445 707 223 665 1412
235 282 223 666 1413
90 95 223 666 1413
404 685 222 666 1413
782 666 222 666 1413
394 715 221 666 1413
445 708 229 666 1413
90 96 225 667 1414
604 712 223 667 1414
268 608 222 667 1414
445 709 223 667 1414
235 284 221 668 1415
604 713 224 668 1415
268 609 223 668 1415
90 98 223 669 1416
404 688 222 669 1416
604 714 226 669 1416
782 669 222 669 1416
268 610 224 669 1416
445 711 226 669 1416
90 99 223 670 1417
604 715 225 670 1417
268 611 222 670 1417
445 712 222 670 1417
604 716 223 671 1418
235 288 221 672 1419
782 673 221 673 1420
404 693 221 674 1421
604 719 223 674 1421
90 104 223 675 1422
235 292 222 676 1423
90 105 227 676 1423
782 676 223 676 1423
394 725 221 676 1423
431 437 222 676 1423
445 718 221 677 1424
604 722 225 677 1424
445 719 224 678 1425
235 294 221 678 1425
604 723 224 678 1425
90 108 224 679 1426
235 295 222 679 1426
445 721 226 680 1427
404 699 227 680 1427
445 722 223 681 1428
394 730 231 681 1428
604 726 225 681 1428
431 442 221 681 1428
432 540 221 681 1428
445 723 233 682 1429
604 727 227 682 1429
782 682 221 682 1429
268 623 222 682 1429
445 724 229 683 1430
90 112 227 683 1430
604 728 221 683 1430
268 624 224 683 1430
445 725 226 684 1431
90 113 224 684 1431
235 300 222 684 1431
432 543 226 684 1431
445 726 233 685 1432
431 446 223 685 1432
268 626 224 685 1432
432 544 225 685 1432
445 727 221 686 1433
235 302 222 686 1433
431 447 228 686 1433
268 627 221 686 1433
432 545 221 686 1433
445 728 233 687 1434
90 116 225 687 1434
235 303 223 687 1434
604 732 221 687 1434
268 628 224 687 1434
445 729 224 688 1435
394 737 226 688 1435
432 547 225 688 1435
445 730 225 689 1436
268 630 221 689 1436
432 548 224 689 1436
445 731 224 690 1437
235 306 229 690 1437
604 735 222 690 1437
268 631 223 690 1437
432 549 221 690 1437
235 307 221 691 1438
404 710 221 691 1438
782 691 226 691 1438
445 733 233 692 1439
604 737 231 692 1439
394 741 225 692 1439
268 633 221 692 1439
432 551 230 692 1439
445 734 233 693 1440
604 738 222 693 1440
445 735 224 694 1441
445 736 233 695 1442
90 124 225 695 1442
604 740 225 695 1442
394 744 225 695 1442
445 737 245 696 1443
90 125 225 696 1443
394 745 224 696 1443
445 738 246 697 1444
268 638 221 697 1444
445 739 235 698 1445
404 717 221 698 1445
445 740 225 698 1445
90 128 226 699 1446
404 718 223 699 1446
604 744 226 699 1446
432 558 222 699 1446
445 741 230 699 1446
90 129 221 700 1447
431 461 221 700 1447
268 641 222 700 1447
432 560 224 701 1448
445 743 224 701 1448
90 131 223 702 1449
235 318 222 702 1449
604 747 225 702 1449
404 721 228 702 1449
268 643 221 702 1449
432 561 221 702 1449
235 319 222 703 1450
268 644 221 703 1450
445 745 232 704 1451
404 723 232 704 1451
394 753 221 704 1451
445 746 241 705 1452
90 134 223 705 1452
404 724 222 705 1452
445 747 235 706 1453
90 135 231 706 1453
445 748 233 707 1454
90 136 224 707 1454
268 648 221 707 1454
445 749 231 708 1455
90 137 225 708 1455
404 727 226 708 1455
445 750 234 709 1456
404 728 228 709 1456
268 650 224 709 1456
268 651 221 710 1457
445 752 235 711 1458
431 472 222 711 1458
445 753 232 711 1458
404 731 227 712 1459
268 653 221 712 1459
445 754 237 712 1459
404 732 224 713 1460
268 654 223 713 1460
445 755 235 714 1461
90 143 221 714 1461
404 733 225 714 1461
268 655 224 714 1461
445 756 223 715 1462
445 757 225 716 1463
431 477 226 716 1463
394 765 224 716 1463
90 146 227 717 1464
394 766 221 717 1464
268 658 223 717 1464
445 759 245 718 1465
90 147 221 718 1465
394 767 221 718 1465
90 148 245 719 1466
404 739 226 720 1467
394 769 222 720 1467
90 150 221 721 1468
268 662 229 721 1468
604 767 222 722 1469
404 741 221 722 1469
268 663 224 722 1469
432 581 223 722 1469
445 764 231 723 1470
268 664 227 723 1470
445 765 229 724 1471
90 153 227 724 1471
90 154 221 725 1472
445 767 226 726 1473
90 155 225 726 1473
432 585 227 726 1473
445 768 238 727 1474
90 156 224 727 1474
394 776 222 727 1474
268 668 223 727 1474
445 769 223 728 1475
394 777 221 728 1475
432 587 221 728 1475
445 770 233 729 1476
604 774 222 729 1476
782 729 225 729 1476
445 771 232 730 1477
782 730 225 730 1477
445 772 235 731 1478
268 672 223 731 1478
432 590 221 731 1478
445 773 231 732 1479
90 161 223 732 1479
445 774 229 733 1480
604 778 221 733 1480
404 752 221 733 1480
445 775 231 734 1481
404 753 221 734 1481
445 776 232 735 1482
90 164 222 735 1482
445 777 233 736 1483
445 778 232 737 1484
431 498 234 737 1484
268 678 221 737 1484
445 779 222 737 1484
394 787 227 738 1485
431 499 222 738 1485
445 780 223 738 1485
431 500 221 739 1486
445 781 233 739 1486
90 169 230 739 1486
432 599 221 740 1487
445 782 223 740 1487
445 783 224 741 1488
604 787 221 742 1489
445 784 247 742 1489
90 172 226 742 1489
394 792 223 743 1490
604 788 224 743 1490
404 762 225 743 1490
268 684 225 743 1490
445 785 223 743 1490
90 173 225 743 1490
268 685 223 744 1491
445 786 240 744 1491
235 361 221 744 1491
394 794 224 745 1492
404 764 222 745 1492
782 745 226 745 1492
445 787 239 745 1492
404 765 222 746 1493
782 746 226 746 1493
268 687 226 746 1493
432 605 229 746 1493
445 788 235 746 1493
90 176 229 746 1493
431 508 226 747 1494
782 747 227 747 1494
445 789 239 747 1494
90 177 231 747 1494
235 364 222 747 1494
431 509 221 748 1495
604 793 223 748 1495
445 790 226 748 1495
235 365 230 748 1495
394 798 221 749 1496
431 510 225 749 1496
782 749 231 749 1496
445 791 232 749 1496
235 366 227 749 1496
532 7 224 750 1497
470 720 221 750 1497
445 792 223 750 1497
670 359 229 751 1498
549 796 227 751 1498
334 737 226 752 1499
445 794 233 752 1499
312 795 222 753 1500
317 807 221 754 1501
262 48 228 754 1501
112 793 240 755 1502
312 797 232 755 1502
112 794 239 756 1503
312 798 233 756 1503
432 10 230 756 1503
186 75 221 757 1504
312 799 231 757 1504
561 86 221 758 1505
432 12 229 758 1505
312 803 224 761 1508
345 489 223 762 1509
342 818 224 763 1510
71 171 232 763 1510
173 31 221 764 1511
52 809 221 765 1512
634 148 221 766 1513
225 741 231 766 1513
331 158 232 766 1513
432 20 233 766 1513
634 149 222 767 1514
314 487 226 767 1514
689 253 221 767 1514
567 776 235 767 1514
31 824 223 767 1514
455 168 235 768 1515
9 825 221 768 1515
7 810 223 768 1515
35 768 221 768 1515
567 777 223 768 1515
423 813 222 768 1515
468 822 237 768 1515
295 794 222 768 1515
334 753 223 768 1515
584 734 231 768 1515
373 811 227 768 1515
101 806 223 769 1516
483 253 225 769 1516
314 489 223 769 1516
482 965 224 769 1516
521 90 225 769 1516
567 778 227 769 1516
468 823 246 769 1516
295 795 237 769 1516
201 991 231 769 1516
334 754 221 769 1516
373 812 225 769 1516
395 755 227 769 1516
552 821 221 770 1517
320 76 225 770 1517
95 506 230 770 1517
340 235 222 770 1517
7 812 237 770 1517
262 64 244 770 1517
567 779 226 770 1517
532 27 223 770 1517
126 470 233 770 1517
515 146 224 770 1517
342 826 221 771 1518
716 825 222 771 1518
538 810 221 771 1518
732 777 224 771 1518
98 821 232 771 1518
756 145 230 771 1518
379 8 225 772 1519
425 702 245 772 1519
756 146 232 772 1519
425 703 239 773 1520
538 812 225 773 1520
756 147 237 773 1520
314 494 228 774 1521
425 704 243 774 1521
538 813 222 774 1521
756 148 240 774 1521
740 754 222 775 1522
425 705 241 775 1522
77 357 228 775 1522
756 149 236 775 1522
123 810 222 775 1522
263 413 225 776 1523
46 822 221 776 1523
470 746 231 776 1523
698 834 227 776 1523
58 497 223 777 1524
77 359 222 777 1524
470 747 224 777 1524
756 151 225 777 1524
230 811 227 778 1525
777 823 231 778 1525
756 152 225 778 1525
425 709 227 779 1526
453 2 223 779 1526
698 837 231 779 1526
716 834 227 780 1527
425 710 225 780 1527
717 834 221 780 1527
290 838 227 780 1527
58 501 226 781 1528
365 498 221 781 1528
629 751 237 781 1528
537 820 224 781 1528
268 722 225 781 1528
789 827 225 781 1528
171 86 221 781 1528
16 511 224 781 1528
626 125 224 781 1528
230 815 222 782 1529
716 836 226 782 1529
425 712 238 782 1529
36 828 232 782 1529
756 156 244 782 1529
425 713 237 783 1530
453 6 223 783 1530
134 189 225 783 1530
167 472 225 783 1530
47 528 230 783 1530
219 369 224 783 1530
756 157 229 783 1530
693 180 225 783 1530
425 714 242 784 1531
716 838 224 784 1531
47 529 228 784 1531
219 370 231 784 1531
565 838 221 784 1531
24 81 224 784 1531
511 826 221 784 1531
756 158 223 784 1531
626 128 235 785 1532
740 764 228 785 1532
425 715 236 785 1532
47 530 237 785 1532
219 371 226 785 1532
511 827 224 785 1532
137 832 223 785 1532
425 716 237 786 1533
47 531 223 786 1533
219 372 231 786 1533
511 828 231 786 1533
756 160 223 786 1533
340 252 229 787 1534
425 717 223 787 1534
151 367 222 787 1534
134 193 222 787 1534
158 112 223 787 1534
187 833 238 787 1534
425 718 241 788 1535
716 842 231 788 1535
346 638 221 788 1535
158 113 229 788 1535
219 374 222 788 1535
756 162 230 788 1535
425 719 240 789 1536
453 12 221 789 1536
47 534 230 789 1536
158 114 225 789 1536
565 843 226 789 1536
511 831 225 789 1536
36 835 222 789 1536
756 163 221 790 1537
425 720 235 790 1537
716 844 222 790 1537
158 115 224 790 1537
728 677 224 790 1537
175 790 226 791 1538
740 770 222 791 1538
425 721 241 791 1538
716 845 221 791 1538
29 847 223 791 1538
239 841 225 791 1538
453 14 224 791 1538
47 536 225 791 1538
36 837 223 791 1538
561 120 221 792 1539
425 722 242 792 1539
728 679 222 792 1539
511 834 225 792 1539
24 89 223 792 1539
36 838 223 792 1539
756 166 225 793 1540
425 723 234 793 1540
453 16 224 793 1540
134 199 223 793 1540
732 799 223 793 1540
728 680 223 793 1540
511 835 222 793 1540
24 90 223 793 1540
36 839 223 793 1540
756 167 222 794 1541
425 724 236 794 1541
453 17 224 794 1541
728 681 222 794 1541
511 836 222 794 1541
756 168 224 795 1542
612 101 221 795 1542
425 725 236 795 1542
716 849 225 795 1542
728 682 222 795 1542
511 837 222 795 1542
756 169 237 796 1543
425 726 247 796 1543
453 19 221 796 1543
47 541 223 796 1543
756 170 227 797 1544
425 727 237 797 1544
615 834 231 797 1544
47 542 224 797 1544
158 122 223 797 1544
511 839 221 797 1544
552 849 233 797 1544
21 522 222 798 1545
332 53 222 798 1545
425 728 242 798 1545
612 104 224 798 1545
47 543 229 798 1545
134 204 222 798 1545
158 123 222 798 1545
728 685 221 798 1545
24 95 223 798 1545
756 172 222 799 1546
21 523 224 799 1546
225 774 231 799 1546
4 844 228 799 1546
425 729 243 799 1546
578 403 232 799 1546
716 853 224 799 1546
134 205 222 799 1546
219 385 221 799 1546
779 818 225 799 1546
511 841 224 799 1546
24 96 227 799 1546
21 524 223 800 1547
425 730 241 800 1547
77 382 221 800 1547
134 206 223 800 1547
47 545 231 800 1547
511 842 224 800 1547
173 67 224 800 1547
24 97 226 800 1547
756 174 223 801 1548
379 37 221 801 1548
425 731 247 801 1548
578 405 222 801 1548
672 842 232 801 1548
716 855 221 801 1548
134 207 228 801 1548
47 546 223 801 1548
511 843 224 801 1548
24 98 224 801 1548
425 732 242 802 1549
29 858 221 802 1549
728 689 223 802 1549
23 332 221 802 1549
511 844 223 802 1549
24 99 224 802 1549
584 768 223 802 1549
756 176 223 803 1550
425 733 239 803 1550
167 492 222 803 1550
219 389 227 803 1550
511 845 222 803 1550
290 861 221 804 1551
453 4 223 804 1551
425 734 227 804 1551
578 408 223 804 1551
716 858 221 804 1551
47 549 224 804 1551
700 716 221 804 1551
511 846 231 804 1551
756 178 223 805 1552
484 699 227 805 1552
425 735 242 805 1552
593 540 225 805 1552
23 335 224 805 1552
511 847 226 805 1552
756 179 221 806 1553
302 864 225 806 1553
668 863 223 806 1553
425 736 239 806 1553
578 410 223 806 1553
77 388 221 806 1553
219 392 221 806 1553
24 103 221 806 1553
511 848 226 806 1553
756 180 227 807 1554
455 207 222 807 1554
425 737 246 807 1554
47 552 222 807 1554
219 393 224 807 1554
511 849 227 807 1554
756 181 223 808 1555
425 738 236 808 1555
716 862 224 808 1555
757 305 223 808 1555
219 394 226 808 1555
511 850 224 808 1555
687 871 222 808 1555
453 9 221 809 1556
425 739 231 809 1556
716 863 221 809 1556
270 358 230 809 1556
757 306 223 809 1556
756 183 228 810 1557
83 300 221 810 1557
425 740 243 810 1557
134 216 221 810 1557
272 869 221 810 1557
756 184 225 811 1558
379 47 221 811 1558
425 741 236 811 1558
24 108 223 811 1558
697 864 222 812 1559
21 536 225 812 1559
52 856 229 812 1559
425 742 239 812 1559
716 866 225 812 1559
740 791 224 812 1559
158 137 224 812 1559
219 398 222 812 1559
511 854 223 812 1559
425 743 241 813 1560
756 187 225 814 1561
225 789 231 814 1561
379 50 225 814 1561
425 744 238 814 1561
740 793 227 814 1561
219 400 233 814 1561
511 856 224 814 1561
277 61 228 815 1562
453 15 221 815 1562
425 745 239 815 1562
511 857 222 815 1562
219 401 223 815 1562
21 540 223 815 1562
225 791 235 816 1563
578 420 221 816 1563
425 746 248 816 1563
511 858 226 816 1563
219 402 226 816 1563
21 541 223 817 1564
756 190 222 817 1564
379 53 223 817 1564
425 747 245 817 1564
345 544 225 817 1564
219 403 224 817 1564
511 859 230 817 1564
21 542 222 817 1564
439 795 239 818 1565
756 191 221 818 1565
453 18 225 818 1565
578 422 221 818 1565
425 748 247 818 1565
29 874 223 818 1565
511 860 221 818 1565
700 730 223 818 1565
21 543 226 818 1565
756 192 231 819 1566
379 55 221 819 1566
453 19 224 819 1566
425 749 231 819 1566
29 875 221 819 1566
394 868 225 819 1566
24 116 225 819 1566
219 405 221 819 1566
21 544 222 819 1566
425 750 241 820 1567
158 145 221 820 1567
21 545 223 820 1567
759 863 221 821 1568
756 194 231 821 1568
379 57 245 821 1568
425 751 231 821 1568
756 195 226 822 1569
379 58 227 822 1569
425 752 237 822 1569
29 878 223 822 1569
66 808 225 822 1569
47 567 221 822 1569
413 291 234 822 1569
511 864 222 822 1569
756 196 222 823 1570
379 59 237 823 1570
425 753 235 823 1570
29 879 222 823 1570
77 405 223 823 1570
219 409 222 823 1570
379 60 235 824 1571
425 754 245 824 1571
21 549 227 824 1571
379 61 241 825 1572
756 198 224 825 1572
425 755 241 825 1572
394 874 222 825 1572
219 411 231 825 1572
379 62 237 826 1573
425 756 237 826 1573
195 242 221 826 1573
219 412 223 826 1573
158 151 229 826 1573
756 200 231 827 1574
425 757 238 827 1574
394 876 224 827 1574
219 413 225 827 1574
379 64 241 828 1575
756 201 230 828 1575
425 758 243 828 1575
36 874 221 828 1575
756 202 229 829 1576
453 9 227 829 1576
425 759 242 829 1576
740 808 223 829 1576
47 574 226 829 1576
21 554 224 830 1577
756 203 227 830 1577
453 10 222 830 1577
425 760 231 830 1577
47 575 231 830 1577
219 416 223 830 1577
134 236 222 830 1577
21 555 222 830 1577
379 67 233 831 1578
756 204 228 831 1578
175 830 221 831 1578
322 873 222 831 1578
425 761 231 831 1578
578 435 222 831 1578
740 810 221 831 1578
489 826 232 831 1578
195 247 224 831 1578
47 576 222 831 1578
756 205 221 832 1579
379 68 242 832 1579
175 831 222 832 1579
453 12 239 832 1579
425 762 247 832 1579
21 557 222 832 1579
379 69 241 833 1580
453 13 233 833 1580
425 763 242 833 1580
24 130 222 833 1580
21 558 231 833 1580
379 70 247 834 1581
322 876 222 834 1581
425 764 246 834 1581
637 251 232 834 1581
36 880 227 834 1581
21 559 229 834 1581
379 71 225 835 1582
756 208 228 835 1582
453 15 221 835 1582
425 765 236 835 1582
219 421 239 835 1582
756 209 235 836 1583
379 72 247 836 1583
425 766 244 836 1583
424 898 227 836 1583
756 210 221 837 1584
379 73 231 837 1584
425 767 239 837 1584
424 899 234 837 1584
219 423 221 837 1584
511 879 221 837 1584
36 883 234 837 1584
756 211 223 838 1585
379 74 227 838 1585
425 768 239 838 1585
716 892 225 838 1585
453 2 225 838 1585
219 424 229 838 1585
36 884 246 838 1585
379 75 241 839 1586
425 769 238 839 1586
453 3 222 839 1586
728 726 223 839 1586
424 901 231 839 1586
219 425 232 839 1586
36 885 241 839 1586
379 76 239 839 1586
756 213 221 840 1587
425 770 241 840 1587
219 426 225 840 1587
290 898 221 840 1587
36 886 237 840 1587
425 771 238 841 1588
587 887 230 841 1588
219 427 231 841 1588
36 887 235 841 1588
756 215 225 842 1589
219 428 233 842 1589
36 888 236 842 1589
756 216 225 842 1589
425 773 227 843 1590
612 149 223 843 1590
36 889 232 843 1590
425 774 240 844 1591
578 448 223 844 1591
219 430 221 844 1591
36 890 238 844 1591
756 218 222 845 1592
646 880 221 845 1592
425 775 231 845 1592
578 449 224 845 1592
47 590 222 845 1592
219 431 222 845 1592
36 891 239 845 1592
425 776 233 846 1593
24 143 221 846 1593
47 591 254 846 1593
21 571 224 846 1593
36 892 231 846 1593
756 220 221 847 1594
578 451 227 847 1594
24 144 224 847 1594
219 433 221 847 1594
36 893 223 847 1594
756 221 233 848 1595
646 883 234 848 1595
578 452 222 848 1595
36 894 226 848 1595
379 85 224 849 1596
756 222 235 849 1596
425 779 232 849 1596
290 907 221 849 1596
36 895 224 849 1596
379 86 228 850 1597
756 223 235 850 1597
425 780 238 850 1597
219 436 227 850 1597
756 224 225 851 1598
201 1073 226 852 1599
421 127 223 852 1599
393 654 235 853 1600
651 908 223 854 1601
402 10 223 856 1603
517 465 222 858 1605
386 501 224 859 1606
299 413 222 859 1606
694 562 238 859 1606
64 893 221 859 1606
471 333 222 859 1606
547 916 226 859 1606
180 69 222 860 1607
547 917 224 861 1608
180 70 222 861 1608
180 72 221 863 1610
9 921 223 864 1611
349 913 221 864 1611
265 927 222 865 1612
349 915 237 866 1613
732 872 224 866 1613
265 930 224 868 1615
82 12 233 871 1618
481 684 221 871 1618
454 930 227 872 1619
297 106 222 872 1619
481 685 227 872 1619
590 58 221 873 1620
98 924 231 874 1621
686 910 228 874 1621
308 881 233 875 1622
98 925 245 875 1622
308 882 239 876 1623
393 677 235 876 1623
98 926 231 876 1623
262 170 224 876 1623
61 937 227 876 1623
308 883 228 877 1624
509 885 237 877 1624
132 227 226 877 1624
142 236 231 877 1624
360 372 225 877 1624
98 927 245 877 1624
262 171 234 877 1624
76 852 233 878 1625
356 610 227 878 1625
509 886 242 878 1625
360 373 233 878 1625
393 679 226 878 1625
676 933 224 878 1625
98 928 246 878 1625
262 172 234 878 1625
308 885 233 879 1626
509 887 225 879 1626
393 680 227 879 1626
98 929 232 879 1626
262 173 235 879 1626
147 942 237 880 1627
356 612 228 880 1627
187 925 221 880 1627
308 886 223 880 1627
360 375 233 880 1627
393 681 232 880 1627
130 929 228 880 1627
98 930 226 880 1627
262 174 221 880 1627
356 613 229 881 1628
277 127 222 881 1628
187 926 223 881 1628
308 887 235 881 1628
360 376 224 881 1628
563 289 233 881 1628
751 288 224 881 1628
356 614 232 882 1629
308 888 236 882 1629
563 290 229 882 1629
527 937 221 883 1630
430 840 221 883 1630
334 868 228 883 1630
308 890 224 884 1631
262 178 221 884 1631
98 934 229 884 1631
356 617 234 885 1632
749 616 223 885 1632
308 891 232 885 1632
393 686 221 885 1632
563 293 231 885 1632
335 939 232 885 1632
98 935 222 885 1632
431 646 225 885 1632
356 618 227 886 1633
308 892 224 886 1633
509 894 222 886 1633
360 381 223 886 1633
262 180 237 886 1633
785 931 221 886 1633
98 936 245 886 1633
308 893 225 887 1634
130 936 227 887 1634
262 181 244 887 1634
98 937 225 887 1634
130 937 227 888 1635
262 182 247 888 1635
98 938 227 888 1635
308 895 228 889 1636
130 938 227 889 1636
262 183 251 889 1636
98 939 229 889 1636
308 896 227 890 1637
509 898 222 890 1637
130 939 233 890 1637
262 184 241 890 1637
98 940 239 890 1637
356 623 221 891 1638
308 897 229 891 1638
509 899 243 891 1638
130 940 242 891 1638
262 185 239 891 1638
98 941 225 891 1638
640 523 229 891 1638
356 624 224 892 1639
130 941 230 892 1639
563 300 221 892 1639
308 899 223 893 1640
360 388 223 893 1640
563 301 229 893 1640
308 900 236 894 1641
262 188 221 894 1641
308 901 230 895 1642
262 189 225 895 1642
563 303 233 895 1642
308 902 239 896 1643
360 1 221 896 1643
130 945 222 896 1643
262 190 224 896 1643
356 629 225 897 1644
308 903 240 897 1644
262 191 225 897 1644
98 947 222 897 1644
563 305 233 897 1644
356 630 222 898 1645
509 906 224 898 1645
130 947 236 898 1645
431 12 223 898 1645
98 948 235 898 1645
563 306 231 898 1645
640 530 233 898 1645
308 905 222 899 1646
509 907 228 899 1646
360 4 241 899 1646
130 948 232 899 1646
431 13 222 899 1646
563 307 242 899 1646
98 949 226 899 1646
640 531 227 899 1646
308 906 221 900 1647
130 949 226 900 1647
431 14 235 900 1647
98 950 224 900 1647
563 308 234 900 1647
640 532 239 900 1647
308 907 223 901 1648
509 909 224 901 1648
360 6 237 901 1648
130 950 221 901 1648
431 15 230 901 1648
98 951 231 901 1648
563 309 225 901 1648
640 533 225 901 1648
356 634 227 902 1649
308 908 222 902 1649
360 7 225 902 1649
98 952 222 902 1649
563 310 221 902 1649
640 534 221 902 1649
356 635 231 903 1650
308 909 232 903 1650
360 8 225 903 1650
130 952 221 903 1650
262 197 236 903 1650
563 311 221 903 1650
356 636 224 904 1651
308 910 241 904 1651
262 198 229 904 1651
308 911 246 905 1652
262 199 227 905 1652
563 313 225 905 1652
356 638 227 906 1653
308 912 236 906 1653
509 914 223 906 1653
262 200 231 906 1653
563 314 225 906 1653
356 639 224 907 1654
308 913 224 907 1654
431 21 230 907 1654
262 201 227 907 1654
563 315 223 907 1654
360 1 221 907 1654
356 640 224 908 1655
308 914 237 908 1655
262 202 222 908 1655
360 2 229 908 1655
356 641 221 909 1656
308 915 233 909 1656
262 203 233 909 1656
563 317 229 909 1656
98 959 221 909 1656
640 541 223 909 1656
360 3 227 909 1656
308 916 235 910 1657
262 204 232 910 1657
640 542 231 910 1657
356 643 223 911 1658
308 917 223 911 1658
262 205 229 911 1658
563 319 223 911 1658
640 543 247 911 1658
308 918 225 912 1659
262 206 233 912 1659
98 962 222 912 1659
356 645 223 913 1660
640 545 223 913 1660
509 7 223 913 1660
356 646 227 914 1661
308 920 225 914 1661
262 208 223 914 1661
640 546 222 914 1661
509 8 221 914 1661
262 211 222 917 1664
360 1 223 918 1665
308 924 237 918 1665
563 326 225 918 1665
308 925 237 919 1666
262 213 224 919 1666
563 327 227 919 1666
98 969 224 919 1666
308 926 238 920 1667
130 969 221 920 1667
262 214 231 920 1667
98 970 222 920 1667
640 552 223 920 1667
308 927 236 921 1668
98 971 226 921 1668
640 553 230 921 1668
308 928 227 922 1669
360 4 223 922 1669
431 36 223 922 1669
262 216 232 922 1669
308 929 225 923 1670
356 655 222 923 1670
360 5 222 923 1670
640 555 223 923 1670
308 930 236 924 1671
360 6 221 924 1671
130 973 221 924 1671
262 218 227 924 1671
308 931 235 925 1672
431 39 221 925 1672
563 333 224 925 1672
640 557 221 925 1672
308 932 226 926 1673
431 40 222 926 1673
98 976 223 926 1673
308 933 237 927 1674
360 9 223 927 1674
308 934 239 928 1675
356 660 224 928 1675
360 10 224 928 1675
130 977 224 928 1675
563 336 230 928 1675
98 978 221 928 1675
308 935 237 929 1676
360 11 221 929 1676
563 337 221 929 1676
262 223 224 929 1676
308 936 234 930 1677
356 662 222 930 1677
130 979 224 930 1677
308 937 233 931 1678
356 663 221 931 1678
130 980 225 931 1678
262 225 230 931 1678
308 938 235 932 1679
356 664 225 932 1679
563 340 226 932 1679
262 226 224 932 1679
356 665 229 933 1680
308 939 237 933 1680
431 48 221 934 1681
563 342 221 934 1681
360 17 221 935 1682
262 229 230 935 1682
308 942 235 936 1683
356 668 228 936 1683
98 986 223 936 1683
262 230 222 936 1683
360 19 223 937 1684
640 569 222 937 1684
262 232 231 938 1685
356 671 223 939 1686
130 988 222 939 1686
262 233 223 939 1686
98 989 225 939 1686
356 672 221 940 1687
308 946 221 940 1687
640 572 221 940 1687
356 673 221 941 1688
308 947 224 941 1688
563 349 221 941 1688
640 573 221 941 1688
308 948 223 942 1689
262 236 221 942 1689
130 992 226 943 1690
356 676 231 944 1691
262 239 229 945 1692
360 28 221 946 1693
563 354 221 946 1693
640 578 225 946 1693
130 997 222 948 1695
98 998 222 948 1695
262 243 222 949 1696
308 956 223 950 1697
640 582 231 950 1697
262 244 230 950 1697
98 1000 221 950 1697
356 683 222 951 1698
308 957 223 951 1698
640 583 221 951 1698
262 245 228 951 1698
308 958 237 952 1699
360 34 222 952 1699
563 360 221 952 1699
640 584 224 952 1699
262 246 226 952 1699
356 685 227 953 1700
308 959 239 953 1700
563 361 224 953 1700
640 585 222 953 1700
262 247 228 953 1700
308 960 236 954 1701
563 362 227 954 1701
262 248 227 954 1701
356 687 224 955 1702
308 961 228 955 1702
563 363 227 955 1702
640 587 224 955 1702
356 688 225 956 1703
308 962 226 956 1703
640 588 222 956 1703
308 963 224 957 1704
308 964 223 958 1705
640 590 224 958 1705
356 691 222 959 1706
308 965 232 959 1706
262 253 226 959 1706
640 591 227 959 1706
308 966 233 960 1707
431 74 224 960 1707
509 26 221 960 1707
640 592 221 960 1707
356 693 224 961 1708
308 967 230 961 1708
563 369 227 961 1708
262 255 222 961 1708
308 968 235 962 1709
563 370 223 962 1709
356 695 222 963 1710
308 969 226 963 1710
563 371 221 963 1710
356 696 225 964 1711
308 970 236 964 1711
98 1014 223 964 1711
356 697 225 965 1712
308 971 235 965 1712
431 79 221 965 1712
262 259 221 965 1712
308 972 232 966 1713
431 80 226 966 1713
563 374 224 966 1713
130 1015 221 966 1713
640 598 225 966 1713
356 699 221 967 1714
308 973 224 967 1714
563 375 221 967 1714
640 599 231 967 1714
262 261 225 967 1714
98 1017 222 967 1714
308 974 238 968 1715
262 262 221 968 1715
98 1018 222 968 1715
356 701 223 969 1716
308 975 229 969 1716
308 976 239 970 1717
262 264 225 970 1717
356 703 225 971 1718
308 977 228 971 1718
130 1020 221 971 1718
356 704 222 972 1719
308 978 229 972 1719
640 604 223 972 1719
262 266 224 972 1719
98 1022 221 972 1719
308 979 223 973 1720
563 2 225 973 1720
431 87 222 973 1720
262 267 222 973 1720
640 605 224 973 1720
98 1023 221 973 1720
563 3 231 974 1721
130 1023 223 974 1721
98 1024 221 974 1721
640 606 222 974 1721
356 707 222 975 1722
308 981 225 975 1722
262 1 227 975 1722
130 1024 225 975 1722
640 607 225 975 1722
356 709 222 977 1724
563 6 223 977 1724
308 983 222 977 1724
262 3 225 977 1724
262 4 226 978 1725
640 610 223 978 1725
563 8 227 979 1726
360 61 222 979 1726
308 985 229 979 1726
262 5 231 979 1726
356 712 223 980 1727
563 9 237 980 1727
360 62 224 980 1727
308 986 236 980 1727
262 6 227 980 1727
130 1029 221 980 1727
356 713 221 981 1728
308 987 237 981 1728
262 7 222 981 1728
130 1030 225 981 1728
98 1031 223 981 1728
563 11 231 982 1729
360 64 227 982 1729
308 988 222 982 1729
262 8 237 982 1729
130 1031 224 982 1729
640 614 221 982 1729
563 12 234 983 1730
360 65 227 983 1730
262 9 225 983 1730
130 1032 230 983 1730
640 615 224 983 1730
356 716 223 984 1731
563 13 234 984 1731
360 66 231 984 1731
308 990 228 984 1731
262 10 221 984 1731
640 616 223 984 1731
563 14 224 985 1732
360 67 223 985 1732
308 991 234 985 1732
563 15 235 986 1733
308 992 237 986 1733
356 719 231 987 1734
563 16 224 987 1734
308 993 247 987 1734
640 619 224 987 1734
356 720 224 988 1735
308 994 239 988 1735
360 70 223 988 1735
262 14 223 988 1735
98 1038 222 988 1735
356 721 225 989 1736
563 18 224 989 1736
308 995 237 989 1736
360 71 223 989 1736
262 15 227 989 1736
356 722 222 990 1737
563 19 222 990 1737
308 996 244 990 1737
262 16 222 990 1737
640 622 225 990 1737
308 997 242 991 1738
431 105 224 991 1738
262 17 231 991 1738
640 623 223 991 1738
130 1040 223 991 1738
563 21 224 992 1739
308 998 242 992 1739
262 18 232 992 1739
308 999 227 993 1740
262 19 224 993 1740
98 1043 224 993 1740
356 726 223 994 1741
308 1000 234 994 1741
262 20 232 994 1741
98 1044 225 994 1741
308 1001 231 995 1742
308 1002 228 996 1743
262 22 234 996 1743
308 1003 240 997 1744
262 23 222 997 1744
98 1047 228 997 1744
356 730 223 998 1745
308 1004 233 998 1745
360 80 222 998 1745
262 24 222 998 1745
356 731 222 999 1746
563 28 226 999 1746
308 1005 237 999 1746
360 81 222 999 1746
262 25 222 999 1746
98 1049 221 999 1746
563 29 224 1000 1747
308 1006 231 1000 1747
262 26 221 1000 1747
130 1049 225 1000 1747
563 30 224 1001 1748
308 1007 237 1001 1748
130 1050 224 1001 1748
308 1008 233 1002 1749
262 28 233 1002 1749
563 32 230 1003 1750
308 1009 227 1003 1750
360 4 224 1003 1750
563 33 222 1004 1751
308 1010 222 1004 1751
262 30 223 1004 1751
360 6 227 1005 1752
262 31 222 1005 1752
563 35 232 1006 1753
308 1012 230 1006 1753
262 32 230 1006 1753
130 1055 221 1006 1753
563 36 227 1007 1754
431 121 222 1007 1754
308 1013 237 1007 1754
360 8 233 1007 1754
130 1056 221 1007 1754
356 740 222 1008 1755
563 37 227 1008 1755
308 1014 225 1008 1755
308 1015 222 1009 1756
360 10 224 1009 1756
308 1016 228 1010 1757
308 1017 223 1011 1758
262 37 226 1011 1758
98 1061 221 1011 1758
563 41 224 1012 1759
308 1018 226 1012 1759
360 13 222 1012 1759
262 38 229 1012 1759
130 1061 222 1012 1759
98 1062 224 1012 1759
563 42 225 1013 1760
360 14 225 1013 1760
130 1062 223 1013 1760
98 1063 226 1013 1760
308 1020 226 1014 1761
360 15 229 1014 1761
262 40 221 1014 1761
130 1063 223 1014 1761
308 1021 243 1015 1762
360 16 227 1015 1762
262 41 224 1015 1762
308 1022 227 1016 1763
360 17 222 1016 1763
130 1065 227 1016 1763
98 1066 231 1016 1763
563 46 228 1017 1764
308 1023 223 1017 1764
262 43 230 1017 1764
130 1066 221 1017 1764
563 47 223 1018 1765
308 1024 235 1018 1765
360 19 223 1018 1765
98 1068 222 1018 1765
130 1067 225 1018 1765
563 48 221 1018 1765
356 751 225 1019 1766
308 1025 233 1019 1766
563 49 224 1019 1766
356 752 222 1019 1766
308 1026 221 1020 1767
360 21 222 1020 1767
563 50 229 1020 1767
308 1027 225 1021 1768
360 22 221 1021 1768
262 47 221 1021 1768
356 754 222 1022 1769
308 1028 224 1022 1769
308 1029 230 1023 1770
360 24 221 1023 1770
262 49 226 1023 1770
563 53 237 1023 1770
308 1030 227 1024 1771
563 54 221 1024 1771
262 51 226 1025 1772
640 657 224 1025 1772
563 55 224 1025 1772
308 1032 234 1026 1773
262 52 225 1026 1773
308 1033 234 1027 1774
360 28 224 1027 1774
262 53 223 1027 1774
356 760 224 1027 1774
563 57 221 1027 1774
262 54 223 1028 1775
356 761 221 1028 1775
360 30 224 1029 1776
262 55 231 1029 1776
356 762 225 1029 1776
308 1036 230 1030 1777
360 31 222 1030 1777
262 56 224 1030 1777
563 60 225 1030 1777
262 57 228 1031 1778
356 764 222 1031 1778
431 146 223 1032 1779
360 33 226 1032 1779
262 58 230 1032 1779
308 1039 221 1033 1780
262 59 227 1033 1780
98 1083 225 1033 1780
356 766 233 1033 1780
563 63 223 1033 1780
308 1040 223 1034 1781
360 35 225 1034 1781
356 767 234 1034 1781
563 64 224 1034 1781
431 149 221 1035 1782
308 1041 233 1035 1782
360 36 225 1035 1782
130 1084 222 1035 1782
262 61 233 1035 1782
98 1085 222 1035 1782
640 667 227 1035 1782
356 768 223 1035 1782
308 1042 235 1036 1783
360 37 222 1036 1783
262 62 227 1036 1783
98 1086 230 1036 1783
356 769 223 1036 1783
308 1043 227 1037 1784
262 63 231 1037 1784
98 1087 223 1037 1784
563 67 223 1037 1784
308 1044 225 1038 1785
262 64 227 1038 1785
356 771 224 1038 1785
563 68 227 1038 1785
431 153 221 1039 1786
262 65 234 1039 1786
98 1089 227 1039 1786
262 66 224 1040 1787
356 773 224 1040 1787
431 155 229 1041 1788
308 1047 248 1041 1788
360 42 226 1041 1788
262 67 223 1041 1788
98 1091 222 1041 1788
563 71 226 1041 1788
563 72 222 1042 1789
308 1049 225 1043 1790
98 1093 221 1043 1790
308 1050 222 1044 1791
308 1051 227 1045 1792
308 1052 226 1046 1793
308 1053 237 1047 1794
360 3 227 1047 1794
360 4 222 1048 1795
262 74 221 1048 1795
308 1055 223 1049 1796
360 5 225 1049 1796
262 75 221 1049 1796
563 79 225 1049 1796
356 782 228 1049 1796
308 1056 241 1050 1797
262 76 221 1050 1797
563 80 223 1050 1797
356 783 225 1050 1797
431 165 223 1051 1798
308 1057 241 1051 1798
360 7 223 1051 1798
262 77 229 1051 1798
563 81 231 1051 1798
308 1058 223 1052 1799
360 8 231 1052 1799
130 1101 224 1052 1799
563 82 223 1052 1799
356 785 231 1052 1799
308 1059 232 1053 1800
360 9 223 1053 1800
130 1102 223 1053 1800
563 83 232 1053 1800
308 1060 232 1054 1801
563 84 223 1054 1801
356 787 229 1054 1801
308 1061 236 1055 1802
262 81 221 1055 1802
563 85 225 1055 1802
431 170 224 1056 1803
308 1062 234 1056 1803
360 12 227 1056 1803
262 82 227 1056 1803
98 1106 226 1056 1803
563 86 223 1056 1803
308 1063 233 1057 1804
360 13 231 1057 1804
262 83 228 1057 1804
563 87 227 1057 1804
356 790 227 1058 1805
431 172 224 1058 1805
308 1064 239 1058 1805
360 14 228 1058 1805
262 84 233 1058 1805
563 88 223 1058 1805
356 791 230 1058 1805
308 1065 240 1059 1806
360 15 227 1059 1806
262 85 231 1059 1806
98 1109 227 1059 1806
356 792 231 1059 1806
262 86 226 1060 1807
130 1109 221 1060 1807
98 1110 231 1060 1807
563 90 225 1060 1807
431 175 223 1061 1808
308 1067 238 1061 1808
360 17 231 1061 1808
262 87 237 1061 1808
98 1111 228 1061 1808
563 91 229 1061 1808
308 1068 227 1062 1809
360 18 233 1062 1809
356 795 224 1062 1809
308 1069 235 1063 1810
360 19 227 1063 1810
262 89 227 1063 1810
563 93 224 1063 1810
308 1070 233 1064 1811
262 90 222 1064 1811
308 1072 222 1066 1813
360 22 223 1066 1813
98 1116 231 1066 1813
563 96 223 1066 1813
356 799 224 1066 1813
308 1073 221 1067 1814
360 23 224 1067 1814
262 93 225 1067 1814
640 699 222 1067 1814
98 1117 227 1067 1814
356 800 224 1067 1814
308 1074 222 1068 1815
360 24 229 1068 1815
262 94 227 1068 1815
356 801 222 1068 1815
308 1075 221 1069 1816
360 25 226 1069 1816
98 1119 223 1069 1816
356 802 223 1069 1816
308 1076 227 1070 1817
563 100 224 1070 1817
356 803 224 1070 1817
308 1077 231 1071 1818
360 27 222 1071 1818
356 804 221 1071 1818
308 1078 238 1072 1819
360 28 224 1072 1819
640 704 221 1072 1819
98 1122 231 1072 1819
356 805 221 1072 1819
431 187 222 1073 1820
308 1079 231 1073 1820
262 99 229 1073 1820
640 705 221 1073 1820
563 103 221 1073 1820
360 30 223 1074 1821
262 100 225 1074 1821
640 706 224 1074 1821
130 1123 221 1074 1821
563 104 221 1074 1821
431 189 221 1075 1822
360 31 223 1075 1822
308 1081 228 1075 1822
130 1124 221 1075 1822
563 105 221 1075 1822
308 1082 230 1076 1823
360 32 228 1076 1823
262 102 227 1076 1823
640 708 221 1076 1823
130 1125 221 1076 1823
360 33 230 1077 1824
308 1083 232 1077 1824
262 103 223 1077 1824
356 810 221 1077 1824
360 34 233 1078 1825
640 710 221 1078 1825
98 1128 221 1078 1825
563 108 226 1078 1825
308 1085 238 1079 1826
360 35 224 1079 1826
356 812 221 1079 1826
308 1086 227 1080 1827
360 36 224 1080 1827
360 37 221 1081 1828
308 1089 221 1083 1830
356 816 221 1083 1830
262 110 233 1084 1831
640 716 224 1084 1831
356 817 229 1084 1831
563 114 229 1084 1831
308 1091 236 1085 1832
262 111 224 1085 1832
356 818 228 1085 1832
308 1092 230 1086 1833
308 1093 221 1087 1834
98 1137 222 1087 1834
356 820 221 1087 1834
563 117 221 1087 1834
308 1094 229 1088 1835
360 44 221 1088 1835
563 118 225 1088 1835
308 1095 225 1089 1836
308 1096 223 1090 1837
262 116 221 1090 1837
563 120 221 1090 1837
308 1097 224 1091 1838
356 824 223 1091 1838
563 121 221 1091 1838
308 1098 225 1092 1839
563 122 222 1092 1839
356 825 222 1092 1839
308 1099 222 1093 1840
308 1100 227 1094 1841
262 120 222 1094 1841
563 124 225 1094 1841
308 1101 230 1095 1842
308 1102 237 1096 1843
308 1103 243 1097 1844
360 53 224 1097 1844
308 1104 230 1098 1845
360 54 226 1098 1845
356 831 224 1098 1845
360 55 227 1099 1846
308 1105 228 1099 1846
356 832 221 1099 1846
563 129 221 1099 1846
431 214 221 1099 1846
360 56 222 1100 1847
308 1106 241 1100 1847
640 732 221 1100 1847
563 130 222 1100 1847
360 57 224 1101 1848
308 1107 237 1101 1848
262 127 227 1101 1848
640 733 227 1101 1848
360 58 223 1102 1849
308 1108 243 1102 1849
262 128 225 1102 1849
360 59 226 1103 1850
308 1109 235 1103 1850
356 836 223 1103 1850
360 60 223 1104 1851
308 1110 235 1104 1851
130 1153 225 1104 1851
360 61 222 1105 1852
308 1111 233 1105 1852
563 3 224 1106 1853
308 1112 240 1106 1853
262 132 232 1106 1853
431 221 221 1106 1853
563 4 230 1107 1854
308 1113 237 1107 1854
262 133 222 1107 1854
98 1157 221 1107 1854
360 64 237 1108 1855
308 1114 227 1108 1855
262 134 226 1108 1855
563 6 223 1109 1856
262 135 225 1109 1856
356 842 228 1109 1856
431 224 223 1109 1856
563 7 233 1110 1857
360 66 233 1110 1857
262 136 241 1110 1857
431 225 224 1110 1857
360 67 222 1111 1858
640 743 229 1111 1858
262 137 237 1111 1858
360 68 227 1112 1859
262 138 240 1112 1859
360 69 227 1113 1860
640 745 229 1113 1860
262 139 231 1113 1860
338 520 228 1113 1860
360 70 223 1114 1861
640 746 233 1114 1861
262 140 235 1114 1861
338 521 221 1114 1861
657 291 225 1115 1862
360 71 229 1115 1862
640 747 226 1115 1862
338 522 227 1115 1862
709 236 222 1115 1862
657 292 222 1116 1863
640 748 229 1116 1863
338 523 222 1116 1863
657 293 226 1117 1864
640 749 232 1117 1864
655 424 222 1117 1864
338 524 223 1117 1864
205 890 226 1118 1865
508 1080 223 1118 1865
420 1027 225 1118 1865
564 235 234 1118 1865
86 868 222 1120 1867
703 1158 221 1120 1867
694 255 226 1120 1867
495 1163 224 1123 1870
434 1171 224 1124 1871
87 2 221 1125 1872
272 1184 223 1125 1872
632 105 221 1125 1872
115 86 222 1126 1873
87 3 225 1126 1873
632 106 221 1126 1873
87 4 221 1127 1874
83 618 225 1127 1874
87 5 222 1128 1875
83 619 223 1128 1875
87 6 221 1129 1876
211 241 224 1129 1876
83 620 226 1129 1876
272 1189 221 1130 1877
180 188 221 1130 1877
87 8 221 1131 1878
713 248 222 1131 1878
180 189 223 1131 1878
83 622 221 1131 1878
87 9 221 1132 1879
87 10 221 1133 1880
83 624 222 1133 1880
87 11 221 1134 1881
83 625 224 1134 1881
87 12 221 1135 1882
83 626 223 1135 1882
87 13 223 1136 1883
83 627 226 1136 1883
32 1168 222 1136 1883
87 14 224 1137 1884
156 57 221 1138 1885
87 15 224 1138 1885
87 16 222 1139 1886
87 17 224 1140 1887
83 631 221 1140 1887
87 18 224 1141 1888
87 19 222 1142 1889
180 200 221 1142 1889
87 20 221 1143 1890
87 21 223 1144 1891
156 64 221 1145 1892
87 22 223 1145 1892
87 23 225 1146 1893
632 126 222 1146 1893
87 24 225 1147 1894
632 127 221 1147 1894
87 25 225 1148 1895
87 26 224 1149 1896
87 27 225 1150 1897
87 28 225 1151 1898
632 131 221 1151 1898
87 29 223 1152 1899
87 30 225 1153 1900
180 211 224 1153 1900
87 38 223 1161 1908
607 1181 221 1161 1908
87 39 223 1162 1909
607 1182 221 1162 1909
87 40 221 1163 1910
607 1183 221 1163 1910
87 41 222 1164 1911
607 1184 221 1164 1911
87 43 222 1166 1913
87 44 221 1167 1914
514 297 221 1167 1914
632 148 222 1168 1915
632 149 223 1169 1916
514 304 221 1174 1921
514 305 223 1175 1922
87 53 221 1176 1923
514 306 221 1176 1923
87 54 223 1177 1924
514 307 223 1177 1924
87 55 221 1178 1925
514 308 221 1178 1925
607 1200 221 1180 1927
87 58 222 1181 1928
522 919 221 1181 1928
87 59 222 1182 1929
522 920 223 1182 1929
87 60 223 1183 1930
180 241 224 1183 1930
87 61 223 1184 1931
87 62 222 1185 1932
180 243 225 1185 1932
87 63 221 1186 1933
514 316 225 1186 1933
180 244 223 1186 1933
87 64 221 1187 1934
514 317 221 1187 1934
180 245 223 1187 1934
87 65 221 1188 1935
180 246 223 1188 1935
87 66 221 1189 1936
87 67 222 1190 1937
180 248 224 1190 1937
8 1191 222 1191 1938
87 69 221 1192 1939
8 1194 224 1194 1941
46 1241 224 1195 1942
83 686 223 1195 1942
87 73 222 1196 1943
46 1242 221 1196 1943
83 687 227 1196 1943
83 688 223 1197 1944
87 76 222 1199 1946
180 257 223 1199 1946
522 937 223 1199 1946
522 938 224 1200 1947
607 1221 222 1201 1948
522 939 221 1201 1948
83 694 222 1203 1950
292 4 221 1205 1952
334 1194 221 1209 1956
8 1209 222 1209 1956
334 1195 221 1210 1957
272 1269 221 1210 1957
8 1212 225 1212 1959
46 1259 223 1213 1960
8 1213 223 1213 1960
272 1276 221 1217 1964
622 186 223 1219 1966
334 1204 221 1219 1966
272 1278 225 1219 1966
180 278 222 1220 1967
334 1205 221 1220 1967
272 1279 225 1220 1967
46 1267 223 1221 1968
272 1280 222 1221 1968
46 1268 221 1222 1969
272 1281 221 1222 1969
272 1282 222 1223 1970
334 1208 223 1223 1970
46 1270 223 1224 1971
272 1283 226 1224 1971
292 24 222 1225 1972
180 284 221 1226 1973
8 1226 221 1226 1973
87 104 221 1227 1974
46 1273 222 1227 1974
8 1227 222 1227 1974
607 1248 222 1228 1975
46 1274 227 1228 1975
46 1275 223 1229 1976
83 735 221 1244 1991
8 1246 223 1246 1993
283 991 225 1246 1993
272 1312 222 1253 2000
124 1298 223 1257 2004
641 1291 222 1258 2005
321 61 223 1258 2005
546 74 221 1258 2005
155 35 224 1261 2008
522 1002 228 1264 2011
662 1163 223 1265 2012
501 44 225 1266 2013
324 680 225 1267 2014
283 1014 226 1269 2016
464 1326 227 1270 2017
729 738 231 1270 2017
171 576 221 1271 2018
392 1329 224 1273 2020
740 395 221 1274 2021
160 1322 221 1275 2022
674 106 223 1276 2023
674 107 227 1277 2024
674 108 237 1278 2025
674 109 237 1279 2026
607 1299 222 1279 2026
674 110 223 1280 2027
612 587 222 1280 2027
407 178 231 1280 2027
72 154 227 1280 2027
635 339 225 1281 2028
484 432 221 1281 2028
712 1334 226 1281 2028
638 1322 232 1282 2029
331 5 230 1282 2029
193 1325 222 1282 2029
473 14 232 1283 2030
708 352 230 1285 2032
299 421 225 1285 2032
81 1329 228 1286 2033
469 166 223 1287 2034
311 21 221 1288 2035
37 999 225 1288 2035
