401 1 225 0 707
207 1 237 0 707
210 3 223 1 708
638 1 223 1 708
638 2 233 2 709
401 4 226 3 710
638 3 223 3 710
207 4 232 3 710
401 5 243 4 711
700 1 225 4 711
210 6 222 4 711
210 7 221 5 712
210 8 230 6 713
210 9 225 7 714
638 7 221 7 714
210 10 223 8 715
249 1 222 10 717
700 7 222 10 717
401 12 227 11 718
700 8 226 11 718
210 13 221 11 718
700 9 225 12 719
207 13 229 12 719
401 14 228 13 720
207 14 221 13 720
401 15 227 14 721
700 11 231 14 721
249 6 223 15 722
401 16 238 15 722
700 12 232 15 722
210 18 227 16 723
401 18 237 17 724
700 14 225 17 724
210 19 242 17 724
638 17 232 17 724
700 15 233 18 725
401 19 235 18 725
210 20 227 18 725
207 19 239 18 725
249 10 221 19 726
753 11 224 19 726
700 16 241 19 726
401 20 233 19 726
207 20 238 19 726
700 17 236 20 727
401 21 241 20 727
210 22 224 20 727
207 21 239 20 727
700 18 221 21 728
401 22 237 21 728
210 23 227 21 728
207 22 235 21 728
753 14 228 22 729
700 19 247 22 729
401 23 231 22 729
210 24 235 22 729
207 23 232 22 729
753 15 225 23 730
700 20 239 23 730
401 24 233 23 730
210 25 223 23 730
207 24 231 23 730
700 21 225 24 731
401 25 235 24 731
210 26 237 24 731
638 24 222 24 731
207 25 232 24 731
401 26 239 25 732
210 27 222 25 732
700 23 229 26 733
401 27 239 26 733
700 24 231 27 734
401 28 239 27 734
207 28 222 27 734
700 25 229 28 735
401 29 237 28 735
207 29 223 28 735
700 26 229 29 736
401 30 236 29 736
638 30 221 30 737
210 32 229 30 737
700 27 230 30 737
401 31 232 30 737
210 33 239 31 738
700 28 221 31 738
753 24 225 32 739
210 34 237 32 739
401 33 229 32 739
207 33 224 32 739
753 25 229 33 740
210 35 237 33 740
401 34 232 33 740
207 34 222 33 740
753 26 222 34 741
210 36 226 34 741
700 31 225 34 741
401 35 243 34 741
207 35 227 34 741
638 35 221 35 742
700 32 231 35 742
401 36 241 35 742
207 36 225 35 742
753 28 224 36 743
638 36 225 36 743
210 38 238 36 743
401 37 239 36 743
753 29 232 37 744
638 37 225 37 744
210 39 223 37 744
700 34 227 37 744
401 38 233 37 744
207 38 228 38 745
210 40 229 38 745
700 35 225 38 745
753 31 225 39 746
210 41 224 39 746
753 32 236 40 747
210 42 228 40 747
207 41 231 41 748
753 33 223 41 748
210 43 223 41 748
700 38 229 41 748
401 42 221 41 748
753 34 237 42 749
210 44 225 42 749
401 43 231 42 749
753 35 233 43 750
210 45 227 43 750
700 40 246 43 750
401 44 232 43 750
207 44 224 44 751
753 36 231 44 751
700 41 227 44 751
753 37 225 45 752
210 47 233 45 752
401 46 224 45 752
753 38 239 46 753
210 48 228 46 753
401 47 223 46 753
249 38 237 47 754
753 39 233 47 754
249 39 235 48 755
210 50 223 48 755
700 45 225 48 755
207 49 221 49 756
753 41 230 49 756
401 50 231 49 756
700 46 226 49 756
753 42 223 50 757
210 52 233 50 757
401 51 221 50 757
753 43 227 51 758
638 51 223 51 758
210 53 223 51 758
401 52 222 51 758
753 44 226 52 759
210 54 223 52 759
700 49 231 52 759
753 45 228 53 760
700 50 228 53 760
249 45 223 54 761
753 46 227 54 761
210 56 231 54 761
700 51 239 54 761
207 55 227 55 762
249 46 221 55 762
753 47 227 55 762
638 55 226 55 762
210 57 235 55 762
700 52 235 55 762
753 48 231 56 763
210 58 223 56 763
700 53 221 56 763
207 57 227 57 764
638 57 227 57 764
210 59 233 57 764
401 58 233 57 764
753 50 239 58 765
638 58 231 58 765
210 60 237 58 765
700 55 231 58 765
401 59 235 58 765
249 50 222 59 766
753 51 230 59 766
638 59 233 59 766
210 61 224 59 766
700 56 231 59 766
401 60 231 59 766
249 51 223 60 767
753 52 232 60 767
638 60 233 60 767
210 62 229 60 767
700 57 231 60 767
401 61 234 60 767
753 53 235 61 768
638 61 226 61 768
700 58 231 61 768
401 62 227 61 768
753 54 235 62 769
700 59 236 62 769
401 63 233 62 769
753 55 235 63 770
638 63 231 63 770
210 65 231 63 770
700 60 229 63 770
401 64 236 63 770
753 56 228 64 771
210 66 225 64 771
700 61 235 64 771
401 65 239 64 771
753 57 232 65 772
638 65 229 65 772
700 62 231 65 772
401 66 241 65 772
207 66 229 65 772
249 57 221 66 773
753 58 225 66 773
638 66 226 66 773
700 63 237 66 773
401 67 229 66 773
753 59 224 67 774
638 67 227 67 774
700 64 231 67 774
249 59 221 68 775
617 103 227 68 775
568 83 234 68 775
401 69 239 68 775
207 69 221 68 775
736 14 231 69 776
653 69 225 69 776
143 62 227 70 777
700 67 222 70 777
349 79 225 70 777
476 86 222 70 777
186 73 226 71 778
254 94 221 71 778
686 68 225 72 779
321 51 222 72 779
52 77 233 72 779
184 82 233 72 779
254 95 226 72 779
52 78 237 73 780
554 87 221 73 780
457 89 223 73 780
280 85 221 73 780
700 70 227 73 780
254 96 237 73 780
525 85 235 74 781
311 5 225 74 781
516 87 230 74 781
439 12 223 74 781
49 62 229 74 781
703 73 221 74 781
254 97 233 74 781
83 23 229 74 781
240 72 221 75 782
522 91 239 75 782
421 91 233 75 782
453 82 229 75 782
317 89 223 76 783
373 78 226 76 783
144 85 233 76 783
308 43 222 77 784
735 94 225 78 785
254 102 243 79 786
456 93 233 80 787
254 103 255 81 788
456 94 233 81 788
254 104 239 82 789
456 95 237 82 789
456 96 228 83 790
416 94 237 83 790
254 106 223 84 791
456 97 237 84 791
254 107 243 85 792
254 108 241 86 793
456 99 231 86 793
254 109 234 87 794
456 100 229 87 794
542 69 226 87 794
63 83 224 88 795
254 110 233 88 795
456 101 230 88 795
542 70 229 88 795
254 111 237 89 796
456 102 231 89 796
254 112 233 90 797
456 103 237 90 797
568 105 228 90 797
542 72 241 90 797
63 86 233 90 797
254 113 222 91 798
456 104 231 91 798
542 73 224 91 798
63 87 242 91 798
254 114 230 92 799
456 105 231 92 799
568 107 236 92 799
63 88 241 92 799
456 106 230 93 800
568 108 228 93 800
542 75 223 93 800
63 89 237 93 800
456 107 229 94 801
568 109 233 94 801
542 76 229 94 801
63 90 225 94 801
254 117 235 95 802
456 108 224 95 802
568 110 231 95 802
542 77 223 95 802
254 118 240 96 803
456 109 228 96 803
568 111 239 96 803
542 78 231 96 803
254 119 223 97 804
63 93 226 97 804
254 120 241 98 805
456 111 225 98 805
568 113 223 98 805
63 94 221 98 805
254 121 231 99 806
456 112 233 99 806
568 114 231 99 806
63 95 227 99 806
254 122 246 100 807
63 96 224 100 807
568 116 233 101 808
254 124 237 102 809
456 115 223 102 809
568 117 230 102 809
63 98 225 102 809
456 116 227 103 810
568 118 226 103 810
254 126 233 104 811
456 117 222 104 811
568 119 221 104 811
254 127 225 105 812
254 128 226 106 813
568 124 223 109 816
254 132 225 110 817
568 125 226 110 817
602 104 225 111 818
254 133 239 111 818
456 124 223 111 818
456 125 228 112 819
254 135 239 113 820
456 126 231 113 820
63 109 227 113 820
254 136 227 114 821
456 127 235 114 821
254 137 231 115 822
568 130 231 115 822
254 138 232 116 823
542 98 221 116 823
568 131 233 116 823
254 139 246 117 824
456 130 227 117 824
568 132 230 117 824
523 121 222 118 825
254 140 239 118 825
456 131 225 118 825
254 141 234 119 826
456 132 225 119 826
542 101 221 119 826
568 134 221 119 826
254 142 234 120 827
568 135 239 120 827
254 143 234 121 828
456 134 237 121 828
542 103 221 121 828
63 117 225 121 828
568 136 225 121 828
254 144 221 122 829
456 135 227 122 829
63 118 221 122 829
254 145 222 123 830
254 146 231 124 831
254 147 223 125 832
254 148 231 126 833
542 108 221 126 833
254 149 223 127 834
542 109 223 127 834
63 141 221 145 852
568 169 221 154 861
254 179 221 157 864
254 1 222 158 865
254 2 226 159 866
254 4 225 161 868
254 7 227 164 871
254 8 225 165 872
254 9 225 166 873
254 11 221 168 875
254 13 230 170 877
568 185 223 170 877
254 16 221 173 880
63 170 221 174 881
254 18 225 175 882
63 196 225 201 908
456 214 221 201 908
254 44 241 201 908
456 215 234 202 909
254 45 231 202 909
456 217 227 204 911
456 220 223 207 914
254 50 223 207 914
254 51 228 208 915
254 53 222 210 917
63 208 221 213 920
568 232 222 217 924
63 213 221 218 925
254 61 222 218 925
568 234 223 219 926
254 63 231 220 927
568 235 226 220 927
456 234 221 221 928
254 64 229 221 928
63 217 225 222 929
254 66 231 223 930
568 238 222 223 930
568 239 221 224 931
254 69 227 226 933
254 70 222 227 934
568 249 226 234 941
63 230 225 235 942
254 78 224 235 942
456 248 227 235 942
254 79 226 236 943
456 249 222 236 943
568 251 229 236 943
254 80 231 237 944
456 250 221 237 944
63 233 226 238 945
254 81 232 238 945
456 251 224 238 945
63 234 226 239 946
254 82 240 239 946
568 254 226 239 946
63 235 225 240 947
254 83 228 240 947
568 255 223 240 947
63 236 241 241 948
254 84 224 241 948
63 237 231 242 949
254 85 239 242 949
254 86 240 243 950
254 87 235 244 951
254 88 241 245 952
254 89 237 246 953
371 307 221 247 954
254 90 245 247 954
729 23 225 247 954
254 91 221 248 955
254 92 237 249 956
254 93 243 250 957
254 94 228 251 958
254 95 228 252 959
254 97 222 254 961
254 98 223 255 962
254 103 223 260 967
254 104 223 261 968
254 107 254 264 971
254 108 242 265 972
254 121 246 278 985
254 122 240 279 986
254 123 237 280 987
254 124 251 281 988
254 125 246 282 989
254 126 243 283 990
254 127 240 284 991
254 129 241 286 993
254 132 246 289 996
254 133 243 290 997
254 135 248 292 999
254 137 249 294 1001
254 143 236 300 1007
254 144 231 301 1008
254 147 230 304 1011
254 148 233 305 1012
254 149 233 306 1013
254 150 227 307 1014
254 151 239 308 1015
254 152 226 309 1016
585 319 225 310 1017
656 323 221 310 1017
700 182 225 311 1018
767 324 226 311 1018
454 330 229 311 1018
604 317 223 312 1019
565 326 225 312 1019
565 327 221 313 1020
565 328 221 314 1021
761 325 223 314 1021
438 54 221 314 1021
555 321 223 315 1022
383 326 221 316 1023
555 322 221 316 1023
454 335 223 316 1023
168 316 222 316 1023
346 127 223 317 1024
555 323 231 317 1024
544 331 221 317 1024
94 321 227 317 1024
159 44 225 317 1024
497 329 221 317 1024
3 248 228 317 1024
756 312 227 317 1024
151 333 238 318 1025
112 316 229 318 1025
123 314 227 319 1026
151 334 221 319 1026
374 332 221 320 1027
123 316 227 321 1028
769 306 225 321 1028
756 316 229 321 1028
563 339 240 322 1029
409 261 221 322 1029
346 132 222 322 1029
367 9 221 322 1029
563 340 226 323 1030
215 250 221 324 1031
363 282 222 325 1032
363 283 224 326 1033
563 345 221 328 1035
346 138 221 328 1035
756 323 224 328 1035
367 16 223 329 1036
105 316 221 329 1036
346 140 221 330 1037
105 317 222 330 1037
454 350 223 331 1038
363 292 225 335 1042
346 145 225 335 1042
215 261 221 335 1042
756 330 221 336 1043
363 293 224 336 1043
105 323 221 336 1043
563 355 221 338 1045
363 295 224 338 1045
105 327 221 340 1047
363 299 222 342 1049
769 327 224 343 1050
563 360 224 343 1050
363 300 221 343 1050
105 330 221 343 1050
105 332 223 345 1052
215 273 221 347 1054
363 305 226 348 1055
215 274 221 348 1055
363 306 231 349 1056
215 275 225 349 1056
363 307 227 350 1057
563 368 221 351 1058
363 308 226 351 1058
346 162 223 352 1059
215 278 227 352 1059
363 310 224 353 1060
215 280 223 354 1061
215 283 222 357 1064
555 364 221 358 1065
215 286 221 360 1067
363 318 222 361 1068
215 287 221 361 1068
215 288 223 362 1069
563 380 221 363 1070
363 320 226 363 1070
215 289 221 363 1070
363 321 221 364 1071
563 382 221 365 1072
346 175 221 365 1072
363 327 221 370 1077
563 390 227 373 1080
563 391 227 374 1081
563 393 221 376 1083
563 394 221 377 1084
215 304 225 378 1085
769 363 229 378 1085
363 336 229 379 1086
555 385 226 379 1086
215 305 221 379 1086
769 364 221 379 1086
363 337 228 380 1087
555 386 225 380 1087
454 399 221 380 1087
769 365 221 380 1087
620 397 221 381 1088
363 338 240 381 1088
555 387 226 381 1088
769 366 221 381 1088
363 339 233 382 1089
367 69 223 382 1089
769 367 221 382 1089
563 400 221 383 1090
363 340 233 383 1090
454 402 224 383 1090
620 400 223 384 1091
363 341 237 384 1091
454 403 226 384 1091
769 369 221 384 1091
363 342 233 385 1092
555 391 222 385 1092
454 404 222 385 1092
756 380 221 386 1093
563 403 225 386 1093
363 343 236 386 1093
363 345 221 388 1095
363 348 223 391 1098
215 317 222 391 1098
215 318 231 392 1099
215 319 227 393 1100
769 378 221 393 1100
363 356 221 399 1106
363 359 221 402 1109
105 389 221 403 1110
363 360 221 403 1110
215 333 221 407 1114
215 335 221 409 1116
363 369 222 412 1119
215 342 225 416 1123
215 344 227 418 1125
215 345 223 419 1126
769 408 222 423 1130
105 414 224 427 1134
563 445 221 428 1135
363 385 228 428 1135
363 386 223 429 1136
105 416 221 429 1136
363 387 223 430 1137
105 417 223 430 1137
563 448 221 431 1138
363 388 225 431 1138
756 426 221 431 1138
215 357 224 431 1138
105 418 223 431 1138
563 449 223 432 1139
363 389 223 432 1139
563 450 222 433 1140
363 390 224 433 1140
105 420 222 433 1140
563 451 221 434 1141
363 391 227 434 1141
215 360 221 434 1141
105 421 222 434 1141
363 392 224 435 1142
563 453 221 436 1143
363 393 231 436 1143
215 365 225 439 1146
363 400 221 443 1150
215 369 223 443 1150
105 430 225 443 1150
363 401 226 444 1151
346 255 225 445 1152
346 256 227 446 1153
346 259 221 449 1156
346 260 231 450 1157
363 407 224 450 1157
363 408 223 451 1158
215 377 225 451 1158
215 378 225 452 1159
363 410 222 453 1160
215 379 221 453 1160
363 412 231 455 1162
363 413 227 456 1163
363 416 221 459 1166
346 271 242 461 1168
363 418 221 461 1168
215 388 221 462 1169
363 420 222 463 1170
215 391 227 465 1172
363 424 221 467 1174
215 393 221 467 1174
363 425 223 468 1175
346 279 221 469 1176
363 426 225 469 1176
363 428 222 471 1178
215 399 223 473 1180
563 491 221 474 1181
769 459 222 474 1181
563 492 225 475 1182
756 470 221 475 1182
363 433 225 476 1183
363 434 227 477 1184
215 403 221 477 1184
363 435 222 478 1185
454 497 221 478 1185
363 436 225 479 1186
363 438 223 481 1188
409 420 221 481 1188
346 292 222 482 1189
363 439 222 482 1189
409 422 223 483 1190
215 409 221 483 1190
363 442 222 485 1192
555 491 221 485 1192
454 504 221 485 1192
363 443 222 486 1193
454 505 221 486 1193
454 506 225 487 1194
105 474 222 487 1194
363 445 227 488 1195
215 414 225 488 1195
363 446 233 489 1196
363 447 221 490 1197
756 485 222 490 1197
215 416 221 490 1197
363 449 222 492 1199
215 419 221 493 1200
563 511 221 494 1201
363 453 221 496 1203
215 426 221 500 1207
363 458 225 501 1208
363 459 229 502 1209
563 520 222 503 1210
363 460 226 503 1210
363 461 227 504 1211
215 433 222 507 1214
215 434 237 508 1215
215 435 226 509 1216
215 439 224 513 1220
363 472 223 515 1222
363 473 221 516 1223
563 535 224 518 1225
363 475 223 518 1225
215 444 238 518 1225
454 537 222 518 1225
363 476 231 519 1226
769 504 223 519 1226
215 445 233 519 1226
346 330 223 520 1227
563 537 221 520 1227
215 446 235 520 1227
346 331 225 521 1228
215 447 229 521 1228
215 448 231 522 1229
563 540 225 523 1230
363 480 222 523 1230
555 529 222 523 1230
756 518 221 523 1230
346 334 221 524 1231
563 541 225 524 1231
363 483 222 526 1233
363 485 229 528 1235
363 486 225 529 1236
563 547 223 530 1237
215 456 225 530 1237
363 490 222 533 1240
563 551 225 534 1241
563 552 221 535 1242
363 492 221 535 1242
215 462 223 536 1243
105 523 221 537 1244
363 494 233 537 1244
454 556 221 538 1245
346 348 222 538 1245
363 495 223 538 1245
105 525 225 539 1246
346 349 222 539 1246
105 531 225 545 1252
555 551 221 545 1252
363 504 223 547 1254
563 564 224 547 1254
363 505 234 548 1255
367 235 227 548 1255
756 543 221 548 1255
215 474 224 548 1255
620 565 223 549 1256
363 506 238 549 1256
215 475 221 549 1256
363 507 223 550 1257
563 567 227 550 1257
769 535 225 550 1257
105 537 223 551 1258
740 490 228 551 1258
385 25 222 551 1258
331 545 226 551 1258
287 266 232 552 1259
100 273 230 552 1259
729 328 234 552 1259
331 546 232 552 1259
670 121 221 553 1260
684 288 229 553 1260
240 551 222 554 1261
206 535 221 554 1261
18 558 227 554 1261
772 572 227 554 1261
217 571 222 554 1261
304 561 231 555 1262
91 6 221 555 1262
555 561 228 555 1262
493 554 223 555 1262
140 599 227 555 1262
275 571 225 555 1262
49 439 225 556 1263
91 7 242 556 1263
109 546 223 557 1264
32 548 222 557 1264
462 404 239 558 1265
32 549 238 558 1265
600 549 227 558 1265
621 570 221 558 1265
462 405 226 559 1266
32 550 233 559 1266
768 631 226 560 1267
364 574 221 560 1267
679 153 255 560 1267
469 8 223 560 1267
214 454 223 560 1267
493 559 231 560 1267
385 34 225 560 1267
364 575 235 561 1268
772 579 226 561 1268
171 10 231 561 1268
765 136 223 561 1268
630 240 225 561 1268
701 574 231 562 1269
43 576 228 562 1269
372 553 224 562 1269
539 71 239 562 1269
701 575 237 563 1270
409 28 225 563 1270
171 12 221 563 1270
708 10 223 563 1270
730 571 222 563 1270
475 101 227 564 1271
701 576 223 564 1271
720 544 227 564 1271
765 139 227 564 1271
252 13 237 564 1271
368 516 231 565 1272
245 586 237 565 1272
337 575 221 565 1272
462 412 227 566 1273
32 557 223 566 1273
67 516 239 566 1273
671 589 225 566 1273
310 571 232 567 1274
32 558 235 567 1274
254 410 236 567 1274
119 548 223 568 1275
310 572 223 568 1275
32 559 223 568 1275
254 411 235 568 1275
630 247 231 568 1275
32 560 228 569 1276
254 412 232 569 1276
32 561 230 570 1277
254 413 237 570 1277
717 584 229 570 1277
462 417 223 571 1278
310 575 232 571 1278
32 562 239 571 1278
254 414 241 571 1278
717 585 221 571 1278
630 250 231 571 1278
32 563 235 572 1279
254 415 238 572 1279
717 586 233 572 1279
310 577 221 573 1280
32 564 234 573 1280
254 416 239 573 1280
717 587 231 573 1280
746 265 225 573 1280
32 565 241 574 1281
248 569 247 574 1281
254 417 226 574 1281
717 588 243 574 1281
746 266 225 574 1281
67 524 223 574 1281
32 566 237 575 1282
254 418 239 575 1282
717 589 237 575 1282
746 267 231 575 1282
32 567 238 576 1283
254 419 245 576 1283
746 268 225 576 1283
32 568 231 577 1284
248 572 221 577 1284
254 420 239 577 1284
746 269 225 577 1284
32 569 241 578 1285
581 599 229 578 1285
32 570 237 579 1286
581 600 223 579 1286
254 422 223 579 1286
717 593 233 579 1286
462 426 223 580 1287
581 601 231 580 1287
248 575 222 580 1287
254 423 240 580 1287
630 259 225 580 1287
717 594 240 580 1287
671 603 227 580 1287
310 585 225 581 1288
32 572 233 581 1288
581 602 236 581 1288
254 424 245 581 1288
630 260 221 581 1288
717 595 233 581 1288
671 604 227 581 1288
12 171 223 581 1288
32 573 230 582 1289
581 603 222 582 1289
254 425 241 582 1289
630 261 225 582 1289
553 589 222 582 1289
32 574 223 583 1290
254 426 226 583 1290
630 262 223 583 1290
32 575 223 584 1291
254 427 234 584 1291
310 589 224 585 1292
32 576 234 585 1292
581 606 227 585 1292
254 428 229 585 1292
286 595 221 585 1292
67 535 225 585 1292
630 264 227 585 1292
671 608 225 585 1292
462 432 221 586 1293
32 577 241 586 1293
581 607 231 586 1293
254 429 221 586 1293
236 596 225 586 1293
67 536 226 586 1293
717 600 236 586 1293
630 265 226 586 1293
671 609 223 586 1293
32 578 234 587 1294
581 608 225 587 1294
254 430 242 587 1294
630 266 237 587 1294
717 601 229 587 1294
671 610 223 587 1294
32 579 233 588 1295
581 609 235 588 1295
254 431 237 588 1295
630 267 238 588 1295
717 602 246 588 1295
32 580 234 589 1296
581 610 233 589 1296
254 432 239 589 1296
630 268 227 589 1296
717 603 233 589 1296
32 581 232 590 1297
581 611 234 590 1297
254 433 232 590 1297
630 269 238 590 1297
581 612 228 591 1298
254 434 240 591 1298
236 601 221 591 1298
630 270 229 591 1298
671 614 222 591 1298
310 596 223 592 1299
581 613 222 592 1299
254 435 233 592 1299
630 271 222 592 1299
310 597 222 593 1300
581 614 233 593 1300
254 436 231 593 1300
630 272 229 593 1300
717 607 225 593 1300
581 615 232 594 1301
254 437 246 594 1301
107 30 223 594 1301
585 36 223 594 1301
124 596 221 595 1302
706 794 221 595 1302
52 600 235 595 1302
360 51 225 595 1302
206 577 223 595 1302
696 603 223 595 1302
206 578 222 596 1303
62 544 228 597 1304
254 440 233 597 1304
421 613 221 597 1304
554 611 238 597 1304
706 796 239 597 1304
254 441 221 598 1305
585 40 224 598 1305
10 119 229 598 1305
690 551 229 599 1306
372 590 238 599 1306
758 606 222 599 1306
172 615 223 599 1306
10 120 233 599 1306
439 537 231 599 1306
690 552 237 600 1307
372 591 239 600 1307
685 594 223 600 1307
10 121 233 600 1307
330 560 223 601 1308
758 608 221 601 1308
685 595 227 601 1308
717 615 223 601 1308
446 606 221 601 1308
382 609 234 602 1309
310 606 225 602 1309
581 623 241 602 1309
254 445 237 602 1309
221 616 232 602 1309
717 616 223 602 1309
292 8 221 602 1309
152 616 226 603 1310
109 592 223 603 1310
703 601 223 603 1310
170 603 223 603 1310
310 607 223 603 1310
221 617 225 603 1310
554 617 239 603 1310
746 295 222 603 1310
717 617 233 603 1310
382 611 231 604 1311
581 625 243 604 1311
183 616 226 604 1311
554 618 237 604 1311
630 283 226 604 1311
671 627 224 604 1311
746 296 223 604 1311
717 618 235 604 1311
382 612 228 605 1312
581 626 243 605 1312
254 448 241 605 1312
183 617 221 605 1312
286 615 222 605 1312
554 619 229 605 1312
67 555 225 605 1312
236 615 226 605 1312
717 619 221 605 1312
446 610 221 605 1312
382 613 240 606 1313
310 610 224 606 1313
462 452 223 606 1313
581 627 243 606 1313
254 449 243 606 1313
183 618 226 606 1313
248 601 223 606 1313
554 620 230 606 1313
630 285 223 606 1313
671 629 226 606 1313
746 298 223 606 1313
717 620 231 606 1313
382 614 223 607 1314
310 611 223 607 1314
581 628 223 607 1314
254 450 241 607 1314
248 602 224 607 1314
630 286 223 607 1314
382 615 238 608 1315
254 451 221 608 1315
690 560 221 608 1315
10 129 243 608 1315
170 609 222 609 1316
448 625 225 609 1316
690 561 239 609 1316
372 600 244 609 1316
172 625 241 609 1316
49 494 231 610 1317
409 2 222 611 1318
291 616 225 611 1318
745 627 222 611 1318
49 495 239 611 1318
254 455 221 612 1319
254 456 232 613 1320
559 504 233 613 1320
254 459 233 616 1323
709 624 224 617 1324
254 460 245 617 1324
701 630 227 618 1325
22 579 223 618 1325
652 624 222 618 1325
475 156 235 618 1325
202 635 223 619 1326
254 462 225 619 1326
529 76 223 619 1326
254 463 237 620 1327
254 464 225 621 1328
254 465 244 622 1329
254 466 231 623 1330
254 468 243 625 1332
701 638 223 626 1333
254 469 241 626 1333
254 470 227 627 1334
621 639 223 627 1334
254 471 231 628 1335
254 472 229 629 1336
254 473 235 630 1337
254 474 241 631 1338
254 475 241 632 1339
254 476 241 633 1340
254 477 241 634 1341
254 478 234 635 1342
254 479 241 636 1343
254 480 241 637 1344
254 481 240 638 1345
254 485 250 642 1349
254 486 237 643 1350
254 487 248 644 1351
254 488 247 645 1352
254 489 247 646 1353
254 490 247 647 1354
254 491 250 648 1355
254 492 251 649 1356
254 493 244 650 1357
713 662 222 651 1358
254 494 247 651 1358
621 663 224 651 1358
671 674 221 651 1358
351 5 226 651 1358
713 663 233 652 1359
111 643 232 652 1359
621 664 221 652 1359
215 578 223 652 1359
249 20 227 653 1360
279 28 232 653 1360
254 496 221 653 1360
606 627 233 653 1360
621 665 226 653 1360
351 7 224 653 1360
713 665 227 654 1361
418 668 221 654 1361
254 497 226 654 1361
434 661 223 654 1361
621 666 225 654 1361
254 498 232 655 1362
621 667 223 655 1362
713 667 225 656 1363
254 499 241 656 1363
434 663 223 656 1363
621 668 224 656 1363
670 225 221 657 1364
713 668 226 657 1364
254 500 228 657 1364
581 45 221 657 1364
351 11 221 657 1364
254 501 240 658 1365
606 632 225 658 1365
254 502 241 659 1366
351 13 221 659 1366
254 503 239 660 1367
351 14 229 660 1367
254 504 242 661 1368
581 49 221 661 1368
8 622 221 661 1368
351 15 225 661 1368
670 230 227 662 1369
713 673 232 662 1369
606 636 222 662 1369
621 674 228 662 1369
351 16 223 662 1369
713 674 231 663 1370
254 506 242 663 1370
111 654 221 663 1370
770 119 222 663 1370
254 507 246 664 1371
670 232 225 664 1371
111 655 221 664 1371
621 676 221 664 1371
775 394 222 665 1372
59 23 223 665 1372
434 673 225 666 1373
254 514 221 671 1378
713 682 223 671 1378
229 692 225 671 1378
254 515 221 672 1379
713 683 227 672 1379
229 693 227 672 1379
581 60 225 672 1379
254 516 227 673 1380
713 684 223 673 1380
111 664 223 673 1380
229 694 223 673 1380
581 61 232 673 1380
254 517 232 674 1381
111 665 223 674 1381
254 518 223 675 1382
254 519 229 676 1383
713 687 224 676 1383
254 520 247 677 1384
249 45 225 678 1385
286 688 233 678 1385
541 398 225 680 1387
249 47 225 680 1387
286 690 222 680 1387
398 699 225 680 1387
229 701 223 680 1387
770 136 221 680 1387
254 524 227 681 1388
111 672 229 681 1388
713 692 231 681 1388
286 691 228 681 1388
229 702 225 681 1388
254 525 227 682 1389
286 692 234 682 1389
229 703 231 682 1389
581 70 223 682 1389
254 526 227 683 1390
111 674 233 683 1390
286 693 235 683 1390
229 704 221 683 1390
621 695 225 683 1390
671 706 230 683 1390
382 691 223 684 1391
254 527 228 684 1391
713 695 222 684 1391
111 675 223 684 1391
286 694 222 684 1391
398 703 222 684 1391
229 705 228 684 1391
286 695 233 685 1392
398 704 223 685 1392
713 697 224 686 1393
286 696 227 686 1393
398 705 222 686 1393
382 694 222 686 1393
111 678 226 687 1394
713 698 231 687 1394
621 699 223 687 1394
229 708 225 687 1394
713 699 222 688 1395
111 679 221 688 1395
286 698 223 688 1395
713 700 223 689 1396
286 699 223 689 1396
671 712 222 689 1396
713 701 225 690 1397
286 700 226 690 1397
229 711 223 690 1397
254 534 225 691 1398
713 702 232 691 1398
286 701 233 691 1398
229 712 221 691 1398
286 702 224 692 1399
229 713 221 692 1399
581 80 225 692 1399
621 704 224 692 1399
111 684 227 693 1400
286 703 226 693 1400
229 714 222 693 1400
254 537 223 694 1401
111 685 237 694 1401
713 705 227 694 1401
286 704 224 694 1401
541 413 225 695 1402
254 538 222 695 1402
713 706 229 695 1402
111 686 224 695 1402
286 705 223 695 1402
249 63 237 696 1403
111 687 227 696 1403
581 84 221 696 1403
249 64 227 697 1404
111 688 227 697 1404
249 65 232 698 1405
249 66 233 699 1406
254 542 225 699 1406
286 709 221 699 1406
434 706 221 699 1406
249 67 231 700 1407
254 543 223 700 1407
434 707 222 700 1407
249 68 233 701 1408
713 712 225 701 1408
434 708 224 701 1408
621 713 222 701 1408
254 545 222 702 1409
249 69 237 702 1409
434 709 225 702 1409
249 70 237 703 1410
286 713 221 703 1410
434 710 223 703 1410
621 715 222 703 1410
249 71 237 704 1411
286 714 223 704 1411
713 715 223 704 1411
249 72 239 705 1412
286 715 223 705 1412
713 716 223 705 1412
249 73 238 706 1413
713 717 227 706 1413
249 74 238 707 1414
286 717 229 707 1414
713 718 231 707 1414
621 719 228 707 1414
229 728 223 707 1414
254 551 224 708 1415
249 75 242 708 1415
286 718 225 708 1415
111 699 230 708 1415
713 719 232 708 1415
671 731 224 708 1415
229 729 223 708 1415
621 720 231 708 1415
296 732 221 709 1416
254 552 223 709 1416
249 76 241 709 1416
286 719 230 709 1416
713 720 233 709 1416
111 700 231 709 1416
502 25 223 709 1416
229 730 225 709 1416
254 553 237 710 1417
249 77 228 710 1417
758 717 223 710 1417
286 720 227 710 1417
713 721 231 710 1417
671 733 223 710 1417
621 722 222 710 1417
249 78 243 711 1418
286 721 233 711 1418
713 722 233 711 1418
229 732 222 711 1418
249 79 243 712 1419
286 722 233 712 1419
713 723 231 712 1419
229 733 223 712 1419
249 80 243 713 1420
286 723 233 713 1420
713 724 231 713 1420
229 734 223 713 1420
382 721 221 714 1421
249 81 243 714 1421
286 724 233 714 1421
111 705 226 714 1421
713 725 236 714 1421
249 82 245 715 1422
286 725 231 715 1422
111 706 229 715 1422
713 726 231 715 1422
382 723 221 716 1423
249 83 246 716 1423
286 726 235 716 1423
111 707 223 716 1423
713 727 231 716 1423
581 104 222 716 1423
671 739 224 716 1423
541 435 223 717 1424
382 724 223 717 1424
254 560 225 717 1424
249 84 241 717 1424
286 727 225 717 1424
713 728 231 717 1424
581 105 221 717 1424
671 740 223 717 1424
382 725 222 718 1425
249 85 246 718 1425
286 728 228 718 1425
713 729 231 718 1425
671 741 224 718 1425
229 739 222 719 1426
382 726 223 719 1426
249 86 246 719 1426
286 729 227 719 1426
713 730 231 719 1426
111 710 223 719 1426
671 742 221 719 1426
229 740 221 719 1426
382 727 223 720 1427
286 730 227 720 1427
249 87 247 720 1427
713 731 231 720 1427
111 711 224 720 1427
671 743 221 720 1427
229 741 221 720 1427
382 728 223 721 1428
249 88 246 721 1428
286 731 229 721 1428
111 712 224 721 1428
713 732 232 721 1428
671 744 223 721 1428
249 89 247 722 1429
286 732 228 722 1429
111 713 222 722 1429
713 733 228 722 1429
229 743 223 722 1429
249 90 243 723 1430
286 733 228 723 1430
713 734 227 723 1430
111 714 221 723 1430
671 746 225 723 1430
229 744 223 723 1430
249 91 243 724 1431
286 734 227 724 1431
713 735 226 724 1431
581 112 221 724 1431
671 747 223 724 1431
229 745 223 724 1431
254 568 221 725 1432
249 92 245 725 1432
286 735 227 725 1432
713 736 226 725 1432
581 113 221 725 1432
671 748 224 725 1432
229 746 223 725 1432
254 569 222 726 1433
286 736 227 726 1433
249 93 243 726 1433
398 745 221 726 1433
713 737 226 726 1433
581 114 221 726 1433
671 749 222 726 1433
229 747 221 727 1434
254 570 223 727 1434
286 737 232 727 1434
713 738 227 727 1434
254 571 223 728 1435
286 738 227 728 1435
111 719 221 728 1435
713 739 230 728 1435
671 751 224 728 1435
229 749 221 729 1436
382 736 222 729 1436
254 572 225 729 1436
249 96 228 729 1436
286 739 229 729 1436
111 720 227 729 1436
713 740 235 729 1436
671 752 226 729 1436
621 741 221 729 1436
382 737 224 730 1437
254 573 223 730 1437
286 740 230 730 1437
249 97 229 730 1437
111 721 227 730 1437
671 753 225 730 1437
621 742 222 730 1437
382 738 225 731 1438
286 741 229 731 1438
111 722 223 731 1438
713 742 221 731 1438
671 754 224 731 1438
254 575 221 732 1439
286 742 224 732 1439
713 743 222 732 1439
671 755 225 732 1439
254 576 221 733 1440
286 743 226 733 1440
671 756 225 733 1440
286 744 223 734 1441
249 101 242 734 1441
671 757 223 734 1441
286 745 225 735 1442
249 102 243 735 1442
671 758 223 735 1442
286 746 225 736 1443
249 103 241 736 1443
671 759 223 736 1443
254 580 221 737 1444
286 747 227 737 1444
249 104 241 737 1444
671 760 223 737 1444
286 748 225 738 1445
249 105 245 738 1445
713 749 221 738 1445
671 761 222 738 1445
382 746 224 739 1446
286 749 227 739 1446
249 106 241 739 1446
671 762 223 739 1446
286 750 223 740 1447
249 107 241 740 1447
713 751 225 740 1447
286 751 223 741 1448
249 108 241 741 1448
713 752 224 741 1448
286 752 221 742 1449
249 109 241 742 1449
713 753 224 742 1449
382 750 223 743 1450
254 586 221 743 1450
249 110 221 743 1450
382 751 233 744 1451
254 587 221 744 1451
249 111 242 744 1451
713 755 235 744 1451
671 767 225 744 1451
382 752 222 745 1452
254 588 222 745 1452
286 755 231 745 1452
249 112 233 745 1452
713 756 226 745 1452
249 113 239 746 1453
249 114 239 747 1454
249 115 239 748 1455
249 116 240 749 1456
249 117 239 750 1457
254 594 225 751 1458
249 118 230 751 1458
249 121 223 754 1461
286 778 225 768 1475
286 781 233 771 1478
713 782 222 771 1478
286 782 229 772 1479
286 783 228 773 1480
111 764 223 773 1480
286 784 225 774 1481
249 141 225 774 1481
111 765 224 774 1481
286 785 224 775 1482
111 766 225 775 1482
286 786 225 776 1483
111 767 223 776 1483
286 787 223 777 1484
111 768 224 777 1484
286 788 223 778 1485
111 769 223 778 1485
286 789 222 779 1486
111 770 225 779 1486
286 790 227 780 1487
713 791 223 780 1487
286 791 234 781 1488
286 792 224 782 1489
286 794 222 784 1491
286 797 227 787 1494
671 810 221 787 1494
286 798 224 788 1495
286 799 225 789 1496
286 800 225 790 1497
286 801 224 791 1498
286 802 224 792 1499
286 803 225 793 1500
286 804 225 794 1501
286 805 225 795 1502
286 806 231 796 1503
111 787 225 796 1503
671 819 228 796 1503
254 640 221 797 1504
286 807 230 797 1504
434 804 223 797 1504
229 818 224 798 1505
286 808 229 798 1505
254 642 223 799 1506
229 819 225 799 1506
286 809 227 799 1506
254 643 223 800 1507
229 820 225 800 1507
286 810 227 800 1507
111 791 222 800 1507
254 644 223 801 1508
229 821 222 801 1508
286 811 226 801 1508
111 792 228 801 1508
254 645 224 802 1509
229 822 223 802 1509
286 812 229 802 1509
111 793 227 802 1509
254 646 224 803 1510
229 823 221 803 1510
286 813 228 803 1510
111 794 227 803 1510
434 810 221 803 1510
254 647 224 804 1511
229 824 223 804 1511
286 814 227 804 1511
111 795 228 804 1511
254 648 225 805 1512
229 825 221 805 1512
286 815 227 805 1512
111 796 227 805 1512
254 649 221 806 1513
229 826 222 806 1513
286 816 233 806 1513
713 817 221 806 1513
111 797 228 806 1513
254 650 222 807 1514
621 818 221 807 1514
286 817 232 807 1514
111 798 230 807 1514
254 651 221 808 1515
398 827 221 808 1515
286 818 231 808 1515
111 799 229 808 1515
254 652 221 809 1516
286 819 230 809 1516
111 800 230 809 1516
581 197 224 810 1517
286 820 229 810 1517
111 801 226 810 1517
254 654 224 811 1518
286 821 226 811 1518
111 802 231 811 1518
671 834 221 812 1519
111 803 223 812 1519
111 804 225 813 1520
111 805 225 814 1521
111 806 225 815 1522
111 807 225 816 1523
111 808 224 817 1524
111 809 223 818 1525
111 810 223 819 1526
111 811 222 820 1527
111 812 224 821 1528
111 813 225 822 1529
111 814 225 823 1530
111 815 221 824 1531
111 816 221 825 1532
111 817 221 826 1533
111 818 221 827 1534
111 819 221 828 1535
111 820 221 829 1536
286 843 223 833 1540
286 844 223 834 1541
286 845 221 835 1542
286 846 221 836 1543
249 205 224 838 1545
111 829 235 838 1545
286 848 225 838 1545
581 226 221 838 1545
229 859 221 839 1546
249 206 224 839 1546
111 830 233 839 1546
286 849 223 839 1546
249 207 223 840 1547
671 863 221 840 1547
254 687 224 844 1551
713 855 222 844 1551
111 835 236 844 1551
254 688 222 845 1552
229 865 221 845 1552
713 856 221 845 1552
111 836 224 845 1552
286 855 225 845 1552
229 866 222 846 1553
713 857 223 846 1553
286 856 226 846 1553
111 837 231 846 1553
254 690 223 847 1554
249 214 222 847 1554
286 857 222 847 1554
111 838 225 847 1554
382 855 221 848 1555
382 857 226 850 1557
254 693 222 850 1557
286 860 227 850 1557
111 841 228 850 1557
249 221 221 854 1561
671 877 223 854 1561
249 222 221 855 1562
671 878 223 855 1562
382 863 223 856 1563
249 223 225 856 1563
713 867 221 856 1563
671 879 227 856 1563
382 864 221 857 1564
249 224 224 857 1564
286 867 221 857 1564
671 880 226 857 1564
249 225 225 858 1565
286 868 221 858 1565
671 881 226 858 1565
713 872 221 861 1568
254 708 226 865 1572
382 872 221 865 1572
229 885 223 865 1572
286 875 226 865 1572
254 709 223 866 1573
382 873 221 866 1573
229 886 228 866 1573
286 876 225 866 1573
254 710 223 867 1574
229 887 227 867 1574
286 877 222 867 1574
671 890 221 867 1574
254 711 222 868 1575
229 888 223 868 1575
254 712 221 869 1576
229 889 222 869 1576
286 879 225 869 1576
254 713 225 870 1577
229 890 223 870 1577
286 880 223 870 1577
581 258 221 870 1577
254 714 224 871 1578
229 891 225 871 1578
286 881 228 871 1578
229 892 223 872 1579
286 882 225 872 1579
671 895 225 872 1579
229 893 221 873 1580
286 883 233 873 1580
111 864 225 873 1580
229 894 222 874 1581
286 884 232 874 1581
229 895 224 875 1582
286 885 231 875 1582
254 719 231 876 1583
286 886 234 876 1583
111 867 226 876 1583
254 720 221 877 1584
286 887 233 877 1584
111 868 221 877 1584
254 721 222 878 1585
286 888 230 878 1585
254 722 224 879 1586
286 889 230 879 1586
111 870 226 879 1586
254 723 231 880 1587
382 887 227 880 1587
229 900 229 880 1587
286 890 232 880 1587
713 891 221 880 1587
111 871 231 880 1587
254 724 231 881 1588
382 888 225 881 1588
229 901 229 881 1588
713 892 229 881 1588
286 891 235 881 1588
671 904 224 881 1588
111 872 233 881 1588
254 725 221 882 1589
249 249 228 882 1589
382 889 223 882 1589
229 902 222 882 1589
286 892 222 882 1589
671 905 221 882 1589
111 873 223 882 1589
671 906 227 883 1590
111 874 226 883 1590
254 727 223 884 1591
249 251 225 884 1591
286 894 223 884 1591
671 907 221 884 1591
111 875 224 884 1591
434 891 223 885 1592
254 728 229 885 1592
671 908 225 885 1592
581 273 227 885 1592
713 897 223 886 1593
286 896 223 886 1593
581 274 222 886 1593
111 877 221 886 1593
286 897 232 887 1594
671 910 223 887 1594
111 878 224 887 1594
249 255 223 888 1595
254 731 227 888 1595
254 732 221 889 1596
254 733 223 890 1597
286 901 226 891 1598
111 882 221 891 1598
254 735 222 892 1599
254 736 223 893 1600
254 738 221 895 1602
286 905 229 895 1602
671 918 221 895 1602
111 886 221 895 1602
758 902 225 895 1602
249 263 226 896 1603
254 739 227 896 1603
713 907 221 896 1603
286 906 235 896 1603
581 284 222 896 1603
671 919 221 896 1603
758 903 221 896 1603
249 264 223 897 1604
229 917 226 897 1604
254 740 233 897 1604
286 907 233 897 1604
581 285 224 897 1604
111 888 226 897 1604
229 918 223 898 1605
249 265 226 898 1605
254 741 225 898 1605
286 908 234 898 1605
581 286 223 898 1605
111 889 222 898 1605
671 921 225 898 1605
249 266 227 899 1606
286 909 233 899 1606
581 287 224 899 1606
111 890 225 899 1606
249 267 227 900 1607
254 743 240 900 1607
286 910 230 900 1607
581 288 229 900 1607
111 891 222 900 1607
249 268 227 901 1608
254 744 227 901 1608
286 911 229 901 1608
581 289 224 901 1608
111 892 226 901 1608
770 357 222 902 1609
254 745 234 902 1609
286 912 237 902 1609
581 290 229 902 1609
229 923 221 903 1610
382 910 221 903 1610
254 746 229 903 1610
713 914 221 903 1610
581 291 232 903 1610
286 913 234 903 1610
111 894 228 903 1610
671 926 223 903 1610
501 231 223 904 1611
229 924 233 904 1611
382 911 231 904 1611
254 747 224 904 1611
713 915 226 904 1611
286 914 236 904 1611
758 911 221 904 1611
671 927 225 904 1611
621 916 221 905 1612
501 232 221 905 1612
229 925 222 905 1612
382 912 224 905 1612
254 748 227 905 1612
713 916 221 905 1612
286 915 223 905 1612
111 896 223 905 1612
229 926 222 906 1613
254 749 223 906 1613
541 92 227 906 1613
713 917 224 906 1613
124 907 223 906 1613
111 897 233 906 1613
434 913 223 907 1614
249 274 221 907 1614
382 914 223 907 1614
229 927 230 907 1614
254 750 221 907 1614
581 295 225 907 1614
286 917 232 907 1614
111 898 223 907 1614
621 919 227 908 1615
249 275 222 908 1615
382 915 235 908 1615
254 751 232 908 1615
581 296 230 908 1615
298 853 223 908 1615
469 307 221 909 1616
254 752 235 909 1616
713 920 226 909 1616
581 297 223 909 1616
286 919 224 909 1616
397 297 223 910 1617
254 753 228 910 1617
362 923 227 910 1617
671 933 231 910 1617
111 901 223 910 1617
229 931 239 911 1618
254 754 235 911 1618
382 919 236 912 1619
254 755 225 912 1619
400 744 225 912 1619
208 930 221 912 1619
315 268 231 913 1620
299 8 235 913 1620
660 915 223 913 1620
254 756 225 913 1620
221 927 235 913 1620
208 932 221 914 1621
322 917 223 915 1622
350 933 235 915 1622
662 773 221 915 1622
703 913 223 915 1622
254 758 239 915 1622
703 914 223 916 1623
254 759 233 916 1623
79 487 221 916 1623
606 6 227 916 1623
490 865 223 917 1624
153 17 225 917 1624
662 775 225 917 1624
8 877 223 917 1624
587 923 223 917 1624
761 927 225 917 1624
625 119 231 917 1624
428 134 225 917 1624
637 7 225 917 1624
617 162 229 918 1625
117 242 235 918 1625
682 934 227 918 1625
364 932 241 918 1625
691 462 238 919 1626
287 633 226 919 1626
617 163 224 919 1626
682 935 225 919 1626
531 911 221 919 1626
364 933 235 919 1626
691 463 242 920 1627
617 164 242 920 1627
287 634 223 920 1627
682 936 222 920 1627
531 912 224 920 1627
364 934 235 920 1627
691 464 233 921 1628
617 165 243 921 1628
287 635 224 921 1628
117 245 231 921 1628
531 913 222 921 1628
364 935 238 921 1628
691 465 223 922 1629
617 166 228 922 1629
287 636 225 922 1629
682 938 223 922 1629
531 914 235 922 1629
364 936 250 922 1629
432 136 234 922 1629
691 466 227 923 1630
287 637 252 923 1630
117 247 224 923 1630
682 939 236 923 1630
531 915 228 923 1630
364 937 231 923 1630
432 137 227 923 1630
691 467 229 924 1631
287 638 236 924 1631
682 940 229 924 1631
576 906 223 924 1631
364 938 239 924 1631
432 138 223 924 1631
617 169 233 925 1632
682 941 237 925 1632
364 939 227 925 1632
203 8 241 925 1632
287 640 227 926 1633
617 170 223 926 1633
691 469 228 926 1633
117 250 221 926 1633
531 918 221 926 1633
364 940 222 926 1633
287 641 241 927 1634
617 171 229 927 1634
691 470 234 927 1634
203 10 237 927 1634
287 642 240 928 1635
117 252 222 928 1635
682 944 222 928 1635
203 11 222 928 1635
287 643 229 929 1636
691 472 223 929 1636
203 12 221 929 1636
287 644 228 930 1637
617 174 221 930 1637
682 946 225 930 1637
364 944 221 930 1637
203 13 227 930 1637
287 645 238 931 1638
617 175 221 931 1638
682 947 227 931 1638
203 14 221 931 1638
287 646 239 932 1639
617 176 226 932 1639
117 256 221 932 1639
682 948 224 932 1639
203 15 229 932 1639
691 476 222 933 1640
287 647 239 933 1640
682 949 225 933 1640
287 648 239 934 1641
691 477 221 934 1641
682 950 225 934 1641
287 649 240 934 1641
691 478 223 934 1641
617 179 222 935 1642
117 259 221 935 1642
682 951 231 935 1642
203 18 223 935 1642
287 650 242 936 1643
682 952 226 936 1643
682 953 225 937 1644
287 652 222 938 1645
432 152 224 938 1645
691 482 222 938 1645
287 653 241 939 1646
364 953 221 939 1646
432 153 226 939 1646
691 483 227 940 1647
287 654 230 940 1647
203 23 225 940 1647
691 484 226 940 1647
287 655 229 941 1648
203 24 223 941 1648
691 485 227 941 1648
287 656 230 942 1649
203 25 239 942 1649
691 486 223 942 1649
203 26 223 943 1650
287 658 233 944 1651
203 27 239 944 1651
287 659 221 945 1652
203 28 239 945 1652
203 29 240 946 1653
203 30 238 947 1654
203 31 227 948 1655
203 32 223 949 1656
203 34 223 951 1658
203 37 228 954 1661
203 38 225 955 1662
203 39 225 956 1663
203 40 225 957 1664
203 43 232 960 1667
682 977 223 961 1668
531 953 221 961 1668
576 943 221 961 1668
203 44 227 961 1668
117 286 221 962 1669
576 944 223 962 1669
432 176 226 962 1669
203 45 227 962 1669
576 954 224 972 1679
203 55 228 972 1679
287 687 221 973 1680
576 955 227 973 1680
576 956 224 974 1681
203 57 233 974 1681
287 689 221 975 1682
203 59 231 976 1683
576 959 223 977 1684
203 60 232 977 1684
287 692 235 978 1685
203 61 233 978 1685
287 693 233 979 1686
576 961 223 979 1686
576 962 223 980 1687
203 64 232 981 1688
287 696 221 982 1689
203 65 225 982 1689
287 697 225 983 1690
287 698 227 984 1691
203 67 231 984 1691
287 699 236 985 1692
576 967 233 985 1692
203 68 234 985 1692
691 529 223 985 1692
287 700 232 986 1693
576 968 221 986 1693
203 69 231 986 1693
691 530 224 986 1693
287 701 233 986 1693
576 969 227 987 1694
203 70 231 987 1694
691 531 225 987 1694
287 702 236 987 1694
576 970 225 988 1695
287 704 222 989 1696
203 74 228 991 1698
287 706 223 992 1699
203 75 223 992 1699
203 76 223 993 1700
682 1010 221 994 1701
203 77 239 994 1701
203 78 233 995 1702
287 710 222 996 1703
203 79 236 996 1703
287 711 222 997 1704
432 211 235 997 1704
576 979 225 997 1704
203 80 235 997 1704
432 212 225 998 1705
203 84 223 1001 1708
432 216 223 1002 1709
203 85 232 1002 1709
287 717 223 1002 1709
287 718 241 1003 1710
691 547 224 1004 1711
432 218 223 1004 1711
364 1018 221 1004 1711
287 719 240 1004 1711
691 548 223 1005 1712
432 219 223 1005 1712
117 330 223 1005 1712
287 720 234 1006 1713
617 250 223 1006 1713
287 721 225 1007 1714
576 989 228 1007 1714
287 722 223 1008 1715
617 252 223 1008 1715
117 333 221 1008 1715
287 723 222 1009 1716
617 253 224 1009 1716
682 1025 222 1009 1716
531 1001 222 1009 1716
576 991 238 1009 1716
691 553 223 1010 1717
576 992 228 1010 1717
117 335 225 1010 1717
287 725 229 1011 1718
576 993 237 1011 1718
203 94 223 1011 1718
287 726 226 1012 1719
287 727 225 1013 1720
691 556 221 1013 1720
617 259 223 1015 1722
203 99 221 1016 1723
617 270 225 1025 1732
203 110 223 1027 1734
203 111 222 1028 1735
203 114 221 1031 1738
203 120 223 1037 1744
432 252 221 1038 1745
203 121 228 1038 1745
432 253 222 1039 1746
203 122 231 1039 1746
203 124 225 1041 1748
203 125 222 1042 1749
203 127 222 1044 1751
203 128 222 1045 1752
203 130 221 1047 1754
287 763 221 1048 1755
203 131 222 1048 1755
617 293 225 1049 1756
203 132 224 1049 1756
617 295 221 1051 1758
203 134 223 1051 1758
617 296 221 1052 1759
203 135 221 1052 1759
203 136 223 1053 1760
203 137 223 1054 1761
203 138 221 1055 1762
682 1075 221 1059 1766
287 779 225 1064 1771
617 309 222 1064 1771
117 389 224 1064 1771
576 1047 224 1065 1772
287 780 232 1065 1772
203 163 225 1080 1787
203 164 222 1081 1788
203 166 221 1083 1790
287 801 225 1086 1793
364 1100 222 1086 1793
203 169 224 1086 1793
287 802 221 1087 1794
287 803 223 1088 1795
364 1102 223 1088 1795
203 171 228 1088 1795
364 1103 222 1089 1796
203 172 228 1089 1796
576 1073 221 1091 1798
576 1074 222 1092 1799
576 1075 221 1093 1800
576 1076 222 1094 1801
203 177 223 1094 1801
287 813 221 1098 1805
576 1080 221 1098 1805
203 181 221 1098 1805
203 182 227 1099 1806
203 1 236 1101 1808
682 1118 223 1102 1809
576 1084 231 1102 1809
203 2 239 1102 1809
576 1085 227 1103 1810
203 3 235 1103 1810
203 4 231 1104 1811
203 5 241 1105 1812
364 1120 223 1106 1813
203 6 242 1106 1813
117 431 221 1106 1813
203 7 243 1107 1814
203 8 246 1108 1815
576 1091 222 1109 1816
203 9 239 1109 1816
364 1124 222 1110 1817
576 1092 223 1110 1817
203 10 233 1110 1817
576 1093 231 1111 1818
203 11 237 1111 1818
617 356 221 1111 1818
576 1094 226 1112 1819
203 12 227 1112 1819
576 1095 226 1113 1820
203 13 231 1113 1820
576 1096 232 1114 1821
203 14 241 1114 1821
364 1129 222 1115 1822
576 1097 234 1115 1822
203 15 243 1115 1822
576 1098 234 1116 1823
203 16 245 1116 1823
117 442 222 1117 1824
576 1099 235 1117 1824
203 17 239 1117 1824
682 1134 225 1118 1825
117 443 221 1118 1825
576 1100 223 1118 1825
287 834 227 1119 1826
203 19 237 1119 1826
287 835 226 1120 1827
203 20 221 1120 1827
203 21 231 1121 1828
576 1104 223 1122 1829
203 22 231 1122 1829
287 838 237 1123 1830
203 23 233 1123 1830
287 839 225 1124 1831
203 24 238 1124 1831
203 25 225 1125 1832
203 26 246 1126 1833
364 1142 221 1128 1835
287 843 223 1128 1835
287 844 224 1129 1836
287 845 225 1130 1837
287 846 230 1131 1838
576 1113 221 1131 1838
287 848 229 1133 1840
203 33 227 1133 1840
203 34 227 1134 1841
203 36 221 1136 1843
287 852 221 1137 1844
203 39 221 1140 1847
287 857 237 1142 1849
203 43 221 1144 1851
287 859 228 1144 1851
203 44 221 1145 1852
203 46 235 1147 1854
287 862 227 1147 1854
203 47 237 1148 1855
576 1131 235 1149 1856
576 1132 237 1150 1857
203 50 223 1151 1858
617 395 223 1151 1858
531 47 221 1151 1858
576 1133 236 1151 1858
287 866 224 1151 1858
203 51 235 1152 1859
617 396 231 1152 1859
117 476 228 1152 1859
682 1168 222 1152 1859
531 48 226 1152 1859
576 1134 231 1152 1859
364 1166 225 1152 1859
617 397 222 1153 1860
682 1169 227 1153 1860
691 697 225 1154 1861
173 381 227 1154 1861
485 582 225 1154 1861
729 582 227 1155 1862
608 592 225 1155 1862
459 1152 221 1155 1862
539 50 229 1156 1863
608 593 231 1156 1863
538 1155 225 1156 1863
22 1117 233 1156 1863
268 1057 233 1156 1863
291 381 230 1157 1864
672 83 231 1157 1864
112 268 222 1157 1864
608 594 222 1157 1864
284 1174 235 1157 1864
250 1167 227 1158 1865
224 1075 230 1158 1865
254 1001 225 1158 1865
608 595 232 1158 1865
284 1175 233 1158 1865
284 1176 238 1159 1866
254 1003 226 1160 1867
284 1177 239 1160 1867
254 1004 232 1161 1868
284 1178 235 1161 1868
216 1109 225 1162 1869
382 1169 232 1162 1869
254 1005 229 1162 1869
284 1179 230 1162 1869
216 1110 221 1162 1869
382 1170 226 1163 1870
525 1173 221 1163 1870
254 1006 226 1163 1870
525 1174 225 1164 1871
382 1171 225 1164 1871
236 1174 224 1165 1872
525 1175 221 1165 1872
382 1172 227 1165 1872
284 1182 223 1165 1872
216 1113 225 1165 1872
382 1173 233 1166 1873
732 86 222 1166 1873
254 1009 236 1166 1873
318 86 222 1166 1873
284 1183 229 1166 1873
216 1114 237 1166 1873
236 1176 221 1167 1874
525 1177 224 1167 1874
382 1174 231 1167 1874
254 1010 237 1167 1874
284 1184 227 1167 1874
216 1115 235 1167 1874
525 1178 227 1168 1875
382 1175 223 1168 1875
254 1011 231 1168 1875
216 1116 231 1168 1875
236 1178 221 1168 1875
525 1179 224 1169 1876
382 1176 222 1169 1876
732 89 221 1169 1876
254 1012 232 1169 1876
216 1117 231 1169 1876
525 1180 225 1170 1877
382 1177 229 1170 1877
254 1013 228 1170 1877
216 1118 227 1170 1877
525 1181 227 1171 1878
382 1178 233 1171 1878
254 1014 235 1171 1878
284 1188 238 1171 1878
216 1119 231 1171 1878
525 1182 225 1172 1879
732 92 235 1172 1879
254 1015 230 1172 1879
318 92 224 1172 1879
284 1189 234 1172 1879
216 1120 235 1173 1880
284 1190 242 1173 1880
382 1181 227 1174 1881
254 1017 229 1174 1881
284 1191 227 1174 1881
216 1 225 1174 1881
382 1182 227 1175 1882
222 1195 232 1175 1882
284 1192 237 1175 1882
216 2 233 1175 1882
222 1196 225 1176 1883
284 1193 241 1176 1883
216 3 237 1176 1883
222 1197 221 1177 1884
284 1194 243 1177 1884
216 4 239 1177 1884
222 1198 221 1178 1885
284 1195 241 1178 1885
216 5 241 1178 1885
222 1199 225 1179 1886
284 1196 240 1179 1886
216 6 241 1179 1886
222 1200 229 1180 1887
284 1197 235 1180 1887
216 7 232 1180 1887
777 1185 221 1181 1888
284 1198 235 1181 1888
216 8 241 1181 1888
236 1191 226 1181 1888
382 1189 237 1182 1889
732 102 222 1182 1889
284 1199 230 1182 1889
236 1192 223 1182 1889
487 32 223 1182 1889
382 1190 227 1183 1890
254 1026 222 1183 1890
284 1200 240 1183 1890
216 10 231 1183 1890
382 1191 233 1184 1891
284 1201 239 1184 1891
216 11 225 1184 1891
382 1192 223 1185 1892
254 1028 223 1185 1892
284 1202 226 1185 1892
216 12 223 1185 1892
236 1195 221 1185 1892
382 1193 230 1186 1893
254 1029 224 1186 1893
318 106 221 1186 1893
284 1203 242 1186 1893
382 1194 233 1187 1894
284 1204 245 1187 1894
216 14 224 1187 1894
284 1205 233 1188 1895
216 15 226 1188 1895
382 1196 222 1189 1896
284 1206 227 1189 1896
382 1197 225 1190 1897
284 1207 241 1190 1897
382 1198 225 1191 1898
254 1034 226 1191 1898
284 1208 229 1191 1898
216 18 225 1191 1898
382 1199 223 1192 1899
254 1035 227 1192 1899
284 1209 237 1192 1899
236 1202 221 1192 1899
382 1200 231 1193 1900
254 1036 221 1193 1900
284 1210 231 1193 1900
216 20 231 1193 1900
236 1203 221 1193 1900
382 1201 225 1194 1901
732 114 221 1194 1901
538 1193 221 1194 1901
284 1211 243 1194 1901
216 21 223 1194 1901
487 44 224 1194 1901
254 1038 221 1195 1902
284 1212 242 1195 1902
216 22 240 1195 1902
487 45 221 1195 1902
382 1203 227 1195 1902
254 1039 223 1196 1903
284 1213 235 1196 1903
216 23 233 1196 1903
254 1040 225 1197 1904
538 1196 223 1197 1904
284 1214 247 1197 1904
672 123 221 1197 1904
216 24 244 1197 1904
487 47 225 1197 1904
284 1215 237 1198 1905
216 25 233 1198 1905
382 1206 223 1199 1906
254 1042 228 1199 1906
318 119 221 1199 1906
284 1216 235 1199 1906
216 26 241 1199 1906
236 1209 227 1199 1906
487 49 223 1199 1906
110 292 221 1200 1907
382 1207 232 1200 1907
777 1204 221 1200 1907
254 1043 231 1200 1907
284 1217 240 1200 1907
216 27 241 1200 1907
236 1210 228 1200 1907
487 50 223 1200 1907
732 121 221 1201 1908
382 1208 224 1201 1908
254 1044 227 1201 1908
222 1221 224 1201 1908
538 1200 222 1201 1908
284 1218 243 1201 1908
216 28 241 1201 1908
487 51 224 1201 1908
732 122 222 1202 1909
382 1209 224 1202 1909
254 1045 232 1202 1909
318 122 228 1202 1909
608 639 222 1202 1909
284 1219 233 1202 1909
291 426 223 1202 1909
625 273 221 1202 1909
216 29 242 1202 1909
487 52 225 1202 1909
254 1046 226 1203 1910
318 123 223 1203 1910
284 1220 238 1203 1910
216 30 234 1203 1910
236 1213 226 1203 1910
254 1047 223 1204 1911
284 1221 232 1204 1911
216 31 229 1204 1911
236 1214 225 1204 1911
487 54 221 1204 1911
382 1212 226 1205 1912
222 1225 225 1205 1912
284 1222 234 1205 1912
216 32 236 1205 1912
382 1213 224 1206 1913
254 1049 226 1206 1913
318 126 222 1206 1913
222 1226 229 1206 1913
284 1223 244 1206 1913
216 33 233 1206 1913
382 1214 223 1207 1914
254 1050 225 1207 1914
284 1224 238 1207 1914
236 1217 223 1207 1914
487 57 224 1207 1914
254 1051 221 1208 1915
284 1225 246 1208 1915
216 35 227 1208 1915
236 1218 225 1208 1915
222 1229 222 1209 1916
284 1226 246 1209 1916
216 36 221 1209 1916
236 1219 227 1209 1916
382 1217 235 1210 1917
236 1220 221 1210 1917
216 38 224 1211 1918
382 1219 227 1212 1919
254 1055 224 1212 1919
216 39 223 1212 1919
284 1230 241 1213 1920
216 40 228 1213 1920
236 1223 221 1213 1920
254 1057 229 1214 1921
284 1231 241 1214 1921
732 135 221 1215 1922
382 1222 233 1215 1922
254 1058 223 1215 1922
284 1232 231 1215 1922
216 42 225 1215 1922
254 1059 231 1216 1923
284 1233 226 1216 1923
625 287 227 1216 1923
216 43 234 1216 1923
236 1226 232 1216 1923
487 66 222 1216 1923
382 1224 223 1217 1924
777 1221 222 1217 1924
318 137 223 1217 1924
254 1060 233 1217 1924
216 44 233 1217 1924
254 1061 227 1218 1925
216 45 229 1218 1925
732 139 221 1219 1926
382 1226 224 1219 1926
318 139 225 1219 1926
254 1062 229 1219 1926
538 1218 225 1219 1926
487 69 222 1219 1926
777 1224 223 1220 1927
254 1063 227 1220 1927
318 140 232 1220 1927
216 47 243 1220 1927
732 141 226 1221 1928
715 470 221 1221 1928
318 141 231 1221 1928
254 1064 233 1221 1928
216 48 246 1221 1928
732 142 225 1222 1929
318 142 230 1222 1929
538 1221 223 1222 1929
216 49 229 1222 1929
382 1230 227 1223 1930
318 143 221 1223 1930
254 1066 237 1223 1930
538 1222 227 1223 1930
216 50 242 1223 1930
254 1067 221 1224 1931
672 150 222 1224 1931
538 1223 225 1224 1931
216 51 246 1224 1931
382 1232 225 1225 1932
318 145 222 1225 1932
672 151 221 1225 1932
254 1068 235 1225 1932
216 52 247 1225 1932
382 1233 223 1226 1933
672 152 223 1226 1933
254 1069 233 1226 1933
216 53 242 1226 1933
525 1237 223 1227 1934
382 1234 221 1227 1934
216 54 242 1227 1934
254 1071 223 1228 1935
216 55 237 1228 1935
254 1072 225 1229 1936
216 56 225 1229 1936
382 1237 225 1230 1937
254 1073 221 1230 1937
672 156 223 1230 1937
216 57 231 1230 1937
382 1238 228 1231 1938
254 1074 228 1231 1938
672 157 223 1231 1938
216 58 238 1231 1938
318 152 222 1232 1939
254 1075 223 1232 1939
216 59 232 1232 1939
318 153 223 1233 1940
254 1076 227 1233 1940
672 159 222 1233 1940
216 60 231 1233 1940
254 1077 225 1234 1941
538 1233 223 1234 1941
216 61 235 1234 1941
236 1244 223 1234 1941
732 155 221 1235 1942
382 1242 224 1235 1942
254 1078 222 1235 1942
538 1234 224 1235 1942
216 62 235 1235 1942
487 85 225 1235 1942
732 156 221 1236 1943
382 1243 222 1236 1943
216 63 227 1236 1943
487 86 225 1236 1943
732 157 221 1237 1944
382 1244 223 1237 1944
254 1080 226 1237 1944
216 64 231 1237 1944
382 1245 225 1238 1945
254 1081 222 1238 1945
382 1246 226 1239 1946
216 66 224 1239 1946
382 1247 228 1240 1947
216 67 224 1240 1947
382 1248 226 1241 1948
254 1084 221 1241 1948
216 68 223 1241 1948
382 1249 233 1242 1949
318 162 221 1242 1949
254 1086 222 1243 1950
216 70 225 1243 1950
236 1253 221 1243 1950
382 1251 228 1244 1951
732 165 224 1245 1952
382 1252 225 1245 1952
216 72 223 1245 1952
216 73 221 1246 1953
216 74 221 1247 1954
216 75 221 1248 1955
216 76 225 1249 1956
216 77 235 1250 1957
382 1258 222 1251 1958
236 1261 221 1251 1958
216 78 230 1251 1958
318 172 221 1252 1959
236 1262 222 1252 1959
216 79 231 1252 1959
254 1096 223 1253 1960
216 80 225 1253 1960
382 1261 224 1254 1961
236 1264 221 1254 1961
216 82 225 1255 1962
236 1266 225 1256 1963
732 177 221 1257 1964
216 84 221 1257 1964
382 1265 223 1258 1965
216 85 228 1258 1965
382 1266 222 1259 1966
216 86 232 1259 1966
382 1267 228 1260 1967
254 1103 223 1260 1967
216 87 228 1260 1967
382 1268 225 1261 1968
216 88 228 1261 1968
254 1105 226 1262 1969
216 89 229 1262 1969
382 1271 223 1264 1971
236 1280 221 1270 1977
318 191 221 1271 1978
284 1288 225 1271 1978
672 197 227 1271 1978
382 1279 221 1272 1979
732 192 227 1272 1979
318 192 225 1272 1979
254 1115 223 1272 1979
672 198 227 1272 1979
284 1289 225 1272 1979
236 1282 224 1272 1979
382 1280 231 1273 1980
732 193 223 1273 1980
672 199 226 1273 1980
732 194 223 1274 1981
254 1117 221 1274 1981
284 1291 221 1274 1981
236 1284 221 1274 1981
216 101 221 1274 1981
732 195 223 1275 1982
525 1285 221 1275 1982
732 196 225 1276 1983
382 1283 224 1276 1983
254 1119 223 1276 1983
732 197 221 1277 1984
382 1284 221 1277 1984
318 198 221 1278 1985
254 1121 221 1278 1985
382 1286 223 1279 1986
318 199 221 1279 1986
732 200 233 1280 1987
291 504 222 1280 1987
318 200 224 1280 1987
525 1290 227 1280 1987
672 206 230 1280 1987
236 1290 231 1280 1987
732 201 226 1281 1988
525 1291 227 1281 1988
672 207 221 1281 1988
284 1298 221 1281 1988
487 131 224 1281 1988
236 1291 231 1281 1988
732 202 228 1282 1989
318 202 223 1282 1989
525 1292 231 1282 1989
254 1125 221 1282 1989
236 1292 227 1282 1989
732 203 229 1283 1990
318 203 231 1283 1990
525 1293 232 1283 1990
284 1300 223 1283 1990
236 1293 225 1283 1990
216 110 224 1283 1990
732 204 225 1284 1991
291 508 221 1284 1991
318 204 235 1284 1991
525 1294 221 1284 1991
487 134 226 1284 1991
732 205 234 1285 1992
318 205 221 1285 1992
525 1295 224 1285 1992
538 1284 223 1285 1992
236 1295 223 1285 1992
487 135 222 1285 1992
216 112 227 1285 1992
732 206 230 1286 1993
318 206 225 1286 1993
525 1296 225 1286 1993
216 113 225 1286 1993
732 207 227 1287 1994
382 1294 221 1287 1994
291 511 223 1287 1994
318 207 227 1287 1994
525 1297 222 1287 1994
236 1297 223 1287 1994
487 137 223 1287 1994
216 114 223 1287 1994
625 47 221 1288 1995
732 208 229 1288 1995
291 512 224 1288 1995
318 208 231 1288 1995
284 1305 236 1288 1995
236 1298 222 1288 1995
732 209 221 1289 1996
318 209 223 1289 1996
284 1306 225 1289 1996
216 116 221 1289 1996
382 1297 223 1290 1997
318 210 221 1290 1997
284 1307 223 1290 1997
291 515 223 1291 1998
672 217 223 1291 1998
284 1308 227 1291 1998
236 1301 222 1291 1998
216 118 223 1291 1998
318 212 221 1292 1999
284 1309 225 1292 1999
236 1302 223 1292 1999
672 219 224 1293 2000
284 1310 233 1293 2000
236 1303 221 1293 2000
216 120 233 1293 2000
672 220 228 1294 2001
216 121 232 1294 2001
318 215 224 1295 2002
672 221 224 1295 2002
284 1312 225 1295 2002
216 122 237 1295 2002
291 520 221 1296 2003
284 1313 224 1296 2003
216 123 223 1296 2003
318 217 221 1297 2004
672 223 223 1297 2004
284 1314 227 1297 2004
216 124 223 1297 2004
625 57 221 1297 2004
732 218 223 1298 2005
382 1305 227 1298 2005
525 1308 221 1298 2005
236 1308 223 1298 2005
284 1315 221 1298 2005
216 125 235 1298 2005
525 1309 224 1299 2006
672 225 221 1299 2006
284 1316 231 1299 2006
216 126 237 1299 2006
672 226 228 1300 2007
236 1310 226 1300 2007
216 127 223 1300 2007
732 221 221 1301 2008
291 525 227 1301 2008
525 1311 226 1301 2008
284 1318 227 1301 2008
236 1311 221 1301 2008
216 128 233 1301 2008
284 1319 223 1302 2009
216 129 223 1302 2009
732 223 223 1303 2010
525 1313 223 1303 2010
284 1320 227 1303 2010
236 1313 222 1303 2010
732 224 222 1304 2011
672 230 224 1304 2011
291 529 223 1305 2012
284 1322 221 1305 2012
382 1314 221 1307 2014
525 1317 224 1307 2014
254 1150 223 1307 2014
236 1317 226 1307 2014
732 228 225 1308 2015
318 228 224 1308 2015
318 229 227 1309 2016
254 1152 227 1309 2016
236 1319 221 1309 2016
236 1320 221 1310 2017
216 137 227 1310 2017
