118 47 232 0 755
78 51 225 0 755
53 17 224 0 755
631 15 221 0 755
720 28 226 0 755
660 51 224 0 755
118 48 231 1 756
760 18 223 2 757
720 30 229 2 757
78 54 229 3 758
720 31 231 3 758
631 19 230 4 759
660 57 221 7 762
631 22 233 7 762
720 35 226 7 762
720 40 221 12 767
631 28 232 13 768
720 41 222 13 768
78 66 225 15 770
339 60 221 15 770
53 32 235 15 770
631 30 223 15 770
720 43 227 15 770
660 66 229 16 771
631 31 223 16 771
720 44 225 16 771
660 68 238 18 773
339 63 226 18 773
760 34 225 18 773
631 33 225 18 773
720 46 242 18 773
78 70 227 19 774
339 64 227 19 774
720 47 225 19 774
339 65 241 20 775
631 35 223 20 775
339 66 247 21 776
339 67 237 22 777
787 66 235 22 777
339 68 247 23 778
700 67 224 23 778
152 85 221 24 779
676 87 224 25 780
102 81 233 25 780
323 11 227 25 780
720 53 230 25 780
208 91 223 25 780
492 18 222 25 780
583 91 225 26 781
323 12 221 26 781
356 88 233 27 782
764 24 242 28 783
171 45 221 29 784
489 32 235 29 784
325 87 222 29 784
590 92 241 29 784
551 90 224 29 784
66 23 222 29 784
419 74 237 29 784
678 70 223 30 785
319 94 229 30 785
297 26 224 30 785
91 34 233 30 785
559 82 222 30 785
537 77 222 30 785
684 69 221 31 786
226 87 239 31 786
725 3 229 31 786
83 27 233 31 786
522 95 224 31 786
676 94 246 32 787
304 86 225 32 787
678 72 227 32 787
356 93 230 32 787
87 73 224 32 787
304 87 222 33 788
678 73 223 33 788
497 92 224 33 788
225 17 222 34 789
323 20 222 34 789
497 93 227 34 789
356 95 225 34 789
676 97 222 35 790
497 94 222 35 790
87 76 231 35 790
676 99 235 37 792
678 77 226 37 792
563 102 223 37 792
497 96 225 37 792
87 78 224 37 792
676 100 221 38 793
304 92 221 38 793
678 78 221 38 793
497 97 232 38 793
87 79 227 38 793
462 22 221 39 794
563 104 222 39 794
225 22 222 39 794
323 25 231 39 794
497 98 227 39 794
356 100 225 39 794
87 80 225 39 794
676 102 226 40 795
225 23 222 40 795
678 80 225 40 795
323 26 233 40 795
356 101 221 40 795
304 95 223 41 796
563 106 223 41 796
678 81 222 41 796
497 100 221 41 796
87 82 227 41 796
676 104 224 42 797
563 107 221 42 797
497 101 222 42 797
87 83 232 42 797
225 26 222 43 798
87 84 239 43 798
678 84 224 44 799
225 27 225 44 799
87 85 222 44 799
563 110 221 45 800
225 28 223 45 800
225 29 227 46 801
497 105 221 46 801
225 30 222 47 802
678 87 221 47 802
87 89 221 48 803
678 89 223 49 804
87 90 235 49 804
87 91 227 50 805
323 37 221 51 806
87 92 222 51 806
87 93 226 52 807
356 113 229 52 807
676 115 224 53 808
497 112 222 53 808
87 94 228 53 808
356 114 222 53 808
676 116 224 54 809
323 40 221 54 809
87 95 223 54 809
356 115 221 54 809
87 96 226 55 810
356 116 224 55 810
676 118 225 56 811
356 117 229 56 811
676 119 226 57 812
87 98 222 57 812
356 118 228 57 812
225 41 224 58 813
497 117 222 58 813
87 99 231 58 813
356 119 233 58 813
225 42 224 59 814
497 118 222 59 814
87 100 235 59 814
356 120 231 59 814
676 122 226 60 815
323 46 228 60 815
497 119 221 60 815
356 121 231 60 815
676 123 222 61 816
678 101 226 61 816
323 47 233 61 816
306 130 229 61 816
87 102 225 61 816
356 122 230 61 816
676 124 221 62 817
678 102 225 62 817
87 103 224 62 817
678 103 225 63 818
225 46 221 63 818
563 128 222 63 818
304 117 221 63 818
87 104 230 63 818
356 124 225 63 818
462 47 224 64 819
676 126 229 64 819
323 50 224 64 819
87 105 236 64 819
356 125 225 64 819
304 119 223 65 820
87 106 221 65 820
356 126 221 65 820
497 125 222 66 821
304 120 233 66 821
87 107 222 66 821
678 3 225 66 821
356 128 225 67 822
497 127 233 68 823
87 109 224 68 823
678 5 222 68 823
462 52 222 69 824
225 52 227 69 824
497 128 226 69 824
306 138 225 69 824
678 6 222 69 824
304 124 224 70 825
225 54 221 71 826
563 136 231 71 826
497 130 224 71 826
304 125 221 71 826
306 140 221 71 826
87 112 225 71 826
87 113 222 72 827
225 56 222 73 828
356 134 221 73 828
678 10 235 73 828
225 57 228 74 829
304 128 226 74 829
563 139 230 74 829
306 143 233 74 829
87 115 223 74 829
462 58 224 75 830
497 134 225 75 830
462 59 224 76 831
678 2 222 76 831
225 59 222 76 831
304 130 228 76 831
497 135 237 76 831
304 131 221 77 832
497 136 223 77 832
462 61 228 78 833
678 4 236 78 833
225 61 226 78 833
563 143 227 78 833
304 132 230 78 833
323 64 224 78 833
87 119 236 78 833
462 62 227 79 834
225 62 223 79 834
497 138 224 79 834
306 148 229 79 834
87 120 230 79 834
462 63 221 80 835
678 6 225 80 835
225 63 226 80 835
497 139 221 80 835
306 149 233 80 835
87 121 233 80 835
462 64 233 81 836
225 64 228 81 836
304 135 235 81 836
497 140 221 81 836
87 122 233 81 836
462 65 239 82 837
563 147 227 82 837
304 136 231 82 837
497 141 222 82 837
87 123 228 82 837
225 66 223 83 838
563 148 235 83 838
497 142 228 83 838
304 137 235 83 838
306 152 222 83 838
356 144 221 83 838
87 124 223 83 838
462 67 241 84 839
497 143 224 84 839
304 138 227 84 839
306 153 235 84 839
356 145 221 84 839
87 125 228 84 839
462 68 223 85 840
678 11 230 85 840
225 68 223 85 840
497 144 224 85 840
306 154 222 85 840
87 126 233 85 840
225 69 225 86 841
306 155 222 86 841
304 141 223 87 842
497 146 236 87 842
323 73 227 87 842
306 156 232 87 842
87 128 225 87 842
225 71 226 88 843
497 147 232 88 843
306 157 223 88 843
87 129 234 88 843
225 72 223 89 844
563 154 221 89 844
306 158 223 89 844
87 130 232 89 844
304 144 232 90 845
356 151 232 90 845
87 131 229 90 845
225 74 227 91 846
497 150 225 91 846
304 145 242 91 846
462 75 222 92 847
678 18 231 92 847
225 75 227 92 847
563 157 223 92 847
497 151 227 92 847
304 146 223 92 847
306 161 241 92 847
356 153 241 92 847
462 76 232 93 848
678 19 239 93 848
225 76 224 93 848
563 158 230 93 848
304 147 224 93 848
306 162 239 93 848
356 154 221 93 848
678 20 235 94 849
225 77 222 94 849
306 163 221 94 849
87 135 231 95 850
497 154 233 95 850
304 149 224 95 850
356 156 222 95 850
678 22 224 96 851
497 155 231 96 851
563 161 233 96 851
304 150 238 96 851
306 165 237 96 851
356 157 227 96 851
87 137 235 97 852
497 156 229 97 852
462 81 227 98 853
497 157 230 98 853
306 167 224 98 853
356 159 235 98 853
462 82 232 99 854
678 25 222 99 854
225 82 237 99 854
497 158 255 99 854
563 164 237 99 854
304 153 230 99 854
306 168 237 99 854
323 85 229 99 854
356 160 229 99 854
462 83 221 100 855
678 26 245 100 855
497 159 231 100 855
304 154 221 100 855
87 141 233 100 855
87 142 238 101 856
225 85 222 102 857
563 167 225 102 857
306 171 226 102 857
462 86 225 103 858
678 29 222 103 858
497 162 222 103 858
306 172 221 103 858
356 164 234 103 858
462 87 229 104 859
678 30 221 104 859
676 166 222 104 859
497 163 223 104 859
323 90 228 104 859
356 165 223 104 859
87 145 234 104 859
87 146 230 105 860
323 92 226 106 861
356 167 224 106 861
87 147 228 106 861
225 90 222 107 862
497 166 229 107 862
356 168 222 107 862
87 148 227 107 862
225 91 224 108 863
497 167 235 108 863
356 169 226 108 863
87 149 224 108 863
225 92 224 109 864
497 168 234 109 864
356 170 224 109 864
87 150 222 109 864
676 172 221 110 865
225 93 225 110 865
497 169 233 110 865
356 171 222 110 865
87 151 223 110 865
225 94 223 111 866
497 170 233 111 866
323 97 222 111 866
676 174 222 112 867
225 95 221 112 867
563 177 222 112 867
497 171 225 112 867
356 173 222 112 867
87 153 223 112 867
225 96 223 113 868
497 172 224 113 868
323 99 221 113 868
356 174 222 113 868
87 154 222 113 868
676 176 221 114 869
225 97 227 114 869
497 173 224 114 869
563 179 223 114 869
323 100 221 114 869
87 155 229 114 869
225 98 225 115 870
497 174 223 115 870
563 180 222 115 870
323 101 222 115 870
304 169 223 115 870
356 176 222 115 870
87 156 221 115 870
676 178 225 116 871
225 99 223 116 871
497 175 221 116 871
563 181 222 116 871
304 170 225 116 871
87 157 226 116 871
676 179 224 117 872
225 100 221 117 872
323 103 224 117 872
304 171 224 117 872
87 158 224 117 872
676 180 222 118 873
225 101 226 118 873
497 177 223 118 873
304 172 223 118 873
87 159 230 118 873
676 181 224 119 874
678 46 222 120 875
676 182 227 120 875
323 106 223 120 875
87 161 221 120 875
678 47 221 121 876
225 104 222 121 876
323 107 222 121 876
225 106 225 123 878
87 164 228 123 878
676 186 223 124 879
497 183 225 124 879
87 165 226 124 879
676 187 225 125 880
323 111 227 125 880
87 166 225 125 880
676 188 231 126 881
676 189 225 127 882
497 186 224 127 882
678 54 221 128 883
676 190 223 128 883
497 187 225 128 883
676 192 221 130 885
497 189 225 130 885
676 193 221 131 886
497 192 222 133 888
497 194 222 135 890
87 176 223 135 890
497 199 224 140 895
323 127 222 141 896
323 128 223 142 897
497 201 221 142 897
678 69 223 143 898
462 38 221 144 899
676 211 222 149 904
323 135 222 149 904
676 214 221 152 907
676 216 227 154 909
676 217 227 155 910
676 223 223 161 916
676 224 221 162 917
323 148 221 162 917
676 225 221 163 918
323 151 224 165 920
304 221 223 167 922
678 94 222 168 923
676 230 222 168 923
356 229 222 168 923
497 227 225 168 923
678 95 228 169 924
676 231 221 169 924
676 232 226 170 925
225 153 225 170 925
356 231 226 170 925
676 233 223 171 926
225 154 222 171 926
676 234 224 172 927
676 236 223 174 929
676 237 223 175 930
225 158 222 175 930
497 234 224 175 930
87 216 222 176 931
323 162 224 176 931
676 239 227 177 932
497 236 221 177 932
87 218 222 178 933
676 240 231 178 933
676 241 227 179 934
225 162 225 179 934
497 238 222 179 934
676 242 227 180 935
563 245 223 180 935
356 241 221 180 935
676 243 227 181 936
563 246 221 181 936
676 244 223 182 937
563 247 224 182 937
676 245 222 183 938
497 242 222 183 938
676 246 231 184 939
462 79 221 185 940
676 247 226 185 940
323 171 230 185 940
87 226 225 186 941
676 249 222 187 942
87 228 221 188 943
676 250 224 188 943
87 229 221 189 944
676 251 227 189 944
676 252 224 190 945
225 173 222 190 945
323 177 223 191 946
676 254 221 192 947
225 175 223 192 947
676 255 222 193 948
323 179 223 193 948
676 256 221 194 949
678 120 221 194 949
676 257 230 195 950
356 256 221 195 950
676 258 229 196 951
323 182 222 196 951
676 259 226 197 952
323 183 223 197 952
676 260 230 198 953
356 259 221 198 953
676 261 224 199 954
676 262 223 200 955
497 262 221 203 958
323 189 221 203 958
225 187 224 204 959
563 269 221 204 959
356 265 221 204 959
304 258 221 204 959
87 245 222 205 960
676 268 224 206 961
87 247 223 207 962
678 133 223 207 962
497 266 221 207 962
87 248 230 208 963
676 270 225 208 963
497 267 221 208 963
323 194 221 208 963
87 249 225 209 964
462 103 221 209 964
676 271 222 209 964
356 270 223 209 964
497 268 222 209 964
676 272 223 210 965
497 269 222 210 965
87 251 224 211 966
87 252 222 212 967
676 274 222 212 967
323 198 222 212 967
87 253 226 213 968
87 254 226 214 969
678 140 224 214 969
225 197 223 214 969
676 277 234 215 970
678 141 225 215 970
497 274 224 215 970
563 280 224 215 970
225 198 229 215 970
676 278 226 216 971
497 275 221 216 971
563 281 222 216 971
225 199 227 216 971
87 257 225 217 972
676 279 227 217 972
678 143 229 217 972
356 278 224 217 972
497 276 230 217 972
225 200 226 217 972
87 258 223 218 973
676 280 226 218 973
678 144 222 218 973
497 277 223 218 973
225 201 228 218 973
323 204 224 218 973
87 259 227 219 974
676 281 221 219 974
225 202 226 219 974
87 260 223 220 975
676 282 233 220 975
462 114 222 220 975
225 203 222 220 975
323 206 221 220 975
304 274 222 221 976
87 261 233 221 976
676 283 238 221 976
497 280 224 221 976
225 204 226 221 976
563 286 225 221 976
676 284 228 222 977
356 283 226 222 977
497 281 225 222 977
225 205 230 222 977
87 263 224 223 978
676 285 224 223 978
225 206 235 223 978
87 264 230 224 979
462 118 222 224 979
497 283 224 224 979
225 207 225 224 979
87 265 247 225 980
676 287 224 225 980
323 211 222 225 980
87 266 243 226 981
678 152 223 226 981
497 285 227 226 981
87 267 243 227 982
306 296 222 227 982
356 288 225 227 982
497 286 222 227 982
225 210 222 227 982
87 268 245 228 983
676 290 228 228 983
678 154 233 228 983
356 289 224 228 983
225 211 227 229 984
678 155 231 229 984
356 290 226 229 984
497 288 221 229 984
87 270 252 230 985
676 292 222 230 985
678 156 225 230 985
87 271 248 231 986
676 293 223 231 986
678 157 229 231 986
356 292 222 231 986
323 217 222 231 986
87 272 237 232 987
676 294 222 232 987
678 158 233 232 987
356 293 223 232 987
87 273 242 233 988
678 159 223 233 988
323 219 221 233 988
563 298 230 234 989
676 296 224 234 989
678 160 230 234 989
356 295 222 234 989
323 220 223 234 989
87 275 235 235 990
676 297 224 235 990
678 161 227 235 990
563 300 226 236 991
676 298 225 236 991
462 130 225 236 991
678 162 223 236 991
87 277 239 237 992
323 224 221 238 993
497 297 221 238 993
87 279 228 239 994
676 301 225 239 994
87 280 229 240 995
676 302 229 240 995
462 134 225 240 995
678 166 222 240 995
87 281 231 241 996
676 303 223 241 996
87 282 233 242 997
676 304 227 242 997
678 168 221 242 997
87 283 237 243 998
676 305 221 243 998
678 169 223 243 998
356 304 222 243 998
87 284 232 244 999
676 306 223 244 999
678 170 222 244 999
356 305 221 244 999
323 230 224 244 999
87 285 233 245 1000
87 286 233 246 1001
87 287 233 247 1002
87 288 234 248 1003
676 310 221 248 1003
87 289 235 249 1004
676 312 224 250 1005
304 304 222 251 1006
676 313 221 251 1006
497 310 223 251 1006
563 316 222 252 1007
87 292 228 252 1007
304 305 234 252 1007
676 314 223 252 1007
356 313 224 252 1007
87 293 232 253 1008
304 306 228 253 1008
462 147 227 253 1008
678 179 222 253 1008
356 314 221 253 1008
563 318 223 254 1009
304 307 239 254 1009
676 316 222 254 1009
462 148 228 254 1009
678 180 232 254 1009
323 240 227 254 1009
497 313 222 254 1009
306 323 225 255 1010
87 295 237 255 1010
304 308 224 255 1010
676 317 228 255 1010
462 149 233 255 1010
678 181 227 255 1010
497 314 221 255 1010
306 324 227 256 1011
563 320 221 256 1011
676 318 225 256 1011
462 150 222 256 1011
678 182 225 256 1011
356 317 222 256 1011
497 315 223 256 1011
306 325 225 257 1012
304 310 230 257 1012
356 318 223 257 1012
323 243 228 257 1012
563 322 235 258 1013
306 326 231 258 1013
87 298 233 258 1013
304 311 223 258 1013
314 324 221 261 1016
618 325 237 261 1016
342 324 228 261 1016
293 311 222 261 1016
678 187 221 261 1016
309 313 221 261 1016
127 339 230 261 1016
402 322 233 262 1017
686 305 224 262 1017
297 257 226 262 1017
262 173 237 262 1017
431 30 222 262 1017
278 328 223 262 1017
737 312 233 262 1017
510 15 223 262 1017
696 317 227 262 1017
262 174 236 263 1018
344 317 229 263 1018
785 316 253 263 1018
251 319 224 263 1018
626 297 233 263 1018
785 317 241 264 1019
486 316 227 265 1020
132 295 237 265 1020
785 318 238 265 1020
528 298 235 266 1021
88 297 224 266 1021
785 319 229 266 1021
157 337 225 267 1022
600 305 228 267 1022
707 274 230 267 1022
74 335 236 267 1022
785 320 240 267 1022
490 264 225 268 1023
157 338 221 268 1023
785 321 237 268 1023
560 330 221 268 1023
711 235 225 268 1023
614 322 226 269 1024
592 328 233 269 1024
785 322 247 269 1024
560 331 246 269 1024
709 324 227 269 1024
626 303 228 269 1024
305 420 224 270 1025
785 323 238 270 1025
560 332 222 270 1025
785 324 237 271 1026
560 333 224 271 1026
89 339 221 273 1028
785 326 222 273 1028
89 340 228 274 1029
255 309 223 275 1030
146 249 227 275 1030
89 341 223 275 1030
676 337 226 275 1030
720 303 224 275 1030
785 328 232 275 1030
649 329 221 276 1031
558 321 223 276 1031
255 310 221 276 1031
146 250 222 276 1031
89 342 222 276 1031
785 329 227 276 1031
558 322 221 277 1032
676 339 221 277 1032
785 330 233 277 1032
676 340 222 278 1033
68 384 221 278 1033
785 331 231 278 1033
676 341 227 279 1034
380 279 222 279 1034
720 307 221 279 1034
785 332 227 279 1034
720 308 222 280 1035
785 333 225 280 1035
89 347 223 281 1036
720 309 222 281 1036
785 334 227 281 1036
560 343 222 281 1036
255 316 223 282 1037
785 335 226 282 1037
785 336 233 283 1038
89 350 221 284 1039
676 346 222 284 1039
785 337 228 284 1039
255 319 225 285 1040
785 338 224 285 1040
558 331 221 286 1041
255 320 229 286 1041
785 339 223 286 1041
560 348 221 286 1041
89 353 229 287 1042
785 340 230 287 1042
560 349 223 287 1042
255 322 227 288 1043
785 341 226 288 1043
560 350 222 288 1043
255 323 226 289 1044
676 351 222 289 1044
785 342 226 289 1044
560 351 225 289 1044
649 343 222 289 1044
89 356 229 290 1045
255 324 224 290 1045
560 352 225 290 1045
255 325 226 291 1046
89 357 221 291 1046
785 344 237 291 1046
785 345 224 292 1047
560 354 223 292 1047
255 327 221 293 1048
560 355 224 293 1048
785 347 231 294 1049
676 357 224 295 1050
785 348 222 295 1050
676 358 224 296 1051
785 349 225 296 1051
89 363 222 297 1052
676 359 225 297 1052
785 350 226 297 1052
785 351 230 298 1053
89 365 226 299 1054
785 352 225 299 1054
560 362 221 300 1055
558 346 221 301 1056
118 18 222 301 1056
89 369 222 303 1058
380 303 223 303 1058
785 356 223 303 1058
558 349 223 304 1059
89 370 224 304 1059
380 304 222 304 1059
785 357 221 304 1059
89 371 224 305 1060
380 305 222 305 1060
785 358 221 305 1060
380 306 222 306 1061
785 359 226 306 1061
255 341 223 307 1062
380 307 222 307 1062
118 24 223 307 1062
380 308 221 308 1063
785 361 227 308 1063
118 25 223 308 1063
255 343 221 309 1064
89 375 223 309 1064
380 309 221 309 1064
785 362 228 309 1064
255 344 223 310 1065
89 376 224 310 1065
380 310 222 310 1065
785 363 227 310 1065
89 377 222 311 1066
380 311 222 311 1066
785 364 231 311 1066
89 378 223 312 1067
785 365 232 312 1067
785 366 232 313 1068
89 380 221 314 1069
720 342 221 314 1069
785 367 227 314 1069
89 381 221 315 1070
785 368 224 315 1070
89 382 221 316 1071
785 369 232 316 1071
89 383 226 317 1072
785 370 231 317 1072
676 380 222 318 1073
785 371 227 318 1073
785 372 230 319 1074
560 381 222 319 1074
118 37 223 320 1075
560 382 224 320 1075
785 373 229 320 1075
676 383 221 321 1076
720 349 222 321 1076
89 388 227 322 1077
676 384 222 322 1077
785 375 224 322 1077
89 389 221 323 1078
676 385 223 323 1078
785 376 223 323 1078
676 386 222 324 1079
785 377 226 324 1079
89 391 227 325 1080
785 378 224 325 1080
560 387 223 325 1080
785 379 229 326 1081
560 388 223 327 1082
89 393 222 327 1082
785 380 230 327 1082
560 389 225 327 1082
380 328 221 328 1083
785 381 236 328 1083
560 390 222 328 1083
89 395 221 329 1084
785 382 235 329 1084
785 383 231 330 1085
785 384 228 331 1086
785 385 230 332 1087
89 400 223 334 1089
785 388 221 335 1090
785 389 222 336 1091
255 371 222 337 1092
785 390 231 337 1092
380 338 225 338 1093
785 391 232 338 1093
560 400 222 339 1094
785 392 232 339 1094
255 374 227 340 1095
785 393 231 340 1095
380 341 221 341 1096
785 394 231 341 1096
560 403 221 342 1097
558 387 221 342 1097
89 408 224 342 1097
255 376 223 342 1097
785 395 230 342 1097
89 409 221 343 1098
255 377 222 343 1098
785 396 230 343 1098
560 405 222 344 1099
558 389 221 344 1099
255 378 227 344 1099
720 372 224 344 1099
118 61 221 344 1099
785 397 229 344 1099
785 398 232 345 1100
255 1 223 346 1101
785 399 228 346 1101
676 409 223 347 1102
785 400 230 347 1102
255 3 221 348 1103
785 401 231 348 1103
255 4 232 349 1104
676 411 221 349 1104
785 402 228 349 1104
560 411 223 350 1105
89 416 223 350 1105
89 417 221 351 1106
785 404 235 351 1106
255 7 221 352 1107
118 69 223 352 1107
785 405 226 352 1107
676 415 221 353 1108
720 381 224 353 1108
118 70 224 353 1108
785 406 227 353 1108
676 416 222 354 1109
118 71 222 354 1109
785 407 225 354 1109
118 72 222 355 1110
785 408 233 355 1110
118 73 221 356 1111
785 409 223 356 1111
118 74 223 357 1112
785 410 233 357 1112
558 403 224 358 1113
380 358 223 358 1113
720 386 222 358 1113
118 75 229 358 1113
785 411 231 358 1113
118 76 223 359 1114
785 412 227 359 1114
380 360 235 360 1115
118 77 225 360 1115
785 413 229 360 1115
558 406 222 361 1116
255 16 224 361 1116
380 361 230 361 1116
720 389 224 361 1116
118 78 228 361 1116
785 414 227 361 1116
560 423 223 362 1117
558 407 221 362 1117
255 17 222 362 1117
676 424 223 362 1117
380 362 226 362 1117
785 415 234 362 1117
558 408 223 363 1118
255 18 221 363 1118
89 429 226 363 1118
380 363 223 363 1118
118 80 225 363 1118
785 416 231 363 1118
560 425 221 364 1119
146 338 222 364 1119
558 409 224 364 1119
89 430 222 364 1119
380 364 229 364 1119
785 417 233 364 1119
560 426 221 365 1120
380 365 230 365 1120
118 82 222 365 1120
785 418 233 365 1120
558 411 228 366 1121
118 83 223 366 1121
785 419 227 366 1121
558 412 225 367 1122
89 433 226 367 1122
785 420 237 367 1122
89 434 223 368 1123
720 396 224 368 1123
785 421 240 368 1123
560 430 221 369 1124
146 343 222 369 1124
720 397 222 369 1124
118 86 224 369 1124
785 422 237 369 1124
89 436 223 370 1125
785 423 241 370 1125
785 424 233 371 1126
255 27 222 372 1127
118 89 224 372 1127
785 425 237 372 1127
255 28 221 373 1128
676 435 222 373 1128
380 373 221 373 1128
785 426 241 373 1128
560 435 223 374 1129
255 29 222 374 1129
380 374 224 374 1129
785 427 234 374 1129
560 436 225 375 1130
676 437 221 375 1130
380 375 223 375 1130
720 403 222 375 1130
560 437 223 376 1131
255 31 223 376 1131
676 438 222 376 1131
380 376 222 376 1131
720 404 222 376 1131
785 429 222 376 1131
255 32 222 377 1132
380 377 221 377 1132
720 405 223 377 1132
785 430 230 377 1132
255 33 225 378 1133
676 440 222 378 1133
785 431 230 378 1133
560 440 224 379 1134
380 379 226 379 1134
785 432 229 379 1134
560 441 225 380 1135
785 433 227 380 1135
255 36 226 381 1136
558 426 225 381 1136
785 434 229 381 1136
255 37 224 382 1137
380 382 221 382 1137
785 435 229 382 1137
255 38 224 383 1138
785 436 230 383 1138
560 445 222 384 1139
255 39 221 384 1139
676 446 225 384 1139
380 384 227 384 1139
785 437 233 384 1139
560 446 222 385 1140
255 40 227 385 1140
558 430 221 385 1140
676 447 225 385 1140
380 385 228 385 1140
785 438 225 385 1140
560 447 223 386 1141
380 386 222 386 1141
785 439 228 386 1141
255 42 225 387 1142
89 453 221 387 1142
785 440 237 387 1142
560 449 222 388 1143
676 450 223 388 1143
720 416 223 388 1143
785 441 236 388 1143
560 450 221 389 1144
676 451 222 389 1144
785 442 234 389 1144
255 45 222 390 1145
558 435 223 390 1145
676 452 228 390 1145
89 456 221 390 1145
785 443 229 390 1145
255 46 222 391 1146
785 444 235 391 1146
558 437 223 392 1147
380 392 226 392 1147
785 445 233 392 1147
560 454 222 393 1148
255 48 221 393 1148
89 459 224 393 1148
785 446 229 394 1149
560 455 222 394 1149
89 460 223 394 1149
785 447 223 395 1150
785 448 232 396 1151
785 449 229 397 1152
118 114 224 397 1152
785 450 224 398 1153
89 464 224 398 1153
785 451 229 399 1154
785 452 227 400 1155
89 466 222 400 1155
720 428 221 400 1155
785 453 226 400 1155
255 56 221 401 1156
89 467 225 401 1156
720 429 222 401 1156
785 454 237 401 1156
255 57 221 402 1157
785 455 239 402 1157
89 469 221 403 1158
118 120 221 403 1158
785 456 238 403 1158
118 121 223 404 1159
720 432 221 404 1159
785 457 241 405 1160
558 450 223 405 1160
676 467 222 405 1160
118 122 226 405 1160
785 458 239 406 1161
558 451 222 406 1161
676 468 227 406 1161
118 123 222 406 1161
785 459 239 407 1162
558 452 222 407 1162
255 62 221 407 1162
676 469 224 407 1162
720 436 224 408 1163
560 470 222 409 1164
558 454 223 409 1164
118 127 224 410 1165
560 472 223 411 1166
255 66 222 411 1166
255 67 221 412 1167
720 440 224 413 1168
785 465 232 413 1168
560 474 222 413 1168
558 458 222 413 1168
785 466 223 414 1169
560 475 222 414 1169
558 459 221 414 1169
720 442 229 414 1169
558 460 222 415 1170
255 70 224 415 1170
720 443 230 416 1171
255 71 225 416 1171
720 444 231 417 1172
255 72 225 417 1172
676 479 222 417 1172
720 445 231 418 1173
785 470 225 418 1173
255 73 224 418 1173
785 471 235 419 1174
720 446 230 419 1174
118 136 225 419 1174
785 472 236 420 1175
720 447 222 420 1175
785 473 231 420 1175
720 448 221 420 1175
720 449 229 422 1177
785 474 239 422 1177
785 475 229 423 1178
720 450 228 423 1178
560 484 223 423 1178
785 476 229 424 1179
720 451 227 424 1179
560 485 224 424 1179
255 79 221 424 1179
785 477 236 425 1180
720 452 230 425 1180
560 486 224 425 1180
785 478 237 426 1181
720 453 226 426 1181
676 488 229 426 1181
558 471 229 426 1181
255 81 223 426 1181
68 532 221 426 1181
785 479 236 427 1182
676 489 224 427 1182
558 472 229 427 1182
255 82 227 427 1182
89 493 222 427 1182
785 480 235 428 1183
255 83 226 428 1183
785 481 234 429 1184
255 84 225 429 1184
785 482 233 430 1185
676 492 223 430 1185
255 85 229 430 1185
622 11 223 431 1186
720 459 223 432 1187
785 484 223 432 1187
560 493 223 432 1187
785 485 223 433 1188
560 494 224 433 1188
720 461 222 434 1189
785 486 221 434 1189
560 495 223 434 1189
785 487 223 435 1190
560 496 223 435 1190
676 497 225 435 1190
89 501 222 435 1190
785 488 223 436 1191
558 482 222 437 1192
118 154 223 438 1193
118 155 221 439 1194
785 491 229 439 1194
118 156 224 440 1195
785 492 222 440 1195
560 501 227 440 1195
676 502 221 440 1195
118 157 222 441 1196
785 493 221 441 1196
560 502 225 441 1196
676 503 222 441 1196
118 158 222 442 1197
560 503 227 442 1197
676 504 227 442 1197
560 504 224 443 1198
676 505 227 443 1198
558 488 225 443 1198
118 1 221 444 1199
785 496 225 444 1199
560 505 222 444 1199
785 497 229 445 1200
676 507 221 445 1200
785 498 223 446 1201
560 508 223 447 1202
676 509 221 447 1202
558 492 223 447 1202
785 500 235 448 1203
558 493 222 448 1203
785 501 231 449 1204
785 502 233 450 1205
560 511 221 450 1205
558 495 223 450 1205
785 503 233 451 1206
560 512 223 451 1206
676 513 221 451 1206
558 496 221 451 1206
785 504 232 452 1207
560 513 225 452 1207
676 514 228 452 1207
558 497 226 452 1207
785 505 237 453 1208
558 498 223 453 1208
785 506 230 454 1209
560 515 222 454 1209
676 516 221 454 1209
558 499 231 454 1209
785 507 230 455 1210
676 517 225 455 1210
558 500 224 455 1210
118 13 221 456 1211
785 508 232 456 1211
720 484 221 457 1212
785 509 239 457 1212
676 519 225 457 1212
720 485 222 458 1213
785 510 236 458 1213
676 520 222 458 1213
558 503 226 458 1213
785 511 236 459 1214
676 521 224 459 1214
558 504 224 459 1214
255 114 223 459 1214
785 512 237 460 1215
676 522 224 460 1215
89 526 224 460 1215
720 488 221 461 1216
785 513 237 461 1216
676 523 224 461 1216
785 515 223 463 1218
785 516 223 464 1219
785 517 221 465 1220
785 518 221 466 1221
785 519 223 467 1222
785 520 227 468 1223
560 530 221 469 1224
676 532 223 470 1225
785 523 222 471 1226
558 516 221 471 1226
785 524 221 472 1227
118 30 227 473 1228
785 525 229 473 1228
558 518 225 473 1228
785 526 237 474 1229
676 536 224 474 1229
558 519 223 474 1229
785 527 229 475 1230
255 130 222 475 1230
380 475 222 475 1230
89 541 225 475 1230
785 528 238 476 1231
560 537 237 476 1231
676 538 223 476 1231
255 131 222 476 1231
560 538 235 477 1232
785 529 238 477 1232
785 530 237 478 1233
560 539 234 478 1233
676 540 225 478 1233
785 531 239 479 1234
560 540 222 479 1234
676 541 226 479 1234
255 134 224 479 1234
785 532 233 480 1235
560 541 225 480 1235
676 542 226 480 1235
255 135 223 480 1235
785 533 233 481 1236
255 136 222 481 1236
118 39 221 482 1237
785 534 226 482 1237
255 137 223 482 1237
720 510 221 483 1238
118 1 224 483 1238
785 535 231 483 1238
255 138 223 483 1238
118 2 225 484 1239
785 536 231 484 1239
676 546 222 484 1239
785 537 232 485 1240
785 538 233 486 1241
676 548 226 486 1241
720 514 225 487 1242
785 539 234 487 1242
676 549 225 487 1242
785 540 228 488 1243
255 143 222 488 1243
785 541 227 489 1244
255 144 222 489 1244
720 517 224 490 1245
785 542 229 490 1245
720 518 223 491 1246
785 543 226 491 1246
785 544 231 492 1247
785 545 236 493 1248
676 555 224 493 1248
255 148 224 493 1248
558 538 222 493 1248
89 559 223 493 1248
720 521 222 494 1249
785 546 224 494 1249
255 149 223 494 1249
785 547 229 495 1250
89 562 221 496 1251
558 542 222 497 1252
560 559 230 498 1253
558 543 224 498 1253
89 564 227 498 1253
68 604 225 499 1254
720 526 225 499 1254
676 561 233 499 1254
785 551 223 499 1254
161 51 221 499 1254
558 544 222 499 1254
169 554 223 500 1255
426 536 233 500 1255
45 221 236 500 1255
330 506 228 500 1255
412 507 222 500 1255
384 564 235 500 1255
676 562 221 500 1255
161 52 239 500 1255
668 564 223 500 1255
157 570 224 500 1255
330 507 224 501 1256
550 422 221 501 1256
785 554 237 502 1257
704 563 225 502 1257
42 212 229 502 1257
785 555 233 503 1258
209 412 221 504 1259
785 556 237 504 1259
785 557 232 505 1260
785 558 226 506 1261
644 562 222 506 1261
95 250 221 507 1262
552 565 234 507 1262
785 559 241 507 1262
626 541 234 508 1263
785 560 227 508 1263
704 569 221 508 1263
644 564 222 508 1263
601 574 231 509 1264
626 542 230 509 1264
400 388 224 509 1264
565 570 228 509 1264
785 561 233 509 1264
704 570 224 509 1264
557 577 228 509 1264
459 553 237 509 1264
209 418 229 510 1265
601 575 224 510 1265
5 572 225 510 1265
400 389 222 510 1265
227 497 224 511 1266
720 539 231 512 1267
400 391 227 512 1267
312 562 223 513 1268
248 556 235 514 1269
57 569 221 515 1270
500 555 224 516 1271
384 581 226 517 1272
762 3 223 518 1273
202 581 235 518 1273
553 573 222 519 1274
169 574 230 520 1275
382 574 235 520 1275
392 584 229 521 1276
384 585 226 521 1276
553 579 223 525 1280
169 580 235 526 1281
125 31 222 527 1282
690 527 231 528 1283
85 271 224 528 1283
85 272 223 529 1284
85 282 227 539 1294
132 572 222 542 1297
517 159 232 545 1300
517 161 230 547 1302
517 162 231 548 1303
517 163 222 549 1304
149 42 223 550 1305
517 164 221 550 1305
85 294 224 551 1306
94 59 234 554 1309
386 204 226 555 1310
669 615 221 555 1310
460 333 226 555 1310
300 601 241 555 1310
745 618 222 555 1310
252 51 228 555 1310
290 620 224 555 1310
439 540 222 555 1310
408 619 221 556 1311
699 512 221 556 1311
685 597 232 556 1311
706 802 228 556 1311
37 274 225 556 1311
238 595 227 557 1312
39 625 226 557 1312
130 613 239 557 1312
652 610 231 557 1312
745 620 241 557 1312
49 488 223 557 1312
662 463 231 557 1312
770 60 224 557 1312
520 619 231 558 1313
709 612 221 558 1313
355 332 227 558 1313
454 623 227 558 1313
500 597 226 558 1313
418 619 225 558 1313
606 579 224 558 1313
275 621 231 558 1313
707 565 230 558 1313
49 489 231 558 1313
520 620 221 559 1314
709 613 228 559 1314
355 333 232 559 1314
177 165 227 559 1314
84 619 230 559 1314
460 337 223 559 1314
244 615 222 559 1314
385 80 233 559 1314
92 782 225 559 1314
202 623 222 560 1315
418 621 233 560 1315
255 215 223 560 1315
660 610 221 560 1315
360 63 221 560 1315
144 262 221 560 1315
520 622 226 561 1316
663 621 237 561 1316
416 620 223 562 1317
719 292 229 562 1317
30 295 223 562 1317
136 395 221 563 1318
30 296 224 563 1318
136 396 223 564 1319
181 130 226 564 1319
30 297 229 564 1319
719 294 221 564 1319
496 264 230 565 1320
416 624 225 566 1321
181 132 226 566 1321
30 299 230 566 1321
3 3 225 566 1321
30 302 224 569 1324
719 301 237 571 1326
407 33 224 573 1328
496 272 221 573 1328
663 633 223 573 1328
407 34 225 574 1329
719 304 224 574 1329
407 35 221 575 1330
407 36 221 576 1331
407 37 235 577 1332
3 14 225 577 1332
663 637 225 577 1332
136 410 231 578 1333
719 308 225 578 1333
3 15 227 578 1333
663 638 225 578 1333
181 145 234 579 1334
719 309 221 579 1334
663 639 221 579 1334
136 412 229 580 1335
407 40 230 580 1335
136 413 222 581 1336
407 41 226 581 1336
181 147 224 581 1336
136 414 227 582 1337
416 640 226 582 1337
407 42 234 582 1337
181 148 223 582 1337
719 312 225 582 1337
416 641 221 583 1338
407 43 224 583 1338
605 194 225 583 1338
181 149 224 583 1338
719 313 229 583 1338
411 11 221 583 1338
407 44 225 584 1339
117 553 221 584 1339
719 314 227 584 1339
3 21 221 584 1339
407 45 232 585 1340
496 284 223 585 1340
117 554 221 585 1340
181 151 229 585 1340
719 315 237 585 1340
3 22 222 585 1340
407 46 233 586 1341
117 555 225 586 1341
181 152 229 586 1341
719 316 226 586 1341
3 23 225 586 1341
663 646 231 586 1341
136 419 223 587 1342
407 47 231 587 1342
496 286 227 587 1342
719 317 230 587 1342
3 24 221 587 1342
136 420 226 588 1343
407 48 223 588 1343
496 287 223 588 1343
3 25 223 588 1343
407 49 223 589 1344
605 200 221 589 1344
719 319 237 589 1344
407 50 237 590 1345
496 289 224 590 1345
117 559 225 590 1345
605 201 228 590 1345
3 27 237 590 1345
136 423 230 591 1346
496 290 221 591 1346
117 560 227 591 1346
605 202 231 591 1346
3 28 226 591 1346
41 654 229 593 1348
170 640 224 593 1348
719 328 239 598 1353
520 660 222 598 1353
411 26 249 598 1353
577 23 235 598 1353
719 329 236 599 1354
663 659 228 599 1354
520 661 222 599 1354
411 27 249 599 1354
324 20 231 599 1354
760 3 233 599 1354
500 639 221 599 1354
124 648 227 600 1355
719 330 241 600 1355
364 662 221 600 1355
520 662 235 600 1355
411 28 244 600 1355
324 21 221 600 1355
760 4 225 600 1355
500 640 229 600 1355
221 662 223 601 1356
719 331 246 601 1356
663 661 223 601 1356
770 104 223 601 1356
324 22 225 601 1356
411 29 242 601 1356
130 658 221 602 1357
221 663 226 602 1357
719 332 247 602 1357
520 664 225 602 1357
770 105 222 602 1357
411 30 235 602 1357
324 23 234 602 1357
130 659 221 603 1358
719 333 245 603 1358
520 665 222 603 1358
411 31 244 603 1358
324 24 224 603 1358
118 122 221 604 1359
130 660 226 604 1359
221 665 222 604 1359
719 334 245 604 1359
520 666 234 604 1359
411 32 235 604 1359
378 634 236 604 1359
118 123 225 605 1360
760 1 230 605 1360
719 335 234 605 1360
411 33 242 605 1360
719 336 245 606 1361
520 668 221 606 1361
411 34 222 606 1361
577 31 223 606 1361
407 10 239 607 1362
183 666 226 607 1362
719 337 243 607 1362
411 35 233 607 1362
407 11 241 608 1363
605 219 231 608 1363
719 338 242 608 1363
411 36 238 608 1363
407 12 237 609 1364
605 220 238 609 1364
73 339 233 609 1364
719 339 237 609 1364
411 37 240 609 1364
28 663 222 609 1364
117 579 223 610 1365
304 663 225 610 1365
124 658 231 610 1365
335 671 222 610 1365
778 669 227 610 1365
605 221 241 610 1365
719 340 241 610 1365
539 80 226 610 1365
5 673 228 610 1365
171 107 221 611 1366
117 580 225 611 1366
605 222 228 611 1366
539 81 221 611 1366
75 26 228 611 1366
703 657 237 611 1366
440 164 224 611 1366
502 30 221 612 1367
124 660 222 612 1367
751 26 225 612 1367
719 342 232 612 1367
520 674 223 612 1367
132 643 225 613 1368
605 224 232 613 1368
719 343 231 613 1368
170 661 225 613 1368
527 675 233 614 1369
3 51 222 614 1369
680 615 221 615 1370
751 29 221 615 1370
3 52 233 615 1370
117 585 223 616 1371
502 34 225 616 1371
605 227 245 616 1371
719 346 238 616 1371
3 53 221 616 1371
28 670 222 616 1371
520 678 225 616 1371
5 679 222 616 1371
577 41 221 616 1371
117 586 237 617 1372
605 228 226 617 1372
719 347 241 617 1372
5 680 243 617 1372
496 317 237 618 1373
605 229 230 618 1373
520 680 223 618 1373
5 681 223 618 1373
577 43 224 618 1373
499 627 241 619 1374
181 32 223 619 1374
304 673 225 620 1375
496 319 236 620 1375
765 242 221 620 1375
75 35 227 620 1375
350 686 222 620 1375
703 666 221 620 1375
43 682 237 620 1375
349 677 229 620 1375
496 320 221 621 1376
529 126 221 621 1376
496 321 221 622 1377
496 322 239 623 1378
496 323 235 624 1379
226 143 222 624 1379
496 324 242 625 1380
496 325 237 626 1381
172 689 223 626 1381
152 687 221 626 1381
226 145 224 626 1381
496 326 242 627 1382
758 681 235 627 1382
99 419 221 627 1382
172 690 232 627 1382
310 679 223 627 1382
496 327 224 628 1383
758 682 226 628 1383
751 42 225 628 1383
172 691 227 628 1383
144 330 227 628 1383
152 689 232 628 1383
335 690 232 628 1383
407 32 221 628 1383
171 125 221 629 1384
751 43 226 629 1384
496 329 237 630 1385
660 680 225 630 1385
144 332 231 630 1385
496 330 222 631 1386
660 681 222 631 1386
144 333 231 631 1386
496 331 221 632 1387
660 682 226 632 1387
144 334 225 632 1387
116 701 222 632 1387
496 332 222 633 1388
660 683 229 633 1388
116 702 226 633 1388
149 51 227 634 1389
660 684 227 634 1389
144 336 224 634 1389
116 703 225 634 1389
527 696 225 634 1389
487 132 221 634 1389
720 663 225 635 1390
144 337 221 635 1390
527 697 227 635 1390
720 664 227 636 1391
527 698 224 636 1391
496 336 222 637 1392
720 665 222 637 1392
144 339 225 637 1392
496 337 226 638 1393
720 666 221 638 1393
527 700 239 638 1393
720 667 227 639 1394
660 689 229 639 1394
13 663 228 639 1394
116 708 229 639 1394
527 701 225 639 1394
743 615 232 639 1394
496 339 221 640 1395
720 668 222 640 1395
660 690 222 640 1395
13 664 233 640 1395
144 342 225 640 1395
496 340 226 641 1396
720 669 233 641 1396
116 710 223 641 1396
527 703 223 641 1396
496 341 225 642 1397
720 670 224 642 1397
660 692 221 642 1397
144 344 221 642 1397
527 704 237 642 1397
496 342 228 643 1398
527 705 239 643 1398
496 343 223 644 1399
527 706 222 644 1399
13 669 222 645 1400
115 477 225 645 1400
116 714 229 645 1400
743 621 227 645 1400
527 707 228 645 1400
496 345 225 646 1401
660 696 221 646 1401
13 670 222 646 1401
144 348 221 646 1401
115 478 232 646 1401
116 715 229 646 1401
527 708 226 646 1401
743 622 225 646 1401
720 675 223 647 1402
13 671 229 647 1402
116 716 227 647 1402
527 709 235 647 1402
496 347 225 648 1403
660 698 222 648 1403
144 350 221 648 1403
13 672 231 648 1403
116 717 227 648 1403
527 710 221 648 1403
743 624 223 648 1403
496 348 224 649 1404
660 699 222 649 1404
527 711 227 649 1404
743 625 223 649 1404
496 349 226 650 1405
600 688 222 650 1405
13 674 229 650 1405
527 712 230 650 1405
743 626 221 650 1405
660 701 227 651 1406
144 353 222 651 1406
13 675 227 651 1406
116 720 223 651 1406
527 713 231 651 1406
743 627 221 651 1406
496 351 225 652 1407
720 680 221 652 1407
660 702 222 652 1407
13 676 231 652 1407
144 354 221 652 1407
116 721 222 652 1407
527 714 230 652 1407
743 628 227 652 1407
496 352 222 653 1408
720 681 222 653 1408
660 703 221 653 1408
13 677 231 653 1408
116 722 226 653 1408
527 715 231 653 1408
743 629 224 653 1408
496 353 227 654 1409
720 682 227 654 1409
13 678 231 654 1409
116 723 226 654 1409
527 716 225 654 1409
743 630 223 654 1409
496 354 224 655 1410
13 679 227 655 1410
527 717 231 655 1410
743 631 230 655 1410
496 355 227 656 1411
13 680 227 656 1411
743 632 226 656 1411
496 356 227 657 1412
13 681 227 657 1412
115 489 223 657 1412
116 726 231 657 1412
527 719 230 657 1412
743 633 223 657 1412
496 357 226 658 1413
144 360 227 658 1413
13 682 231 658 1413
527 720 227 658 1413
496 358 222 659 1414
720 687 223 659 1414
600 697 221 659 1414
13 683 223 659 1414
115 491 221 659 1414
743 635 230 659 1414
527 721 222 659 1414
720 688 223 660 1415
496 359 227 660 1415
600 698 222 660 1415
13 684 229 660 1415
116 729 223 660 1415
720 689 223 661 1416
600 699 224 661 1416
660 711 226 661 1416
13 685 231 661 1416
116 730 222 661 1416
743 637 223 661 1416
527 723 227 661 1416
720 690 223 662 1417
660 712 222 662 1417
13 686 230 662 1417
116 731 222 662 1417
743 638 228 662 1417
720 691 225 663 1418
13 687 229 663 1418
116 732 222 663 1418
743 639 225 663 1418
527 725 221 663 1418
720 692 227 664 1419
496 363 224 664 1419
600 702 222 664 1419
13 688 226 664 1419
116 733 221 664 1419
743 640 224 664 1419
720 693 222 665 1420
144 367 223 665 1420
13 689 226 665 1420
743 641 230 665 1420
527 727 222 665 1420
13 690 224 666 1421
743 642 230 666 1421
496 366 221 667 1422
144 369 228 667 1422
13 691 226 667 1422
116 736 222 667 1422
743 643 230 667 1422
600 706 221 668 1423
496 367 222 668 1423
144 370 227 668 1423
13 692 228 668 1423
743 644 233 668 1423
720 697 221 669 1424
600 707 227 669 1424
496 368 222 669 1424
144 371 227 669 1424
13 693 231 669 1424
116 738 222 669 1424
743 645 223 669 1424
600 708 224 670 1425
496 369 222 670 1425
144 372 226 670 1425
13 694 231 670 1425
116 739 225 670 1425
743 646 231 670 1425
527 732 227 670 1425
720 699 221 671 1426
496 370 221 671 1426
13 695 230 671 1426
743 647 228 671 1426
13 696 229 672 1427
116 741 222 672 1427
743 648 227 672 1427
720 701 222 673 1428
600 711 222 673 1428
144 375 223 673 1428
13 697 230 673 1428
116 742 222 673 1428
527 735 225 673 1428
743 649 226 673 1428
720 702 222 674 1429
13 698 229 674 1429
144 376 224 674 1429
115 506 221 674 1429
116 743 223 674 1429
527 736 232 674 1429
743 650 229 674 1429
720 703 226 675 1430
496 374 221 675 1430
13 699 229 675 1430
116 744 221 675 1430
743 651 227 675 1430
720 704 223 676 1431
496 375 221 676 1431
144 378 221 676 1431
13 700 229 676 1431
660 726 223 676 1431
116 745 223 676 1431
496 376 224 677 1432
13 701 231 677 1432
660 727 224 677 1432
116 746 221 677 1432
743 653 225 677 1432
720 706 224 678 1433
13 702 230 678 1433
144 380 222 678 1433
660 728 222 678 1433
527 740 224 678 1433
720 707 225 679 1434
496 378 223 679 1434
13 703 229 679 1434
660 729 221 679 1434
144 381 222 679 1434
743 655 223 679 1434
720 708 224 680 1435
496 379 223 680 1435
13 704 229 680 1435
144 382 223 680 1435
116 749 223 680 1435
743 656 223 680 1435
720 709 225 681 1436
13 705 228 681 1436
116 750 225 681 1436
527 743 227 681 1436
743 657 230 681 1436
720 710 227 682 1437
496 381 226 682 1437
13 706 231 682 1437
144 384 221 682 1437
116 751 222 682 1437
115 514 221 682 1437
743 658 229 682 1437
720 711 222 683 1438
496 382 222 683 1438
13 707 231 683 1438
144 385 223 683 1438
660 733 227 683 1438
116 752 225 683 1438
527 745 230 683 1438
743 659 221 683 1438
527 747 223 685 1440
115 518 222 686 1441
527 748 223 686 1441
527 750 222 688 1443
496 388 223 689 1444
13 713 230 689 1444
527 753 226 691 1446
527 755 221 693 1448
527 756 222 694 1449
527 760 222 698 1453
527 762 223 700 1455
527 763 221 701 1456
527 764 226 702 1457
527 768 239 706 1461
743 682 232 707 1462
13 731 224 707 1462
116 776 226 707 1462
743 683 226 707 1462
116 777 223 708 1463
527 770 239 708 1463
743 684 241 708 1463
527 771 229 709 1464
527 772 226 710 1465
115 543 222 711 1466
527 773 243 711 1466
600 750 224 712 1467
496 411 228 712 1467
13 736 230 712 1467
144 414 223 712 1467
660 762 222 712 1467
116 781 221 712 1467
115 544 227 712 1467
527 774 239 712 1467
743 688 235 712 1467
13 737 235 713 1468
144 415 229 713 1468
115 545 226 713 1468
743 689 235 713 1468
600 752 221 714 1469
496 413 227 714 1469
13 738 237 714 1469
115 546 227 714 1469
527 776 224 714 1469
743 690 232 714 1469
496 414 227 715 1470
13 739 235 715 1470
144 417 228 715 1470
660 765 222 715 1470
115 547 227 715 1470
743 691 236 715 1470
527 777 231 715 1470
600 754 221 716 1471
496 415 235 716 1471
13 740 223 716 1471
116 785 224 716 1471
115 548 235 716 1471
527 778 230 716 1471
743 692 223 716 1471
600 755 225 717 1472
496 416 237 717 1472
116 786 222 717 1472
115 549 234 717 1472
527 779 232 717 1472
743 693 225 717 1472
600 756 223 718 1473
720 746 221 718 1473
496 417 224 718 1473
13 742 223 718 1473
660 768 222 718 1473
116 787 221 718 1473
115 550 231 718 1473
527 780 230 718 1473
743 694 223 718 1473
269 194 221 719 1474
600 757 226 719 1474
13 743 228 719 1474
144 421 228 719 1474
116 788 225 719 1474
115 551 227 719 1474
743 695 239 719 1474
527 781 226 719 1474
600 758 230 720 1475
13 744 230 720 1475
144 422 224 720 1475
116 789 225 720 1475
660 770 227 720 1475
115 552 227 720 1475
527 782 224 720 1475
600 759 231 721 1476
645 14 221 721 1476
496 420 225 721 1476
13 745 231 721 1476
144 423 224 721 1476
116 790 221 721 1476
115 553 231 721 1476
743 697 231 721 1476
527 783 223 721 1476
600 760 227 722 1477
496 421 224 722 1477
13 746 231 722 1477
144 424 226 722 1477
116 791 225 722 1477
115 554 223 722 1477
743 698 234 722 1477
496 422 237 723 1478
13 747 229 723 1478
144 425 227 723 1478
116 792 223 723 1478
115 555 226 723 1478
743 699 235 723 1478
527 785 233 723 1478
269 199 221 724 1479
600 762 223 724 1479
13 748 233 724 1479
115 556 224 724 1479
527 786 230 724 1479
743 700 227 724 1479
720 753 223 725 1480
13 749 225 725 1480
527 787 224 725 1480
743 701 235 725 1480
269 201 221 726 1481
496 425 230 726 1481
600 764 221 726 1481
13 750 224 726 1481
144 428 226 726 1481
527 788 237 726 1481
496 426 222 727 1482
600 765 221 727 1482
116 796 223 727 1482
527 789 227 727 1482
743 703 233 727 1482
660 778 223 728 1483
527 790 226 728 1483
743 704 231 728 1483
600 767 227 729 1484
13 753 223 729 1484
144 431 226 729 1484
116 798 225 729 1484
115 561 223 729 1484
527 791 234 729 1484
743 705 233 729 1484
527 792 224 730 1485
743 706 225 730 1485
115 563 223 731 1486
527 793 224 731 1486
496 431 222 732 1487
527 794 230 732 1487
743 708 227 732 1487
660 783 223 733 1488
527 795 241 733 1488
743 709 232 733 1488
13 758 228 734 1489
144 436 226 734 1489
115 566 224 734 1489
527 796 242 734 1489
743 710 230 734 1489
600 773 222 735 1490
13 759 222 735 1490
144 437 224 735 1490
527 797 225 735 1490
743 711 223 735 1490
144 438 225 736 1491
660 786 222 736 1491
115 568 231 736 1491
527 798 242 736 1491
743 712 223 736 1491
496 436 227 737 1492
13 761 224 737 1492
116 806 222 737 1492
115 569 224 737 1492
527 799 237 737 1492
743 713 232 737 1492
13 762 222 738 1493
115 570 223 738 1493
527 800 241 738 1493
743 714 233 738 1493
496 438 222 739 1494
660 789 222 739 1494
115 571 222 739 1494
527 801 221 739 1494
743 715 229 739 1494
116 809 221 740 1495
115 572 225 740 1495
527 802 236 740 1495
743 716 229 740 1495
600 779 221 741 1496
527 803 240 741 1496
115 573 224 741 1496
743 717 221 741 1496
13 766 226 742 1497
144 444 225 742 1497
115 574 222 742 1497
527 804 235 742 1497
743 718 225 742 1497
600 781 227 743 1498
13 767 224 743 1498
115 575 222 743 1498
527 805 240 743 1498
600 782 222 744 1499
13 768 228 744 1499
660 794 221 744 1499
527 806 242 744 1499
743 720 222 744 1499
720 773 222 745 1500
600 783 222 745 1500
13 769 221 745 1500
496 444 224 745 1500
144 447 221 745 1500
116 814 222 745 1500
115 577 221 745 1500
527 807 242 745 1500
743 721 223 745 1500
720 774 227 746 1501
13 770 222 746 1501
116 815 221 746 1501
660 796 223 746 1501
115 578 227 746 1501
527 808 246 746 1501
743 722 231 746 1501
720 775 223 747 1502
13 771 230 747 1502
116 816 221 747 1502
115 579 224 747 1502
527 809 242 747 1502
743 723 236 747 1502
13 772 226 748 1503
144 450 223 748 1503
527 810 244 748 1503
743 724 237 748 1503
720 777 224 749 1504
600 787 222 749 1504
13 773 227 749 1504
144 451 221 749 1504
527 811 242 749 1504
743 725 237 749 1504
720 778 223 750 1505
13 774 229 750 1505
527 812 241 750 1505
743 726 235 750 1505
13 775 222 751 1506
527 813 230 751 1506
13 776 227 752 1507
527 814 224 752 1507
660 803 221 753 1508
527 815 223 753 1508
527 816 228 754 1509
720 783 222 755 1510
144 457 221 755 1510
115 587 222 755 1510
527 817 225 755 1510
720 784 223 756 1511
116 825 222 756 1511
720 785 222 757 1512
144 459 225 757 1512
660 807 222 757 1512
115 589 222 757 1512
527 819 223 757 1512
720 786 224 758 1513
144 460 221 758 1513
115 590 222 758 1513
527 820 227 758 1513
13 783 222 759 1514
660 809 227 759 1514
527 821 226 759 1514
743 735 235 759 1514
720 788 230 760 1515
116 829 226 760 1515
660 810 222 760 1515
527 822 237 760 1515
743 736 231 760 1515
720 789 229 761 1516
600 799 228 761 1516
116 830 228 761 1516
660 811 229 761 1516
115 593 221 761 1516
527 823 221 761 1516
743 737 223 762 1517
13 786 224 762 1517
720 790 222 762 1517
600 800 224 762 1517
116 831 233 762 1517
115 594 222 762 1517
743 738 233 763 1518
13 787 224 763 1518
720 791 222 763 1518
600 801 223 763 1518
116 832 233 763 1518
660 813 226 763 1518
527 825 227 763 1518
743 739 234 763 1518
720 792 224 764 1519
13 788 228 764 1519
116 833 233 764 1519
115 596 225 764 1519
743 740 233 764 1519
527 826 230 765 1520
720 793 235 765 1520
600 803 223 765 1520
13 789 227 765 1520
116 834 226 765 1520
743 741 231 766 1521
527 827 235 766 1521
720 794 231 766 1521
600 804 223 766 1521
13 790 224 766 1521
116 835 221 766 1521
527 828 228 767 1522
720 795 233 767 1522
13 791 221 767 1522
660 817 221 767 1522
115 599 222 767 1522
144 9 221 767 1522
743 743 233 768 1523
527 829 221 768 1523
720 796 229 768 1523
600 806 224 768 1523
13 792 226 768 1523
496 467 225 768 1523
115 600 225 768 1523
743 744 230 769 1524
527 830 235 769 1524
600 807 226 769 1524
720 797 233 769 1524
13 793 226 769 1524
496 468 222 769 1524
116 838 221 769 1524
660 819 222 769 1524
743 745 225 770 1525
527 831 234 770 1525
720 798 235 770 1525
600 808 227 770 1525
13 794 225 770 1525
496 469 222 770 1525
116 839 225 770 1525
144 12 222 770 1525
743 746 226 771 1526
527 832 244 771 1526
600 809 228 771 1526
720 799 233 771 1526
13 795 224 771 1526
496 470 225 771 1526
660 821 222 771 1526
144 13 225 771 1526
115 603 221 771 1526
527 833 233 772 1527
600 810 221 772 1527
720 800 228 772 1527
13 796 225 772 1527
496 471 227 772 1527
144 14 222 772 1527
115 604 223 772 1527
527 834 240 773 1528
720 801 229 773 1528
13 797 223 773 1528
496 472 226 773 1528
116 842 223 773 1528
115 605 223 773 1528
743 749 230 774 1529
527 835 236 774 1529
720 802 231 774 1529
13 798 227 774 1529
496 473 229 774 1529
144 16 224 774 1529
115 606 221 774 1529
743 750 227 775 1530
527 836 221 775 1530
600 813 222 775 1530
720 803 222 775 1530
13 799 225 775 1530
496 474 225 775 1530
144 17 221 775 1530
115 607 223 776 1531
743 751 223 776 1531
527 837 233 776 1531
720 805 221 777 1532
116 846 222 777 1532
660 827 223 777 1532
144 19 226 777 1532
527 839 224 778 1533
660 828 221 778 1533
527 840 239 779 1534
13 803 221 779 1534
496 478 221 779 1534
144 21 224 779 1534
527 841 241 780 1535
13 804 224 780 1535
116 849 221 780 1535
743 756 222 781 1536
527 842 233 781 1536
527 843 231 782 1537
13 806 221 782 1537
116 851 222 782 1537
527 844 239 783 1538
496 482 222 783 1538
13 807 224 783 1538
116 852 223 783 1538
527 845 235 784 1539
660 834 221 784 1539
743 760 224 785 1540
527 846 232 785 1540
13 809 222 785 1540
115 617 221 786 1541
527 847 231 786 1541
720 814 222 786 1541
13 810 221 786 1541
115 618 222 787 1542
527 848 235 787 1542
496 486 224 787 1542
13 811 224 787 1542
743 763 222 788 1543
115 619 221 788 1543
527 849 239 788 1543
496 487 221 788 1543
13 812 223 788 1543
527 850 235 789 1544
13 813 224 789 1544
527 851 235 790 1545
496 489 230 790 1545
13 814 227 790 1545
116 859 227 790 1545
115 622 225 791 1546
496 490 222 791 1546
13 815 223 791 1546
144 33 222 792 1547
743 767 223 792 1547
115 623 223 792 1547
527 853 225 792 1547
720 820 221 792 1547
13 816 226 792 1547
116 861 224 792 1547
660 842 229 792 1547
144 34 221 793 1548
743 768 235 793 1548
527 854 228 793 1548
720 821 224 793 1548
660 843 224 793 1548
743 769 226 794 1549
527 855 225 794 1549
660 844 225 794 1549
743 770 224 795 1550
527 856 221 795 1550
116 864 221 795 1550
743 771 224 796 1551
527 857 233 796 1551
13 820 221 796 1551
116 865 222 796 1551
144 38 225 797 1552
743 772 229 797 1552
116 866 222 797 1552
144 39 222 798 1553
743 773 229 798 1553
527 859 231 798 1553
116 867 222 798 1553
144 40 225 799 1554
743 774 227 799 1554
527 860 224 799 1554
116 868 223 799 1554
144 41 225 800 1555
743 775 226 800 1555
527 861 229 800 1555
720 828 221 800 1555
116 869 221 800 1555
144 42 223 801 1556
743 776 228 801 1556
527 862 236 801 1556
144 43 221 802 1557
743 777 223 802 1557
527 863 225 802 1557
13 826 226 802 1557
144 44 222 803 1558
743 778 229 803 1558
527 864 233 803 1558
13 827 221 803 1558
743 779 224 804 1559
144 45 221 804 1559
527 865 223 804 1559
13 828 225 804 1559
116 873 224 804 1559
743 780 224 805 1560
144 46 224 805 1560
527 866 226 805 1560
13 829 227 805 1560
743 781 226 806 1561
527 867 226 806 1561
13 830 225 806 1561
743 782 228 807 1562
144 48 222 807 1562
527 868 226 807 1562
720 835 226 807 1562
496 506 226 807 1562
743 783 229 808 1563
115 639 225 808 1563
527 869 244 808 1563
13 832 225 808 1563
116 877 239 808 1563
660 858 223 809 1564
743 784 231 809 1564
144 50 221 809 1564
487 306 222 809 1564
527 870 241 809 1564
720 837 230 809 1564
13 833 226 809 1564
116 878 239 809 1564
660 859 223 810 1565
743 785 232 810 1565
115 641 223 810 1565
527 871 239 810 1565
496 509 230 810 1565
600 848 224 810 1565
116 879 233 810 1565
743 786 233 811 1566
527 872 235 811 1566
496 510 227 811 1566
600 849 223 811 1566
116 880 237 811 1566
743 787 232 812 1567
115 643 223 812 1567
527 873 238 812 1567
13 836 225 812 1567
496 511 233 812 1567
600 850 221 812 1567
116 881 235 812 1567
743 788 232 813 1568
144 54 222 813 1568
487 310 221 813 1568
527 874 237 813 1568
720 841 222 813 1568
13 837 227 813 1568
496 512 239 813 1568
600 851 224 813 1568
116 882 237 813 1568
743 789 233 814 1569
527 875 239 814 1569
144 55 224 814 1569
720 842 228 814 1569
13 838 227 814 1569
496 513 239 814 1569
600 852 231 814 1569
116 883 238 814 1569
660 864 223 815 1570
743 790 235 815 1570
527 876 235 815 1570
144 56 232 815 1570
720 843 233 815 1570
13 839 230 815 1570
496 514 237 815 1570
116 884 237 815 1570
660 865 221 816 1571
743 791 236 816 1571
144 57 231 816 1571
527 877 227 816 1571
720 844 233 816 1571
13 840 226 816 1571
496 515 221 816 1571
116 885 231 816 1571
743 792 227 817 1572
144 58 226 817 1572
720 845 226 817 1572
13 841 227 817 1572
496 516 231 817 1572
116 886 235 818 1573
743 793 224 818 1573
144 59 221 818 1573
527 879 242 818 1573
720 846 223 818 1573
13 842 228 818 1573
496 517 233 818 1573
116 887 237 819 1574
660 868 229 819 1574
144 60 230 819 1574
527 880 241 819 1574
720 847 229 819 1574
13 843 227 819 1574
496 518 237 819 1574
116 888 238 819 1574
660 869 227 820 1575
527 881 235 820 1575
144 61 231 820 1575
115 651 223 820 1575
720 848 232 820 1575
13 844 221 820 1575
496 519 237 820 1575
116 889 237 820 1575
527 882 231 821 1576
115 652 227 821 1576
720 849 232 821 1576
13 845 229 821 1576
496 520 234 821 1576
116 890 226 821 1576
487 319 222 822 1577
527 883 227 822 1577
144 63 221 822 1577
13 846 227 822 1577
496 521 233 822 1577
116 891 221 822 1577
660 872 229 823 1578
527 884 237 823 1578
144 64 226 823 1578
720 851 225 823 1578
13 847 227 823 1578
496 522 223 823 1578
116 892 221 823 1578
527 885 247 824 1579
144 65 226 824 1579
116 893 223 824 1579
660 874 222 825 1580
743 800 226 825 1580
527 886 245 825 1580
720 853 221 825 1580
13 849 231 825 1580
116 894 226 826 1581
743 801 229 826 1581
527 887 241 826 1581
115 657 225 826 1581
144 67 223 826 1581
720 854 230 826 1581
116 895 230 827 1582
743 802 235 827 1582
487 324 226 827 1582
527 888 241 827 1582
720 855 227 827 1582
116 896 232 828 1583
527 889 240 828 1583
720 856 225 828 1583
13 852 232 828 1583
645 121 221 828 1583
496 527 224 828 1583
116 897 233 828 1583
660 878 224 829 1584
527 890 244 829 1584
720 857 228 829 1584
13 853 229 829 1584
645 122 221 829 1584
496 528 224 829 1584
116 898 227 829 1584
743 805 231 830 1585
527 891 238 830 1585
144 71 226 830 1585
720 858 226 830 1585
13 854 226 830 1585
496 529 228 830 1585
600 868 221 830 1585
116 899 231 830 1585
743 806 227 831 1586
527 892 246 831 1586
720 859 223 831 1586
13 855 223 831 1586
496 530 232 831 1586
600 869 227 831 1586
116 900 233 831 1586
144 73 227 832 1587
115 663 228 832 1587
720 860 229 832 1587
13 856 224 832 1587
496 531 225 832 1587
116 901 235 832 1587
527 894 235 833 1588
743 808 237 833 1588
144 74 221 833 1588
115 664 229 833 1588
720 861 224 833 1588
13 857 231 833 1588
496 532 222 833 1588
600 871 223 833 1588
116 902 232 833 1588
660 883 224 833 1588
527 895 228 834 1589
743 809 235 834 1589
144 75 221 834 1589
115 665 234 834 1589
720 862 227 834 1589
13 858 229 834 1589
600 872 223 834 1589
116 903 231 834 1589
660 884 223 834 1589
527 896 238 835 1590
743 810 237 835 1590
115 666 227 835 1590
13 859 226 835 1590
116 904 222 835 1590
527 897 236 836 1591
743 811 234 836 1591
115 667 232 836 1591
13 860 223 836 1591
720 864 222 836 1591
496 535 223 836 1591
116 905 223 837 1592
527 898 235 837 1592
743 812 236 837 1592
115 668 231 837 1592
13 861 228 837 1592
645 130 225 837 1592
496 536 223 837 1592
116 906 226 838 1593
660 887 225 838 1593
527 899 241 838 1593
743 813 228 838 1593
13 862 229 838 1593
720 866 222 838 1593
496 537 228 838 1593
116 907 224 838 1593
660 888 233 839 1594
527 900 247 839 1594
743 814 225 839 1594
115 670 231 839 1594
645 132 222 839 1594
496 538 224 839 1594
116 908 226 839 1594
660 889 224 840 1595
527 901 237 840 1595
743 815 233 840 1595
115 671 232 840 1595
13 864 221 840 1595
496 539 222 840 1595
116 909 221 840 1595
527 902 244 841 1596
743 816 234 841 1596
115 672 230 841 1596
13 865 221 841 1596
496 540 221 841 1596
116 910 227 842 1597
527 903 242 842 1597
743 817 225 842 1597
720 870 222 842 1597
116 911 223 843 1598
527 904 239 843 1598
743 818 233 843 1598
115 674 225 843 1598
720 871 221 843 1598
496 542 225 843 1598
527 905 242 844 1599
743 819 232 844 1599
720 872 226 844 1599
496 543 225 844 1599
116 913 222 845 1600
527 906 239 845 1600
743 820 238 845 1600
13 869 223 845 1600
720 873 221 845 1600
496 544 222 845 1600
600 883 229 845 1600
660 895 225 846 1601
527 907 241 846 1601
743 821 234 846 1601
496 545 221 846 1601
600 884 233 846 1601
660 896 224 847 1602
527 908 241 847 1602
743 822 231 847 1602
496 546 221 847 1602
600 885 229 847 1602
527 909 241 848 1603
487 345 227 848 1603
743 823 234 848 1603
720 876 226 848 1603
496 547 231 848 1603
660 898 221 849 1604
487 346 224 849 1604
527 910 238 849 1604
743 824 235 849 1604
115 680 224 849 1604
496 548 230 849 1604
487 347 223 850 1605
660 899 227 850 1605
527 911 239 850 1605
743 825 236 850 1605
115 681 227 850 1605
720 878 222 850 1605
496 549 226 850 1605
527 912 243 851 1606
660 900 233 851 1606
743 826 235 851 1606
144 92 225 851 1606
115 682 230 851 1606
496 550 226 851 1606
116 920 221 851 1606
527 913 227 852 1607
743 827 236 852 1607
144 93 223 852 1607
115 683 224 852 1607
116 921 221 852 1607
527 914 233 853 1608
743 828 235 853 1608
660 902 221 853 1608
115 684 225 853 1608
496 552 228 853 1608
116 922 226 853 1608
487 351 224 854 1609
527 915 241 854 1609
743 829 237 854 1609
144 95 223 854 1609
115 685 229 854 1609
496 553 222 854 1609
116 923 227 854 1609
660 904 224 855 1610
527 916 238 855 1610
743 830 238 855 1610
115 686 229 855 1610
496 554 223 855 1610
116 924 224 855 1610
527 917 237 856 1611
743 831 234 856 1611
115 687 225 856 1611
527 918 245 857 1612
743 832 228 857 1612
144 98 223 857 1612
720 885 233 857 1612
116 926 224 857 1612
527 919 233 858 1613
720 886 221 858 1613
496 557 231 858 1613
600 896 227 858 1613
116 927 227 859 1614
527 920 234 859 1614
660 908 221 859 1614
743 834 235 859 1614
496 558 223 859 1614
600 897 226 859 1614
116 928 231 859 1614
527 921 235 860 1615
487 357 225 860 1615
660 909 225 860 1615
144 101 222 860 1615
720 888 224 860 1615
13 884 231 860 1615
645 153 225 860 1615
496 559 239 860 1615
116 929 232 861 1616
600 898 221 861 1616
107 240 224 861 1616
527 922 239 861 1616
660 910 224 861 1616
487 358 221 861 1616
13 885 231 861 1616
600 899 233 862 1617
703 907 222 862 1617
487 359 224 862 1617
660 911 227 862 1617
743 837 230 862 1617
144 103 223 862 1617
720 890 230 862 1617
496 561 223 862 1617
600 900 225 862 1617
407 2 221 863 1618
527 924 239 863 1618
743 838 240 863 1618
660 912 232 863 1618
226 40 222 863 1618
115 694 222 863 1618
600 901 224 864 1619
439 848 226 864 1619
527 925 223 864 1619
33 889 230 864 1619
662 769 226 864 1619
660 913 222 864 1619
144 105 226 864 1619
541 97 235 864 1619
502 227 221 864 1619
27 582 221 864 1619
720 892 225 864 1619
600 902 226 864 1619
434 918 226 864 1619
662 770 224 865 1620
660 914 237 865 1620
254 755 221 865 1620
541 98 225 865 1620
404 891 221 865 1620
434 919 221 866 1621
299 8 227 866 1621
660 915 223 866 1621
254 756 229 866 1621
496 565 221 866 1621
496 566 228 867 1622
496 567 241 868 1623
496 568 246 869 1624
460 12 228 870 1625
496 569 235 870 1625
496 570 222 871 1626
231 345 221 872 1627
444 941 239 872 1627
496 573 221 874 1629
339 919 221 875 1630
9 940 222 876 1631
509 892 225 877 1632
563 292 245 877 1632
130 933 225 877 1632
686 921 233 878 1633
147 948 225 878 1633
742 826 223 879 1634
742 827 227 880 1635
213 191 237 880 1635
285 267 221 890 1645
76 6 223 890 1645
742 838 221 891 1646
492 196 222 891 1646
76 7 222 891 1646
147 961 225 891 1646
734 869 235 892 1647
720 927 222 899 1654
734 877 229 900 1655
663 264 221 900 1655
76 4 226 900 1655
734 878 233 901 1656
285 278 225 901 1656
734 879 234 902 1657
734 880 224 903 1658
734 881 233 904 1659
76 10 226 906 1661
734 884 233 907 1662
734 885 231 908 1663
492 214 222 909 1664
734 886 226 909 1664
76 13 222 909 1664
492 215 222 910 1665
734 887 226 910 1665
76 14 221 910 1665
734 888 226 911 1666
76 15 221 911 1666
734 889 225 912 1667
76 16 223 912 1667
492 218 221 913 1668
734 890 230 913 1668
147 983 221 914 1669
734 891 237 914 1669
76 18 227 914 1669
147 984 222 915 1670
492 220 222 915 1670
734 892 239 915 1670
663 279 231 915 1670
76 19 226 915 1670
492 221 222 916 1671
734 893 227 916 1671
734 894 231 917 1672
734 895 231 918 1673
734 896 230 919 1674
734 897 232 920 1675
734 898 229 921 1676
76 25 221 922 1677
734 899 225 922 1677
734 900 231 923 1678
76 27 226 924 1679
734 901 231 924 1679
734 902 233 925 1680
76 30 226 927 1682
76 31 223 928 1683
142 294 221 928 1683
492 236 223 931 1686
142 298 221 932 1687
742 880 221 933 1688
76 37 228 934 1689
492 239 223 934 1689
285 311 222 934 1689
76 38 229 935 1690
285 312 222 935 1690
76 39 223 936 1691
142 302 222 936 1691
734 913 221 936 1691
76 40 221 937 1692
142 303 221 937 1692
734 918 226 941 1696
734 919 224 942 1697
734 920 224 943 1698
734 921 221 944 1699
142 311 223 945 1700
558 43 223 945 1700
492 251 221 946 1701
734 923 221 946 1701
492 252 223 947 1702
644 2 222 947 1702
734 924 221 947 1702
558 45 222 947 1702
663 311 221 947 1702
76 51 222 948 1703
734 925 222 948 1703
285 325 221 948 1703
76 52 223 949 1704
371 128 224 949 1704
76 53 223 950 1705
734 927 221 950 1705
558 48 221 950 1705
76 54 222 951 1706
558 49 222 951 1706
558 50 223 952 1707
76 56 221 953 1708
742 900 222 953 1708
558 51 222 953 1708
558 52 223 954 1709
492 260 221 955 1710
742 902 221 955 1710
76 60 231 957 1712
492 262 222 957 1712
742 904 222 957 1712
734 934 229 957 1712
558 55 222 957 1712
76 61 232 958 1713
734 935 232 958 1713
558 56 221 958 1713
76 62 225 958 1713
142 325 221 959 1714
734 936 228 959 1714
558 57 223 959 1714
76 63 227 959 1714
734 937 231 960 1715
76 64 227 960 1715
734 938 228 961 1716
663 325 221 961 1716
76 65 225 961 1716
734 939 226 962 1717
76 66 226 962 1717
734 940 222 963 1718
663 327 221 963 1718
76 67 228 963 1718
734 941 224 964 1719
76 68 222 964 1719
734 942 226 965 1720
76 69 226 965 1720
686 1008 222 965 1720
734 943 227 966 1721
734 944 225 967 1722
492 273 224 968 1723
734 945 225 968 1723
76 72 224 968 1723
734 946 223 969 1724
76 73 222 969 1724
734 947 226 970 1725
734 948 225 971 1726
734 949 225 972 1727
663 337 223 973 1728
734 951 222 974 1729
76 80 221 977 1732
734 954 233 977 1732
76 81 222 978 1733
734 955 233 978 1733
285 355 225 978 1733
663 342 221 978 1733
76 82 226 979 1734
147 1048 222 979 1734
734 956 230 979 1734
285 356 223 979 1734
76 83 226 980 1735
734 957 229 980 1735
76 84 222 981 1736
734 958 231 981 1736
76 85 224 982 1737
734 959 222 982 1737
285 359 222 982 1737
76 86 225 982 1737
663 347 224 983 1738
734 961 230 984 1739
492 290 221 985 1740
734 962 228 985 1740
734 963 226 986 1741
734 964 230 987 1742
734 965 231 988 1743
132 346 222 988 1743
76 92 228 988 1743
734 966 231 989 1744
734 967 229 990 1745
663 354 221 990 1745
76 94 230 990 1745
734 968 230 991 1746
76 95 226 991 1746
285 369 221 992 1747
742 940 223 993 1748
734 970 222 993 1748
742 941 221 994 1749
38 518 223 994 1749
734 971 231 994 1749
492 300 223 994 1749
76 98 234 994 1749
734 972 233 995 1750
663 359 225 995 1750
76 99 224 995 1750
679 636 221 996 1751
38 520 221 996 1751
734 973 243 996 1751
720 1024 222 996 1751
492 302 221 996 1751
679 637 225 997 1752
734 974 231 997 1752
720 1025 224 997 1752
663 361 223 997 1752
76 101 222 997 1752
285 375 228 998 1753
734 975 245 998 1753
720 1026 226 998 1753
76 102 233 998 1753
686 1041 227 999 1754
734 976 224 999 1754
285 377 222 1000 1755
76 104 226 1000 1755
686 1043 221 1001 1756
663 366 229 1002 1757
76 106 222 1002 1757
558 101 223 1003 1758
663 368 223 1004 1759
76 108 226 1004 1759
492 310 221 1004 1759
734 982 221 1005 1760
663 369 224 1005 1760
132 363 225 1005 1760
76 110 226 1006 1761
734 984 238 1007 1762
558 105 222 1007 1762
132 365 221 1007 1762
734 985 235 1008 1763
734 986 221 1009 1764
663 373 222 1009 1764
76 113 226 1009 1764
492 315 228 1009 1764
734 987 233 1010 1765
720 1038 223 1010 1765
76 114 232 1010 1765
734 988 247 1011 1766
76 115 223 1011 1766
492 317 221 1011 1766
734 989 233 1012 1767
686 1055 223 1012 1767
742 960 228 1013 1768
285 390 222 1013 1768
734 990 226 1013 1768
663 377 222 1013 1768
76 117 227 1013 1768
492 319 229 1013 1768
742 961 226 1014 1769
285 391 223 1014 1769
734 991 232 1014 1769
663 378 225 1014 1769
742 962 226 1015 1770
720 1043 226 1015 1770
663 379 227 1015 1770
492 321 226 1015 1770
742 963 229 1016 1771
558 114 221 1016 1771
734 993 233 1016 1771
663 380 223 1016 1771
720 1044 227 1016 1771
76 120 234 1016 1771
742 964 221 1017 1772
734 994 241 1017 1772
663 381 225 1017 1772
76 121 221 1017 1772
492 323 228 1017 1772
742 965 227 1018 1773
734 995 248 1018 1773
663 382 227 1018 1773
742 966 221 1019 1774
734 996 246 1019 1774
663 383 224 1019 1774
132 377 222 1019 1774
147 1089 224 1019 1774
734 997 238 1020 1775
663 384 227 1020 1775
720 1049 223 1021 1776
76 125 223 1021 1776
132 380 230 1022 1777
76 126 231 1022 1777
734 1000 242 1023 1778
686 1066 221 1023 1778
734 1001 249 1024 1779
720 1052 221 1024 1779
734 1002 245 1025 1780
720 1053 223 1025 1780
285 403 224 1026 1781
734 1003 242 1026 1781
720 1054 224 1026 1781
734 1004 244 1027 1782
76 131 224 1027 1782
734 1005 243 1028 1783
734 1006 245 1029 1784
285 407 221 1030 1785
734 1007 242 1030 1785
76 134 222 1030 1785
734 1008 239 1031 1786
734 1009 222 1032 1787
742 980 221 1033 1788
285 410 224 1033 1788
734 1010 242 1033 1788
76 137 224 1033 1788
285 411 222 1034 1789
734 1011 237 1034 1789
720 1062 228 1034 1789
285 412 222 1035 1790
734 1012 246 1035 1790
285 413 224 1036 1791
734 1013 239 1036 1791
285 414 221 1037 1792
720 1065 226 1037 1792
285 415 224 1038 1793
734 1015 240 1038 1793
734 1016 240 1039 1794
285 417 224 1040 1795
734 1017 231 1040 1795
132 398 227 1040 1795
742 988 225 1041 1796
734 1018 222 1041 1796
285 418 231 1041 1796
720 1069 224 1041 1796
742 989 227 1042 1797
285 419 222 1042 1797
734 1019 244 1042 1797
492 348 224 1042 1797
285 420 221 1043 1798
734 1020 243 1043 1798
132 401 222 1043 1798
147 1113 223 1043 1798
734 1021 228 1044 1799
748 1105 221 1045 1800
734 1022 237 1045 1800
285 1 234 1045 1800
663 409 234 1045 1800
742 993 221 1046 1801
734 1023 224 1046 1801
720 1074 227 1046 1801
748 1107 222 1047 1802
734 1024 225 1047 1802
734 1025 230 1048 1803
720 1077 224 1049 1804
132 407 225 1049 1804
558 148 227 1050 1805
663 414 221 1050 1805
76 154 229 1050 1805
147 1120 223 1050 1805
742 998 224 1051 1806
558 149 232 1051 1806
285 7 223 1051 1806
734 1028 227 1051 1806
720 1079 221 1051 1806
558 150 230 1052 1807
734 1029 235 1052 1807
663 416 227 1052 1807
558 151 238 1053 1808
734 1032 227 1055 1810
720 1083 221 1055 1810
492 361 222 1055 1810
734 1033 229 1056 1811
720 1084 221 1056 1811
76 160 225 1056 1811
734 1034 241 1057 1812
76 161 226 1057 1812
720 1086 224 1058 1813
492 364 226 1058 1813
76 162 221 1058 1813
734 1036 236 1059 1814
686 1102 221 1059 1814
76 163 221 1059 1814
734 1037 233 1060 1815
720 1088 222 1060 1815
558 161 221 1063 1818
734 1040 231 1063 1818
734 1041 225 1064 1819
492 370 221 1064 1819
663 429 221 1065 1820
76 170 221 1066 1821
734 1044 221 1067 1822
720 1095 223 1067 1822
492 373 222 1067 1822
663 431 225 1067 1822
76 171 221 1067 1822
720 1096 221 1068 1823
734 1045 225 1068 1823
285 24 224 1068 1823
492 374 223 1068 1823
76 172 225 1068 1823
734 1046 229 1069 1824
492 375 221 1069 1824
663 433 223 1069 1824
734 1047 238 1070 1825
492 376 226 1070 1825
663 434 226 1070 1825
720 1099 223 1071 1826
734 1048 235 1071 1826
742 1019 223 1072 1827
734 1049 230 1072 1827
663 436 224 1072 1827
492 378 232 1072 1827
734 1050 227 1073 1828
492 379 221 1073 1828
734 1051 232 1074 1829
734 1052 232 1075 1830
663 439 225 1075 1830
76 179 224 1075 1830
147 1145 222 1075 1830
720 1104 225 1076 1831
734 1053 223 1076 1831
663 440 222 1076 1831
492 382 224 1076 1831
76 180 225 1076 1831
742 1024 222 1077 1832
734 1054 231 1077 1832
663 441 226 1077 1832
734 1055 233 1078 1833
663 442 221 1078 1833
132 436 222 1078 1833
76 182 223 1078 1833
734 1056 232 1079 1834
492 385 224 1079 1834
663 443 223 1079 1834
76 183 222 1079 1834
734 1057 232 1080 1835
663 444 223 1080 1835
734 1058 231 1081 1836
76 185 222 1081 1836
734 1059 232 1082 1837
720 1110 221 1082 1837
686 1125 223 1082 1837
76 186 222 1082 1837
742 1030 225 1082 1837
734 1060 236 1083 1838
285 39 222 1083 1838
734 1061 233 1084 1839
663 448 229 1084 1839
76 188 222 1084 1839
734 1062 225 1085 1840
734 1063 224 1086 1841
76 190 221 1086 1841
734 1064 234 1087 1842
285 43 223 1087 1842
734 1065 227 1088 1843
285 44 223 1088 1843
76 192 227 1088 1843
734 1066 230 1089 1844
734 1067 231 1090 1845
76 194 225 1090 1845
734 1068 226 1091 1846
742 1039 224 1091 1846
734 1069 234 1092 1847
742 1040 223 1092 1847
734 1070 231 1093 1848
663 457 222 1093 1848
734 1071 227 1094 1849
285 50 222 1094 1849
686 1137 222 1094 1849
663 458 226 1094 1849
742 1042 224 1094 1849
734 1072 233 1095 1850
76 199 224 1095 1850
734 1073 227 1096 1851
720 1124 222 1096 1851
76 200 222 1096 1851
742 1044 222 1096 1851
147 1167 222 1097 1852
742 1045 222 1097 1852
734 1075 235 1098 1853
720 1126 224 1098 1853
285 54 221 1098 1853
742 1046 221 1098 1853
720 1127 226 1099 1854
285 55 224 1099 1854
686 1142 225 1099 1854
663 463 234 1099 1854
142 466 226 1100 1855
371 279 226 1100 1855
558 199 238 1100 1855
686 1144 224 1101 1856
310 227 226 1102 1857
130 1158 221 1102 1857
590 295 225 1102 1857
425 1040 242 1103 1858
785 1155 236 1103 1858
78 610 225 1103 1858
288 339 234 1103 1858
324 523 233 1103 1858
518 227 231 1105 1860
730 1160 223 1105 1860
349 201 222 1105 1860
749 844 222 1105 1860
590 298 231 1105 1860
785 1158 242 1105 1860
574 229 233 1106 1861
450 1167 230 1106 1861
469 552 225 1106 1861
43 1168 222 1106 1861
420 1023 239 1107 1862
468 1168 223 1107 1862
667 523 226 1107 1862
634 497 231 1107 1862
493 1153 224 1107 1862
717 1168 229 1107 1862
317 75 223 1107 1862
469 553 223 1107 1862
780 379 227 1108 1863
667 525 224 1109 1864
112 268 226 1109 1864
169 470 224 1110 1865
188 654 222 1110 1865
23 647 231 1110 1865
382 1165 224 1110 1865
658 1174 234 1110 1865
599 32 232 1111 1866
780 382 225 1111 1866
82 260 247 1111 1866
469 557 237 1111 1866
757 616 222 1111 1866
772 48 227 1112 1867
361 255 230 1112 1867
772 49 235 1113 1868
34 2 226 1113 1868
605 176 222 1113 1868
767 1174 223 1113 1868
361 256 230 1113 1868
757 618 224 1113 1868
34 3 222 1114 1869
605 177 223 1114 1869
361 257 223 1114 1869
757 619 223 1114 1869
34 4 222 1115 1870
605 178 237 1115 1870
767 1176 225 1115 1870
361 258 232 1115 1870
757 620 221 1115 1870
470 1093 223 1116 1871
772 52 230 1116 1871
34 5 222 1116 1871
605 179 223 1116 1871
361 259 233 1116 1871
757 621 224 1116 1871
772 53 235 1117 1872
34 6 239 1117 1872
605 180 232 1117 1872
767 1178 221 1117 1872
666 27 229 1117 1872
361 260 237 1117 1872
772 54 229 1118 1873
34 7 235 1118 1873
605 181 233 1118 1873
767 1179 231 1118 1873
666 28 232 1118 1873
361 261 221 1118 1873
233 1184 224 1118 1873
451 1185 239 1119 1874
772 55 225 1119 1874
225 1102 237 1119 1874
605 182 229 1119 1874
666 29 222 1119 1874
361 262 226 1119 1874
629 4 221 1120 1875
470 1097 224 1120 1875
34 9 233 1120 1875
225 1103 221 1120 1875
605 183 231 1120 1875
666 30 237 1120 1875
361 263 221 1120 1875
34 10 239 1121 1876
225 1104 225 1121 1876
666 31 223 1121 1876
361 264 221 1121 1876
451 1188 221 1122 1877
772 58 227 1122 1877
34 11 229 1122 1877
666 32 224 1122 1877
361 265 237 1122 1877
233 1188 221 1122 1877
34 12 222 1123 1878
225 1106 222 1123 1878
605 186 233 1123 1878
335 11 222 1124 1879
34 13 228 1124 1879
605 187 225 1124 1879
225 1108 231 1125 1880
757 630 223 1125 1880
335 13 236 1126 1881
34 15 222 1126 1881
605 189 224 1126 1881
666 36 225 1126 1881
361 269 224 1126 1881
605 190 224 1127 1882
666 37 222 1127 1882
361 270 224 1127 1882
335 15 236 1128 1883
605 191 227 1128 1883
451 1195 227 1129 1884
335 16 240 1129 1884
34 18 223 1129 1884
605 192 225 1129 1884
666 39 221 1129 1884
451 1196 225 1130 1885
335 17 236 1130 1885
772 66 222 1130 1885
34 19 225 1130 1885
605 193 223 1130 1885
34 20 226 1131 1886
629 16 221 1131 1886
335 19 237 1132 1887
451 1198 228 1132 1887
34 21 225 1132 1887
335 20 237 1133 1888
451 1199 226 1133 1888
34 22 223 1133 1888
451 1200 225 1134 1889
335 21 237 1134 1889
451 1201 225 1135 1890
335 22 239 1135 1890
34 24 222 1135 1890
451 1202 225 1136 1891
335 23 237 1136 1891
34 25 222 1136 1891
772 73 233 1137 1892
451 1203 237 1137 1892
335 24 239 1137 1892
34 26 233 1137 1892
335 25 225 1138 1893
335 26 224 1139 1894
335 27 222 1140 1895
335 28 224 1141 1896
335 29 224 1142 1897
335 30 225 1143 1898
335 31 226 1144 1899
335 32 226 1145 1900
335 33 225 1146 1901
335 34 226 1147 1902
335 35 231 1148 1903
335 36 230 1149 1904
335 37 229 1150 1905
335 38 235 1151 1906
629 9 224 1151 1906
335 40 236 1153 1908
629 11 221 1153 1908
335 41 227 1154 1909
629 12 222 1154 1909
34 46 223 1157 1912
666 71 226 1161 1916
335 49 224 1162 1917
666 72 225 1162 1917
666 73 224 1163 1918
666 74 224 1164 1919
666 75 223 1165 1920
666 76 223 1166 1921
34 56 221 1167 1922
666 77 224 1167 1922
335 55 225 1168 1923
451 1234 221 1168 1923
34 57 224 1168 1923
629 26 229 1168 1923
605 231 224 1168 1923
757 673 223 1168 1923
335 56 223 1169 1924
629 27 226 1169 1924
629 28 222 1170 1925
605 233 221 1170 1925
605 235 221 1172 1927
629 32 222 1174 1929
629 33 223 1175 1930
629 34 221 1176 1931
629 35 224 1177 1932
629 36 224 1178 1933
605 241 222 1178 1933
335 66 236 1179 1934
451 1245 221 1179 1934
34 68 223 1179 1934
629 37 239 1179 1934
605 242 230 1179 1934
757 684 226 1179 1934
335 67 224 1180 1935
772 116 221 1180 1935
34 69 236 1180 1935
629 38 233 1180 1935
605 243 234 1180 1935
233 1246 222 1180 1935
757 685 223 1180 1935
335 68 222 1181 1936
34 70 239 1181 1936
605 244 237 1181 1936
34 71 238 1182 1937
629 40 246 1182 1937
605 245 239 1182 1937
335 70 224 1183 1938
629 41 243 1183 1938
34 72 230 1183 1938
225 1166 223 1183 1938
605 246 231 1183 1938
629 42 243 1184 1939
34 73 225 1184 1939
605 247 231 1184 1939
629 43 243 1185 1940
34 74 228 1185 1940
605 248 229 1185 1940
772 122 224 1186 1941
629 44 241 1186 1941
34 75 223 1186 1941
605 249 222 1186 1941
629 45 241 1187 1942
34 76 221 1187 1942
629 46 245 1188 1943
605 251 222 1188 1943
451 1255 223 1189 1944
629 47 238 1189 1944
34 78 227 1189 1944
605 252 227 1189 1944
772 126 233 1190 1945
451 1256 231 1190 1945
629 48 242 1190 1945
34 79 231 1190 1945
605 253 228 1190 1945
757 695 221 1190 1945
451 1257 223 1191 1946
629 49 246 1191 1946
225 1174 225 1191 1946
605 254 225 1191 1946
757 696 221 1191 1946
772 128 221 1192 1947
451 1258 224 1192 1947
629 50 240 1192 1947
34 81 222 1192 1947
605 255 233 1192 1947
451 1259 226 1193 1948
629 51 233 1193 1948
451 1260 221 1194 1949
629 52 245 1194 1949
225 1177 221 1194 1949
34 83 228 1194 1949
451 1261 227 1195 1950
629 53 226 1195 1950
225 1178 222 1195 1950
34 84 222 1195 1950
233 1261 222 1195 1950
757 700 233 1195 1950
335 83 222 1196 1951
470 1173 224 1196 1951
772 132 226 1196 1951
629 54 233 1196 1951
34 85 241 1196 1951
233 1262 223 1196 1951
757 701 224 1196 1951
629 55 224 1197 1952
451 1263 227 1197 1952
34 86 235 1197 1952
225 1180 224 1197 1952
335 85 225 1198 1953
629 56 225 1198 1953
451 1264 224 1198 1953
225 1181 232 1198 1953
34 87 235 1198 1953
666 1 231 1198 1953
470 1176 222 1199 1954
335 86 234 1199 1954
772 135 223 1199 1954
629 57 223 1199 1954
451 1265 231 1199 1954
225 1182 227 1199 1954
34 88 225 1199 1954
335 87 225 1200 1955
629 58 229 1200 1955
451 1266 229 1200 1955
225 1183 226 1200 1955
34 89 240 1200 1955
757 705 224 1200 1955
335 88 225 1201 1956
629 59 231 1201 1956
451 1267 227 1201 1956
225 1184 231 1201 1956
34 90 230 1201 1956
757 706 227 1201 1956
470 1179 222 1202 1957
335 89 228 1202 1957
629 60 229 1202 1957
225 1185 228 1202 1957
451 1268 229 1202 1957
34 91 230 1202 1957
335 90 225 1203 1958
629 61 233 1203 1958
451 1269 236 1203 1958
225 1186 231 1203 1958
34 92 235 1203 1958
757 708 222 1203 1958
335 91 224 1204 1959
772 140 222 1204 1959
629 62 229 1204 1959
451 1270 233 1204 1959
225 1187 223 1204 1959
34 93 233 1204 1959
757 709 225 1204 1959
629 63 236 1205 1960
34 94 234 1205 1960
225 1188 227 1205 1960
757 710 223 1205 1960
335 93 223 1206 1961
451 1272 222 1206 1961
361 349 230 1206 1961
757 711 228 1206 1961
233 1272 222 1206 1961
629 65 235 1207 1962
757 712 224 1207 1962
233 1273 221 1207 1962
335 95 227 1208 1963
772 144 225 1208 1963
629 66 238 1208 1963
451 1274 224 1208 1963
361 351 224 1208 1963
757 713 221 1208 1963
233 1274 223 1208 1963
335 96 229 1209 1964
629 67 226 1209 1964
451 1275 224 1209 1964
34 98 222 1209 1964
757 714 222 1209 1964
629 68 229 1210 1965
335 98 225 1211 1966
335 99 226 1212 1967
629 70 239 1212 1967
666 15 222 1212 1967
757 717 236 1212 1967
361 355 224 1212 1967
470 1190 222 1213 1968
335 100 225 1213 1968
34 102 224 1213 1968
666 16 222 1213 1968
757 718 222 1213 1968
361 356 222 1213 1968
470 1191 221 1214 1969
335 101 231 1214 1969
772 150 229 1214 1969
629 72 225 1214 1969
34 103 224 1214 1969
666 17 224 1214 1969
361 357 224 1214 1969
757 719 227 1214 1969
629 73 229 1215 1970
34 104 231 1215 1970
666 18 221 1215 1970
361 358 222 1215 1970
233 1281 221 1215 1970
470 1193 222 1216 1971
772 152 222 1216 1971
629 74 237 1216 1971
34 105 223 1216 1971
666 19 221 1216 1971
757 721 223 1216 1971
772 153 225 1217 1972
629 75 245 1217 1972
335 104 228 1217 1972
34 106 237 1217 1972
666 20 221 1217 1972
361 360 228 1217 1972
757 722 225 1217 1972
233 1283 223 1217 1972
629 76 234 1218 1973
335 105 231 1218 1973
666 21 226 1218 1973
767 1279 224 1218 1973
361 361 229 1218 1973
757 723 235 1218 1973
629 77 227 1219 1974
335 106 224 1219 1974
772 155 225 1219 1974
666 22 221 1219 1974
361 362 227 1219 1974
757 724 229 1219 1974
335 107 227 1220 1975
629 78 235 1220 1975
225 1203 228 1220 1975
767 1281 227 1220 1975
233 1286 222 1220 1975
361 363 226 1220 1975
757 725 228 1220 1975
335 108 221 1221 1976
34 110 222 1221 1976
629 79 243 1221 1976
772 157 227 1221 1976
451 1287 237 1221 1976
233 1287 233 1221 1976
757 726 225 1221 1976
361 364 233 1221 1976
470 1199 233 1222 1977
629 80 231 1222 1977
34 111 237 1222 1977
772 158 224 1222 1977
225 1205 222 1222 1977
233 1288 228 1222 1977
757 727 224 1222 1977
470 1200 223 1223 1978
335 110 228 1223 1978
629 81 231 1223 1978
451 1289 232 1223 1978
772 159 243 1223 1978
767 1284 225 1223 1978
233 1289 225 1223 1978
361 366 239 1223 1978
470 1201 243 1224 1979
335 111 233 1224 1979
629 82 223 1224 1979
34 113 229 1224 1979
451 1290 223 1224 1979
225 1207 225 1224 1979
757 729 235 1224 1979
470 1202 241 1225 1980
629 83 233 1225 1980
34 114 226 1225 1980
772 161 228 1225 1980
757 730 236 1225 1980
361 368 222 1225 1980
470 1203 241 1226 1981
335 113 223 1226 1981
629 84 231 1226 1981
34 115 227 1226 1981
772 1 223 1226 1981
757 731 237 1226 1981
361 369 221 1226 1981
470 1204 242 1227 1982
629 85 231 1227 1982
34 116 226 1227 1982
772 2 223 1227 1982
757 732 236 1227 1982
361 370 221 1227 1982
470 1205 245 1228 1983
629 86 227 1228 1983
34 117 227 1228 1983
225 1211 223 1228 1983
666 31 222 1228 1983
666 34 230 1232 1987
757 736 231 1232 1987
361 374 238 1232 1987
629 90 243 1232 1987
34 121 240 1232 1987
225 1215 229 1232 1987
451 1298 230 1232 1987
772 7 226 1233 1988
666 35 223 1233 1988
757 737 237 1233 1988
233 1298 223 1233 1988
361 375 224 1233 1988
470 1210 228 1233 1988
335 120 235 1233 1988
629 91 236 1233 1988
34 122 241 1233 1988
666 36 226 1234 1989
470 1211 243 1234 1989
335 121 223 1234 1989
629 92 231 1234 1989
34 123 232 1234 1989
225 1217 242 1234 1989
451 1300 230 1235 1990
772 9 233 1235 1990
666 37 224 1235 1990
767 1295 229 1235 1990
233 1300 226 1235 1990
361 377 230 1235 1990
470 1212 223 1235 1990
335 122 233 1235 1990
629 93 227 1235 1990
34 124 246 1235 1990
225 1218 242 1235 1990
451 1301 221 1236 1991
772 10 225 1236 1991
666 38 226 1236 1991
767 1296 222 1236 1991
233 1301 225 1236 1991
757 740 229 1236 1991
361 378 233 1236 1991
470 1213 229 1236 1991
335 123 236 1236 1991
629 94 228 1236 1991
34 125 225 1236 1991
225 1219 237 1236 1991
451 1302 229 1237 1992
772 11 233 1237 1992
666 39 232 1237 1992
361 379 239 1237 1992
629 95 239 1237 1992
34 126 242 1237 1992
225 1220 231 1237 1992
451 1303 221 1238 1993
772 12 231 1238 1993
767 1298 233 1238 1993
757 742 235 1238 1993
361 380 234 1238 1993
470 1215 223 1238 1993
335 125 229 1238 1993
629 96 223 1238 1993
34 127 248 1239 1994
451 1304 223 1239 1994
666 41 225 1239 1994
767 1299 224 1239 1994
233 1304 222 1239 1994
629 97 239 1239 1994
34 128 245 1240 1995
666 42 222 1240 1995
767 1300 234 1240 1995
361 382 223 1240 1995
34 129 222 1241 1996
772 15 224 1241 1996
767 1301 231 1241 1996
233 1306 241 1241 1996
335 128 237 1241 1996
772 16 222 1242 1997
211 360 223 1242 1997
666 44 222 1242 1997
233 1307 224 1242 1997
361 384 222 1242 1997
470 1219 226 1242 1997
