692 37 221 6 734
128 116 224 6 734
128 117 236 7 735
128 1 229 9 737
128 2 225 10 738
128 3 227 11 739
128 4 228 12 740
128 5 231 13 741
128 6 227 14 742
128 7 235 15 743
128 8 231 16 744
128 9 221 17 745
128 10 221 18 746
128 13 221 21 749
128 16 227 24 752
128 19 237 27 755
128 20 239 28 756
128 21 236 29 757
128 22 224 30 758
128 23 233 31 759
128 24 237 32 760
128 25 237 33 761
128 26 239 34 762
128 27 239 35 763
128 28 239 36 764
128 29 239 37 765
128 30 239 38 766
128 31 239 39 767
128 32 239 40 768
128 33 237 41 769
128 34 243 42 770
128 35 242 43 771
128 36 243 44 772
128 37 241 45 773
128 38 247 46 774
128 39 245 47 775
128 40 242 48 776
128 41 242 49 777
128 42 237 50 778
128 43 239 51 779
128 44 237 52 780
128 45 237 53 781
128 46 237 54 782
128 47 237 55 783
128 48 239 56 784
128 49 242 57 785
128 50 239 58 786
128 51 243 59 787
128 52 240 60 788
128 53 239 61 789
128 54 247 62 790
128 55 227 63 791
128 56 221 64 792
128 57 245 65 793
128 58 225 66 794
128 66 231 74 802
128 72 221 80 808
128 74 221 82 810
128 77 222 85 813
128 79 225 87 815
128 81 223 89 817
128 82 221 90 818
436 108 237 92 820
274 200 226 93 821
436 110 235 94 822
436 111 221 95 823
681 56 223 95 823
436 114 227 98 826
436 116 229 100 828
436 121 223 105 833
436 122 221 106 834
681 69 224 108 836
436 127 225 111 839
436 128 227 112 840
436 129 227 113 841
436 130 229 114 842
436 131 223 115 843
436 132 225 116 844
436 133 231 117 845
436 134 227 118 846
436 135 233 119 847
436 136 229 120 848
436 137 233 121 849
436 138 227 122 850
436 139 225 123 851
436 140 227 124 852
436 144 221 128 856
274 238 221 131 859
436 149 224 133 861
436 150 224 134 862
436 151 227 135 863
436 152 223 136 864
436 155 221 139 867
436 159 221 143 871
436 169 226 153 881
436 170 226 154 882
436 171 234 155 883
436 175 223 159 887
436 176 229 160 888
436 177 222 161 889
128 155 228 163 891
436 180 227 164 892
128 160 223 168 896
436 184 223 168 896
274 275 222 168 896
128 161 221 169 897
128 162 225 170 898
274 277 225 170 898
128 163 223 171 899
436 187 228 171 899
436 189 226 173 901
274 282 223 175 903
128 176 223 184 912
128 6 231 250 978
128 8 221 252 980
128 9 228 253 981
128 12 222 256 984
128 14 223 258 986
128 82 236 327 1055
128 83 237 328 1056
128 85 229 330 1058
128 94 225 339 1067
128 95 224 340 1068
128 96 224 341 1069
128 97 225 342 1070
128 98 223 343 1071
128 99 221 344 1072
128 100 224 345 1073
128 102 227 347 1075
128 103 229 348 1076
128 108 221 353 1081
128 109 226 354 1082
128 111 227 356 1084
128 112 223 357 1085
128 113 221 358 1086
128 114 221 359 1087
140 424 233 360 1088
140 425 226 361 1089
128 119 231 364 1092
128 120 227 365 1093
128 126 222 371 1099
128 131 234 376 1104
140 440 222 376 1104
140 442 221 378 1106
128 224 221 469 1197
128 226 227 471 1199
128 232 222 477 1205
128 1 239 480 1208
128 2 237 481 1209
128 3 240 482 1210
128 4 239 483 1211
128 5 242 484 1212
128 6 235 485 1213
436 502 226 487 1215
135 519 226 487 1215
135 521 226 489 1217
128 11 221 490 1218
128 12 223 491 1219
128 13 221 492 1220
128 14 234 493 1221
436 508 239 493 1221
436 509 221 494 1222
128 16 227 495 1223
229 538 226 497 1225
128 18 221 497 1225
436 512 227 497 1225
128 19 222 498 1226
436 513 223 498 1226
128 20 225 499 1227
436 514 225 499 1227
128 21 224 500 1228
436 515 230 500 1228
128 23 222 502 1230
436 519 228 504 1232
530 19 227 512 1240
128 36 234 515 1243
282 550 222 515 1243
128 37 233 516 1244
191 341 223 517 1245
228 560 221 517 1245
689 10 227 518 1246
128 39 225 518 1246
689 11 221 519 1247
787 241 225 519 1247
128 41 225 520 1248
136 326 222 521 1249
787 243 224 521 1249
402 35 225 521 1249
128 43 234 522 1250
402 36 225 522 1250
474 134 235 523 1251
79 115 227 523 1251
674 93 227 523 1251
744 62 231 524 1252
674 94 221 524 1252
744 63 229 524 1252
436 540 233 525 1253
674 95 231 525 1253
744 64 231 525 1253
436 541 221 526 1254
674 96 231 526 1254
744 65 224 526 1254
128 48 223 527 1255
436 542 234 527 1255
674 97 229 527 1255
744 66 223 527 1255
128 50 227 529 1257
436 544 228 529 1257
674 99 235 530 1258
744 68 237 530 1258
128 51 233 530 1258
436 545 233 530 1258
744 69 235 530 1258
128 52 229 531 1259
436 546 225 531 1259
744 70 235 531 1259
540 569 223 531 1259
140 596 221 532 1260
744 71 235 532 1260
540 570 221 532 1260
140 597 231 533 1261
128 54 223 533 1261
744 72 232 533 1261
540 571 221 533 1261
140 598 233 534 1262
128 55 223 534 1262
744 73 228 534 1262
540 572 225 534 1262
140 599 239 535 1263
128 56 225 535 1263
744 74 227 535 1263
540 573 221 535 1263
140 600 237 536 1264
128 57 225 536 1264
744 75 225 536 1264
140 601 235 537 1265
128 58 223 537 1265
436 552 226 537 1265
540 575 221 537 1265
140 602 241 538 1266
128 59 223 538 1266
436 553 224 538 1266
140 603 245 539 1267
128 60 225 539 1267
436 554 225 539 1267
744 78 224 539 1267
140 604 236 540 1268
128 61 230 540 1268
436 555 230 540 1268
140 605 238 541 1269
128 62 222 541 1269
436 556 225 541 1269
744 80 230 541 1269
140 606 237 542 1270
744 81 231 542 1270
140 607 234 543 1271
128 64 227 543 1271
436 558 227 543 1271
744 82 231 543 1271
140 608 239 544 1272
128 65 226 544 1272
436 559 232 544 1272
744 83 229 544 1272
478 58 222 545 1273
140 609 245 545 1273
128 66 221 545 1273
436 560 231 545 1273
744 84 230 545 1273
140 610 235 546 1274
128 67 222 546 1274
436 561 230 546 1274
744 85 231 546 1274
140 611 237 547 1275
128 68 235 547 1275
436 562 238 547 1275
744 86 236 547 1275
140 612 227 548 1276
128 69 233 548 1276
436 563 233 548 1276
744 87 228 548 1276
140 613 235 549 1277
128 70 221 549 1277
436 564 228 549 1277
744 88 239 549 1277
140 614 236 550 1278
436 565 233 550 1278
744 89 238 550 1278
140 615 227 551 1279
128 72 228 551 1279
436 566 226 551 1279
540 589 223 551 1279
744 90 223 551 1279
140 616 228 552 1280
128 73 229 552 1280
436 567 233 552 1280
540 590 223 552 1280
140 617 231 553 1281
128 74 225 553 1281
436 568 225 553 1281
744 92 245 553 1281
478 67 224 554 1282
140 618 227 554 1282
128 75 225 554 1282
744 93 241 554 1282
140 619 227 555 1283
128 76 223 555 1283
436 570 227 555 1283
540 593 222 555 1283
744 94 247 555 1283
140 620 227 556 1284
128 77 227 556 1284
540 594 221 556 1284
744 95 242 556 1284
140 621 223 557 1285
128 78 224 557 1285
436 572 223 557 1285
540 595 225 557 1285
744 96 236 557 1285
140 622 233 558 1286
128 79 230 558 1286
744 97 237 558 1286
478 72 222 559 1287
140 623 232 559 1287
128 80 227 559 1287
436 574 221 559 1287
744 98 234 559 1287
478 73 223 560 1288
140 624 231 560 1288
436 575 223 560 1288
744 99 238 560 1288
436 576 225 561 1289
540 599 221 561 1289
744 100 241 561 1289
140 626 230 562 1290
128 83 231 562 1290
436 577 225 562 1290
744 101 236 562 1290
140 627 235 563 1291
128 84 225 563 1291
436 578 231 563 1291
744 102 233 563 1291
140 628 231 564 1292
436 579 225 564 1292
540 602 221 564 1292
744 103 240 564 1292
140 629 225 565 1293
436 580 233 565 1293
744 104 233 565 1293
140 630 236 566 1294
128 87 225 566 1294
436 581 225 566 1294
744 105 231 566 1294
128 88 231 567 1295
436 582 230 567 1295
744 106 224 567 1295
140 632 226 568 1296
128 89 228 568 1296
436 583 231 568 1296
744 107 240 568 1296
140 633 225 569 1297
128 90 221 569 1297
436 584 225 569 1297
744 108 243 569 1297
140 634 225 570 1298
436 585 224 570 1298
140 635 227 571 1299
128 92 227 571 1299
436 586 222 571 1299
140 636 229 572 1300
436 588 227 573 1301
140 638 233 574 1302
436 589 238 574 1302
140 639 234 575 1303
128 96 229 575 1303
140 640 227 576 1304
128 97 231 576 1304
140 641 226 577 1305
140 642 224 578 1306
128 99 221 578 1306
560 614 225 580 1308
702 616 238 580 1308
746 292 222 580 1308
446 605 224 580 1308
386 203 223 580 1308
170 601 226 580 1308
205 333 229 581 1309
702 617 241 581 1309
214 495 222 581 1309
554 615 229 581 1309
78 61 235 581 1309
737 604 222 581 1309
671 624 221 581 1309
577 621 226 581 1309
454 620 221 581 1309
699 511 221 582 1310
652 608 223 582 1310
650 562 225 583 1311
685 597 235 583 1311
128 104 222 583 1311
478 100 237 587 1315
406 665 223 587 1315
478 101 237 588 1316
128 109 232 588 1316
406 666 240 588 1316
478 102 239 589 1317
406 667 234 589 1317
478 103 224 590 1318
128 111 221 590 1318
406 668 227 590 1318
478 104 231 591 1319
128 112 221 591 1319
406 669 229 591 1319
478 105 225 592 1320
406 670 228 592 1320
478 106 223 593 1321
406 671 233 593 1321
478 107 233 594 1322
406 672 229 594 1322
478 108 235 595 1323
406 673 233 595 1323
478 109 233 596 1324
128 117 225 596 1324
406 674 223 596 1324
478 110 229 597 1325
406 675 227 597 1325
478 111 224 598 1326
478 112 221 599 1327
478 113 230 600 1328
478 114 225 601 1329
478 115 229 602 1330
478 116 223 603 1331
478 117 240 604 1332
406 682 223 604 1332
478 118 223 605 1333
128 126 221 605 1333
406 683 230 605 1333
128 127 239 606 1334
406 684 223 606 1334
478 120 221 607 1335
128 128 223 607 1335
406 685 221 607 1335
128 129 221 608 1336
406 686 221 608 1336
128 130 221 609 1337
406 687 227 609 1337
478 123 221 610 1338
406 688 227 610 1338
128 132 234 611 1339
406 689 225 611 1339
478 125 233 612 1340
406 690 223 612 1340
406 691 222 613 1341
478 127 223 614 1342
128 135 225 614 1342
406 692 226 614 1342
478 128 231 615 1343
406 693 228 615 1343
478 129 241 616 1344
128 137 223 616 1344
406 694 224 616 1344
478 130 234 617 1345
406 695 226 617 1345
478 131 233 618 1346
128 139 223 618 1346
406 696 225 618 1346
478 132 223 619 1347
478 133 227 620 1348
128 141 221 620 1348
406 698 225 620 1348
478 134 240 621 1349
406 699 223 621 1349
478 135 233 622 1350
406 700 222 622 1350
478 136 238 623 1351
478 137 234 624 1352
128 145 223 624 1352
478 138 240 625 1353
128 146 224 625 1353
478 139 239 626 1354
128 147 226 626 1354
478 140 239 627 1355
478 141 233 628 1356
128 150 221 629 1357
128 151 225 630 1358
478 145 226 632 1360
478 146 221 633 1361
478 147 221 634 1362
478 148 228 635 1363
128 156 221 635 1363
478 150 240 637 1365
478 151 227 638 1366
478 152 236 639 1367
478 153 235 640 1368
478 154 233 641 1369
478 155 235 642 1370
478 156 235 643 1371
478 157 237 644 1372
128 165 223 644 1372
478 158 221 645 1373
128 166 229 645 1373
478 159 234 646 1374
128 167 223 646 1374
478 160 227 647 1375
478 161 227 648 1376
128 169 225 648 1376
478 162 225 649 1377
128 170 231 649 1377
478 163 231 650 1378
128 171 235 650 1378
478 164 227 651 1379
128 172 231 651 1379
478 165 224 652 1380
128 173 231 652 1380
478 166 227 653 1381
128 174 233 653 1381
128 175 235 654 1382
478 168 227 655 1383
128 176 231 655 1383
478 169 226 656 1384
128 177 231 656 1384
478 170 230 657 1385
478 171 234 658 1386
128 179 239 658 1386
478 172 229 659 1387
128 180 235 659 1387
478 173 231 660 1388
128 181 228 660 1388
478 174 229 661 1389
128 182 223 661 1389
128 183 222 662 1390
478 176 233 663 1391
128 184 225 663 1391
478 177 221 664 1392
478 178 235 665 1393
128 186 231 665 1393
478 179 235 666 1394
128 187 226 666 1394
478 180 237 667 1395
128 188 228 667 1395
478 181 235 668 1396
128 190 223 669 1397
478 183 231 670 1398
128 191 226 670 1398
478 184 231 671 1399
478 185 241 672 1400
128 193 223 672 1400
478 186 228 673 1401
128 194 223 673 1401
478 187 226 674 1402
128 195 221 674 1402
478 188 227 675 1403
478 189 229 676 1404
128 197 237 676 1404
478 190 237 677 1405
128 198 231 677 1405
478 191 237 678 1406
128 199 233 678 1406
478 192 237 679 1407
128 200 230 679 1407
478 193 229 680 1408
128 201 226 680 1408
478 194 239 681 1409
478 195 237 682 1410
128 203 229 682 1410
478 196 229 683 1411
128 204 225 683 1411
478 197 229 684 1412
128 205 221 684 1412
478 198 223 685 1413
478 199 229 686 1414
128 207 236 686 1414
128 209 231 688 1416
128 210 226 689 1417
128 211 227 690 1418
128 212 224 691 1419
478 205 225 692 1420
128 213 234 692 1420
630 95 225 692 1420
717 727 221 693 1421
43 728 225 693 1421
171 163 236 693 1421
128 215 233 694 1422
128 253 228 732 1460
128 254 229 733 1461
128 255 233 734 1462
128 258 227 737 1465
128 259 239 738 1466
128 260 223 739 1467
128 262 231 741 1469
128 263 229 742 1470
128 264 232 743 1471
128 265 249 744 1472
128 266 235 745 1473
128 267 241 746 1474
128 268 235 747 1475
624 438 221 753 1481
305 899 234 777 1505
628 851 243 786 1514
628 852 239 787 1515
628 853 245 788 1516
628 855 239 790 1518
524 450 238 791 1519
755 822 221 794 1522
524 453 224 794 1522
755 823 223 795 1523
755 824 221 796 1524
628 886 233 821 1549
628 888 239 823 1551
628 889 241 824 1552
628 890 236 825 1553
628 891 239 826 1554
628 892 225 827 1555
628 893 239 828 1556
628 894 224 829 1557
636 257 221 834 1562
636 258 241 835 1563
636 259 239 836 1564
436 931 229 916 1644
436 932 226 917 1645
436 933 225 918 1646
436 934 226 919 1647
436 935 227 920 1648
436 936 227 921 1649
436 937 225 922 1650
436 942 221 928 1656
436 943 224 928 1656
436 944 225 929 1657
436 945 223 930 1658
436 946 227 931 1659
436 949 228 934 1662
436 950 225 935 1663
436 951 225 937 1665
436 953 221 938 1666
436 955 224 940 1668
436 956 225 941 1669
436 957 227 942 1670
436 958 225 943 1671
436 959 227 944 1672
436 960 227 945 1673
436 961 226 946 1674
436 963 227 948 1676
436 964 226 949 1677
436 965 227 950 1678
436 966 227 951 1679
436 968 227 953 1681
436 969 234 954 1682
436 970 233 955 1683
436 971 237 957 1685
436 972 235 957 1685
436 973 223 958 1686
436 974 227 959 1687
436 975 235 960 1688
436 976 232 961 1689
436 984 221 969 1697
436 985 227 970 1698
436 986 230 971 1699
436 987 226 972 1700
436 988 228 973 1701
128 135 233 977 1705
274 87 244 992 1720
182 18 225 999 1727
182 19 223 1000 1728
182 20 244 1001 1729
182 21 245 1002 1730
128 323 221 1164 1892
369 242 224 1167 1895
22 1150 225 1168 1896
203 38 224 1177 1905
358 57 228 1177 1905
78 659 222 1178 1906
372 261 224 1178 1906
358 58 223 1178 1906
224 1117 222 1179 1907
406 1262 222 1183 1911
128 343 221 1184 1912
406 1263 232 1184 1912
128 344 246 1185 1913
406 1264 225 1185 1913
406 1265 231 1186 1914
406 1266 236 1187 1915
128 347 224 1188 1916
406 1267 224 1188 1916
128 348 223 1189 1917
128 349 222 1190 1918
406 1269 232 1190 1918
406 1270 231 1191 1919
406 1271 231 1192 1920
406 1272 231 1193 1921
406 1273 234 1194 1922
128 363 223 1204 1932
406 1283 227 1204 1932
128 401 221 1242 1970
128 402 221 1243 1971
137 1284 237 1256 1984
324 651 222 1256 1984
468 1294 237 1259 1987
524 136 227 1286 2014
58 989 233 1288 2016
58 993 221 1291 2019
58 994 237 1293 2021
58 995 233 1294 2022
182 57 225 1294 2022
58 996 225 1295 2023
58 997 237 1296 2024
182 59 231 1296 2024
182 60 235 1297 2025
182 61 233 1298 2026
182 62 236 1299 2027
58 1002 237 1301 2029
58 1003 233 1302 2030
58 1004 228 1303 2031
58 1005 228 1304 2032
58 1006 233 1305 2033
58 1007 232 1306 2034
58 1009 237 1308 2036
58 1010 222 1309 2037
681 516 221 1365 2093
140 1432 225 1367 2095
58 1161 221 1460 2188
