152 1 221 0 697
264 7 222 0 697
725 6 233 0 697
688 1 239 0 697
678 2 225 0 697
258 7 225 1 698
262 5 239 1 698
678 3 225 1 698
152 3 224 2 699
258 8 234 2 699
262 6 239 2 699
264 9 232 2 699
725 8 243 2 699
702 7 227 2 699
688 3 227 2 699
678 4 221 2 699
152 4 231 3 700
258 9 228 3 700
264 10 231 3 700
702 8 233 3 700
688 4 233 4 701
152 5 230 4 701
258 10 233 4 701
262 8 237 4 701
264 11 242 4 701
702 9 224 4 701
688 5 239 5 702
152 6 229 5 702
258 11 222 5 702
262 9 225 5 702
702 10 223 6 703
678 7 231 6 703
688 6 238 6 703
152 7 225 6 703
262 10 233 6 703
264 13 222 6 703
678 8 241 7 704
688 7 246 7 704
258 13 236 7 704
262 11 228 7 704
725 3 223 7 704
678 9 227 8 705
702 12 231 8 705
688 8 241 8 705
152 9 229 8 705
262 12 236 8 705
264 15 230 8 705
725 4 238 8 705
702 13 227 9 706
688 9 233 9 706
152 10 222 9 706
258 15 227 9 706
262 13 238 9 706
264 16 223 9 706
725 5 235 9 706
688 10 228 10 707
678 11 224 10 707
152 11 226 10 707
262 14 236 10 707
725 6 237 10 707
688 11 234 11 708
702 15 226 11 708
678 12 233 11 708
152 12 229 11 708
258 17 226 11 708
262 15 231 11 708
725 7 229 11 708
702 16 223 12 709
678 13 223 12 709
152 13 222 12 709
258 18 225 12 709
725 8 233 12 709
702 17 231 13 710
688 13 221 13 710
258 19 224 13 710
262 17 235 13 710
725 9 239 13 710
702 18 223 14 711
678 15 222 14 711
258 20 233 14 711
725 10 237 14 711
702 19 221 15 712
688 15 230 15 712
152 16 223 15 712
258 21 224 15 712
262 19 236 15 712
725 11 235 15 712
702 20 229 15 712
688 16 227 16 713
678 17 227 16 713
152 17 224 16 713
258 22 227 16 713
262 20 246 16 713
264 23 223 16 713
725 12 237 16 713
702 21 233 17 714
688 17 227 17 714
152 18 225 17 714
258 23 223 17 714
262 21 232 17 714
264 24 229 17 714
725 13 239 17 714
258 24 234 18 715
262 22 225 18 715
264 25 223 18 715
725 14 229 18 715
688 19 222 18 715
678 20 226 19 716
702 23 229 19 716
152 20 227 19 716
258 25 229 19 716
262 23 230 19 716
725 15 227 19 716
688 20 229 19 716
702 24 227 20 717
725 16 225 20 717
702 25 231 20 717
152 22 224 21 718
264 28 225 21 718
725 17 234 21 718
688 22 235 21 718
702 26 231 21 718
152 23 226 22 719
258 28 231 22 719
262 26 225 22 719
264 29 229 22 719
725 18 222 22 719
688 23 222 22 719
702 27 225 22 719
258 29 233 23 720
678 4 228 23 720
264 30 233 23 720
688 24 221 23 720
258 30 224 24 721
262 28 222 24 721
264 31 225 24 721
725 20 227 24 721
702 29 227 25 722
688 25 226 25 722
152 26 231 25 722
258 31 222 25 722
678 6 223 25 722
264 32 224 25 722
262 30 221 26 723
264 33 230 26 723
688 27 222 26 723
152 28 226 27 724
258 33 235 27 724
702 32 222 28 725
152 29 221 28 725
262 32 225 28 725
264 35 225 28 725
725 24 222 28 725
702 33 224 29 726
152 30 222 29 726
258 35 231 29 726
264 36 227 29 726
725 25 222 29 726
152 31 226 30 727
678 11 223 30 727
262 34 225 30 727
264 37 223 30 727
688 31 229 30 727
258 37 224 31 728
262 35 224 31 728
264 38 223 31 728
725 27 223 31 728
688 32 229 31 728
702 36 227 32 729
258 38 235 32 729
264 39 225 32 729
688 33 228 32 729
258 39 226 33 730
264 40 225 33 730
688 34 225 34 731
152 35 223 34 731
688 35 226 35 732
264 42 222 35 732
725 31 223 36 733
702 40 221 36 733
688 36 233 36 733
152 37 225 36 733
678 17 224 36 733
688 37 221 37 734
725 33 222 38 735
702 42 225 38 735
688 38 241 38 735
152 39 224 38 735
258 44 232 38 735
710 1 226 38 735
678 19 227 38 735
262 42 222 38 735
264 45 230 38 735
702 43 223 39 736
152 40 225 39 736
258 45 234 39 736
710 2 225 39 736
678 20 227 39 736
264 46 224 39 736
688 40 255 40 737
678 21 222 40 737
702 45 225 41 738
688 41 225 41 738
258 47 225 41 738
702 46 223 42 739
688 42 229 42 739
258 48 221 42 739
678 23 231 42 739
688 43 223 43 740
702 47 222 43 740
702 48 222 44 741
710 7 222 44 741
258 52 225 46 743
258 53 223 47 744
264 54 222 47 744
688 48 224 47 744
678 29 222 48 745
688 49 225 48 745
258 55 221 49 746
264 56 229 49 746
725 45 222 49 746
152 51 227 50 747
258 56 229 50 747
262 54 232 50 747
688 51 232 50 747
152 52 223 50 747
688 52 225 51 748
264 59 227 52 749
262 56 223 52 749
688 53 242 52 749
702 57 221 53 750
678 34 226 53 750
264 60 225 53 750
152 55 225 53 750
702 58 222 53 750
258 60 222 54 751
678 35 225 54 751
264 61 224 54 751
262 58 226 54 751
688 55 239 54 751
152 56 227 54 751
258 61 224 55 752
258 62 228 56 753
710 19 221 56 753
725 52 227 56 753
688 57 224 56 753
152 58 224 56 753
702 61 229 57 754
678 38 225 57 754
264 64 226 57 754
688 58 236 57 754
152 59 239 57 754
258 64 228 58 755
678 39 223 58 755
262 62 223 58 755
725 54 222 58 755
688 59 231 58 755
258 65 222 59 756
678 40 221 59 756
264 66 221 59 756
258 66 229 60 757
678 41 237 60 757
262 64 222 60 757
725 56 232 60 757
152 62 223 60 757
258 67 224 61 758
710 24 224 61 758
678 42 225 61 758
262 65 224 61 758
264 68 234 61 758
688 62 231 61 758
702 66 221 61 758
258 68 225 62 759
678 43 227 62 759
262 66 222 62 759
264 69 223 62 759
688 63 231 62 759
678 44 223 63 760
264 70 226 63 760
678 45 225 64 761
264 71 229 64 761
702 69 224 64 761
688 65 229 64 761
258 71 230 65 762
262 69 223 65 762
258 72 223 66 763
688 67 225 66 763
262 71 221 67 764
688 68 224 67 764
262 72 223 68 765
688 69 221 68 765
262 73 221 69 766
688 70 231 69 766
678 51 223 70 767
262 74 222 70 767
725 66 222 70 767
152 72 226 70 767
688 71 234 70 767
702 75 223 70 767
258 77 225 71 768
262 75 222 71 768
152 73 223 71 768
688 72 242 71 768
702 76 222 71 768
258 78 222 72 769
710 35 221 72 769
264 79 222 72 769
688 73 224 72 769
678 54 223 73 770
258 80 235 74 771
678 55 231 74 771
688 75 250 74 771
702 79 222 74 771
678 56 234 75 772
688 76 255 75 772
258 82 225 76 773
678 57 223 76 773
152 78 221 76 773
688 77 247 76 773
678 58 231 77 774
688 78 250 77 774
262 1 224 77 774
678 59 225 78 775
688 79 249 78 775
710 42 222 79 776
678 60 227 79 776
264 86 222 79 776
688 80 245 79 776
678 61 231 80 777
688 81 243 80 777
262 4 227 80 777
258 87 221 81 778
678 62 230 81 778
688 82 247 81 778
262 5 225 81 778
710 45 222 82 779
688 83 234 82 779
725 78 225 82 779
710 46 224 83 780
688 84 227 83 780
725 79 231 83 780
262 7 236 83 780
258 90 221 84 781
678 65 226 84 781
262 8 225 84 781
710 48 228 85 782
678 66 225 85 782
725 81 229 85 782
262 9 226 85 782
258 92 226 86 783
710 49 222 86 783
688 87 221 86 783
725 82 231 86 783
262 10 224 86 783
710 50 224 87 784
678 68 231 87 784
688 88 221 87 784
6 29 233 87 784
171 45 225 88 785
489 32 221 88 785
125 97 222 88 785
716 91 221 88 785
458 100 229 88 785
684 68 225 89 786
28 84 226 89 786
494 90 224 89 786
402 90 223 89 786
255 65 222 89 786
686 74 230 89 786
171 47 225 89 786
130 87 224 90 787
325 89 222 90 787
716 93 235 90 787
696 86 234 90 787
785 84 237 90 787
153 81 222 90 787
612 78 221 90 787
694 63 221 91 788
632 77 222 91 788
297 28 223 91 788
91 36 226 91 788
626 66 225 91 788
528 65 222 91 788
194 81 222 92 789
528 66 235 92 789
528 67 243 93 790
528 68 241 94 791
91 41 226 96 793
528 70 254 96 793
622 189 224 97 794
320 95 232 97 794
91 42 222 97 794
596 95 222 97 794
528 71 238 97 794
296 110 223 98 795
176 48 223 98 795
11 13 222 98 795
7 89 224 98 795
528 72 229 98 795
717 101 224 99 796
280 99 226 99 796
553 94 234 99 796
349 96 232 99 796
788 65 226 99 796
296 111 224 99 796
176 49 229 99 796
434 94 230 99 796
170 88 221 99 796
203 95 223 99 796
528 73 242 99 796
717 102 222 100 797
280 100 223 100 797
553 95 225 100 797
349 97 231 100 797
788 66 221 100 797
296 112 225 100 797
203 96 223 100 797
530 57 221 100 797
528 74 242 100 797
717 103 223 101 798
553 96 224 101 798
349 98 236 101 798
296 113 231 101 798
7 92 222 101 798
528 75 228 101 798
532 110 221 101 798
216 38 222 102 799
394 99 227 102 799
788 68 224 102 799
7 93 223 102 799
528 76 229 102 799
553 98 230 103 800
203 99 221 103 800
119 73 222 103 800
7 94 225 103 800
85 99 223 104 801
650 51 226 104 801
717 106 223 104 801
216 40 225 104 801
349 101 233 104 801
394 101 225 104 801
553 99 229 104 801
788 70 223 104 801
296 116 221 104 801
368 44 227 104 801
363 50 223 104 801
7 95 225 104 801
70 111 222 104 801
528 78 233 104 801
216 41 221 105 802
280 105 221 105 802
349 102 231 105 802
394 102 226 105 802
788 71 225 105 802
170 94 221 105 802
70 112 222 105 802
528 79 225 105 802
717 108 222 106 803
349 103 233 106 803
553 101 222 106 803
284 112 222 106 803
296 118 222 106 803
788 72 223 106 803
528 80 225 106 803
717 109 223 107 804
349 104 231 107 804
553 102 225 107 804
788 73 222 107 804
296 119 226 107 804
203 103 221 107 804
530 64 227 107 804
7 98 225 107 804
528 81 222 107 804
650 55 223 108 805
717 110 225 108 805
216 44 223 108 805
349 105 228 108 805
553 103 227 108 805
7 99 224 108 805
216 45 223 109 806
349 106 231 109 806
553 104 224 109 806
788 75 221 109 806
7 100 222 109 806
70 116 221 109 806
349 107 231 110 807
553 105 233 110 807
788 76 224 110 807
349 108 231 111 808
553 106 234 111 808
788 77 227 111 808
296 123 226 111 808
7 102 224 111 808
349 109 229 112 809
553 107 238 112 809
553 108 223 113 810
788 79 221 113 810
528 87 233 113 810
717 116 221 114 811
296 126 226 114 811
788 80 226 114 811
203 110 223 114 811
11 29 222 114 811
528 88 232 114 811
7 105 227 114 811
349 112 224 115 812
394 112 229 115 812
728 11 221 115 812
553 110 234 115 812
203 111 225 115 812
528 89 223 115 812
7 106 227 115 812
394 113 225 116 813
553 111 226 116 813
296 128 225 116 813
528 90 223 116 813
394 114 235 117 814
349 114 224 117 814
553 112 224 117 814
788 83 224 117 814
203 113 223 117 814
528 91 227 117 814
394 115 229 118 815
553 113 240 118 815
530 75 221 118 815
788 84 222 118 815
119 88 223 118 815
528 92 240 118 815
22 68 222 119 816
484 38 221 119 816
394 116 225 119 816
553 114 234 119 816
788 85 224 119 816
530 76 223 119 816
528 93 227 119 816
349 117 221 120 817
553 115 231 120 817
394 117 229 120 817
530 77 222 120 817
528 94 222 120 817
349 118 225 121 818
394 118 232 121 818
553 116 233 121 818
530 78 222 121 818
11 36 221 121 818
7 112 224 121 818
528 95 235 121 818
349 119 233 122 819
394 119 231 122 819
553 117 231 122 819
788 88 225 122 819
203 118 226 122 819
7 113 226 122 819
528 96 236 122 819
349 120 224 123 820
394 120 223 123 820
788 89 225 123 820
296 135 225 123 820
528 97 235 123 820
349 121 235 124 821
553 119 231 124 821
788 90 224 124 821
203 120 223 124 821
528 98 235 124 821
349 122 226 125 822
553 120 228 125 822
788 91 226 125 822
203 121 225 125 822
528 99 237 125 822
349 123 226 126 823
553 121 231 126 823
788 92 224 126 823
296 138 221 126 823
203 122 226 126 823
349 124 224 127 824
553 122 231 127 824
296 139 225 127 824
284 133 223 127 824
788 93 222 127 824
119 97 223 127 824
528 101 221 127 824
7 118 223 127 824
349 125 223 128 825
553 123 230 128 825
455 133 221 128 825
296 140 227 128 825
284 134 222 128 825
788 94 229 128 825
530 85 221 128 825
203 124 225 128 825
11 43 222 128 825
119 98 223 128 825
7 119 223 128 825
528 102 226 128 825
423 122 222 129 826
216 65 222 129 826
349 126 223 129 826
553 124 235 129 826
788 95 223 129 826
530 86 224 129 826
203 125 222 129 826
119 99 223 129 826
363 75 221 129 826
528 103 230 129 826
349 127 221 130 827
280 130 222 130 827
553 125 237 130 827
530 87 224 130 827
203 126 222 130 827
528 104 227 130 827
349 128 235 131 828
553 126 234 131 828
394 128 224 131 828
788 97 230 131 828
530 88 223 131 828
296 143 226 131 828
203 127 222 131 828
7 122 222 131 828
528 105 231 131 828
349 129 232 132 829
553 127 239 132 829
788 98 225 132 829
296 144 223 132 829
203 128 221 132 829
368 72 221 132 829
119 102 224 132 829
7 123 223 132 829
528 106 227 132 829
349 130 233 133 830
216 69 227 133 830
394 130 238 133 830
553 128 231 133 830
788 99 225 133 830
528 107 228 133 830
349 131 235 134 831
216 70 221 134 831
394 131 223 134 831
553 129 238 134 831
788 100 225 134 831
296 146 227 134 831
7 125 225 134 831
528 108 227 134 831
423 128 222 135 832
349 132 226 135 832
553 130 224 135 832
349 133 223 136 833
394 133 227 136 833
553 131 232 136 833
119 106 221 136 833
528 110 222 136 833
280 137 222 137 834
394 134 224 137 834
553 132 230 137 834
349 135 225 138 835
216 74 221 138 835
394 135 223 138 835
553 133 240 138 835
296 150 231 138 835
788 104 223 138 835
33 105 222 138 835
363 84 223 138 835
259 72 225 138 835
7 129 222 138 835
528 112 226 138 835
349 136 233 139 836
216 75 221 139 836
528 113 232 139 836
349 137 228 140 837
216 76 222 140 837
553 135 222 140 837
296 152 224 140 837
363 86 222 140 837
33 107 225 140 837
259 74 223 140 837
528 114 224 140 837
349 138 231 141 838
553 136 222 141 838
296 153 222 141 838
119 111 221 141 838
363 87 221 141 838
7 132 221 141 838
528 115 223 141 838
553 137 233 142 839
296 154 231 142 839
530 99 221 142 839
119 112 221 142 839
33 109 224 142 839
528 116 227 142 839
280 143 225 143 840
216 79 222 143 840
553 138 233 143 840
296 155 224 143 840
788 109 222 143 840
119 113 223 143 840
33 110 222 143 840
528 117 226 143 840
532 152 221 143 840
349 141 222 144 841
280 144 223 144 841
553 139 235 144 841
788 110 224 144 841
119 114 224 144 841
7 135 224 144 841
528 118 223 144 841
349 142 224 145 842
216 81 223 145 842
553 140 235 145 842
788 111 224 145 842
296 157 228 145 842
528 119 223 145 842
349 143 223 145 842
280 146 221 146 843
553 141 232 146 843
33 113 221 146 843
528 120 224 146 843
349 144 223 146 843
280 147 222 147 844
216 83 221 147 844
553 142 225 147 844
33 114 223 147 844
528 121 223 147 844
280 148 222 147 844
394 145 225 148 845
216 84 230 148 845
296 160 225 148 845
33 115 223 148 845
528 122 226 148 845
280 149 224 149 846
349 146 226 149 846
394 146 227 149 846
553 144 224 149 846
296 161 224 149 846
528 123 234 149 846
216 86 221 150 847
394 147 228 150 847
553 145 236 150 847
284 156 224 150 847
203 146 224 150 847
33 117 223 150 847
528 124 228 150 847
349 148 234 150 847
216 87 221 151 848
394 148 222 151 848
553 146 222 151 848
296 163 221 151 848
284 157 221 151 848
203 147 221 151 848
349 149 230 151 848
22 101 221 152 849
216 88 223 152 849
717 154 222 152 849
394 149 227 152 849
553 147 231 152 849
296 164 227 152 849
349 150 231 152 849
216 89 223 153 850
394 150 229 153 850
553 148 230 153 850
296 165 222 153 850
349 151 229 153 850
216 90 224 154 851
394 151 233 154 851
553 149 225 154 851
528 128 225 154 851
349 152 235 154 851
280 155 221 155 852
394 152 228 155 852
553 150 234 155 852
284 161 221 155 852
296 167 221 155 852
596 153 221 155 852
7 146 224 155 852
349 153 222 155 852
280 156 222 156 853
553 151 233 156 853
394 153 223 156 853
7 147 233 156 853
349 154 222 157 854
280 157 221 157 854
717 159 225 157 854
216 93 223 157 854
553 152 231 157 854
394 154 223 157 854
530 114 221 157 854
296 169 222 157 854
528 131 227 157 854
423 151 225 158 855
280 158 224 158 855
349 155 230 158 855
394 155 225 158 855
553 153 235 158 855
296 170 221 158 855
7 149 224 158 855
528 132 229 158 855
70 165 221 158 855
7 150 223 159 856
528 133 225 159 856
394 157 224 160 857
528 134 221 160 857
394 158 222 161 858
33 128 226 161 858
119 131 224 161 858
528 135 226 161 858
280 162 222 162 859
553 157 223 162 859
7 153 221 162 859
33 129 224 162 859
553 158 222 163 860
296 175 221 163 860
7 154 222 163 860
33 130 228 163 860
119 133 221 163 860
528 137 222 163 860
22 113 223 164 861
394 161 223 164 861
530 121 222 164 861
33 131 227 164 861
119 134 221 164 861
394 162 222 165 862
553 160 227 165 862
33 132 227 165 862
528 139 229 165 862
394 163 228 166 863
553 161 232 166 863
788 132 222 166 863
33 133 227 166 863
259 100 221 166 863
119 136 222 166 863
349 164 221 167 864
394 164 225 167 864
553 162 230 167 864
259 101 222 167 864
33 134 227 167 864
119 137 223 167 864
363 113 222 167 864
394 165 224 168 865
553 163 223 168 865
259 102 221 168 865
33 135 227 168 865
553 164 231 169 866
296 181 223 169 866
33 136 227 169 866
259 103 221 169 866
119 139 226 169 866
528 143 230 169 866
22 119 221 170 867
394 167 224 170 867
553 165 228 170 867
788 136 223 170 867
33 137 227 170 867
119 140 225 170 867
22 120 221 171 868
394 168 221 171 868
203 167 224 171 868
528 145 225 171 868
530 129 221 172 869
788 138 224 172 869
203 168 221 172 869
7 163 222 172 869
528 146 223 172 869
349 170 230 172 869
553 168 227 173 870
788 139 225 173 870
203 169 222 173 870
528 147 223 173 870
22 123 223 174 871
553 169 229 174 871
296 186 226 174 871
7 165 222 174 871
33 141 225 174 871
528 148 238 174 871
349 172 225 174 871
22 124 222 175 872
394 172 223 175 872
788 141 224 175 872
296 187 221 175 872
7 166 225 175 872
528 149 224 175 872
349 173 221 175 872
394 173 227 176 873
296 188 227 176 873
788 142 224 176 873
7 167 223 176 873
528 150 247 176 873
349 174 223 176 873
22 126 221 177 874
296 189 225 177 874
788 143 222 177 874
484 20 226 177 874
7 168 225 177 874
528 151 230 177 874
85 173 222 177 874
788 144 224 178 875
296 190 227 178 875
7 169 222 178 875
528 152 233 178 875
650 126 223 179 876
788 145 228 179 876
596 177 224 179 876
528 153 223 179 876
349 177 223 179 876
296 192 230 180 877
788 146 226 180 877
349 178 228 180 877
296 193 228 181 878
203 177 222 181 878
368 121 222 181 878
528 155 221 181 878
349 179 222 181 878
394 179 221 182 879
788 148 221 182 879
296 194 221 182 879
203 178 228 182 879
7 173 226 182 879
528 156 233 182 879
394 180 224 183 880
7 174 228 183 880
528 157 226 183 880
349 181 225 183 880
667 177 224 184 881
394 181 225 184 881
296 196 224 184 881
203 180 221 184 881
7 175 222 184 881
528 158 233 184 881
349 182 226 184 881
280 185 221 185 882
650 132 223 185 882
394 182 223 185 882
7 176 224 185 882
528 159 231 185 882
349 183 222 185 882
394 183 222 186 883
788 152 223 186 883
7 177 226 186 883
528 160 221 186 883
349 184 222 186 883
788 153 229 187 884
296 199 222 187 884
7 178 224 187 884
528 161 226 187 884
528 162 224 188 885
349 186 226 188 885
280 189 221 189 886
216 125 223 189 886
296 201 225 189 886
530 146 221 189 886
528 163 233 189 886
349 187 221 189 886
788 156 224 190 887
296 202 236 190 887
7 181 227 190 887
528 164 231 190 887
11 105 222 190 887
349 188 224 190 887
85 186 222 191 888
394 188 223 191 888
788 157 230 191 888
7 182 232 191 888
528 165 241 191 888
280 192 222 192 889
85 187 221 192 889
394 189 226 192 889
788 158 231 192 889
7 183 231 192 889
528 166 236 192 889
349 190 221 192 889
394 190 222 193 890
553 188 223 193 890
788 159 233 193 890
528 167 238 193 890
280 194 221 194 891
788 160 229 194 891
7 185 224 194 891
528 168 237 194 891
280 195 221 195 892
394 192 222 195 892
788 161 231 195 892
528 169 238 195 892
349 193 232 196 893
788 162 233 196 893
7 187 223 196 893
528 170 239 196 893
349 194 231 197 894
788 163 231 197 894
7 188 225 197 894
528 171 238 197 894
349 195 230 198 895
788 164 226 198 895
7 189 224 198 895
528 172 237 198 895
349 196 231 199 896
788 165 227 199 896
7 190 224 199 896
528 173 233 199 896
349 197 230 200 897
394 197 221 200 897
788 166 229 200 897
368 140 224 200 897
7 191 225 200 897
528 174 234 200 897
349 198 232 201 898
788 167 226 201 898
528 175 235 201 898
349 199 231 202 899
788 168 225 202 899
216 138 221 202 899
7 193 225 202 899
528 176 226 202 899
349 200 231 203 900
296 215 223 203 900
7 194 230 203 900
528 177 227 203 900
349 201 232 204 901
788 170 221 204 901
203 200 221 204 901
7 195 231 204 901
528 178 224 204 901
349 202 235 205 902
528 179 227 205 902
349 203 233 206 903
530 163 223 206 903
7 197 222 206 903
528 180 227 206 903
349 204 231 207 904
754 206 222 207 904
788 173 221 207 904
528 181 233 207 904
349 205 230 208 905
394 205 223 208 905
7 199 224 208 905
528 182 233 208 905
349 206 231 209 906
530 166 221 209 906
33 176 221 209 906
7 200 226 209 906
528 183 235 209 906
349 207 230 210 907
553 205 225 210 907
530 167 221 210 907
788 176 222 210 907
7 201 223 210 907
33 178 222 211 908
528 185 226 211 908
349 209 225 212 909
7 203 221 212 909
33 179 222 212 909
528 186 227 212 909
7 204 224 213 910
119 183 221 213 910
528 187 224 213 910
530 171 221 214 911
7 205 225 214 911
528 188 225 214 911
280 215 221 215 912
530 172 221 215 912
7 206 226 215 912
528 189 227 215 912
394 213 222 216 913
528 190 228 216 913
349 214 224 217 914
553 212 222 217 914
7 208 221 217 914
85 213 222 217 914
528 191 230 217 914
349 215 221 217 914
553 213 223 218 915
788 184 221 218 915
7 209 221 218 915
349 216 221 219 916
528 192 230 219 916
553 214 224 219 916
203 215 221 219 916
7 210 221 219 916
528 193 246 219 916
553 215 222 220 917
7 211 221 220 917
528 194 245 220 917
553 216 223 221 918
7 212 223 221 918
85 217 223 221 918
528 195 244 221 918
553 217 222 222 919
7 213 222 222 919
11 137 222 222 919
528 196 245 222 919
553 218 222 223 920
530 180 221 223 920
528 197 226 223 920
553 220 231 225 922
528 199 221 225 922
423 219 221 226 923
553 221 229 226 923
7 217 222 226 923
528 200 223 226 923
394 224 223 227 924
553 222 222 227 924
7 218 222 227 924
553 223 221 228 925
7 219 226 228 925
528 202 225 228 925
553 224 222 229 926
7 220 224 229 926
528 203 221 229 926
349 227 227 229 926
280 230 221 229 926
484 73 224 230 927
7 221 226 230 927
528 204 221 230 927
349 228 224 230 927
7 222 224 231 928
528 205 223 231 928
349 229 225 231 928
717 234 222 232 929
7 223 225 232 929
528 206 224 232 929
349 230 224 232 929
394 230 222 233 930
717 235 222 233 930
7 224 225 233 930
349 231 224 233 930
528 207 223 233 930
394 231 225 234 931
717 236 224 234 931
349 232 223 234 931
528 208 228 234 931
394 232 222 235 932
717 237 221 235 932
553 230 221 235 932
788 201 223 235 932
7 226 223 235 932
349 233 226 235 932
717 238 223 236 933
788 202 221 236 933
7 227 221 236 933
349 234 222 236 933
528 210 222 236 933
394 234 225 237 934
717 239 221 237 934
788 203 223 237 934
7 228 221 237 934
349 235 223 237 934
528 211 223 237 934
423 231 222 237 934
394 235 222 238 935
717 240 222 238 935
296 250 224 238 935
788 204 222 238 935
7 229 222 238 935
349 236 223 238 935
528 212 225 238 935
423 232 222 238 935
788 205 226 239 936
484 82 225 239 936
7 230 223 239 936
349 237 227 239 936
788 206 228 240 937
553 235 233 240 937
484 83 223 240 937
394 238 221 240 937
296 253 227 241 938
788 207 233 241 938
553 236 231 241 938
7 232 226 241 938
296 254 233 242 939
203 238 221 242 939
528 216 222 242 939
296 255 229 243 940
788 209 223 243 940
553 238 224 243 940
7 234 221 243 940
528 217 227 243 940
296 256 226 244 941
788 210 227 244 941
553 239 225 244 941
349 242 222 244 941
528 218 235 244 941
296 257 226 245 942
788 211 225 245 942
553 240 222 245 942
349 243 222 245 942
528 219 229 245 942
650 193 222 245 942
119 215 223 245 942
788 212 235 246 943
553 241 229 246 943
203 242 224 246 943
530 203 228 246 943
707 194 222 246 943
528 220 223 246 943
788 213 234 247 944
203 243 223 247 944
553 242 232 247 944
530 204 224 247 944
7 238 221 247 944
349 245 223 247 944
296 260 222 248 945
788 214 232 248 945
553 243 222 248 945
530 205 226 248 945
528 222 227 248 945
394 246 226 248 945
717 251 222 248 945
788 215 233 249 946
203 245 225 249 946
530 206 223 249 946
484 92 222 249 946
349 247 224 249 946
280 250 221 250 947
788 216 231 250 947
296 262 226 250 947
7 241 225 250 947
528 224 222 250 947
119 220 221 250 947
788 217 232 251 948
553 246 222 251 948
7 242 225 251 948
528 225 224 251 948
394 249 225 251 948
788 218 228 252 949
203 248 223 252 949
119 222 221 252 949
788 219 228 253 950
553 248 228 253 950
296 265 227 253 950
7 244 223 253 950
528 227 222 253 950
788 220 238 254 951
296 266 223 254 951
484 97 221 254 951
349 252 221 254 951
394 252 225 254 951
788 221 239 255 952
296 267 221 255 952
530 212 221 255 952
349 253 221 255 952
528 229 221 255 952
394 253 228 255 952
203 252 222 256 953
788 222 224 256 953
296 268 225 256 953
7 247 222 256 953
528 230 239 256 953
394 254 222 256 953
119 226 223 256 953
553 252 221 257 954
368 197 221 257 954
7 248 223 257 954
528 231 221 257 954
119 227 221 257 954
788 224 222 258 955
296 270 221 258 955
349 256 224 258 955
119 228 223 258 955
788 225 233 259 956
22 209 223 259 956
119 229 223 259 956
530 217 221 260 957
119 230 221 260 957
203 257 222 261 958
530 218 221 261 958
349 259 229 261 958
119 231 223 261 958
528 236 235 262 959
528 237 222 263 960
296 278 222 266 963
788 233 222 267 964
296 279 224 267 964
688 268 221 267 964
7 258 222 267 964
296 281 222 269 966
528 243 229 269 966
394 267 222 269 966
203 266 222 270 967
394 268 222 270 967
484 114 221 271 968
296 283 226 271 968
528 245 226 271 968
203 268 225 272 969
484 115 221 272 969
296 284 223 272 969
7 263 221 272 969
349 270 225 272 969
528 246 223 272 969
394 270 223 272 969
553 268 225 272 969
788 239 224 272 969
296 285 222 273 970
349 272 222 274 971
528 248 226 274 971
349 273 221 275 972
528 249 227 275 972
528 250 243 276 973
296 289 221 277 974
349 275 230 277 974
528 251 232 277 974
394 275 222 277 974
296 290 224 278 975
7 269 225 278 975
528 252 232 278 975
394 276 221 278 975
423 272 223 278 975
788 245 222 279 976
296 291 224 279 976
528 253 227 279 976
394 277 222 279 976
528 254 225 280 977
423 274 222 280 977
394 278 223 280 977
553 276 224 281 978
788 247 222 281 978
7 272 229 281 978
119 251 221 281 978
528 255 224 281 978
70 288 221 281 978
11 3 221 282 979
296 294 221 282 979
7 273 233 282 979
528 256 235 282 979
70 289 222 282 979
280 283 222 282 979
553 278 222 283 980
11 4 221 283 980
296 295 221 283 980
7 274 221 283 980
284 289 221 283 980
119 253 223 283 980
70 290 224 283 980
528 257 222 283 980
280 284 221 283 980
553 279 230 284 981
788 250 225 284 981
296 296 227 284 981
363 230 221 284 981
553 280 227 285 982
788 251 224 285 982
349 283 227 285 982
70 292 221 285 982
528 259 227 285 982
280 286 222 285 982
553 281 233 286 983
788 252 227 286 983
296 298 222 286 983
349 284 227 286 983
528 260 225 286 983
280 287 227 286 983
788 253 225 287 984
7 278 224 287 984
119 257 229 287 984
528 261 227 287 984
717 290 221 287 984
280 288 222 288 985
553 283 232 288 985
788 254 226 288 985
7 279 223 288 985
119 258 228 288 985
650 236 222 288 985
280 289 222 289 986
553 284 231 289 986
349 287 223 289 986
119 259 228 289 986
528 263 222 289 986
717 292 222 289 986
553 285 231 290 987
530 247 222 290 987
349 288 224 290 987
284 296 221 290 987
119 260 229 290 987
553 286 229 291 988
788 257 222 291 988
296 303 223 291 988
349 289 225 291 988
119 261 227 291 988
528 265 221 291 988
553 287 226 292 989
349 290 221 292 989
119 262 233 292 989
553 288 226 293 990
7 284 225 293 990
284 299 223 293 990
119 263 235 293 990
553 289 227 294 991
788 260 227 294 991
7 285 221 294 991
284 300 223 294 991
528 268 224 294 991
119 264 235 294 991
553 290 231 295 992
788 261 221 295 992
7 286 221 295 992
119 265 235 295 992
553 291 234 296 993
788 262 221 296 993
284 302 221 296 993
119 266 233 296 993
553 292 232 296 993
788 263 223 297 994
284 303 221 297 994
349 295 221 297 994
119 267 233 297 994
553 293 232 297 994
7 289 226 298 995
119 268 233 298 995
528 272 222 298 995
394 296 221 298 995
553 294 226 298 995
788 265 224 299 996
7 290 224 299 996
119 269 233 299 996
528 273 225 299 996
553 295 231 299 996
296 312 225 300 997
349 298 223 300 997
553 296 225 301 998
788 267 228 301 998
530 258 228 301 998
484 144 224 301 998
349 299 222 301 998
553 297 227 301 998
530 259 221 302 999
423 296 224 302 999
553 298 224 302 999
788 269 224 303 1000
530 260 227 303 1000
296 315 223 303 1000
553 299 223 303 1000
788 270 222 304 1001
530 261 224 304 1001
170 293 222 304 1001
528 278 221 304 1001
394 302 222 304 1001
176 40 222 304 1001
553 300 224 304 1001
788 271 223 305 1002
530 262 223 305 1002
349 303 222 305 1002
170 294 222 305 1002
528 279 231 305 1002
119 275 223 305 1002
394 303 224 305 1002
176 41 221 305 1002
553 301 236 305 1002
7 297 223 306 1003
528 280 227 306 1003
530 264 222 307 1004
296 319 221 307 1004
528 281 234 307 1004
394 305 233 307 1004
119 277 225 307 1004
553 303 236 307 1004
203 304 221 308 1005
280 308 223 308 1005
788 274 224 308 1005
296 320 227 308 1005
349 306 223 308 1005
7 299 223 308 1005
528 282 229 308 1005
119 278 222 308 1005
553 304 233 308 1005
280 309 223 309 1006
788 275 227 309 1006
530 266 225 309 1006
296 321 223 309 1006
368 249 221 309 1006
7 300 222 309 1006
349 307 230 309 1006
528 283 237 309 1006
394 307 223 309 1006
553 305 236 309 1006
394 308 224 310 1007
650 258 225 310 1007
530 268 226 311 1008
296 323 226 311 1008
484 154 221 311 1008
7 302 223 311 1008
349 309 223 311 1008
284 317 224 311 1008
528 285 235 311 1008
70 318 222 311 1008
119 281 228 311 1008
553 307 222 311 1008
345 250 221 312 1009
349 310 225 312 1009
7 303 225 312 1009
528 286 227 312 1009
119 282 227 312 1009
394 310 228 312 1009
553 308 223 312 1009
280 313 223 313 1010
788 279 224 313 1010
296 325 231 313 1010
349 311 233 313 1010
528 287 225 313 1010
423 307 226 313 1010
119 283 224 313 1010
532 2 222 313 1010
553 309 229 313 1010
788 280 233 314 1011
203 310 224 314 1011
530 271 222 314 1011
349 312 224 314 1011
528 288 225 314 1011
650 262 223 314 1011
119 284 228 314 1011
394 312 221 314 1011
553 310 233 314 1011
203 311 224 315 1012
788 281 231 315 1012
530 272 222 315 1012
296 327 221 315 1012
349 313 231 315 1012
528 289 233 315 1012
394 313 223 315 1012
553 311 225 315 1012
216 252 222 315 1012
203 312 225 316 1013
788 282 223 316 1013
349 314 233 316 1013
553 312 221 316 1013
203 313 225 317 1014
530 274 224 317 1014
296 329 223 317 1014
170 306 222 317 1014
349 315 222 317 1014
126 325 221 317 1014
717 320 224 317 1014
553 313 236 317 1014
11 39 222 318 1015
296 330 223 318 1015
528 292 238 318 1015
119 288 223 318 1015
394 316 230 318 1015
553 314 227 318 1015
216 255 223 318 1015
41 322 223 318 1015
11 40 223 319 1016
349 317 240 319 1016
528 293 247 319 1016
394 317 224 319 1016
28 315 223 319 1016
788 286 225 320 1017
88 292 221 320 1017
320 192 234 320 1017
24 177 225 320 1017
771 191 239 320 1017
236 319 237 320 1017
528 294 230 320 1017
166 295 222 320 1017
617 344 221 320 1017
556 330 236 320 1017
530 278 228 321 1018
425 200 225 321 1018
320 193 229 321 1018
455 326 230 321 1018
24 178 229 321 1018
236 320 222 321 1018
556 331 240 321 1018
455 327 225 322 1019
528 296 230 322 1019
556 332 241 322 1019
788 289 226 322 1019
528 297 223 323 1020
556 333 225 323 1020
777 317 221 323 1020
626 299 230 324 1021
528 298 240 324 1021
262 177 240 324 1021
556 334 247 324 1021
655 251 223 325 1022
558 312 224 325 1022
556 335 242 325 1022
655 252 238 326 1023
528 300 227 326 1023
556 336 235 326 1023
21 317 224 326 1023
760 92 221 327 1024
121 337 226 327 1024
778 328 228 327 1024
778 329 222 328 1025
680 270 223 328 1025
778 330 235 329 1026
195 6 242 329 1026
680 271 238 329 1026
778 331 225 330 1027
195 7 239 330 1027
680 272 221 330 1027
778 332 235 331 1028
195 8 233 331 1028
680 273 230 331 1028
760 97 239 331 1028
579 344 222 332 1029
36 326 235 332 1029
536 340 231 332 1029
551 231 232 332 1029
760 98 225 333 1030
579 345 243 333 1030
536 341 234 333 1030
778 334 233 333 1030
195 10 231 333 1030
665 137 228 333 1030
78 326 230 333 1030
624 352 224 333 1030
551 232 232 333 1030
579 346 233 334 1031
195 11 232 334 1031
551 233 233 334 1031
579 347 239 335 1032
536 343 224 335 1032
666 337 228 335 1032
778 336 231 335 1032
78 328 227 335 1032
344 331 221 335 1032
760 101 232 336 1033
536 344 231 336 1033
778 337 233 336 1033
195 13 224 336 1033
40 1 221 336 1033
624 355 224 336 1033
760 102 241 337 1034
579 349 224 337 1034
195 14 222 337 1034
778 338 236 337 1034
665 141 223 337 1034
344 333 223 337 1034
551 236 221 337 1034
760 103 224 338 1035
579 350 225 338 1035
666 340 226 338 1035
195 15 230 338 1035
778 339 225 338 1035
624 357 225 338 1035
551 237 221 338 1035
666 341 228 339 1036
195 16 229 339 1036
344 335 222 339 1036
551 238 222 339 1036
624 358 224 339 1036
579 352 221 340 1037
666 342 223 340 1037
195 17 232 340 1037
551 239 223 340 1037
624 359 224 340 1037
579 353 221 341 1038
579 354 225 342 1039
536 350 224 342 1039
195 19 233 342 1039
778 343 235 342 1039
680 284 221 342 1039
78 335 221 342 1039
760 108 222 343 1040
666 345 223 343 1040
665 147 222 343 1040
778 344 237 343 1040
195 21 227 344 1041
680 286 224 344 1041
778 345 224 344 1041
624 363 221 344 1041
195 22 225 345 1042
778 346 237 345 1042
551 244 221 345 1042
666 348 222 346 1043
195 23 233 346 1043
778 347 241 346 1043
665 150 221 346 1043
579 359 226 347 1044
195 24 229 347 1044
778 348 222 347 1044
344 343 224 347 1044
195 25 221 348 1045
665 152 225 348 1045
778 349 226 348 1045
666 351 221 349 1046
40 14 225 349 1046
778 350 232 349 1046
40 15 222 350 1047
195 27 228 350 1047
778 351 232 350 1047
40 16 225 351 1048
665 155 221 351 1048
778 352 231 351 1048
195 28 225 351 1048
760 117 225 352 1049
195 29 224 352 1049
778 353 233 352 1049
40 18 223 353 1050
778 354 233 353 1050
40 19 222 354 1051
195 31 224 354 1051
778 355 233 354 1051
778 356 229 355 1052
195 1 238 356 1053
665 160 231 356 1053
778 357 231 356 1053
579 369 222 357 1054
536 365 221 357 1054
195 2 231 357 1054
665 161 228 357 1054
778 358 233 357 1054
195 3 226 358 1055
665 162 231 358 1055
778 359 229 358 1055
579 371 221 359 1056
195 4 232 359 1056
778 360 226 359 1056
665 163 224 359 1056
624 14 224 360 1057
195 5 233 360 1057
778 361 224 360 1057
666 363 221 361 1058
40 26 223 361 1058
195 6 252 361 1058
551 260 225 361 1058
579 374 231 362 1059
666 364 222 362 1059
624 16 224 362 1059
536 370 221 362 1059
195 7 224 362 1059
680 304 225 362 1059
665 166 236 362 1059
778 363 228 362 1059
551 261 225 362 1059
344 358 233 362 1059
579 375 231 363 1060
666 365 224 363 1060
536 371 221 363 1060
680 305 224 363 1060
40 28 221 363 1060
665 167 237 363 1060
551 262 224 363 1060
778 364 228 363 1060
344 359 233 363 1060
760 129 222 364 1061
579 376 231 364 1061
326 372 221 364 1061
536 372 221 364 1061
666 366 221 364 1061
680 306 225 364 1061
665 168 236 364 1061
778 365 233 364 1061
344 360 233 364 1061
760 130 221 365 1062
579 377 226 365 1062
536 373 224 365 1062
680 307 227 365 1062
665 169 237 365 1062
778 366 231 365 1062
344 361 232 365 1062
579 378 226 366 1063
536 374 223 366 1063
680 308 225 366 1063
665 170 237 366 1063
778 367 229 366 1063
344 362 233 366 1063
760 132 223 367 1064
579 379 226 367 1064
536 375 221 367 1064
680 309 225 367 1064
195 12 230 367 1064
665 171 237 367 1064
344 363 227 367 1064
778 368 233 367 1064
760 133 222 368 1065
579 380 226 368 1065
195 13 223 368 1065
680 310 223 368 1065
665 172 237 368 1065
344 364 228 368 1065
551 267 223 368 1065
778 369 226 368 1065
579 381 223 369 1066
680 311 223 369 1066
665 173 237 369 1066
344 365 227 369 1066
778 370 230 369 1066
579 382 221 370 1067
680 312 222 370 1067
344 366 229 370 1067
665 174 237 370 1067
778 371 231 370 1067
760 136 224 371 1068
579 383 227 371 1068
666 373 224 371 1068
195 16 225 371 1068
344 367 226 371 1068
665 175 237 371 1068
778 372 229 371 1068
760 137 223 372 1069
579 384 227 372 1069
536 380 221 372 1069
666 374 231 372 1069
680 314 222 372 1069
40 37 221 372 1069
195 17 223 372 1069
665 176 237 372 1069
344 368 227 372 1069
778 373 230 372 1069
760 138 225 373 1070
579 385 221 373 1070
536 381 222 373 1070
666 375 223 373 1070
680 315 222 373 1070
195 18 225 373 1070
40 38 224 373 1070
344 369 225 373 1070
665 177 237 373 1070
778 374 231 373 1070
579 386 222 374 1071
536 382 222 374 1071
40 39 221 374 1071
551 273 232 374 1071
344 370 223 374 1071
665 178 236 374 1071
760 140 230 375 1072
536 383 221 375 1072
666 377 230 375 1072
195 20 227 375 1072
344 371 222 375 1072
665 179 226 375 1072
778 376 225 375 1072
579 388 221 376 1073
624 30 222 376 1073
666 378 222 376 1073
195 21 227 376 1073
778 377 221 376 1073
624 31 221 377 1074
195 22 235 377 1074
551 276 222 377 1074
579 390 224 378 1075
195 23 221 378 1075
40 43 223 378 1075
78 371 222 378 1075
665 182 223 378 1075
778 379 223 378 1075
551 277 226 378 1075
536 387 225 379 1076
195 24 225 379 1076
778 380 223 379 1076
344 375 221 379 1076
551 278 221 379 1076
195 25 225 380 1077
665 184 224 380 1077
778 381 222 380 1077
551 279 224 380 1077
760 146 224 381 1078
666 383 223 381 1078
536 389 226 381 1078
195 26 227 381 1078
778 382 222 381 1078
666 384 224 382 1079
536 390 223 382 1079
40 47 221 382 1079
536 391 221 383 1080
195 28 245 383 1080
778 384 231 383 1080
551 282 224 383 1080
624 38 222 384 1081
778 385 222 384 1081
579 397 221 385 1082
666 387 221 385 1082
536 393 225 385 1082
195 30 223 385 1082
778 386 229 385 1082
344 381 223 385 1082
551 284 231 385 1082
579 398 224 386 1083
624 40 223 386 1083
195 31 231 386 1083
778 387 221 386 1083
665 190 226 386 1083
579 399 226 387 1084
536 395 225 387 1084
195 32 223 387 1084
40 52 226 387 1084
78 380 221 387 1084
778 388 228 387 1084
665 191 224 387 1084
344 383 233 387 1084
760 153 224 387 1084
579 400 223 388 1085
536 396 226 388 1085
195 33 226 388 1085
40 53 227 388 1085
78 381 221 388 1085
778 389 223 388 1085
665 192 226 388 1085
551 287 222 388 1085
344 384 233 388 1085
536 397 226 389 1086
195 34 221 389 1086
78 382 224 389 1086
778 390 228 389 1086
344 385 224 389 1086
195 35 242 390 1087
40 55 222 390 1087
78 383 223 390 1087
551 289 223 390 1087
624 45 225 391 1088
195 36 242 391 1088
40 56 225 391 1088
78 384 221 391 1088
551 290 222 391 1088
40 57 223 392 1089
78 385 222 392 1089
344 388 222 392 1089
551 291 222 392 1089
40 58 227 393 1090
78 386 222 393 1090
344 389 222 393 1090
666 396 223 394 1091
624 48 226 394 1091
195 39 241 394 1091
40 59 223 394 1091
665 198 221 394 1091
551 293 226 394 1091
760 160 221 394 1091
666 397 224 395 1092
624 49 226 395 1092
195 40 231 395 1092
665 199 221 395 1092
551 294 229 395 1092
666 398 221 396 1093
624 50 223 396 1093
195 41 238 396 1093
665 200 225 396 1093
778 397 224 396 1093
551 295 226 396 1093
760 162 225 396 1093
579 409 221 397 1094
666 399 223 397 1094
624 51 222 397 1094
195 42 227 397 1094
665 201 222 397 1094
551 296 229 397 1094
760 163 231 397 1094
666 400 222 398 1095
195 43 235 398 1095
778 399 223 398 1095
551 297 229 398 1095
760 164 229 398 1095
666 401 223 399 1096
624 53 224 399 1096
195 44 232 399 1096
778 400 223 399 1096
344 395 223 399 1096
551 298 225 399 1096
760 165 233 399 1096
624 54 230 400 1097
195 45 242 400 1097
778 401 221 400 1097
344 396 223 400 1097
665 204 231 400 1097
551 299 222 400 1097
760 166 221 400 1097
536 409 222 401 1098
624 55 222 401 1098
195 46 240 401 1098
778 402 225 401 1098
344 397 221 401 1098
665 205 231 401 1098
760 167 229 401 1098
195 47 239 402 1099
778 403 226 402 1099
665 206 231 402 1099
551 301 222 402 1099
624 57 224 403 1100
195 48 230 403 1100
778 404 227 403 1100
665 207 229 403 1100
551 302 221 403 1100
195 49 243 404 1101
778 405 226 404 1101
78 397 222 404 1101
579 417 223 405 1102
536 413 224 405 1102
195 50 239 405 1102
344 401 221 405 1102
778 406 228 405 1102
665 209 223 405 1102
551 304 221 405 1102
536 414 221 406 1103
195 51 231 406 1103
778 407 233 406 1103
665 210 223 406 1103
551 305 222 406 1103
579 419 228 407 1104
536 415 223 407 1104
666 409 223 407 1104
195 52 225 407 1104
778 408 238 407 1104
78 400 224 407 1104
551 306 223 407 1104
579 420 226 408 1105
536 416 222 408 1105
666 410 227 408 1105
624 62 222 408 1105
195 53 237 408 1105
778 409 232 408 1105
40 73 223 408 1105
579 421 223 409 1106
536 417 224 409 1106
195 54 239 409 1106
778 410 231 409 1106
78 402 222 409 1106
40 74 223 409 1106
665 213 223 409 1106
579 422 228 410 1107
624 64 228 410 1107
195 55 231 410 1107
778 411 225 410 1107
665 214 227 410 1107
760 176 222 410 1107
579 423 231 411 1108
624 65 223 411 1108
195 56 239 411 1108
40 76 221 411 1108
78 404 222 411 1108
778 412 223 411 1108
665 215 226 411 1108
551 310 225 411 1108
579 424 230 412 1109
624 66 227 412 1109
195 57 235 412 1109
40 77 222 412 1109
78 405 223 412 1109
665 216 225 412 1109
579 425 231 413 1110
195 58 233 413 1110
778 414 233 413 1110
40 78 222 413 1110
665 217 225 413 1110
551 312 231 413 1110
760 179 233 413 1110
579 426 223 414 1111
536 422 221 414 1111
666 416 224 414 1111
624 68 226 414 1111
195 59 237 414 1111
665 218 221 414 1111
551 313 225 414 1111
760 180 233 414 1111
579 427 225 415 1112
536 423 224 415 1112
666 417 224 415 1112
624 69 228 415 1112
195 60 233 415 1112
778 416 235 415 1112
665 219 230 415 1112
551 314 223 415 1112
760 181 231 415 1112
536 424 233 416 1113
666 418 223 416 1113
195 61 224 416 1113
778 417 225 416 1113
665 220 222 416 1113
551 315 229 416 1113
760 182 222 416 1113
195 62 231 417 1114
40 82 233 417 1114
778 418 228 417 1114
665 221 222 417 1114
680 359 221 417 1114
551 316 223 417 1114
536 426 228 418 1115
195 63 236 418 1115
40 83 233 418 1115
778 419 225 418 1115
551 317 224 418 1115
536 427 224 419 1116
666 421 231 419 1116
195 64 228 419 1116
40 84 233 419 1116
344 415 223 419 1116
680 361 221 419 1116
551 318 227 419 1116
666 422 228 420 1117
536 428 225 420 1117
624 74 223 420 1117
195 65 242 420 1117
40 85 226 420 1117
344 416 222 420 1117
778 421 222 420 1117
551 319 229 420 1117
579 433 221 421 1118
536 429 225 421 1118
195 66 238 421 1118
40 86 225 421 1118
344 417 223 421 1118
778 422 224 421 1118
680 363 221 421 1118
551 320 231 421 1118
760 187 225 421 1118
579 434 221 422 1119
536 430 225 422 1119
195 67 236 422 1119
344 418 224 422 1119
40 87 232 422 1119
665 226 222 422 1119
778 423 222 422 1119
680 364 222 422 1119
551 321 233 422 1119
760 188 221 422 1119
579 435 223 423 1120
666 425 236 423 1120
536 431 224 423 1120
195 68 239 423 1120
40 88 226 423 1120
195 69 237 424 1121
40 89 223 424 1121
778 425 226 424 1121
760 190 223 424 1121
195 70 236 425 1122
40 90 221 425 1122
78 418 223 425 1122
666 428 230 426 1123
536 434 221 426 1123
195 71 233 426 1123
551 325 221 426 1123
760 192 224 426 1123
666 429 234 427 1124
536 435 234 427 1124
624 81 222 427 1124
195 72 234 427 1124
778 428 226 427 1124
680 369 225 427 1124
760 193 231 427 1124
551 326 224 427 1124
579 440 221 428 1125
666 430 237 428 1125
536 436 233 428 1125
624 82 228 428 1125
195 73 240 428 1125
551 327 225 428 1125
666 431 231 429 1126
536 437 235 429 1126
195 74 239 429 1126
778 430 223 429 1126
760 195 227 429 1126
551 328 224 429 1126
666 432 231 430 1127
536 438 235 430 1127
195 75 238 430 1127
778 431 222 430 1127
760 196 230 430 1127
551 329 232 430 1127
666 433 233 431 1128
536 439 235 431 1128
195 76 232 431 1128
680 373 223 431 1128
760 197 229 431 1128
551 330 227 431 1128
666 434 227 432 1129
536 440 235 432 1129
195 77 234 432 1129
760 198 224 432 1129
551 331 222 432 1129
666 435 231 433 1130
536 441 235 433 1130
195 78 243 433 1130
760 199 229 433 1130
551 332 224 433 1130
666 436 226 434 1131
536 442 233 434 1131
195 79 226 434 1131
778 435 221 434 1131
760 200 235 434 1131
551 333 236 434 1131
666 437 231 435 1132
579 447 221 435 1132
536 443 233 435 1132
195 80 229 435 1132
778 436 224 435 1132
760 201 233 435 1132
551 334 232 435 1132
666 438 231 436 1133
536 444 233 436 1133
195 81 237 436 1133
778 437 226 436 1133
760 202 231 436 1133
551 335 233 436 1133
666 439 225 437 1134
536 445 233 437 1134
195 82 235 437 1134
760 203 234 437 1134
551 336 237 437 1134
536 446 236 438 1135
624 92 223 438 1135
195 83 234 438 1135
680 380 221 438 1135
551 337 235 438 1135
536 447 234 439 1136
579 451 222 439 1136
624 93 221 439 1136
195 84 243 439 1136
665 243 225 439 1136
680 381 223 439 1136
551 338 233 439 1136
666 442 222 440 1137
536 448 236 440 1137
579 452 223 440 1137
624 94 222 440 1137
195 85 225 440 1137
665 244 226 440 1137
680 382 223 440 1137
40 105 222 440 1137
760 206 231 440 1137
551 339 236 440 1137
536 449 229 441 1138
195 86 247 441 1138
778 442 223 441 1138
665 245 226 441 1138
40 106 225 441 1138
551 340 233 441 1138
536 450 233 442 1139
624 96 231 442 1139
195 87 236 442 1139
665 246 225 442 1139
40 107 221 442 1139
551 341 231 442 1139
536 451 235 443 1140
282 446 222 443 1140
195 88 238 443 1140
665 247 221 443 1140
40 108 229 443 1140
344 439 223 443 1140
551 342 232 443 1140
536 452 235 444 1141
666 446 231 444 1141
195 89 237 444 1141
665 248 221 444 1141
40 109 225 444 1141
344 440 223 444 1141
760 210 226 444 1141
551 343 235 444 1141
536 453 234 445 1142
666 447 232 445 1142
195 90 244 445 1142
778 446 224 445 1142
551 344 231 445 1142
536 454 224 446 1143
36 440 221 446 1143
195 91 241 446 1143
778 447 224 446 1143
551 345 228 446 1143
536 455 231 447 1144
195 92 244 447 1144
760 213 223 447 1144
551 346 233 447 1144
536 456 226 448 1145
624 102 222 448 1145
195 93 247 448 1145
778 449 223 448 1145
665 252 222 448 1145
40 113 223 448 1145
344 444 221 448 1145
551 347 229 448 1145
536 457 227 449 1146
195 94 248 449 1146
778 450 224 449 1146
665 253 222 449 1146
760 215 222 449 1146
551 348 222 449 1146
536 458 222 450 1147
666 452 222 450 1147
195 95 236 450 1147
778 451 223 450 1147
760 216 222 450 1147
195 96 222 451 1148
536 460 228 452 1149
195 97 233 452 1149
778 453 224 452 1149
760 218 232 452 1149
551 351 234 452 1149
536 461 229 453 1150
666 455 227 453 1150
195 98 233 453 1150
760 219 224 453 1150
551 352 233 453 1150
536 462 227 454 1151
624 108 221 454 1151
195 99 231 454 1151
665 258 223 454 1151
551 353 222 454 1151
536 463 226 454 1151
624 109 225 455 1152
195 100 231 455 1152
778 456 221 455 1152
665 259 221 455 1152
760 221 222 455 1152
551 354 222 455 1152
536 464 230 455 1152
624 110 224 456 1153
195 101 237 456 1153
778 457 223 456 1153
760 222 226 456 1153
551 355 221 456 1153
536 465 230 456 1153
624 111 225 457 1154
195 102 230 457 1154
40 122 221 457 1154
778 458 223 457 1154
760 223 223 457 1154
536 466 227 457 1154
624 112 224 458 1155
40 123 223 458 1155
195 103 235 458 1155
680 400 221 458 1155
760 224 223 458 1155
551 357 221 458 1155
536 467 228 458 1155
666 461 224 459 1156
778 460 228 459 1156
195 104 226 459 1156
40 124 243 459 1156
665 263 224 459 1156
551 358 223 459 1156
536 468 228 459 1156
579 472 225 459 1156
666 462 225 460 1157
40 125 237 460 1157
195 105 240 460 1157
665 264 233 460 1157
760 226 241 460 1157
536 469 234 460 1157
40 126 239 461 1158
778 462 226 461 1158
680 403 222 461 1158
195 106 239 461 1158
665 265 224 461 1158
760 227 238 461 1158
536 470 230 461 1158
579 474 221 461 1158
624 116 222 462 1159
40 127 240 462 1159
680 404 223 462 1159
195 107 235 462 1159
665 266 224 462 1159
760 228 241 462 1159
536 471 227 463 1160
624 117 235 463 1160
40 128 238 463 1160
195 108 234 463 1160
760 229 238 463 1160
536 472 233 464 1161
624 118 236 464 1161
40 129 245 464 1161
195 109 235 464 1161
680 406 221 464 1161
665 268 222 464 1161
551 363 226 464 1161
760 230 236 464 1161
536 473 232 465 1162
624 119 235 465 1162
195 110 232 465 1162
40 130 241 465 1162
778 466 226 465 1162
551 364 225 465 1162
760 231 222 465 1162
536 474 231 466 1163
195 111 233 466 1163
40 131 241 466 1163
665 270 224 466 1163
778 467 224 466 1163
551 365 226 466 1163
760 232 224 466 1163
536 475 233 466 1163
579 479 223 467 1164
195 112 231 467 1164
40 132 243 467 1164
665 271 231 467 1164
551 366 233 467 1164
536 476 234 467 1164
195 113 224 468 1165
40 133 223 468 1165
680 410 223 468 1165
344 464 221 468 1165
778 469 221 468 1165
551 367 227 468 1165
536 477 227 469 1166
195 114 242 469 1166
40 134 224 469 1166
665 273 222 469 1166
551 368 227 469 1166
40 135 221 470 1167
195 115 242 470 1167
579 483 223 470 1167
665 275 224 471 1168
195 116 241 471 1168
40 136 225 471 1168
760 237 225 471 1168
536 480 222 471 1168
195 117 231 472 1169
40 137 221 472 1169
665 276 222 472 1169
778 473 221 472 1169
551 371 222 472 1169
760 238 228 472 1169
195 118 223 473 1170
40 138 221 473 1170
665 277 222 473 1170
551 372 222 473 1170
40 139 226 474 1171
665 278 230 474 1171
195 119 239 474 1171
344 470 222 474 1171
551 373 223 474 1171
760 240 227 474 1171
579 487 221 475 1172
195 120 237 475 1172
778 476 223 475 1172
344 471 224 475 1172
760 241 224 475 1172
536 484 222 476 1173
666 478 222 476 1173
624 130 222 476 1173
195 121 241 476 1173
551 375 225 476 1173
760 242 225 476 1173
536 485 232 477 1174
666 479 223 477 1174
78 470 225 477 1174
40 142 222 477 1174
195 122 238 477 1174
778 478 223 477 1174
551 376 225 477 1174
536 486 221 478 1175
78 471 221 478 1175
195 123 225 478 1175
551 377 223 478 1175
760 244 225 478 1175
536 487 223 479 1176
665 283 227 479 1176
778 480 224 479 1176
760 245 222 479 1176
579 492 221 480 1177
40 145 221 480 1177
778 481 223 480 1177
536 489 226 481 1178
665 285 227 481 1178
195 126 227 481 1178
778 482 227 481 1178
536 490 224 481 1178
78 476 221 483 1180
195 2 221 484 1181
78 477 221 484 1181
195 3 221 485 1182
78 478 221 485 1182
78 480 221 487 1184
778 489 222 488 1185
551 387 222 488 1185
536 497 223 489 1186
195 7 237 489 1186
665 293 233 489 1186
624 143 222 489 1186
344 485 221 489 1186
778 490 232 489 1186
551 388 226 489 1186
536 498 227 490 1187
579 502 224 490 1187
665 294 231 490 1187
778 491 228 490 1187
680 432 221 490 1187
551 389 235 490 1187
579 503 225 491 1188
195 9 224 491 1188
665 295 229 491 1188
624 145 224 491 1188
778 492 227 491 1188
680 433 225 491 1188
760 257 221 491 1188
551 390 229 491 1188
536 500 231 492 1189
579 504 227 492 1189
195 10 222 492 1189
665 296 222 492 1189
624 146 222 492 1189
778 493 222 492 1189
680 434 225 492 1189
551 391 224 492 1189
536 501 231 493 1190
579 505 226 493 1190
195 11 229 493 1190
665 297 224 493 1190
680 435 223 493 1190
36 488 221 494 1191
195 12 235 494 1191
665 298 225 494 1191
344 490 221 494 1191
680 436 222 494 1191
760 260 223 494 1191
551 393 228 494 1191
536 503 232 495 1192
195 13 231 495 1192
624 149 226 495 1192
78 488 226 495 1192
665 299 225 495 1192
778 496 229 495 1192
551 394 231 495 1192
536 504 225 496 1193
36 490 227 496 1193
579 508 222 496 1193
195 14 233 496 1193
78 489 226 496 1193
665 300 223 496 1193
778 497 224 496 1193
551 395 224 496 1193
536 505 228 497 1194
195 15 245 497 1194
624 151 222 497 1194
665 301 223 497 1194
551 396 235 497 1194
536 506 223 498 1195
195 16 245 498 1195
666 500 227 498 1195
78 491 223 498 1195
665 302 221 498 1195
778 499 221 498 1195
760 264 221 498 1195
551 397 222 498 1195
536 507 230 499 1196
579 511 225 499 1196
195 17 237 499 1196
666 501 222 499 1196
665 303 222 499 1196
551 398 223 499 1196
666 502 224 500 1197
665 304 223 500 1197
78 494 223 501 1198
551 402 227 503 1200
665 308 222 504 1201
579 517 222 505 1202
195 23 221 505 1202
778 506 223 505 1202
760 271 223 505 1202
551 404 222 505 1202
195 24 232 506 1203
778 507 222 506 1203
551 405 221 506 1203
195 25 225 507 1204
78 500 222 507 1204
778 508 221 507 1204
666 510 222 508 1205
665 312 224 508 1205
778 509 227 508 1205
778 510 222 509 1206
778 511 224 510 1207
195 29 233 511 1208
778 512 226 511 1208
195 30 234 512 1209
551 411 222 512 1209
195 31 233 513 1210
195 32 222 514 1211
778 515 221 514 1211
195 33 225 515 1212
760 281 223 515 1212
536 524 223 515 1212
760 282 222 516 1213
551 415 224 516 1213
536 525 225 517 1214
195 35 225 517 1214
778 518 221 517 1214
195 36 222 518 1215
778 519 223 518 1215
195 37 221 519 1216
536 528 222 520 1217
195 38 226 520 1217
760 286 222 520 1217
536 529 225 521 1218
195 39 230 521 1218
665 325 223 521 1218
551 420 222 521 1218
195 40 225 522 1219
778 523 227 522 1219
551 421 222 522 1219
536 531 222 523 1220
195 41 233 523 1220
778 524 222 523 1220
760 289 223 523 1220
551 422 222 523 1220
536 532 221 524 1221
195 42 242 524 1221
778 525 222 524 1221
760 290 221 524 1221
536 533 224 525 1222
195 43 241 525 1222
665 329 222 525 1222
778 526 224 525 1222
760 291 221 525 1222
195 44 233 526 1223
778 527 224 526 1223
536 535 222 527 1224
195 45 235 527 1224
778 528 225 527 1224
760 293 224 527 1224
536 536 224 528 1225
195 46 231 528 1225
778 529 223 528 1225
536 537 227 529 1226
195 47 231 529 1226
778 530 221 529 1226
760 295 231 529 1226
551 428 224 529 1226
536 538 225 530 1227
665 334 222 530 1227
40 195 221 530 1227
760 296 226 530 1227
551 429 225 530 1227
536 539 225 531 1228
195 49 228 531 1228
665 335 223 531 1228
760 297 226 531 1228
536 540 221 531 1228
195 50 223 532 1229
778 534 225 533 1230
760 299 222 533 1230
536 542 221 534 1231
195 52 237 534 1231
195 53 239 535 1232
579 547 221 535 1232
778 541 222 540 1237
778 542 221 541 1238
778 543 225 542 1239
778 545 221 544 1241
536 553 221 544 1241
195 63 225 545 1242
778 546 223 545 1242
536 554 227 546 1243
195 64 237 546 1243
778 547 222 546 1243
536 555 223 547 1244
778 548 223 547 1244
665 351 223 547 1244
536 556 227 548 1245
78 541 222 548 1245
778 549 222 548 1245
536 557 221 549 1246
195 67 226 549 1246
78 542 222 549 1246
778 550 222 549 1246
760 315 223 549 1246
536 558 221 550 1247
195 68 234 550 1247
665 354 222 550 1247
760 316 224 550 1247
551 449 221 551 1248
666 553 221 551 1248
78 544 223 551 1248
778 552 230 551 1248
665 355 237 551 1248
36 546 223 551 1248
195 70 223 552 1249
536 560 227 552 1249
36 547 227 552 1249
195 72 222 554 1251
195 73 226 555 1252
579 567 226 555 1252
191 348 230 555 1252
736 489 227 555 1252
736 490 234 556 1253
174 541 223 556 1253
95 247 222 561 1258
400 383 225 562 1259
556 572 236 562 1259
8 512 237 562 1259
188 49 222 563 1260
503 561 226 564 1261
188 50 222 564 1261
80 571 232 564 1261
713 564 221 564 1261
699 462 225 564 1261
713 565 227 565 1262
272 573 233 565 1262
56 505 224 565 1262
453 6 221 565 1262
479 458 223 566 1263
713 566 224 566 1263
276 551 233 566 1263
453 7 223 566 1263
708 3 229 567 1264
78 16 241 567 1264
756 551 222 567 1264
228 579 229 567 1264
751 5 221 568 1265
560 571 225 568 1265
244 566 227 568 1265
385 31 229 568 1265
756 552 229 568 1265
408 574 226 568 1265
751 6 221 569 1266
372 549 224 569 1266
22 519 224 569 1266
650 517 221 569 1266
765 133 227 569 1266
683 437 225 569 1266
708 5 244 569 1266
244 567 231 569 1266
214 452 223 569 1266
229 579 221 569 1266
746 250 221 569 1266
427 585 233 569 1266
293 561 225 569 1266
542 540 221 569 1266
206 540 222 569 1266
678 166 224 569 1266
91 10 221 570 1267
560 573 223 570 1267
765 134 226 570 1267
708 6 224 570 1267
244 568 235 570 1267
43 574 222 570 1267
678 167 222 570 1267
521 744 225 570 1267
171 9 221 571 1268
22 521 224 571 1268
572 574 233 571 1268
765 135 222 571 1268
737 563 225 571 1268
754 571 236 571 1268
350 579 221 571 1268
675 254 222 571 1268
595 261 225 571 1268
364 575 227 571 1268
244 570 233 572 1269
214 455 222 572 1269
275 577 228 572 1269
12 151 227 572 1269
769 546 223 572 1269
228 584 231 572 1269
32 553 229 572 1269
764 510 224 572 1269
409 27 228 572 1269
390 571 222 573 1270
244 571 235 573 1270
699 471 245 573 1270
165 20 227 573 1270
621 574 223 573 1270
769 547 225 573 1270
49 446 221 573 1270
408 579 221 573 1270
416 574 225 573 1270
244 572 224 574 1271
229 584 221 574 1271
67 513 231 574 1271
275 579 221 574 1271
12 153 221 574 1271
244 573 222 575 1272
229 585 225 575 1272
696 572 232 575 1272
621 577 233 576 1273
678 3 224 576 1273
677 96 232 576 1273
696 573 227 576 1273
720 546 221 576 1273
772 584 226 576 1273
621 578 228 577 1274
717 580 237 577 1274
30 252 225 577 1274
696 574 236 577 1274
411 473 223 577 1274
621 579 222 578 1275
30 253 226 578 1275
696 575 232 578 1275
520 582 225 578 1275
709 575 227 578 1275
650 527 221 578 1275
304 574 221 579 1276
181 87 235 579 1276
670 136 225 579 1276
660 571 222 579 1276
754 579 230 579 1276
398 587 224 579 1276
227 507 221 579 1276
321 253 221 579 1276
764 517 224 579 1276
701 581 237 579 1276
775 298 221 579 1276
632 124 230 580 1277
648 297 226 580 1277
713 580 222 580 1277
513 576 246 580 1277
469 17 236 580 1277
385 43 226 580 1277
227 508 224 580 1277
228 592 221 580 1277
614 576 221 580 1277
764 518 223 580 1277
291 575 235 580 1277
469 18 222 581 1278
487 20 223 581 1278
783 569 223 581 1278
91 22 225 581 1278
372 562 228 582 1279
685 565 235 582 1279
493 570 223 582 1279
67 521 232 582 1279
783 570 238 582 1279
775 301 226 582 1279
32 563 222 582 1279
382 579 223 582 1279
368 523 227 582 1279
205 304 222 583 1280
685 566 223 583 1280
75 7 228 583 1280
783 571 248 583 1280
462 419 230 583 1280
409 38 241 583 1280
368 524 223 583 1280
685 567 222 584 1281
427 600 222 584 1281
10 94 225 584 1281
75 8 224 584 1281
236 584 222 585 1282
94 32 226 585 1282
329 523 231 585 1282
251 583 221 585 1282
783 573 231 585 1282
764 523 233 585 1282
291 580 233 585 1282
679 168 226 585 1282
611 577 223 585 1282
390 584 224 585 1282
298 520 235 586 1283
652 581 222 586 1283
487 25 223 586 1283
543 257 225 586 1283
754 586 227 586 1283
369 587 229 586 1283
783 574 250 586 1283
291 581 235 586 1283
269 4 225 587 1284
513 583 225 587 1284
543 258 237 587 1284
487 26 225 587 1284
208 594 223 587 1284
215 502 224 587 1284
329 525 231 587 1284
614 583 222 587 1284
783 575 245 587 1284
291 582 222 587 1284
269 5 231 588 1285
469 25 226 588 1285
543 259 241 588 1285
487 27 235 588 1285
329 526 226 588 1285
730 585 225 588 1285
783 576 240 588 1285
291 583 224 588 1285
632 133 224 589 1286
298 523 223 589 1286
513 585 232 589 1286
269 6 235 589 1286
469 26 223 589 1286
487 28 226 589 1286
543 260 247 589 1286
329 527 225 589 1286
730 586 225 589 1286
783 577 242 589 1286
632 134 223 590 1287
298 524 225 590 1287
513 586 224 590 1287
269 7 223 590 1287
487 29 222 590 1287
543 261 248 590 1287
329 528 223 590 1287
783 578 240 590 1287
543 262 247 591 1288
487 30 235 591 1288
419 578 225 591 1288
329 529 227 591 1288
227 519 223 591 1288
783 579 243 591 1288
291 586 225 591 1288
343 579 224 591 1288
513 588 228 592 1289
269 9 222 592 1289
487 31 233 592 1289
221 595 224 592 1289
543 263 243 592 1289
502 543 224 592 1289
614 588 224 592 1289
783 580 244 592 1289
291 587 226 592 1289
181 101 228 593 1290
513 589 224 593 1290
298 527 222 593 1290
269 10 226 593 1290
487 32 224 593 1290
543 264 248 593 1290
367 269 225 593 1290
614 589 221 593 1290
783 581 241 593 1290
181 102 234 594 1291
513 590 225 594 1291
269 11 235 594 1291
543 265 242 594 1291
487 33 227 594 1291
621 595 221 594 1291
614 590 224 594 1291
783 582 241 594 1291
291 589 223 594 1291
513 591 225 595 1292
510 91 223 595 1292
367 271 223 595 1292
487 34 229 595 1292
269 12 233 595 1292
543 266 249 595 1292
783 583 243 595 1292
291 590 226 595 1292
298 530 221 596 1293
487 35 234 596 1293
269 13 233 596 1293
543 267 244 596 1293
783 584 244 596 1293
291 591 233 596 1293
65 544 230 597 1294
487 36 235 597 1294
513 593 230 597 1294
543 268 244 597 1294
269 14 223 597 1294
179 428 228 597 1294
783 585 243 597 1294
367 274 231 598 1295
543 269 244 598 1295
269 15 222 598 1295
487 37 233 598 1295
754 598 221 598 1295
513 594 229 598 1295
227 526 222 598 1295
783 586 242 598 1295
291 593 226 598 1295
59 504 222 598 1295
632 143 226 599 1296
367 275 225 599 1296
487 38 237 599 1296
543 270 243 599 1296
269 16 226 599 1296
513 595 227 599 1296
385 62 221 599 1296
255 196 221 599 1296
227 527 227 599 1296
783 587 239 599 1296
304 595 226 600 1297
469 37 223 600 1297
487 39 236 600 1297
543 271 250 600 1297
179 431 221 600 1297
356 282 222 600 1297
761 600 221 600 1297
783 588 243 600 1297
367 277 225 601 1298
778 602 223 601 1298
487 40 226 601 1298
269 18 227 601 1298
543 272 250 601 1298
513 597 221 601 1298
783 589 242 601 1298
367 278 225 602 1299
469 39 224 602 1299
543 273 242 602 1299
269 19 222 602 1299
487 41 232 602 1299
179 433 221 602 1299
783 590 247 602 1299
291 597 224 602 1299
469 40 226 603 1300
543 274 246 603 1300
487 42 224 603 1300
513 599 225 603 1300
269 20 222 603 1300
783 591 242 603 1300
291 598 222 603 1300
713 604 222 604 1301
543 275 239 604 1301
513 600 230 604 1301
487 43 226 604 1301
269 21 238 604 1301
2 602 221 604 1301
179 435 222 604 1301
696 601 226 604 1301
206 575 224 604 1301
203 53 226 604 1301
783 592 242 604 1301
378 576 223 604 1301
367 281 221 605 1302
469 42 226 605 1302
298 539 231 605 1302
543 276 245 605 1302
513 601 222 605 1302
487 44 235 605 1302
269 22 224 605 1302
255 202 231 605 1302
94 52 232 605 1302
52 599 224 605 1302
179 436 223 605 1302
12 184 237 605 1302
783 593 237 605 1302
291 600 225 605 1302
367 282 223 606 1303
298 540 229 606 1303
543 277 243 606 1303
510 102 228 606 1303
269 23 223 606 1303
487 45 238 606 1303
179 437 223 606 1303
783 594 237 606 1303
291 601 227 606 1303
367 283 230 607 1304
469 44 222 607 1304
543 278 242 607 1304
487 46 224 607 1304
255 204 224 607 1304
179 438 224 607 1304
206 578 225 607 1304
783 595 240 607 1304
611 599 221 608 1305
543 279 239 608 1305
487 47 226 608 1305
513 604 227 608 1305
269 25 239 608 1305
255 205 221 608 1305
385 71 222 608 1305
179 439 230 608 1305
696 605 225 608 1305
783 596 241 608 1305
529 55 225 609 1306
298 543 224 609 1306
543 280 243 609 1306
513 605 223 609 1306
487 48 227 609 1306
269 26 225 609 1306
255 206 222 609 1306
783 597 233 609 1306
543 281 243 610 1307
513 606 222 610 1307
487 49 223 610 1307
269 27 222 610 1307
783 598 225 610 1307
291 605 226 610 1307
543 282 235 611 1308
487 50 237 611 1308
269 28 233 611 1308
179 442 232 611 1308
291 606 223 611 1308
111 592 223 612 1309
469 49 226 612 1309
543 283 233 612 1309
513 608 222 612 1309
487 51 239 612 1309
269 29 237 612 1309
2 610 221 612 1309
249 164 225 612 1309
783 600 242 612 1309
291 607 222 612 1309
543 284 235 613 1310
487 52 235 613 1310
513 609 223 613 1310
269 30 224 613 1310
255 210 222 613 1310
600 593 224 613 1310
179 444 225 613 1310
696 610 224 613 1310
783 601 224 613 1310
291 608 223 613 1310
648 331 222 614 1311
611 605 221 614 1311
543 285 235 614 1311
487 53 225 614 1311
269 31 232 614 1311
255 211 222 614 1311
787 305 226 614 1311
291 609 223 614 1311
543 286 226 615 1312
513 611 225 615 1312
487 54 236 615 1312
179 446 222 615 1312
783 603 224 615 1312
543 287 237 616 1313
513 612 222 616 1313
179 447 223 616 1313
783 604 243 616 1313
649 41 222 616 1313
291 611 233 616 1313
408 622 224 617 1314
648 334 237 617 1314
269 34 225 617 1314
487 56 235 617 1314
600 597 229 617 1314
2 615 227 617 1314
49 490 222 617 1314
696 614 222 617 1314
783 605 247 617 1314
543 289 222 618 1315
244 616 244 618 1315
783 606 241 618 1315
291 613 228 619 1316
307 623 223 619 1316
244 617 246 619 1316
255 216 221 619 1316
487 58 241 619 1316
783 607 235 619 1316
649 44 227 619 1316
202 625 223 620 1317
244 618 242 620 1317
487 59 237 620 1317
275 625 223 620 1317
329 558 222 620 1317
783 608 243 620 1317
696 617 221 620 1317
563 627 221 620 1317
244 619 241 621 1318
124 611 223 621 1318
487 60 236 621 1318
255 218 223 621 1318
2 619 221 621 1318
275 626 231 621 1318
783 609 242 621 1318
119 591 222 621 1318
611 613 222 622 1319
304 617 233 622 1319
307 626 225 622 1319
244 620 231 622 1319
487 61 230 622 1319
283 316 229 622 1319
783 610 245 622 1319
649 47 227 622 1319
244 621 238 623 1320
783 611 242 623 1320
713 624 223 624 1321
347 622 230 624 1321
244 622 243 624 1321
466 122 225 624 1321
269 41 233 624 1321
487 63 233 624 1321
255 221 224 624 1321
783 612 250 624 1321
649 49 223 624 1321
119 594 222 624 1321
378 596 223 624 1321
461 594 222 624 1321
244 623 234 625 1322
487 64 222 625 1322
269 42 243 625 1322
769 599 224 625 1322
649 50 237 625 1322
461 595 224 625 1322
611 617 221 626 1323
713 626 227 626 1323
111 606 223 626 1323
347 624 223 626 1323
244 624 245 626 1323
124 616 232 626 1323
269 43 235 626 1323
513 622 227 626 1323
787 317 223 626 1323
92 791 223 626 1323
774 633 223 626 1323
696 623 222 626 1323
649 51 235 626 1323
378 598 237 626 1323
93 546 221 627 1324
10 137 222 627 1324
246 619 235 627 1324
670 185 224 628 1325
630 296 223 628 1325
765 192 225 628 1325
706 816 222 628 1325
201 799 242 628 1325
679 211 235 628 1325
787 320 235 629 1326
679 212 222 629 1326
428 639 221 630 1327
343 619 223 631 1328
336 628 222 631 1328
326 640 225 631 1328
15 633 223 633 1330
85 318 225 633 1330
304 629 225 634 1331
255 232 221 635 1332
513 635 234 639 1336
177 188 225 639 1336
492 575 231 640 1337
676 645 226 640 1337
676 646 231 641 1338
5 647 229 642 1339
676 647 231 642 1339
492 578 221 643 1340
116 654 222 643 1340
119 613 231 643 1340
495 633 227 643 1340
437 68 230 643 1340
147 656 224 644 1341
156 64 223 644 1341
692 584 221 644 1341
403 646 222 644 1341
97 461 221 644 1341
390 643 221 644 1341
676 649 223 644 1341
147 657 228 645 1342
156 65 223 645 1342
558 632 221 645 1342
403 647 222 645 1342
495 635 227 645 1342
390 644 221 645 1342
642 649 225 646 1343
495 636 221 646 1343
390 645 222 646 1343
147 661 221 649 1346
642 652 224 649 1346
558 637 224 650 1347
119 620 221 650 1347
147 663 233 651 1348
692 592 221 652 1349
614 648 221 652 1349
119 622 224 652 1349
156 73 223 653 1350
156 74 223 654 1351
642 658 222 655 1352
495 645 224 655 1352
156 76 224 656 1353
692 596 225 656 1353
240 643 222 656 1353
132 629 224 656 1353
156 77 225 657 1354
598 73 225 657 1354
403 659 224 657 1354
399 84 221 657 1354
132 630 223 657 1354
558 645 223 658 1355
156 78 221 658 1355
598 74 223 658 1355
97 475 221 658 1355
240 645 221 658 1355
642 661 232 658 1355
132 631 233 658 1355
692 599 222 659 1356
399 86 221 659 1356
403 662 223 660 1357
399 87 221 660 1357
495 650 230 660 1357
240 648 222 661 1358
495 651 235 661 1358
101 648 221 661 1358
598 78 221 662 1359
558 649 223 662 1359
156 82 222 662 1359
692 602 226 662 1359
495 652 229 662 1359
495 653 231 663 1360
642 666 225 663 1360
598 80 222 664 1361
48 653 221 664 1361
692 604 225 664 1361
101 651 221 664 1361
600 645 231 665 1362
598 81 221 665 1362
692 605 224 665 1362
373 657 221 665 1362
572 669 231 665 1362
600 646 229 666 1363
156 86 228 666 1363
373 658 225 666 1363
614 662 223 666 1363
156 87 225 667 1364
373 659 224 667 1364
614 663 221 667 1364
572 671 231 667 1364
156 88 222 668 1365
373 660 221 668 1365
676 673 221 668 1365
156 89 224 669 1366
265 681 221 669 1366
495 659 222 669 1366
572 673 230 669 1366
600 650 229 670 1367
617 297 222 670 1367
495 660 227 670 1367
572 674 230 670 1367
598 87 222 671 1368
399 98 221 671 1368
600 652 221 672 1369
156 92 222 672 1369
97 489 228 672 1369
676 677 223 672 1369
495 662 221 672 1369
572 676 228 672 1369
600 653 226 673 1370
598 89 222 673 1370
97 490 229 673 1370
13 639 222 673 1370
495 663 225 673 1370
572 677 231 673 1370
600 654 234 674 1371
598 90 221 674 1371
660 666 225 674 1371
97 491 223 674 1371
13 640 222 674 1371
495 664 222 674 1371
572 678 228 674 1371
598 91 221 675 1372
660 667 230 675 1372
97 492 221 675 1372
373 667 222 675 1372
240 662 225 675 1372
495 665 225 675 1372
403 10 221 675 1372
572 679 228 675 1372
600 656 227 676 1373
598 92 221 676 1373
614 672 221 676 1373
13 642 221 676 1373
373 668 224 676 1373
97 493 225 676 1373
403 11 223 676 1373
572 680 235 676 1373
600 657 224 677 1374
97 494 225 677 1374
572 681 223 677 1374
600 658 231 678 1375
156 98 227 678 1375
97 495 222 678 1375
572 682 231 678 1375
600 659 223 679 1376
97 496 223 679 1376
617 306 222 679 1376
572 683 225 679 1376
600 660 224 680 1377
97 497 223 680 1377
399 107 221 680 1377
642 683 221 680 1377
676 685 224 680 1377
495 670 221 680 1377
572 684 224 680 1377
13 647 221 681 1378
598 98 225 682 1379
663 684 223 682 1379
600 663 224 683 1380
598 99 227 683 1380
13 649 222 683 1380
399 110 221 683 1380
642 686 222 683 1380
572 687 226 683 1380
598 100 222 684 1381
13 650 229 684 1381
642 687 226 684 1381
572 688 224 684 1381
598 101 224 685 1382
663 687 221 685 1382
642 688 223 685 1382
572 689 223 685 1382
598 102 226 686 1383
663 688 223 686 1383
600 667 230 687 1384
598 103 222 687 1384
642 690 224 687 1384
572 691 225 687 1384
598 104 222 688 1385
676 693 223 688 1385
598 105 225 689 1386
495 679 223 689 1386
403 24 230 689 1386
598 106 225 690 1387
403 25 227 690 1387
598 107 226 691 1388
97 508 221 691 1388
676 696 225 691 1388
403 26 225 691 1388
572 695 223 691 1388
598 108 226 692 1389
495 682 224 692 1389
403 27 224 692 1389
572 696 222 692 1389
598 109 226 693 1390
495 683 223 693 1390
403 28 225 693 1390
598 110 223 694 1391
598 111 223 695 1392
572 699 223 695 1392
598 112 222 696 1393
495 686 224 696 1393
600 677 223 697 1394
598 113 221 697 1394
495 687 223 697 1394
403 32 233 697 1394
572 701 227 697 1394
598 114 222 698 1395
495 688 227 698 1395
572 702 222 698 1395
600 679 222 699 1396
572 703 227 699 1396
558 687 225 700 1397
677 220 222 700 1397
403 35 223 700 1397
221 704 221 700 1397
572 704 221 700 1397
598 117 223 701 1398
677 221 226 701 1398
495 691 223 701 1398
572 705 222 701 1398
598 118 222 702 1399
677 222 227 702 1399
495 692 223 702 1399
572 706 222 702 1399
598 119 224 703 1400
572 707 233 703 1400
598 120 224 704 1401
677 224 227 704 1401
666 707 231 704 1401
495 694 222 704 1401
572 708 231 704 1401
598 121 224 705 1402
677 225 224 705 1402
642 708 221 705 1402
666 708 222 705 1402
572 709 228 705 1402
598 122 223 706 1403
677 226 223 706 1403
642 709 221 706 1403
666 709 227 706 1403
495 696 223 706 1403
572 710 231 706 1403
598 123 222 707 1404
677 227 228 707 1404
495 697 222 707 1404
598 124 222 708 1405
403 43 229 708 1405
642 711 222 708 1405
598 125 223 709 1406
677 229 223 709 1406
676 714 222 709 1406
403 44 226 709 1406
495 699 222 709 1406
572 713 221 709 1406
598 126 223 710 1407
677 230 224 710 1407
265 722 227 710 1407
399 137 222 710 1407
403 45 226 710 1407
666 713 221 710 1407
642 713 223 710 1407
572 714 223 710 1407
598 127 222 711 1408
677 231 225 711 1408
265 723 222 711 1408
403 46 228 711 1408
572 715 222 711 1408
598 128 221 712 1409
677 232 225 712 1409
403 47 227 712 1409
572 716 227 712 1409
677 233 229 713 1410
403 48 226 713 1410
642 716 224 713 1410
572 717 224 713 1410
403 49 227 714 1411
495 704 221 714 1411
572 718 233 714 1411
495 705 222 715 1412
572 719 227 715 1412
677 236 227 716 1413
572 720 229 716 1413
386 309 223 717 1414
495 707 223 717 1414
572 721 221 717 1414
97 535 235 718 1415
386 310 223 718 1415
97 536 227 719 1416
598 135 222 719 1416
386 311 225 719 1416
677 239 221 719 1416
403 54 222 719 1416
495 709 221 719 1416
572 723 222 719 1416
598 136 224 720 1417
677 240 221 720 1417
399 147 221 720 1417
495 710 227 720 1417
572 724 224 720 1417
97 538 223 721 1418
386 313 223 721 1418
676 726 221 721 1418
403 56 222 721 1418
390 721 221 722 1419
495 712 227 722 1419
677 243 225 723 1420
403 58 230 723 1420
495 713 226 723 1420
676 729 226 724 1421
403 59 228 724 1421
642 727 224 724 1421
495 714 226 724 1421
403 60 228 725 1422
572 729 221 725 1422
614 722 222 726 1423
403 61 222 726 1423
642 729 224 726 1423
495 716 226 726 1423
495 717 229 727 1424
598 144 222 728 1425
495 718 223 728 1425
598 145 221 729 1426
390 728 222 729 1426
614 725 221 729 1426
572 733 228 729 1426
386 322 221 730 1427
390 729 221 730 1427
642 733 222 730 1427
495 720 225 730 1427
572 734 223 731 1428
642 734 223 731 1428
495 721 222 731 1428
495 722 221 732 1429
598 149 224 733 1430
386 325 226 733 1430
676 738 221 733 1430
495 723 223 733 1430
572 737 230 734 1431
598 150 222 734 1431
495 724 221 735 1432
572 738 232 735 1432
572 739 233 736 1433
97 553 221 736 1433
390 735 221 736 1433
386 328 222 736 1433
676 741 222 736 1433
403 71 226 736 1433
495 726 221 737 1434
572 740 232 737 1434
390 736 221 737 1434
403 72 222 737 1434
495 727 223 738 1435
572 741 229 738 1435
598 154 223 738 1435
97 555 221 738 1435
495 728 221 739 1436
572 742 222 739 1436
598 155 225 739 1436
495 729 221 740 1437
572 743 228 740 1437
598 156 222 740 1437
386 332 223 740 1437
676 745 221 740 1437
598 157 221 741 1438
403 76 222 741 1438
572 745 223 742 1439
171 183 232 745 1442
335 748 222 745 1442
97 562 231 745 1442
43 749 226 745 1442
635 508 222 746 1443
729 163 231 747 1444
695 222 227 747 1444
410 745 222 748 1445
410 750 224 753 1450
410 752 229 755 1452
410 753 225 756 1453
410 754 223 757 1454
410 755 225 758 1455
410 757 221 760 1457
410 758 224 761 1458
410 759 227 762 1459
410 760 229 763 1460
410 761 229 764 1461
410 762 228 765 1462
410 763 230 766 1463
410 764 229 767 1464
410 765 224 768 1465
410 766 229 769 1466
410 767 223 770 1467
410 768 223 771 1468
410 770 221 773 1470
222 800 222 790 1487
184 352 223 795 1492
736 729 246 795 1492
591 796 231 800 1497
591 797 226 800 1497
458 814 223 801 1498
7 793 224 801 1498
612 58 232 802 1499
268 693 221 803 1500
785 798 222 804 1501
150 572 228 805 1502
338 161 225 805 1502
157 819 221 806 1503
449 563 233 807 1504
598 223 226 807 1504
338 164 227 808 1505
4 803 233 808 1505
338 165 231 809 1506
370 813 226 811 1508
169 113 222 811 1508
338 167 231 811 1508
484 655 223 811 1508
169 114 222 812 1509
95 498 224 812 1509
242 108 230 812 1509
484 656 239 812 1509
567 771 228 812 1509
567 772 222 813 1510
268 708 230 818 1515
97 635 231 818 1515
268 709 240 819 1516
694 472 226 819 1516
185 3 225 821 1518
657 827 226 824 1521
239 824 233 824 1521
397 203 227 826 1523
76 752 232 828 1525
390 828 226 829 1526
277 26 223 830 1527
277 27 222 831 1528
43 837 225 833 1530
428 40 224 834 1531
760 169 222 834 1531
169 137 221 835 1532
495 826 232 836 1533
612 95 225 839 1536
725 284 223 839 1536
72 293 221 839 1536
494 365 223 840 1537
725 285 222 840 1537
72 294 223 840 1537
397 217 224 840 1537
725 286 227 841 1538
725 288 227 843 1540
397 220 225 843 1540
72 297 224 843 1540
725 289 224 844 1541
397 221 222 844 1541
530 109 235 845 1542
725 290 228 845 1542
397 222 224 845 1542
725 291 227 846 1543
397 223 226 846 1543
725 292 230 847 1544
397 226 227 849 1546
564 592 223 850 1547
288 33 225 855 1552
725 302 221 857 1554
335 861 232 857 1554
244 856 222 858 1555
167 496 228 858 1555
171 112 233 858 1555
494 383 225 858 1555
145 123 222 859 1556
725 304 221 859 1556
66 795 221 859 1556
244 858 223 860 1557
167 498 221 860 1557
725 305 222 860 1557
221 864 229 861 1558
244 859 225 861 1558
638 850 223 861 1558
404 829 238 861 1558
725 306 222 861 1558
244 860 223 862 1559
725 307 227 862 1559
244 867 225 869 1566
725 314 224 869 1566
319 876 229 870 1567
725 315 223 870 1567
244 869 231 871 1568
725 316 222 871 1568
46 867 223 871 1568
244 870 225 872 1569
404 840 229 872 1569
438 196 223 872 1569
244 871 229 873 1570
725 318 228 873 1570
423 868 229 873 1570
244 872 233 874 1571
186 143 239 875 1572
244 874 235 876 1573
287 580 226 876 1573
186 144 225 876 1573
725 321 223 876 1573
86 575 223 876 1573
244 875 235 877 1574
186 145 225 877 1574
725 322 222 877 1574
423 872 231 877 1574
244 876 244 878 1575
186 146 231 878 1575
423 873 246 878 1575
244 877 234 879 1576
186 147 234 879 1576
725 324 223 879 1576
196 873 221 879 1576
244 878 242 879 1576
725 325 230 880 1577
423 875 240 880 1577
87 297 221 880 1577
244 879 249 880 1577
102 879 226 881 1578
54 873 224 881 1578
725 326 230 881 1578
423 876 233 881 1578
244 880 229 881 1578
186 150 231 882 1579
725 327 231 882 1579
423 877 240 882 1579
244 881 241 882 1579
186 151 225 883 1580
725 328 223 883 1580
423 878 243 883 1580
244 882 239 883 1580
186 152 239 884 1581
583 86 227 884 1581
725 329 226 884 1581
423 879 242 884 1581
244 883 240 884 1581
186 153 232 885 1582
725 330 229 885 1582
423 880 227 885 1582
103 897 226 885 1582
244 884 238 885 1582
760 37 227 885 1582
594 85 226 886 1583
186 154 235 886 1583
567 845 237 886 1583
244 885 245 886 1583
186 155 228 887 1584
725 332 223 887 1584
760 39 236 887 1584
244 886 237 887 1584
250 887 221 888 1585
186 156 223 888 1585
725 333 222 888 1585
760 40 225 888 1585
244 887 237 889 1586
760 41 222 889 1586
244 888 236 890 1587
186 158 221 890 1587
704 894 232 890 1587
42 543 233 890 1587
760 42 229 890 1587
244 889 233 890 1587
27 551 221 891 1588
725 336 221 891 1588
760 43 231 891 1588
244 890 240 891 1588
320 148 221 892 1589
186 160 223 892 1589
725 337 221 892 1589
453 6 239 892 1589
56 316 226 892 1589
244 891 231 892 1589
250 892 224 893 1590
186 161 232 893 1590
244 892 240 893 1590
66 13 237 894 1591
186 162 233 894 1591
776 752 242 894 1591
423 889 226 894 1591
431 605 232 894 1591
103 906 222 894 1591
760 46 228 894 1591
244 893 235 894 1591
216 832 225 895 1592
717 898 236 895 1592
564 637 226 895 1592
145 160 229 896 1593
395 831 226 896 1593
244 895 235 897 1594
31 903 237 897 1594
342 902 224 897 1594
