446 640 223 1 1342
236 646 222 2 1343
484 491 221 2 1343
626 51 227 3 1344
616 459 221 3 1344
498 228 227 3 1344
236 647 225 3 1344
519 566 223 3 1344
424 659 223 3 1344
484 492 231 3 1344
771 519 221 4 1345
199 209 221 4 1345
626 52 221 4 1345
507 550 222 4 1345
498 229 221 4 1345
484 493 229 4 1345
771 520 226 4 1345
637 16 222 5 1346
626 53 231 5 1346
697 652 229 5 1346
519 568 222 5 1346
236 649 221 5 1346
424 661 223 5 1346
484 494 225 5 1346
771 521 221 5 1346
148 650 226 6 1347
740 579 221 6 1347
697 653 221 6 1347
110 646 222 6 1347
771 522 223 6 1347
637 18 222 6 1347
586 655 222 7 1348
740 580 221 7 1348
498 232 225 7 1348
697 654 225 7 1348
236 651 225 7 1348
484 496 229 7 1348
771 523 226 7 1348
199 213 221 8 1349
697 655 229 8 1349
498 233 234 8 1349
236 652 221 8 1349
771 524 225 8 1349
199 214 221 9 1350
507 555 222 9 1350
498 234 221 9 1350
236 653 221 9 1350
484 498 224 9 1350
771 525 222 9 1350
148 654 221 10 1351
740 583 222 10 1351
538 643 224 10 1351
498 235 222 10 1351
697 657 236 10 1351
236 654 222 10 1351
771 526 224 10 1351
538 644 225 11 1352
616 467 227 11 1352
697 658 234 11 1352
236 655 225 11 1352
484 500 225 11 1352
771 527 228 11 1352
489 601 221 12 1353
148 656 225 12 1353
616 468 226 12 1353
498 237 226 12 1353
236 656 232 12 1353
424 668 221 12 1353
484 501 232 12 1353
771 528 221 12 1353
626 61 223 13 1354
507 559 222 13 1354
148 657 221 13 1354
740 586 222 13 1354
538 646 230 13 1354
616 469 222 13 1354
498 238 231 13 1354
236 657 222 13 1354
484 502 230 13 1354
771 529 231 13 1354
626 62 224 14 1355
627 659 224 14 1355
148 658 224 14 1355
616 470 231 14 1355
538 647 223 14 1355
697 661 230 14 1355
498 239 221 14 1355
236 658 227 14 1355
507 561 221 15 1356
626 63 227 15 1356
627 660 222 15 1356
538 648 227 15 1356
498 240 225 15 1356
697 662 245 15 1356
236 659 224 15 1356
484 504 227 15 1356
771 531 223 16 1357
626 64 228 16 1357
627 661 222 16 1357
148 660 222 16 1357
616 472 223 16 1357
538 649 225 16 1357
697 663 227 16 1357
626 65 231 17 1358
616 473 223 17 1358
538 650 230 17 1358
498 242 237 17 1358
697 664 230 17 1358
236 661 229 17 1358
484 506 228 17 1358
771 533 228 18 1359
627 663 225 18 1359
148 662 221 18 1359
538 651 229 18 1359
777 657 223 18 1359
697 665 222 18 1359
236 662 233 18 1359
484 507 233 18 1359
507 565 223 19 1360
626 67 223 19 1360
740 592 224 19 1360
616 475 228 19 1360
230 646 227 19 1360
538 652 232 19 1360
777 658 225 19 1360
697 666 224 19 1360
484 508 231 19 1360
771 535 226 19 1360
199 225 222 20 1361
626 68 233 20 1361
627 665 221 20 1361
740 593 225 20 1361
230 647 225 20 1361
538 653 227 20 1361
697 667 222 20 1361
771 536 232 20 1361
484 509 226 20 1361
626 69 225 21 1362
538 654 221 21 1362
777 660 221 21 1362
771 537 229 21 1362
484 510 227 21 1362
637 33 222 21 1362
626 70 227 22 1363
740 595 227 22 1363
148 666 226 22 1363
230 649 224 22 1363
538 655 228 22 1363
777 661 221 22 1363
498 247 222 22 1363
697 669 229 22 1363
236 666 223 22 1363
484 511 232 22 1363
627 668 223 23 1364
148 667 225 23 1364
230 650 221 23 1364
697 670 232 23 1364
424 679 221 23 1364
484 512 231 23 1364
148 668 224 24 1365
538 657 221 24 1365
498 249 226 24 1365
697 671 224 24 1365
236 668 225 24 1365
771 540 222 24 1365
484 513 231 24 1365
199 230 223 25 1366
148 669 222 25 1366
538 658 224 25 1366
498 250 232 25 1366
697 672 221 25 1366
771 541 223 25 1366
199 231 222 26 1367
740 599 221 26 1367
538 659 224 26 1367
236 670 221 26 1367
771 542 227 26 1367
484 515 221 26 1367
199 232 221 27 1368
484 516 231 27 1368
626 76 221 28 1369
740 601 221 28 1369
538 661 227 28 1369
498 253 229 28 1369
236 672 226 28 1369
484 517 229 28 1369
627 674 227 29 1370
538 662 225 29 1370
498 254 224 29 1370
697 676 224 29 1370
771 545 223 29 1370
484 518 228 29 1370
626 78 226 30 1371
627 675 221 30 1371
538 663 221 30 1371
498 255 229 30 1371
236 674 226 30 1371
771 546 223 30 1371
484 519 224 31 1372
626 79 223 31 1372
627 676 229 31 1372
498 256 232 31 1372
538 664 231 31 1372
697 678 223 31 1372
236 675 221 31 1372
626 80 223 32 1373
627 677 230 32 1373
498 257 230 32 1373
538 665 223 32 1373
697 679 225 32 1373
771 548 224 32 1373
626 81 223 33 1374
199 238 221 33 1374
740 606 222 33 1374
627 678 221 33 1374
616 489 222 33 1374
498 258 234 33 1374
538 666 233 33 1374
697 680 229 33 1374
484 522 223 34 1375
626 82 222 34 1375
740 607 227 34 1375
616 490 221 34 1375
498 259 227 34 1375
538 667 230 34 1375
519 597 226 34 1375
236 678 224 34 1375
484 523 225 35 1376
594 103 221 35 1376
626 83 224 35 1376
740 608 229 35 1376
627 680 221 35 1376
538 668 226 35 1376
498 260 231 35 1376
236 679 229 35 1376
519 598 223 35 1376
424 691 225 35 1376
771 551 221 35 1376
484 524 223 35 1376
594 104 223 36 1377
626 84 224 36 1377
148 680 221 36 1377
498 261 230 36 1377
538 669 227 36 1377
236 680 222 36 1377
424 692 227 36 1377
484 525 222 36 1377
626 85 223 37 1378
507 583 222 37 1378
627 682 222 37 1378
498 262 228 37 1378
697 684 227 37 1378
538 670 230 37 1378
236 681 226 37 1378
484 526 224 37 1378
507 584 222 38 1379
740 611 223 38 1379
148 682 223 38 1379
230 665 226 38 1379
498 263 225 38 1379
538 671 229 38 1379
484 527 229 38 1379
148 683 225 39 1380
498 264 224 39 1380
538 672 225 39 1380
519 602 222 39 1380
236 683 221 39 1380
771 555 221 39 1380
484 528 230 40 1381
507 586 221 40 1381
740 613 221 40 1381
148 684 226 40 1381
498 265 221 40 1381
697 687 225 40 1381
236 684 225 40 1381
771 556 226 40 1381
484 529 228 41 1382
148 685 226 41 1382
498 266 224 41 1382
697 688 221 41 1382
236 685 225 41 1382
424 697 224 41 1382
771 557 225 41 1382
484 530 224 42 1383
507 588 225 42 1383
740 615 222 42 1383
627 687 222 42 1383
148 686 231 42 1383
616 498 221 42 1383
498 267 225 42 1383
538 675 224 42 1383
777 681 225 42 1383
519 605 221 42 1383
236 686 227 42 1383
771 558 229 42 1383
484 531 221 43 1384
507 589 227 43 1384
740 616 224 43 1384
148 687 229 43 1384
498 268 221 43 1384
538 676 228 43 1384
777 682 224 43 1384
697 690 225 43 1384
771 559 227 43 1384
484 532 221 44 1385
637 55 222 44 1385
616 500 223 44 1385
110 684 221 44 1385
771 560 225 44 1385
484 533 224 45 1386
637 56 223 45 1386
616 501 221 45 1386
777 684 222 45 1386
538 678 223 45 1386
697 692 226 45 1386
771 561 223 45 1386
484 534 224 46 1387
637 57 224 46 1387
616 502 223 46 1387
424 702 221 46 1387
771 562 228 46 1387
538 680 224 47 1388
697 694 232 47 1388
771 563 227 47 1388
538 681 222 48 1389
697 695 230 48 1389
586 697 224 49 1390
484 537 227 49 1390
637 60 221 49 1390
626 97 222 49 1390
777 688 223 49 1390
697 696 227 49 1390
771 565 222 49 1390
637 61 222 50 1391
626 98 228 50 1391
627 695 222 50 1391
740 623 222 50 1391
616 506 221 50 1391
777 689 223 50 1391
538 683 222 50 1391
771 566 227 50 1391
484 539 226 51 1392
199 256 221 51 1392
637 62 221 51 1392
230 678 223 51 1392
616 507 221 51 1392
538 684 229 51 1392
697 698 225 51 1392
771 567 237 51 1392
627 697 221 52 1393
230 679 223 52 1393
148 696 221 52 1393
616 508 221 52 1393
777 691 225 52 1393
538 685 223 52 1393
697 699 228 52 1393
771 568 226 52 1393
626 101 225 53 1394
740 626 221 53 1394
616 509 222 53 1394
777 692 221 53 1394
538 686 223 53 1394
697 700 226 53 1394
771 569 232 53 1394
484 542 231 54 1395
230 681 221 54 1395
616 510 224 54 1395
538 687 225 54 1395
697 701 230 54 1395
771 570 234 54 1395
484 543 226 55 1396
626 103 229 55 1396
538 688 225 55 1396
777 694 221 55 1396
771 571 227 55 1396
484 544 221 56 1397
507 602 225 56 1397
626 104 225 56 1397
230 683 221 56 1397
616 512 223 56 1397
538 689 228 56 1397
771 572 226 57 1398
507 603 224 57 1398
616 513 226 57 1398
47 396 222 57 1398
626 106 226 58 1399
121 26 221 58 1399
740 631 223 58 1399
697 705 222 58 1399
771 574 225 59 1400
484 547 227 59 1400
626 107 224 59 1400
498 284 221 59 1400
519 622 225 59 1400
484 548 225 60 1401
230 687 230 60 1401
697 707 223 60 1401
47 399 223 60 1401
771 576 224 61 1402
626 109 228 61 1402
616 517 221 61 1402
697 708 228 61 1402
519 624 222 61 1402
771 577 225 62 1403
484 550 223 62 1403
697 709 235 62 1403
519 625 221 62 1403
47 401 223 62 1403
771 578 225 63 1404
230 690 227 63 1404
498 288 227 63 1404
771 579 227 64 1405
484 552 226 64 1405
148 708 224 64 1405
697 711 231 64 1405
626 2 221 64 1405
484 553 222 65 1406
637 76 221 65 1406
498 290 228 65 1406
616 521 221 65 1406
697 712 224 65 1406
47 404 222 65 1406
771 581 233 66 1407
484 554 224 66 1407
637 77 224 66 1407
507 612 222 66 1407
627 711 229 66 1407
423 705 223 66 1407
230 693 223 66 1407
616 522 221 66 1407
498 291 223 66 1407
538 699 222 66 1407
697 713 224 66 1407
47 405 221 66 1407
626 4 222 66 1407
771 582 224 67 1408
484 555 227 67 1408
507 613 222 67 1408
627 712 225 67 1408
423 706 226 67 1408
148 711 222 67 1408
616 523 225 67 1408
697 714 237 67 1408
47 406 223 67 1408
771 583 223 68 1409
484 556 223 68 1409
507 614 222 68 1409
423 707 223 68 1409
148 712 222 68 1409
616 524 224 68 1409
498 293 224 68 1409
697 715 227 68 1409
626 6 223 68 1409
484 557 221 69 1410
627 714 222 69 1410
616 525 227 69 1410
538 702 224 69 1410
498 294 226 69 1410
626 7 225 69 1410
484 558 222 70 1411
507 616 221 70 1411
616 526 234 70 1411
538 703 221 70 1411
498 295 223 70 1411
697 717 235 70 1411
626 8 224 70 1411
771 586 227 71 1412
484 559 226 71 1412
627 716 223 71 1412
616 527 234 71 1412
498 296 229 71 1412
697 718 227 71 1412
626 9 230 71 1412
771 587 229 72 1413
616 528 226 72 1413
498 297 223 72 1413
697 719 224 72 1413
626 10 224 72 1413
771 588 231 73 1414
498 298 230 73 1414
538 706 226 73 1414
777 712 228 73 1414
697 720 221 73 1414
89 726 224 73 1414
626 11 222 73 1414
771 589 231 74 1415
484 562 221 74 1415
498 299 221 74 1415
771 590 222 75 1416
498 300 227 75 1416
697 722 226 75 1416
626 13 229 76 1417
771 591 229 76 1417
484 564 230 76 1417
627 721 221 76 1417
740 649 224 76 1417
498 301 228 76 1417
538 709 223 76 1417
498 302 226 77 1418
538 710 236 77 1418
484 566 223 78 1419
740 651 223 78 1419
498 303 224 78 1419
777 717 223 78 1419
697 725 223 78 1419
626 16 221 78 1419
484 567 226 79 1420
740 652 224 79 1420
538 712 222 79 1420
771 595 223 80 1421
484 568 228 80 1421
627 725 222 80 1421
549 719 221 80 1421
498 305 226 80 1421
538 713 222 80 1421
697 727 232 80 1421
626 18 222 81 1422
484 569 231 81 1422
627 726 224 81 1422
697 728 232 81 1422
626 19 231 82 1423
771 597 241 82 1423
484 570 221 82 1423
498 307 225 82 1423
538 715 223 82 1423
697 729 233 82 1423
626 20 224 83 1424
771 598 221 83 1424
637 94 221 83 1424
627 728 222 83 1424
626 21 223 84 1425
771 599 231 84 1425
484 572 221 84 1425
507 630 221 84 1425
148 728 223 84 1425
616 540 226 84 1425
697 731 229 84 1425
626 22 225 84 1425
771 600 221 85 1426
484 573 226 85 1426
538 718 229 85 1426
616 541 226 85 1426
777 724 222 85 1426
697 732 229 85 1426
484 574 224 86 1427
771 601 232 86 1427
740 659 223 86 1427
616 542 224 86 1427
777 725 221 86 1427
626 24 227 86 1427
484 575 234 87 1428
771 602 224 87 1428
199 292 222 87 1428
538 720 225 87 1428
616 543 236 87 1428
697 734 226 87 1428
484 576 230 88 1429
199 293 223 88 1429
498 313 222 88 1429
616 544 235 88 1429
538 721 224 88 1429
626 26 229 88 1429
484 577 226 89 1430
771 604 226 89 1430
199 294 223 89 1430
616 545 222 89 1430
626 27 231 89 1430
484 578 226 90 1431
771 605 225 90 1431
498 315 231 90 1431
538 723 223 90 1431
616 546 223 90 1431
697 737 221 90 1431
626 28 227 90 1431
484 579 227 91 1432
771 606 232 91 1432
507 637 223 91 1432
484 580 228 92 1433
507 638 224 92 1433
148 736 224 92 1433
627 737 224 92 1433
498 317 222 92 1433
616 548 222 92 1433
697 739 225 92 1433
771 608 224 93 1434
771 609 223 94 1435
740 667 221 94 1435
498 319 224 94 1435
538 727 221 94 1435
697 741 221 94 1435
484 583 233 95 1436
697 742 226 95 1436
626 33 222 95 1436
484 584 232 96 1437
507 642 223 96 1437
230 723 224 96 1437
498 321 231 96 1437
538 729 222 96 1437
697 743 226 96 1437
626 34 221 96 1437
484 585 238 97 1438
616 553 222 97 1438
498 322 227 97 1438
697 744 225 97 1438
626 35 230 97 1438
484 586 233 98 1439
740 671 222 98 1439
498 323 221 98 1439
697 745 230 98 1439
538 732 223 99 1440
498 324 235 99 1440
424 755 221 99 1440
626 37 222 99 1440
199 305 222 99 1440
484 588 236 100 1441
507 646 223 100 1441
498 325 228 100 1441
697 747 222 100 1441
626 38 221 100 1441
484 589 236 101 1442
538 734 222 101 1442
498 326 227 101 1442
697 748 221 101 1442
771 617 230 102 1443
484 590 226 102 1443
148 746 223 102 1443
538 735 221 102 1443
498 327 237 102 1443
424 758 222 102 1443
697 749 222 102 1443
771 618 223 102 1443
484 591 233 102 1443
507 649 222 103 1444
498 328 231 103 1444
697 750 225 103 1444
777 742 221 103 1444
484 592 235 103 1444
740 677 229 104 1445
538 737 224 104 1445
498 329 225 104 1445
697 751 224 104 1445
626 42 226 104 1445
484 593 240 104 1445
740 678 231 105 1446
616 561 225 105 1446
498 330 228 105 1446
697 752 221 105 1446
484 594 250 106 1447
697 753 224 106 1447
626 44 227 106 1447
484 595 250 107 1448
740 680 228 107 1448
626 45 224 107 1448
484 596 246 107 1448
740 681 224 108 1449
498 333 222 108 1449
771 624 227 108 1449
484 597 246 108 1449
740 682 225 109 1450
148 753 224 109 1450
616 565 221 109 1450
498 334 223 109 1450
697 756 221 109 1450
626 47 221 109 1450
771 625 225 109 1450
484 598 243 109 1450
740 683 222 110 1451
148 754 222 110 1451
498 335 224 110 1451
626 48 225 110 1451
771 626 229 110 1451
484 599 246 110 1451
594 179 222 111 1452
740 684 221 111 1452
626 49 222 111 1452
484 600 246 111 1452
498 337 224 112 1453
626 50 221 112 1453
484 601 246 112 1453
740 686 224 113 1454
616 569 224 113 1454
498 338 222 113 1454
626 51 221 113 1454
484 602 246 113 1454
740 687 221 114 1455
498 339 232 114 1455
697 761 226 114 1455
771 630 224 114 1455
484 603 227 114 1455
616 571 221 115 1456
740 688 225 115 1456
538 748 225 115 1456
697 762 224 115 1456
626 53 223 115 1456
771 631 225 115 1456
616 572 227 116 1457
538 749 224 116 1457
498 341 228 116 1457
697 763 229 116 1457
626 54 225 116 1457
771 632 225 116 1457
484 605 231 116 1457
507 663 224 117 1458
616 573 222 117 1458
538 750 231 117 1458
498 342 225 117 1458
697 764 222 117 1458
626 55 223 117 1458
771 633 223 117 1458
484 606 236 117 1458
507 664 222 118 1459
616 574 225 118 1459
538 751 222 118 1459
627 763 226 118 1459
498 343 221 118 1459
148 762 226 118 1459
697 765 228 118 1459
484 607 228 119 1460
538 752 223 119 1460
498 344 233 119 1460
148 763 222 119 1460
697 766 235 119 1460
498 345 236 120 1461
697 767 226 120 1461
484 609 226 121 1462
538 754 221 121 1462
498 346 227 121 1462
148 765 221 121 1462
771 637 228 121 1462
484 610 229 122 1463
610 471 221 122 1463
627 767 221 122 1463
740 695 223 122 1463
697 769 226 122 1463
626 60 221 122 1463
771 638 224 122 1463
484 611 226 123 1464
538 756 234 123 1464
627 768 222 123 1464
498 348 233 123 1464
771 639 222 123 1464
484 612 231 124 1465
538 757 224 124 1465
777 763 223 124 1465
771 640 228 124 1465
616 581 223 125 1466
740 698 222 125 1466
771 641 224 125 1466
484 614 235 126 1467
538 759 222 126 1467
498 351 221 126 1467
777 765 224 126 1467
697 773 221 126 1467
771 642 229 126 1467
484 615 233 127 1468
148 771 222 127 1468
697 774 225 127 1468
771 643 223 127 1468
484 616 233 128 1469
616 584 222 128 1469
697 775 226 128 1469
484 617 228 129 1470
616 585 222 129 1470
498 354 222 129 1470
697 776 231 129 1470
507 676 231 130 1471
484 618 231 130 1471
498 355 224 130 1471
148 774 225 130 1471
777 769 225 130 1471
697 777 222 130 1471
771 646 232 130 1471
498 356 223 131 1472
697 778 234 131 1472
121 2 224 131 1472
586 780 223 131 1472
771 647 222 131 1472
484 620 236 132 1473
740 705 222 132 1473
627 777 223 132 1473
498 357 227 132 1473
777 771 226 132 1473
697 779 247 132 1473
199 338 223 133 1474
538 766 226 133 1474
148 777 223 133 1474
697 780 230 133 1474
771 649 232 133 1474
626 71 223 133 1474
740 707 224 134 1475
627 779 224 134 1475
697 781 226 134 1475
538 768 221 135 1476
740 708 234 135 1476
498 360 223 135 1476
424 791 227 135 1476
777 774 233 135 1476
697 782 240 135 1476
771 651 222 135 1476
626 73 222 135 1476
484 624 233 136 1477
538 769 227 136 1477
740 709 230 136 1477
777 775 223 136 1477
697 783 239 136 1477
484 625 230 137 1478
538 770 227 137 1478
616 593 222 137 1478
498 362 222 137 1478
777 776 225 137 1478
697 784 241 137 1478
626 75 227 137 1478
484 626 228 138 1479
489 727 225 138 1479
230 765 226 138 1479
538 771 225 138 1479
423 777 226 138 1479
740 711 224 138 1479
777 777 221 138 1479
697 785 227 138 1479
507 1 221 138 1479
626 76 230 138 1479
484 627 225 139 1480
538 772 237 139 1480
148 783 225 139 1480
627 784 223 139 1480
424 795 230 139 1480
586 788 223 139 1480
697 786 245 139 1480
626 77 222 139 1480
771 655 228 139 1480
484 628 222 140 1481
538 773 235 140 1481
740 713 226 140 1481
616 596 224 140 1481
498 365 221 140 1481
424 796 229 140 1481
777 779 221 140 1481
626 78 232 140 1481
484 629 237 141 1482
594 209 226 141 1482
538 774 227 141 1482
616 597 223 141 1482
498 366 222 141 1482
424 797 222 141 1482
777 780 225 141 1482
697 788 233 141 1482
626 79 221 141 1482
484 630 234 142 1483
538 775 224 142 1483
616 598 222 142 1483
498 367 230 142 1483
777 781 221 142 1483
121 13 221 142 1483
697 789 240 142 1483
507 5 223 142 1483
626 80 232 142 1483
697 790 224 143 1484
626 81 229 143 1484
771 659 225 143 1484
484 632 221 144 1485
498 369 246 144 1485
586 793 225 144 1485
507 7 232 144 1485
771 660 224 144 1485
199 350 223 145 1486
697 792 227 145 1486
777 784 229 145 1486
153 154 231 145 1486
251 788 221 146 1487
528 122 228 149 1490
582 792 236 149 1490
219 331 223 151 1492
102 794 223 151 1492
771 667 223 151 1492
521 67 223 152 1493
771 668 233 152 1493
222 807 223 153 1494
495 787 226 153 1494
482 943 223 153 1494
741 777 225 153 1494
665 602 224 153 1494
504 792 243 153 1494
16 477 222 153 1494
288 236 227 154 1495
643 573 233 155 1496
178 808 233 155 1496
667 158 224 155 1496
665 604 235 155 1496
288 237 221 155 1496
447 708 225 155 1496
495 790 222 156 1497
27 461 233 156 1497
510 57 230 156 1497
722 17 223 156 1497
18 795 231 156 1497
668 808 224 157 1498
60 813 225 157 1498
725 247 224 158 1499
536 811 231 158 1499
642 18 223 158 1499
333 804 221 159 1500
785 798 231 159 1500
507 22 224 159 1500
503 802 223 160 1501
494 329 225 160 1501
424 816 223 160 1501
507 23 223 160 1501
150 572 226 160 1501
392 811 229 161 1502
692 746 226 162 1503
4 801 227 162 1503
101 793 222 162 1503
494 331 242 162 1503
449 563 221 162 1503
565 810 221 162 1503
311 14 235 162 1503
126 456 236 162 1503
494 332 227 163 1504
589 820 239 163 1504
717 811 233 163 1504
4 803 221 164 1505
333 809 234 164 1505
494 336 222 167 1508
100 523 223 168 1509
551 11 225 170 1511
87 231 232 170 1511
187 810 221 170 1511
574 810 225 170 1511
137 811 221 170 1511
779 787 222 174 1515
785 917 235 278 1619
672 49 241 278 1619
308 880 225 279 1620
262 168 223 280 1621
471 348 232 280 1621
366 6 232 281 1622
187 921 224 281 1622
646 911 226 281 1622
343 914 225 282 1623
765 9 224 282 1623
724 932 235 283 1624
336 214 224 283 1624
143 175 223 285 1626
572 933 233 285 1626
313 96 223 286 1627
715 169 231 286 1627
678 358 243 287 1628
623 770 233 287 1628
329 869 228 287 1628
368 872 229 287 1628
484 32 221 287 1628
419 919 225 287 1628
126 581 226 287 1628
722 148 242 287 1628
232 4 238 287 1628
730 929 230 287 1628
623 771 221 288 1629
368 873 249 288 1629
484 33 246 288 1629
205 654 223 288 1629
724 937 222 288 1629
208 940 225 288 1629
419 920 231 288 1629
218 4 236 288 1629
724 938 223 289 1630
419 921 222 289 1630
759 927 230 290 1631
329 873 225 291 1632
179 259 222 291 1632
623 775 221 292 1633
419 924 222 292 1633
126 588 223 294 1635
329 877 235 295 1636
484 40 229 295 1636
368 880 223 295 1636
205 661 223 295 1636
574 5 224 295 1636
419 927 231 295 1636
218 11 223 295 1636
722 156 232 295 1636
759 932 234 295 1636
378 912 224 295 1636
662 788 226 295 1636
247 943 225 296 1637
737 932 233 296 1637
623 779 227 296 1637
329 878 235 296 1637
484 41 236 296 1637
368 881 223 296 1637
205 662 224 296 1637
574 6 227 296 1637
722 157 221 296 1637
126 590 224 296 1637
218 12 245 296 1637
759 933 239 296 1637
378 913 225 296 1637
662 789 226 296 1637
544 370 222 296 1637
247 944 221 296 1637
489 886 229 296 1637
737 933 224 297 1638
678 368 225 297 1638
623 780 241 297 1638
329 879 227 297 1638
724 946 221 297 1638
205 663 228 297 1638
368 882 222 297 1638
574 7 224 297 1638
722 158 225 297 1638
218 13 225 297 1638
759 934 225 297 1638
730 939 225 297 1638
378 914 222 297 1638
544 371 222 297 1638
623 781 227 298 1639
329 880 235 298 1639
484 43 223 298 1639
724 947 223 298 1639
419 930 221 298 1639
218 14 227 298 1639
759 935 228 298 1639
662 791 223 298 1639
489 888 226 298 1639
247 946 223 298 1639
737 935 221 298 1639
678 370 221 299 1640
623 782 240 299 1640
329 881 232 299 1640
484 44 226 299 1640
368 884 222 299 1640
208 951 223 299 1640
574 9 224 299 1640
419 931 222 299 1640
722 160 224 299 1640
218 15 227 299 1640
759 936 230 299 1640
489 889 223 299 1640
737 936 231 299 1640
623 783 232 300 1641
329 882 230 300 1641
484 45 231 300 1641
368 885 226 300 1641
574 10 225 300 1641
419 932 222 300 1641
218 16 225 300 1641
179 268 237 300 1641
759 937 227 300 1641
662 793 223 300 1641
544 374 231 300 1641
737 937 223 300 1641
623 784 241 301 1642
678 372 221 301 1642
329 883 226 301 1642
368 886 229 301 1642
724 950 221 301 1642
484 46 230 301 1642
574 11 234 301 1642
419 933 233 301 1642
126 595 234 301 1642
722 162 229 301 1642
179 269 227 301 1642
218 17 242 301 1642
759 938 224 301 1642
232 8 227 301 1642
730 943 231 301 1642
378 918 236 301 1642
662 794 224 301 1642
247 949 231 301 1642
737 938 227 301 1642
623 785 233 301 1642
678 373 228 302 1643
329 884 229 302 1643
205 668 229 302 1643
484 47 229 302 1643
368 887 225 302 1643
724 951 228 302 1643
208 954 238 302 1643
574 12 235 302 1643
419 934 226 302 1643
126 596 228 302 1643
722 163 224 302 1643
179 270 224 302 1643
218 18 222 302 1643
759 939 222 302 1643
378 919 225 302 1643
662 795 226 302 1643
544 376 224 302 1643
737 939 225 302 1643
247 950 221 302 1643
623 786 237 302 1643
678 374 223 302 1643
329 885 232 303 1644
368 888 225 303 1644
724 952 230 303 1644
208 955 238 303 1644
574 13 234 303 1644
419 935 232 303 1644
126 597 223 303 1644
179 271 222 303 1644
218 19 238 303 1644
759 940 221 303 1644
232 10 227 303 1644
378 920 231 303 1644
730 945 228 303 1644
662 796 221 303 1644
544 377 226 303 1644
489 893 226 303 1644
247 951 234 303 1644
623 787 236 303 1644
678 375 229 304 1645
205 670 231 304 1645
329 886 223 304 1645
368 889 232 304 1645
724 953 229 304 1645
208 956 241 304 1645
574 14 234 304 1645
419 936 225 304 1645
218 20 237 304 1645
722 165 224 304 1645
759 941 228 304 1645
232 11 224 304 1645
730 946 227 304 1645
378 921 230 304 1645
662 797 222 304 1645
544 378 229 304 1645
737 941 231 304 1645
247 952 234 304 1645
678 376 223 305 1646
205 671 230 305 1646
484 50 231 305 1646
329 887 226 305 1646
368 890 225 305 1646
724 954 226 305 1646
208 957 239 305 1646
574 15 235 305 1646
419 937 222 305 1646
126 599 223 305 1646
218 21 241 305 1646
722 166 231 305 1646
759 942 227 305 1646
378 922 235 305 1646
730 947 229 305 1646
662 798 230 305 1646
737 942 229 305 1646
247 953 230 305 1646
678 377 233 305 1646
623 789 230 306 1647
484 51 225 306 1647
329 888 238 306 1647
368 891 225 306 1647
724 955 230 306 1647
208 958 230 306 1647
574 16 235 306 1647
419 938 235 306 1647
218 22 243 306 1647
759 943 228 306 1647
232 13 226 306 1647
378 923 234 306 1647
662 799 229 306 1647
730 948 229 306 1647
489 896 223 306 1647
737 943 230 306 1647
247 954 223 306 1647
678 378 224 306 1647
623 790 228 306 1647
205 673 229 307 1648
724 956 224 307 1648
329 889 231 307 1648
368 892 229 307 1648
208 959 239 307 1648
574 17 224 307 1648
419 939 230 307 1648
126 601 226 307 1648
179 275 228 307 1648
722 168 239 307 1648
218 23 244 307 1648
759 944 226 307 1648
232 14 221 307 1648
378 924 229 307 1648
662 800 230 307 1648
730 949 229 307 1648
489 897 229 307 1648
737 944 230 307 1648
678 379 235 307 1648
623 791 239 307 1648
205 674 232 308 1649
724 957 227 308 1649
368 893 225 308 1649
329 890 237 308 1649
484 53 227 308 1649
208 960 237 308 1649
574 18 237 308 1649
126 602 225 308 1649
419 940 227 308 1649
179 276 224 308 1649
722 169 237 308 1649
218 24 242 308 1649
662 801 233 308 1649
378 925 234 308 1649
730 950 222 308 1649
678 380 227 308 1649
737 945 235 308 1649
247 956 234 308 1649
544 382 225 308 1649
623 792 227 309 1650
205 675 223 309 1650
368 894 230 309 1650
484 54 231 309 1650
208 961 243 309 1650
126 603 221 309 1650
419 941 223 309 1650
179 277 226 309 1650
218 25 239 309 1650
722 170 241 309 1650
759 946 221 309 1650
662 802 235 309 1650
378 926 237 309 1650
730 951 224 309 1650
737 946 224 309 1650
247 957 231 309 1650
623 793 235 310 1651
368 895 223 310 1651
205 676 224 310 1651
329 892 229 310 1651
724 959 226 310 1651
484 55 222 310 1651
208 962 235 310 1651
574 20 226 310 1651
419 942 231 310 1651
126 604 231 310 1651
179 278 224 310 1651
218 26 241 310 1651
722 171 236 310 1651
759 947 231 310 1651
232 17 222 310 1651
662 803 226 310 1651
378 927 227 310 1651
730 952 227 310 1651
737 947 233 310 1651
544 384 222 310 1651
678 382 221 310 1651
489 900 225 310 1651
247 958 224 310 1651
623 794 237 311 1652
368 896 231 311 1652
329 893 230 311 1652
724 960 224 311 1652
484 56 224 311 1652
208 963 223 311 1652
574 21 236 311 1652
419 943 229 311 1652
126 605 226 311 1652
179 279 231 311 1652
218 27 241 311 1652
722 172 238 311 1652
759 948 227 311 1652
232 18 231 311 1652
662 804 222 311 1652
378 928 225 311 1652
730 953 232 311 1652
544 385 223 311 1652
737 948 230 311 1652
247 959 238 311 1652
623 795 240 312 1653
368 897 224 312 1653
329 894 227 312 1653
484 57 226 312 1653
208 964 237 312 1653
574 22 235 312 1653
419 944 234 312 1653
126 606 234 312 1653
179 280 232 312 1653
218 28 240 312 1653
722 173 224 312 1653
759 949 226 312 1653
232 19 224 312 1653
662 805 229 312 1653
730 954 233 312 1653
544 386 222 312 1653
737 949 230 312 1653
678 384 226 312 1653
247 960 238 312 1653
489 902 227 312 1653
623 796 235 313 1654
329 895 233 313 1654
484 58 231 313 1654
208 965 234 313 1654
419 945 234 313 1654
574 23 226 313 1654
126 607 221 313 1654
179 281 227 313 1654
722 174 240 313 1654
218 29 237 313 1654
759 950 224 313 1654
232 20 225 313 1654
662 806 224 313 1654
378 930 231 313 1654
730 955 232 313 1654
737 950 234 313 1654
544 387 227 313 1654
489 903 229 313 1654
678 385 223 313 1654
247 961 223 313 1654
623 797 228 314 1655
368 899 231 314 1655
329 896 222 314 1655
484 59 225 314 1655
208 966 233 314 1655
574 24 226 314 1655
419 946 223 314 1655
126 608 232 314 1655
179 282 228 314 1655
218 30 239 314 1655
722 175 234 314 1655
759 951 223 314 1655
232 21 229 314 1655
378 931 231 314 1655
662 807 230 314 1655
730 956 233 314 1655
737 951 232 314 1655
489 904 224 314 1655
247 962 224 314 1655
678 386 231 314 1655
623 798 239 314 1655
368 900 226 315 1656
329 897 234 315 1656
484 60 229 315 1656
208 967 235 315 1656
574 25 229 315 1656
419 947 235 315 1656
126 609 235 315 1656
179 283 227 315 1656
218 31 247 315 1656
722 176 231 315 1656
232 22 228 315 1656
378 932 234 315 1656
662 808 227 315 1656
730 957 228 315 1656
737 952 233 315 1656
247 963 224 315 1656
678 387 228 315 1656
623 799 234 316 1657
368 901 232 316 1657
329 898 236 316 1657
484 61 232 316 1657
724 965 222 316 1657
574 26 231 316 1657
419 948 233 316 1657
126 610 231 316 1657
179 284 231 316 1657
218 32 243 316 1657
722 177 235 316 1657
759 953 223 316 1657
232 23 222 316 1657
378 933 224 316 1657
662 809 225 316 1657
737 953 237 316 1657
489 906 221 316 1657
247 964 235 316 1657
544 390 223 316 1657
623 800 235 317 1658
329 899 224 317 1658
484 62 225 317 1658
724 966 230 317 1658
574 27 230 317 1658
179 285 231 317 1658
218 33 241 317 1658
722 178 222 317 1658
378 934 224 317 1658
232 24 227 317 1658
662 810 225 317 1658
737 954 225 317 1658
730 959 227 317 1658
247 965 234 317 1658
489 907 227 317 1658
544 391 235 317 1658
678 389 231 317 1658
623 801 238 318 1659
368 903 222 318 1659
329 900 229 318 1659
484 63 225 318 1659
208 970 232 318 1659
724 967 233 318 1659
574 28 239 318 1659
419 950 225 318 1659
126 612 223 318 1659
179 286 221 318 1659
218 34 242 318 1659
722 179 235 318 1659
759 955 234 318 1659
378 935 232 318 1659
662 811 228 318 1659
737 955 232 318 1659
247 966 222 318 1659
489 908 221 318 1659
544 392 229 318 1659
623 802 234 319 1660
368 904 222 319 1660
329 901 228 319 1660
484 64 230 319 1660
724 968 223 319 1660
208 971 233 319 1660
574 29 235 319 1660
419 951 221 319 1660
218 35 244 319 1660
179 287 226 319 1660
722 180 238 319 1660
759 956 221 319 1660
378 936 232 319 1660
730 961 227 319 1660
737 956 230 319 1660
662 812 221 319 1660
247 967 240 319 1660
544 393 235 319 1660
678 391 229 319 1660
623 803 235 320 1661
368 905 224 320 1661
329 902 225 320 1661
484 65 225 320 1661
724 969 221 320 1661
208 972 230 320 1661
574 30 235 320 1661
126 614 222 320 1661
218 36 238 320 1661
722 181 238 320 1661
759 957 226 320 1661
232 27 227 320 1661
378 937 231 320 1661
730 962 233 320 1661
737 957 237 320 1661
544 394 233 320 1661
247 968 237 320 1661
678 392 229 320 1661
623 804 239 321 1662
368 906 223 321 1662
329 903 233 321 1662
484 66 223 321 1662
208 973 235 321 1662
419 953 227 321 1662
179 289 233 321 1662
218 37 241 321 1662
722 182 234 321 1662
759 958 224 321 1662
378 938 233 321 1662
730 963 224 321 1662
662 814 228 321 1662
489 911 227 321 1662
544 395 232 321 1662
247 969 232 321 1662
678 393 233 321 1662
623 805 236 321 1662
329 904 226 322 1663
208 974 231 322 1663
574 32 235 322 1663
419 954 227 322 1663
218 38 241 322 1663
179 290 231 322 1663
722 183 233 322 1663
759 959 222 322 1663
378 939 225 322 1663
730 964 237 322 1663
662 815 231 322 1663
737 959 232 322 1663
678 394 233 322 1663
489 912 223 322 1663
544 396 233 322 1663
247 970 222 322 1663
623 806 233 323 1664
205 689 224 323 1664
484 68 231 323 1664
724 972 223 323 1664
208 975 228 323 1664
419 955 224 323 1664
574 33 235 323 1664
218 39 243 323 1664
179 291 231 323 1664
722 184 229 323 1664
232 30 231 323 1664
730 965 231 323 1664
378 940 227 323 1664
662 816 222 323 1664
737 960 229 323 1664
544 397 223 323 1664
489 913 224 323 1664
623 807 235 324 1665
329 906 228 324 1665
484 69 226 324 1665
574 34 233 324 1665
419 956 223 324 1665
218 40 246 324 1665
179 292 222 324 1665
759 961 233 324 1665
378 941 223 324 1665
737 961 231 324 1665
678 396 222 324 1665
489 914 223 324 1665
623 808 238 325 1666
329 907 229 325 1666
724 974 225 325 1666
208 977 225 325 1666
574 35 234 325 1666
218 41 241 325 1666
232 32 225 325 1666
759 962 231 325 1666
730 967 231 325 1666
737 962 234 325 1666
662 818 229 325 1666
678 397 221 325 1666
623 809 236 325 1666
368 911 221 326 1667
329 908 227 326 1667
484 71 230 326 1667
208 978 224 326 1667
574 36 238 326 1667
419 958 231 326 1667
126 620 222 326 1667
218 42 243 326 1667
722 187 232 326 1667
759 963 229 326 1667
730 968 233 326 1667
378 943 222 326 1667
737 963 231 326 1667
662 819 229 326 1667
544 400 233 326 1667
678 398 229 326 1667
489 916 223 326 1667
623 810 234 327 1668
329 909 227 327 1668
484 72 224 327 1668
724 976 227 327 1668
208 979 232 327 1668
574 37 240 327 1668
419 959 226 327 1668
218 43 241 327 1668
722 188 234 327 1668
179 295 223 327 1668
232 34 222 327 1668
759 964 222 327 1668
730 969 233 327 1668
378 944 223 327 1668
662 820 227 327 1668
737 964 235 327 1668
544 401 226 327 1668
489 917 222 327 1668
623 811 237 328 1669
329 910 223 328 1669
724 977 227 328 1669
484 73 226 328 1669
208 980 233 328 1669
574 38 237 328 1669
419 960 227 328 1669
722 189 231 328 1669
218 44 236 328 1669
179 296 223 328 1669
232 35 222 328 1669
759 965 226 328 1669
730 970 225 328 1669
378 945 224 328 1669
662 821 234 328 1669
737 965 229 328 1669
544 402 225 328 1669
678 400 233 328 1669
623 812 231 328 1669
368 914 221 329 1670
329 911 225 329 1670
484 74 228 329 1670
724 978 230 329 1670
208 981 221 329 1670
419 961 231 329 1670
126 623 238 329 1670
218 45 244 329 1670
179 297 224 329 1670
759 966 221 329 1670
378 946 221 329 1670
662 822 231 329 1670
737 966 237 329 1670
544 403 222 329 1670
623 813 225 330 1671
329 912 231 330 1671
484 75 221 330 1671
724 979 230 330 1671
208 982 223 330 1671
574 40 235 330 1671
419 962 235 330 1671
722 191 221 330 1671
218 46 237 330 1671
232 37 225 330 1671
179 298 232 330 1671
759 967 226 330 1671
662 823 233 330 1671
737 967 233 330 1671
678 402 222 330 1671
544 404 225 330 1671
623 814 239 330 1671
329 913 231 331 1672
724 980 234 331 1672
484 76 225 331 1672
208 983 226 331 1672
574 41 235 331 1672
722 192 230 331 1672
218 47 237 331 1672
179 299 232 331 1672
759 968 228 331 1672
737 968 237 331 1672
489 921 221 331 1672
678 403 223 331 1672
623 815 232 331 1672
368 917 222 331 1672
329 914 234 332 1673
484 77 229 332 1673
724 981 233 332 1673
208 984 225 332 1673
574 42 233 332 1673
419 964 225 332 1673
722 193 234 332 1673
126 626 221 332 1673
218 48 242 332 1673
179 300 240 332 1673
759 969 225 332 1673
737 969 237 332 1673
662 825 224 332 1673
678 404 237 332 1673
623 816 235 332 1673
329 915 223 333 1674
484 78 230 333 1674
724 982 229 333 1674
208 985 223 333 1674
574 43 235 333 1674
419 965 228 333 1674
126 627 225 333 1674
722 194 230 333 1674
218 49 245 333 1674
179 301 229 333 1674
759 970 223 333 1674
378 950 229 333 1674
489 923 223 333 1674
737 970 238 333 1674
662 826 231 333 1674
678 405 227 333 1674
623 817 241 333 1674
544 407 227 333 1674
368 919 224 333 1674
329 916 230 334 1675
208 986 224 334 1675
724 983 225 334 1675
574 44 237 334 1675
419 966 223 334 1675
722 195 231 334 1675
218 50 241 334 1675
179 302 230 334 1675
730 976 224 334 1675
378 951 227 334 1675
662 827 227 334 1675
737 971 240 334 1675
678 406 233 334 1675
329 917 229 335 1676
208 987 230 335 1676
724 984 224 335 1676
484 80 225 335 1676
574 45 237 335 1676
419 967 225 335 1676
722 196 236 335 1676
218 51 236 335 1676
232 42 223 335 1676
179 303 233 335 1676
759 972 232 335 1676
378 952 229 335 1676
662 828 226 335 1676
737 972 239 335 1676
623 819 237 335 1676
678 407 226 335 1676
368 921 224 335 1676
329 918 225 335 1676
724 985 226 336 1677
208 988 233 336 1677
484 81 226 336 1677
574 46 237 336 1677
419 968 225 336 1677
722 197 236 336 1677
218 52 241 336 1677
232 43 222 336 1677
730 978 223 336 1677
179 304 232 336 1677
759 973 229 336 1677
378 953 224 336 1677
662 829 229 336 1677
737 973 241 336 1677
623 820 239 336 1677
544 410 229 336 1677
678 408 223 336 1677
329 919 232 337 1678
208 989 231 337 1678
484 82 228 337 1678
574 47 237 337 1678
419 969 229 337 1678
722 198 234 337 1678
126 631 225 337 1678
218 53 245 337 1678
232 44 224 337 1678
662 830 234 337 1678
378 954 230 337 1678
737 974 237 337 1678
623 821 228 337 1678
678 409 222 337 1678
544 411 221 337 1678
329 920 231 338 1679
208 990 225 338 1679
724 987 230 338 1679
574 48 241 338 1679
484 83 233 338 1679
419 970 229 338 1679
722 199 231 338 1679
126 632 233 338 1679
218 54 242 338 1679
730 980 222 338 1679
179 306 236 338 1679
662 831 230 338 1679
737 975 239 338 1679
378 955 222 338 1679
489 928 223 338 1679
623 822 241 338 1679
329 921 227 339 1680
208 991 226 339 1680
724 988 227 339 1680
484 84 227 339 1680
574 49 239 339 1680
419 971 230 339 1680
722 200 235 339 1680
126 633 227 339 1680
218 55 235 339 1680
232 46 223 339 1680
179 307 225 339 1680
737 976 235 339 1680
378 956 226 339 1680
662 832 221 339 1680
489 929 225 339 1680
623 823 235 339 1680
329 922 223 340 1681
208 992 222 340 1681
574 50 234 340 1681
484 85 230 340 1681
419 972 233 340 1681
722 201 239 340 1681
126 634 226 340 1681
218 56 236 340 1681
232 47 222 340 1681
179 308 231 340 1681
759 977 223 340 1681
737 977 233 340 1681
378 957 223 340 1681
544 414 223 340 1681
623 824 240 340 1681
678 412 224 340 1681
329 923 226 341 1682
208 993 231 341 1682
574 51 236 341 1682
724 990 226 341 1682
484 86 223 341 1682
419 973 230 341 1682
218 57 241 341 1682
730 983 222 341 1682
179 309 229 341 1682
759 978 230 341 1682
378 958 226 341 1682
662 834 221 341 1682
544 415 226 341 1682
623 825 227 341 1682
678 413 231 341 1682
329 924 232 342 1683
208 994 224 342 1683
574 52 237 342 1683
724 991 230 342 1683
484 87 230 342 1683
419 974 224 342 1683
722 203 221 342 1683
126 636 222 342 1683
218 58 242 342 1683
179 310 222 342 1683
737 979 237 342 1683
759 979 221 342 1683
662 835 221 342 1683
623 826 235 342 1683
678 414 226 343 1684
329 925 232 343 1684
208 995 233 343 1684
574 53 236 343 1684
484 88 224 343 1684
126 637 229 343 1684
419 975 231 343 1684
218 59 239 343 1684
232 50 227 343 1684
730 985 222 343 1684
179 311 231 343 1684
378 960 228 343 1684
759 980 225 343 1684
737 980 234 343 1684
489 933 224 343 1684
544 417 226 343 1684
623 827 221 343 1684
329 926 221 344 1685
208 996 223 344 1685
484 89 223 344 1685
574 54 237 344 1685
724 993 225 344 1685
419 976 231 344 1685
218 60 236 344 1685
232 51 226 344 1685
179 312 241 344 1685
378 961 222 344 1685
759 981 223 344 1685
737 981 235 344 1685
489 934 225 344 1685
662 837 230 344 1685
544 418 229 344 1685
623 828 232 344 1685
678 416 233 344 1685
329 927 221 345 1686
208 997 224 345 1686
574 55 239 345 1686
724 994 224 345 1686
126 639 222 345 1686
218 61 242 345 1686
232 52 226 345 1686
179 313 243 345 1686
378 962 226 345 1686
759 982 222 345 1686
737 982 236 345 1686
489 935 224 345 1686
662 838 227 345 1686
623 829 231 345 1686
208 998 226 346 1687
484 91 225 346 1687
574 56 231 346 1687
724 995 231 346 1687
126 640 229 346 1687
419 978 232 346 1687
218 62 246 346 1687
730 988 230 346 1687
232 53 221 346 1687
179 314 241 346 1687
378 963 227 346 1687
737 983 238 346 1687
489 936 222 346 1687
662 839 228 346 1687
544 420 224 346 1687
623 830 233 346 1687
678 418 224 346 1687
205 713 225 347 1688
329 929 233 347 1688
208 999 227 347 1688
574 57 233 347 1688
484 92 222 347 1688
724 996 231 347 1688
126 641 227 347 1688
218 63 231 347 1688
232 54 226 347 1688
179 315 226 347 1688
378 964 223 347 1688
737 984 229 347 1688
489 937 221 347 1688
623 831 233 347 1688
329 930 230 348 1689
574 58 236 348 1689
419 980 226 348 1689
218 64 245 348 1689
232 55 224 348 1689
759 985 224 348 1689
737 985 233 348 1689
662 841 231 348 1689
489 938 223 348 1689
544 422 222 348 1689
623 832 235 348 1689
329 931 232 349 1690
208 1001 221 349 1690
574 59 237 349 1690
724 998 225 349 1690
218 65 235 349 1690
730 991 223 349 1690
759 986 225 349 1690
737 986 233 349 1690
662 842 226 349 1690
544 423 227 349 1690
623 833 241 349 1690
678 421 222 350 1691
329 932 221 350 1691
205 716 223 350 1691
574 60 227 350 1691
724 999 230 350 1691
126 644 222 350 1691
419 982 231 350 1691
218 66 239 350 1691
232 57 224 350 1691
759 987 226 350 1691
179 318 228 350 1691
737 987 225 350 1691
623 834 234 350 1691
678 422 228 351 1692
329 933 225 351 1692
484 96 224 351 1692
574 61 222 351 1692
722 212 221 351 1692
218 67 233 351 1692
759 988 231 351 1692
179 319 225 351 1692
737 988 221 351 1692
623 835 221 351 1692
544 425 226 351 1692
678 423 221 352 1693
329 934 224 352 1693
484 97 222 352 1693
419 984 225 352 1693
722 213 225 352 1693
218 68 233 352 1693
730 994 225 352 1693
759 989 227 352 1693
179 320 243 352 1693
378 969 221 352 1693
737 989 230 352 1693
662 845 221 352 1693
489 942 222 352 1693
623 836 233 352 1693
544 426 221 352 1693
678 424 225 353 1694
329 935 229 353 1694
484 98 226 353 1694
574 63 233 353 1694
419 985 231 353 1694
722 214 223 353 1694
218 69 242 353 1694
232 60 222 353 1694
730 995 232 353 1694
759 990 227 353 1694
179 321 235 353 1694
378 970 221 353 1694
737 990 237 353 1694
544 427 224 353 1694
623 837 234 353 1694
678 425 226 354 1695
329 936 231 354 1695
574 64 231 354 1695
724 1003 225 354 1695
419 986 223 354 1695
722 215 222 354 1695
218 70 246 354 1695
730 996 225 354 1695
179 322 221 354 1695
737 991 225 354 1695
662 847 229 354 1695
544 428 225 354 1695
489 944 222 354 1695
623 838 234 354 1695
368 940 225 355 1696
678 426 229 355 1696
329 937 225 355 1696
208 1007 225 355 1696
574 65 238 355 1696
419 987 229 355 1696
722 216 222 355 1696
218 71 245 355 1696
232 62 223 355 1696
730 997 226 355 1696
759 992 222 355 1696
378 972 223 355 1696
737 992 226 355 1696
662 848 223 355 1696
544 429 223 355 1696
623 839 226 355 1696
368 941 233 356 1697
678 427 229 356 1697
484 101 229 356 1697
574 66 229 356 1697
730 998 232 356 1697
759 993 221 356 1697
179 324 223 356 1697
737 993 233 356 1697
662 849 229 356 1697
623 840 226 356 1697
368 942 224 357 1698
678 428 224 357 1698
329 939 228 357 1698
574 67 235 357 1698
484 102 224 357 1698
126 651 222 357 1698
724 1006 229 357 1698
218 73 247 357 1698
419 989 221 357 1698
730 999 225 357 1698
378 974 221 357 1698
759 994 226 357 1698
179 325 227 357 1698
737 994 239 357 1698
544 431 229 357 1698
623 841 235 357 1698
368 943 231 358 1699
678 429 231 358 1699
329 940 225 358 1699
205 724 223 358 1699
208 1010 222 358 1699
484 103 234 358 1699
126 652 222 358 1699
218 74 238 358 1699
722 219 233 358 1699
419 990 230 358 1699
730 1000 233 358 1699
179 326 230 358 1699
737 995 243 358 1699
544 432 233 358 1699
662 851 234 358 1699
623 842 223 358 1699
368 944 225 359 1700
678 430 230 359 1700
329 941 235 359 1700
208 1011 229 359 1700
574 69 233 359 1700
484 104 231 359 1700
722 220 227 359 1700
218 75 231 359 1700
419 991 225 359 1700
232 66 224 359 1700
730 1001 224 359 1700
378 976 221 359 1700
737 996 236 359 1700
179 327 227 359 1700
759 996 224 359 1700
544 433 237 359 1700
623 843 236 359 1700
489 949 223 360 1701
678 431 227 360 1701
329 942 231 360 1701
208 1012 228 360 1701
574 70 232 360 1701
484 105 222 360 1701
126 654 222 360 1701
724 1009 222 360 1701
722 221 226 360 1701
218 76 241 360 1701
730 1002 236 360 1701
759 997 221 360 1701
737 997 233 360 1701
179 328 226 360 1701
544 434 228 360 1701
623 844 237 360 1701
368 946 222 361 1702
678 432 224 361 1702
329 943 233 361 1702
208 1013 224 361 1702
484 106 229 361 1702
574 71 227 361 1702
126 655 222 361 1702
419 993 223 361 1702
722 222 230 361 1702
218 77 237 361 1702
759 998 233 361 1702
378 978 226 361 1702
737 998 226 361 1702
179 329 229 361 1702
544 435 223 361 1702
623 845 231 361 1702
489 951 227 361 1702
368 947 222 362 1703
678 433 222 362 1703
329 944 226 362 1703
208 1014 228 362 1703
484 107 221 362 1703
574 72 226 362 1703
218 78 233 362 1703
730 1004 228 362 1703
378 979 224 362 1703
759 999 222 362 1703
179 330 230 362 1703
737 999 233 362 1703
544 436 238 362 1703
623 846 235 362 1703
368 948 226 363 1704
678 434 226 363 1704
329 945 224 363 1704
208 1015 226 363 1704
484 108 233 363 1704
126 657 223 363 1704
574 73 232 363 1704
218 79 246 363 1704
232 70 221 363 1704
730 1005 228 363 1704
759 1000 222 363 1704
179 331 229 363 1704
737 1000 235 363 1704
662 856 235 363 1704
623 847 232 363 1704
368 949 226 363 1704
678 435 225 364 1705
329 946 227 364 1705
484 109 227 364 1705
208 1016 226 364 1705
574 74 230 364 1705
126 658 221 364 1705
218 80 241 364 1705
419 996 223 364 1705
232 71 223 364 1705
730 1006 222 364 1705
378 981 222 364 1705
759 1001 226 364 1705
179 332 223 364 1705
662 857 235 364 1705
737 1001 231 364 1705
544 438 224 364 1705
489 954 222 364 1705
623 848 236 364 1705
368 950 228 365 1706
678 436 228 365 1706
329 947 232 365 1706
208 1017 227 365 1706
574 75 236 365 1706
126 659 222 365 1706
218 81 239 365 1706
232 72 226 365 1706
730 1007 226 365 1706
378 982 224 365 1706
759 1002 224 365 1706
179 333 227 365 1706
662 858 235 365 1706
737 1002 235 365 1706
544 439 235 365 1706
623 849 238 365 1706
368 951 226 366 1707
205 732 221 366 1707
678 437 223 366 1707
208 1018 222 366 1707
574 76 231 366 1707
218 82 241 366 1707
419 998 222 366 1707
730 1008 233 366 1707
759 1003 235 366 1707
662 859 235 366 1707
737 1003 233 366 1707
544 440 228 366 1707
623 850 233 366 1707
368 952 226 367 1708
678 438 229 367 1708
329 949 225 367 1708
484 112 231 367 1708
208 1019 225 367 1708
574 77 234 367 1708
218 83 222 367 1708
419 999 233 367 1708
722 228 222 367 1708
759 1004 231 367 1708
662 860 229 367 1708
737 1004 233 367 1708
544 441 235 367 1708
489 957 224 367 1708
623 851 234 367 1708
368 953 224 368 1709
678 439 235 368 1709
329 950 227 368 1709
484 113 237 368 1709
574 78 231 368 1709
126 662 232 368 1709
218 84 234 368 1709
419 1000 231 368 1709
724 1017 225 368 1709
730 1010 227 368 1709
179 336 221 368 1709
759 1005 222 368 1709
662 861 233 368 1709
737 1005 226 368 1709
544 442 223 368 1709
678 440 226 369 1710
329 951 229 369 1710
484 114 233 369 1710
208 1021 222 369 1710
574 79 227 369 1710
126 663 227 369 1710
419 1001 230 369 1710
730 1011 221 369 1710
179 337 226 369 1710
759 1006 222 369 1710
662 862 235 369 1710
623 853 230 369 1710
368 955 222 370 1711
678 441 225 370 1711
329 952 222 370 1711
208 1022 222 370 1711
484 115 236 370 1711
574 80 223 370 1711
126 664 232 370 1711
218 86 226 370 1711
232 77 222 370 1711
730 1012 228 370 1711
378 987 221 370 1711
759 1007 222 370 1711
662 863 221 370 1711
489 960 227 370 1711
544 444 229 370 1711
623 854 237 370 1711
368 956 224 371 1712
208 1023 224 371 1712
484 116 226 371 1712
419 1003 229 371 1712
724 1020 227 371 1712
232 78 224 371 1712
730 1013 233 371 1712
759 1008 221 371 1712
179 339 231 371 1712
662 864 225 371 1712
489 961 227 371 1712
737 1008 223 371 1712
544 445 229 371 1712
623 855 237 371 1712
678 443 231 372 1713
205 738 221 372 1713
329 954 222 372 1713
208 1024 223 372 1713
484 117 241 372 1713
574 82 225 372 1713
126 666 227 372 1713
419 1004 227 372 1713
724 1021 224 372 1713
730 1014 225 372 1713
179 340 228 372 1713
662 865 229 372 1713
737 1009 223 372 1713
544 446 223 372 1713
623 856 230 372 1713
678 444 231 373 1714
368 958 224 373 1714
329 955 227 373 1714
208 1025 223 373 1714
484 118 241 373 1714
574 83 226 373 1714
126 667 227 373 1714
218 89 226 373 1714
419 1005 222 373 1714
232 80 222 373 1714
759 1010 222 373 1714
179 341 222 373 1714
662 866 229 373 1714
544 447 231 373 1714
623 857 235 374 1715
678 445 239 374 1715
484 119 243 374 1715
574 84 227 374 1715
126 668 228 374 1715
218 90 224 374 1715
724 1023 223 374 1715
722 235 225 374 1715
419 1006 222 374 1715
232 81 224 374 1715
759 1011 226 374 1715
730 1016 228 374 1715
179 342 222 374 1715
662 867 223 374 1715
544 448 233 374 1715
623 858 237 375 1716
678 446 237 375 1716
208 1027 225 375 1716
484 120 235 375 1716
574 85 231 375 1716
722 236 225 375 1716
218 91 235 375 1716
419 1007 226 375 1716
759 1012 226 375 1716
489 965 223 375 1716
662 868 230 375 1716
623 859 222 376 1717
678 447 227 376 1717
329 958 223 376 1717
208 1028 221 376 1717
484 121 227 376 1717
574 86 226 376 1717
722 237 224 376 1717
419 1008 235 376 1717
218 92 221 376 1717
730 1018 231 376 1717
544 450 222 376 1717
623 860 227 377 1718
484 122 235 377 1718
574 87 224 377 1718
126 671 223 377 1718
419 1009 228 377 1718
218 93 225 377 1718
759 1014 221 377 1718
730 1019 225 377 1718
737 1014 221 377 1718
544 451 223 377 1718
623 861 232 377 1718
678 449 224 377 1718
329 960 225 378 1719
484 123 233 378 1719
574 88 228 378 1719
419 1010 235 378 1719
126 672 235 378 1719
759 1015 223 378 1719
489 968 225 378 1719
737 1015 225 378 1719
662 871 222 378 1719
623 862 229 378 1719
544 452 227 378 1719
329 961 222 379 1720
484 124 234 379 1720
574 89 227 379 1720
419 1011 229 379 1720
218 95 225 379 1720
730 1021 225 379 1720
662 872 221 379 1720
678 451 226 379 1720
544 453 229 380 1721
329 962 222 380 1721
208 1032 225 380 1721
484 125 229 380 1721
419 1012 232 380 1721
218 96 227 380 1721
730 1022 228 380 1721
489 970 223 380 1721
737 1017 221 380 1721
662 873 223 380 1721
623 864 226 380 1721
678 452 229 381 1722
544 454 229 381 1722
329 963 223 381 1722
208 1033 223 381 1722
484 126 241 381 1722
419 1013 226 381 1722
759 1018 225 381 1722
489 971 221 381 1722
662 874 224 381 1722
623 865 226 382 1723
678 453 223 382 1723
544 455 221 382 1723
205 748 222 382 1723
329 964 224 382 1723
484 127 242 382 1723
126 676 224 382 1723
419 1014 226 382 1723
218 98 230 382 1723
759 1019 224 382 1723
730 1024 232 382 1723
179 350 224 382 1723
662 875 227 382 1723
623 866 227 382 1723
678 454 221 383 1724
544 456 222 383 1724
329 965 230 383 1724
419 1015 225 383 1724
218 99 227 383 1724
759 1020 222 383 1724
179 351 229 383 1724
489 973 226 383 1724
662 876 222 383 1724
623 867 229 384 1725
544 457 223 384 1725
678 455 223 384 1725
205 750 221 384 1725
484 129 238 384 1725
419 1016 225 384 1725
218 100 225 384 1725
759 1021 228 384 1725
179 352 224 384 1725
489 974 227 384 1725
662 877 223 385 1726
623 868 229 385 1726
544 458 227 385 1726
484 130 237 385 1726
126 679 222 385 1726
419 1017 223 385 1726
724 1034 223 385 1726
759 1022 226 385 1726
179 353 223 385 1726
730 1027 229 385 1726
662 878 223 386 1727
544 459 231 386 1727
623 869 222 386 1727
329 968 222 386 1727
484 131 239 386 1727
126 680 225 386 1727
419 1018 225 386 1727
724 1035 222 386 1727
232 93 222 386 1727
759 1023 221 386 1727
179 354 239 386 1727
489 976 222 386 1727
662 879 221 387 1728
678 458 225 387 1728
623 870 239 387 1728
329 969 233 387 1728
574 97 227 387 1728
218 103 239 387 1728
759 1024 223 387 1728
378 1004 222 387 1728
179 355 231 387 1728
737 1024 225 387 1728
544 461 223 388 1729
662 880 224 388 1729
623 871 222 388 1729
678 459 221 388 1729
368 973 225 388 1729
208 1040 221 388 1729
574 98 222 388 1729
218 104 236 388 1729
759 1025 222 388 1729
489 978 222 388 1729
662 881 229 389 1730
329 971 226 389 1730
208 1041 221 389 1730
484 134 225 389 1730
574 99 222 389 1730
724 1038 221 389 1730
218 105 227 389 1730
759 1026 225 389 1730
730 1031 222 389 1730
737 1026 233 389 1730
544 463 229 390 1731
678 461 227 390 1731
623 873 223 390 1731
208 1042 222 390 1731
484 135 223 390 1731
574 100 237 390 1731
419 1022 227 390 1731
126 684 231 390 1731
722 251 221 390 1731
724 1039 229 390 1731
218 106 223 390 1731
378 1007 221 390 1731
759 1027 229 390 1731
179 358 233 390 1731
730 1032 237 390 1731
662 883 222 391 1732
544 464 233 391 1732
623 874 237 391 1732
329 973 222 391 1732
484 136 224 391 1732
574 101 222 391 1732
419 1023 228 391 1732
126 685 234 391 1732
722 252 223 391 1732
724 1040 226 391 1732
218 107 225 391 1732
759 1028 225 391 1732
730 1033 235 391 1732
179 359 225 391 1732
662 884 223 392 1733
678 463 229 392 1733
544 465 231 392 1733
623 875 226 392 1733
329 974 222 392 1733
484 137 224 392 1733
419 1024 221 392 1733
724 1041 221 392 1733
218 108 224 392 1733
759 1029 223 392 1733
179 360 231 392 1733
737 1029 224 393 1734
678 464 225 393 1734
623 876 225 393 1734
329 975 222 393 1734
179 361 227 393 1734
759 1030 223 393 1734
678 465 223 394 1735
574 104 221 394 1735
218 110 222 394 1735
179 362 224 394 1735
678 466 222 395 1736
623 878 223 395 1736
329 977 228 395 1736
208 1047 221 395 1736
218 111 240 395 1736
179 363 229 395 1736
730 1037 228 395 1736
489 985 227 396 1737
737 1032 229 396 1737
678 467 222 396 1737
329 978 223 396 1737
574 106 222 396 1737
218 112 236 396 1737
179 364 233 396 1737
759 1033 227 396 1737
737 1033 229 397 1738
544 470 221 397 1738
678 468 226 397 1738
623 880 221 397 1738
329 979 225 397 1738
574 107 222 397 1738
484 142 224 397 1738
722 258 227 397 1738
724 1046 227 397 1738
218 113 245 397 1738
759 1034 232 397 1738
737 1034 232 398 1739
662 890 223 398 1739
544 471 224 398 1739
678 469 221 398 1739
623 881 233 398 1739
329 980 223 398 1739
574 108 223 398 1739
419 1030 233 398 1739
724 1047 223 398 1739
218 114 234 398 1739
759 1035 222 398 1739
179 366 224 398 1739
737 1035 231 399 1740
662 891 222 399 1740
678 470 226 399 1740
623 882 239 399 1740
208 1051 225 399 1740
329 981 225 399 1740
419 1031 235 399 1740
232 106 221 399 1740
724 1048 227 399 1740
218 115 231 399 1740
730 1041 228 399 1740
179 367 241 399 1740
737 1036 230 400 1741
544 473 221 400 1741
623 883 223 400 1741
329 982 230 400 1741
574 110 221 400 1741
722 261 226 400 1741
484 145 224 400 1741
419 1032 223 400 1741
218 116 243 400 1741
724 1049 225 400 1741
759 1037 225 400 1741
730 1042 226 400 1741
179 368 236 400 1741
737 1037 231 401 1742
678 472 222 401 1742
623 884 233 401 1742
484 146 225 401 1742
419 1033 231 401 1742
218 117 231 401 1742
179 369 229 401 1742
737 1038 230 402 1743
662 894 223 402 1743
623 885 237 402 1743
368 987 222 402 1743
722 263 223 402 1743
419 1034 228 402 1743
218 118 240 402 1743
724 1051 224 402 1743
759 1039 223 402 1743
179 370 239 402 1743
737 1039 232 403 1744
678 474 223 403 1744
662 895 223 403 1744
623 886 232 403 1744
329 985 229 403 1744
722 264 221 403 1744
484 148 225 403 1744
574 113 223 403 1744
218 119 240 403 1744
724 1052 221 403 1744
759 1040 228 403 1744
179 371 237 403 1744
737 1040 233 403 1744
678 475 222 404 1745
623 887 233 404 1745
329 986 229 404 1745
722 265 221 404 1745
484 149 223 404 1745
574 114 222 404 1745
419 1036 232 404 1745
218 120 239 404 1745
378 1021 222 404 1745
759 1041 224 404 1745
179 372 235 404 1745
730 1046 224 404 1745
737 1041 224 404 1745
678 476 227 405 1746
623 888 232 405 1746
329 987 223 405 1746
722 266 222 405 1746
419 1037 224 405 1746
218 121 245 405 1746
724 1054 225 405 1746
179 373 223 405 1746
730 1047 224 405 1746
737 1042 234 405 1746
662 898 227 406 1747
544 479 232 406 1747
623 889 230 406 1747
368 991 224 406 1747
722 267 221 406 1747
126 700 223 406 1747
484 151 227 406 1747
574 116 239 406 1747
218 122 243 406 1747
724 1055 229 406 1747
378 1023 230 406 1747
759 1043 222 406 1747
179 374 229 406 1747
730 1048 227 406 1747
737 1043 227 406 1747
544 480 224 407 1748
662 899 229 407 1748
205 773 221 407 1748
623 890 237 407 1748
368 992 231 407 1748
329 989 226 407 1748
722 268 225 407 1748
126 701 225 407 1748
484 152 223 407 1748
574 117 234 407 1748
419 1039 222 407 1748
218 123 241 407 1748
724 1056 226 407 1748
378 1024 236 407 1748
759 1044 226 407 1748
179 375 222 407 1748
730 1049 226 407 1748
737 1044 223 407 1748
678 479 236 408 1749
662 900 239 408 1749
623 891 223 408 1749
368 993 222 408 1749
208 1060 233 408 1749
329 990 232 408 1749
484 153 221 408 1749
574 118 239 408 1749
232 115 224 408 1749
218 124 244 408 1749
378 1025 222 408 1749
179 376 228 408 1749
737 1045 224 408 1749
678 480 243 409 1750
662 901 226 409 1750
544 482 224 409 1750
205 775 235 409 1750
623 892 225 409 1750
368 994 234 409 1750
329 991 238 409 1750
722 270 232 409 1750
126 703 223 409 1750
484 154 231 409 1750
574 119 232 409 1750
232 116 224 409 1750
218 125 227 409 1750
724 1058 223 409 1750
378 1026 223 409 1750
678 481 225 410 1751
662 902 236 410 1751
544 483 235 410 1751
623 893 222 410 1751
329 992 231 410 1751
208 1062 234 410 1751
126 704 222 410 1751
484 155 221 410 1751
419 1042 227 410 1751
218 126 224 410 1751
724 1059 223 410 1751
378 1027 224 410 1751
759 1047 231 410 1751
730 1052 229 410 1751
737 1047 224 410 1751
678 482 228 411 1752
662 903 224 411 1752
544 484 222 411 1752
623 894 233 411 1752
368 996 224 411 1752
329 993 225 411 1752
722 272 221 411 1752
126 705 226 411 1752
484 156 227 411 1752
574 121 227 411 1752
218 127 227 411 1752
724 1060 223 411 1752
378 1028 226 411 1752
759 1048 223 411 1752
730 1053 224 411 1752
737 1048 221 411 1752
662 904 235 412 1753
544 485 223 412 1753
368 997 223 412 1753
329 994 223 412 1753
208 1064 231 412 1753
484 157 223 412 1753
232 119 222 412 1753
419 1044 228 412 1753
218 128 223 412 1753
378 1029 231 412 1753
730 1054 223 412 1753
759 1049 225 412 1753
179 380 224 412 1753
737 1049 223 412 1753
662 905 232 413 1754
544 486 224 413 1754
623 896 231 413 1754
208 1065 222 413 1754
329 995 221 413 1754
126 707 221 413 1754
574 123 229 413 1754
419 1045 227 413 1754
218 129 227 413 1754
378 1030 229 413 1754
730 1055 226 413 1754
759 1050 224 413 1754
179 381 224 413 1754
737 1050 222 413 1754
678 485 235 414 1755
662 906 229 414 1755
623 897 229 414 1755
544 487 225 414 1755
208 1066 221 414 1755
329 996 230 414 1755
484 159 222 414 1755
574 124 234 414 1755
419 1046 226 414 1755
218 130 224 414 1755
378 1031 225 414 1755
730 1056 228 414 1755
179 382 222 414 1755
737 1051 225 414 1755
678 486 229 415 1756
662 907 226 415 1756
544 488 223 415 1756
368 1000 221 415 1756
329 997 226 415 1756
126 709 225 415 1756
484 160 222 415 1756
574 125 228 415 1756
419 1047 227 415 1756
218 131 230 415 1756
737 1052 225 415 1756
678 487 224 416 1757
623 899 231 416 1757
662 908 221 416 1757
544 489 225 416 1757
368 1001 223 416 1757
329 998 228 416 1757
208 1068 223 416 1757
126 710 227 416 1757
484 161 224 416 1757
419 1048 227 416 1757
574 126 227 416 1757
218 132 237 416 1757
378 1033 224 416 1757
730 1058 222 416 1757
179 384 227 416 1757
759 1053 226 416 1757
737 1053 223 416 1757
678 488 221 417 1758
544 490 223 417 1758
623 900 223 417 1758
329 999 226 417 1758
722 278 222 417 1758
574 127 230 417 1758
419 1049 224 417 1758
218 133 233 417 1758
724 1066 224 417 1758
730 1059 223 417 1758
179 385 224 417 1758
759 1054 221 417 1758
678 489 223 418 1759
662 910 233 418 1759
623 901 239 418 1759
544 491 223 418 1759
208 1070 228 418 1759
126 712 223 418 1759
574 128 227 418 1759
232 125 228 418 1759
218 134 223 418 1759
378 1035 221 418 1759
179 386 227 418 1759
737 1055 221 418 1759
662 911 224 419 1760
623 902 233 419 1760
126 713 223 419 1760
574 129 226 419 1760
419 1051 225 419 1760
232 126 227 419 1760
218 135 235 419 1760
378 1036 226 419 1760
179 387 224 419 1760
759 1056 223 419 1760
678 491 221 420 1761
623 903 227 420 1761
544 493 223 420 1761
722 281 221 420 1761
574 130 225 420 1761
419 1052 221 420 1761
218 136 238 420 1761
179 388 231 420 1761
730 1062 222 420 1761
759 1057 221 420 1761
737 1057 233 421 1762
623 904 226 421 1762
329 1003 222 421 1762
484 166 224 421 1762
574 131 224 421 1762
218 137 223 421 1762
724 1070 228 421 1762
179 389 226 421 1762
623 905 231 422 1763
544 495 223 422 1763
574 132 223 422 1763
419 1054 226 422 1763
218 138 236 422 1763
179 390 236 422 1763
737 1059 229 422 1763
623 906 231 423 1764
329 1005 223 423 1764
484 168 225 423 1764
574 133 223 423 1764
218 139 232 423 1764
378 1040 221 423 1764
759 1060 221 423 1764
737 1060 228 424 1765
623 907 229 424 1765
419 1056 231 424 1765
724 1073 224 424 1765
218 140 231 424 1765
179 392 223 424 1765
737 1061 229 425 1766
662 917 227 425 1766
623 908 231 425 1766
329 1007 221 425 1766
218 141 224 425 1766
179 393 237 425 1766
737 1062 222 425 1766
678 497 238 426 1767
329 1008 226 426 1767
484 171 221 426 1767
419 1058 225 426 1767
218 142 241 426 1767
730 1068 222 426 1767
179 394 242 426 1767
759 1063 222 427 1768
678 498 237 427 1768
623 910 232 427 1768
484 172 228 427 1768
419 1059 236 427 1768
574 137 225 427 1768
232 134 224 427 1768
218 143 224 427 1768
724 1076 229 427 1768
179 395 239 427 1768
678 499 224 428 1769
623 911 234 428 1769
662 920 227 428 1769
329 1010 222 428 1769
419 1060 226 428 1769
574 138 222 428 1769
724 1077 224 428 1769
218 144 233 428 1769
179 396 246 428 1769
678 500 222 429 1770
623 912 225 429 1770
208 1081 223 429 1770
329 1011 224 429 1770
218 145 231 429 1770
730 1071 223 429 1770
179 397 245 429 1770
678 501 228 430 1771
623 913 235 430 1771
484 175 228 430 1771
574 140 224 430 1771
218 146 227 430 1771
179 398 245 430 1771
489 1020 222 430 1771
759 1067 221 431 1772
678 502 227 431 1772
623 914 221 431 1772
722 292 222 431 1772
329 1013 232 431 1772
484 176 229 431 1772
724 1080 224 431 1772
218 147 233 431 1772
730 1073 226 431 1772
179 399 221 431 1772
759 1068 222 432 1773
737 1068 225 432 1773
678 503 241 432 1773
623 915 224 432 1773
329 1014 225 432 1773
208 1084 230 432 1773
724 1081 221 432 1773
218 148 232 432 1773
179 400 235 432 1773
737 1069 241 433 1774
759 1069 228 433 1774
623 916 233 433 1774
208 1085 225 433 1774
329 1015 225 433 1774
574 143 230 433 1774
378 1050 221 433 1774
218 149 238 433 1774
724 1082 224 433 1774
730 1075 227 433 1774
737 1070 237 433 1774
759 1070 225 433 1774
678 505 222 434 1775
623 917 231 434 1775
574 144 223 434 1775
218 150 237 434 1775
730 1076 233 434 1775
179 402 233 434 1775
759 1071 229 434 1775
737 1071 233 435 1776
678 506 225 435 1776
544 508 230 435 1776
623 918 227 435 1776
722 296 223 435 1776
329 1017 226 435 1776
208 1087 227 435 1776
126 729 227 435 1776
484 180 222 435 1776
419 1067 226 435 1776
574 145 231 435 1776
724 1084 231 435 1776
218 151 246 435 1776
730 1077 232 435 1776
489 1025 225 435 1776
759 1072 228 435 1776
737 1072 233 436 1777
544 509 226 436 1777
623 919 227 436 1777
722 297 222 436 1777
126 730 233 436 1777
329 1018 224 436 1777
574 146 227 436 1777
378 1053 222 436 1777
218 152 241 436 1777
730 1078 227 436 1777
489 1026 224 436 1777
737 1073 236 437 1778
678 508 237 437 1778
544 510 233 437 1778
623 920 225 437 1778
662 929 230 437 1778
368 1022 222 437 1778
722 298 225 437 1778
329 1019 235 437 1778
208 1089 225 437 1778
484 182 223 437 1778
574 147 241 437 1778
218 153 235 437 1778
179 405 228 437 1778
730 1079 229 437 1778
759 1074 229 437 1778
489 1027 221 437 1778
737 1074 230 438 1779
678 509 227 438 1779
544 511 223 438 1779
623 921 235 438 1779
662 930 225 438 1779
368 1023 231 438 1779
722 299 235 438 1779
329 1020 230 438 1779
126 732 224 438 1779
484 183 226 438 1779
574 148 239 438 1779
419 1070 224 438 1779
724 1087 226 438 1779
378 1055 227 438 1779
218 154 242 438 1779
730 1080 226 438 1779
759 1075 224 438 1779
737 1075 231 439 1780
678 510 224 439 1780
544 512 229 439 1780
623 922 229 439 1780
662 931 233 439 1780
368 1024 231 439 1780
329 1021 225 439 1780
722 300 226 439 1780
126 733 233 439 1780
208 1091 235 439 1780
484 184 223 439 1780
574 149 231 439 1780
419 1071 224 439 1780
218 155 241 439 1780
179 407 226 439 1780
759 1076 223 439 1780
489 1029 224 439 1780
737 1076 225 440 1781
678 511 232 440 1781
544 513 232 440 1781
623 923 224 440 1781
662 932 223 440 1781
368 1025 224 440 1781
329 1022 225 440 1781
722 301 237 440 1781
126 734 236 440 1781
208 1092 222 440 1781
574 150 237 440 1781
419 1072 221 440 1781
218 156 224 440 1781
179 408 229 440 1781
730 1082 231 440 1781
489 1030 225 440 1781
737 1077 221 440 1781
678 512 224 441 1782
544 514 232 441 1782
623 924 237 441 1782
662 933 235 441 1782
329 1023 224 441 1782
722 302 236 441 1782
126 735 226 441 1782
208 1093 227 441 1782
574 151 239 441 1782
419 1073 224 441 1782
724 1090 224 441 1782
218 157 237 441 1782
730 1083 222 441 1782
759 1078 227 441 1782
489 1031 223 441 1782
737 1078 231 442 1783
544 515 234 442 1783
623 925 234 442 1783
662 934 224 442 1783
368 1027 224 442 1783
329 1024 224 442 1783
722 303 236 442 1783
126 736 236 442 1783
208 1094 226 442 1783
419 1074 222 442 1783
574 152 229 442 1783
724 1091 224 442 1783
378 1059 222 442 1783
218 158 241 442 1783
179 410 222 442 1783
730 1084 226 442 1783
489 1032 222 442 1783
737 1079 232 442 1783
678 514 232 443 1784
205 809 222 443 1784
623 926 234 443 1784
368 1028 222 443 1784
329 1025 225 443 1784
722 304 229 443 1784
126 737 223 443 1784
208 1095 235 443 1784
484 188 222 443 1784
419 1075 226 443 1784
574 153 234 443 1784
724 1092 222 443 1784
378 1060 231 443 1784
218 159 238 443 1784
730 1085 224 443 1784
489 1033 221 443 1784
737 1080 234 443 1784
678 515 235 444 1785
623 927 224 444 1785
544 517 223 444 1785
662 936 229 444 1785
329 1026 231 444 1785
368 1029 223 444 1785
126 738 221 444 1785
208 1096 231 444 1785
574 154 234 444 1785
419 1076 226 444 1785
724 1093 224 444 1785
378 1061 226 444 1785
218 160 237 444 1785
489 1034 225 444 1785
759 1081 222 444 1785
737 1081 239 445 1786
623 928 235 445 1786
662 937 233 445 1786
329 1027 228 445 1786
722 306 221 445 1786
208 1097 226 445 1786
419 1077 225 445 1786
574 155 240 445 1786
724 1094 227 445 1786
378 1062 224 445 1786
218 161 241 445 1786
179 413 231 445 1786
730 1087 226 445 1786
759 1082 230 445 1786
737 1082 239 446 1787
623 929 225 446 1787
544 519 230 446 1787
662 938 231 446 1787
368 1031 225 446 1787
329 1028 226 446 1787
722 307 234 446 1787
208 1098 226 446 1787
419 1078 227 446 1787
484 191 223 446 1787
574 156 239 446 1787
724 1095 233 446 1787
218 162 245 446 1787
378 1063 229 446 1787
730 1088 230 446 1787
489 1036 226 446 1787
759 1083 231 446 1787
737 1083 241 447 1788
623 930 234 447 1788
544 520 221 447 1788
662 939 229 447 1788
368 1032 225 447 1788
722 308 231 447 1788
126 741 229 447 1788
232 154 226 447 1788
208 1099 233 447 1788
419 1079 225 447 1788
574 157 231 447 1788
724 1096 226 447 1788
218 163 246 447 1788
378 1064 222 447 1788
730 1089 225 447 1788
179 415 226 447 1788
489 1037 225 447 1788
759 1084 224 447 1788
737 1084 235 448 1789
678 519 230 448 1789
623 931 233 448 1789
662 940 229 448 1789
544 521 233 448 1789
329 1030 230 448 1789
722 309 228 448 1789
126 742 226 448 1789
232 155 223 448 1789
484 193 221 448 1789
208 1100 233 448 1789
574 158 237 448 1789
724 1097 223 448 1789
218 164 237 448 1789
378 1065 222 448 1789
179 416 222 448 1789
730 1090 225 448 1789
489 1038 224 448 1789
759 1085 232 448 1789
737 1085 222 449 1790
678 520 224 449 1790
662 941 222 449 1790
544 522 223 449 1790
623 932 233 449 1790
329 1031 233 449 1790
722 310 227 449 1790
126 743 233 449 1790
218 165 244 449 1790
179 417 224 449 1790
730 1091 221 449 1790
759 1086 221 450 1791
678 521 235 450 1791
205 816 222 450 1791
662 942 222 450 1791
544 523 222 450 1791
623 933 240 450 1791
329 1032 224 450 1791
722 311 222 450 1791
208 1102 222 450 1791
759 1087 223 451 1792
737 1087 225 451 1792
678 522 222 451 1792
544 524 224 451 1792
623 934 227 451 1792
368 1036 221 451 1792
208 1103 221 451 1792
724 1100 222 451 1792
730 1093 222 451 1792
179 419 222 451 1792
678 523 221 452 1793
623 935 237 452 1793
368 1037 223 452 1793
126 746 223 452 1793
208 1104 223 452 1793
724 1101 222 452 1793
378 1069 222 452 1793
730 1094 222 452 1793
759 1089 226 453 1794
623 936 231 453 1794
126 747 223 453 1794
484 198 222 453 1794
208 1105 224 453 1794
724 1102 222 453 1794
179 421 221 453 1794
759 1090 226 454 1795
678 525 223 454 1795
623 937 237 454 1795
329 1036 223 454 1795
126 748 227 454 1795
484 199 221 454 1795
218 170 223 454 1795
378 1071 221 454 1795
730 1096 222 454 1795
623 938 236 455 1796
329 1037 222 455 1796
126 749 225 455 1796
484 200 229 455 1796
208 1107 223 455 1796
218 171 224 455 1796
730 1097 221 455 1796
759 1092 225 456 1797
368 1041 222 456 1797
484 201 225 456 1797
218 172 245 456 1797
378 1073 223 456 1797
179 424 227 456 1797
759 1093 227 457 1798
489 1046 225 457 1798
678 528 225 457 1798
544 530 226 457 1798
623 940 231 457 1798
329 1039 221 457 1798
722 318 222 457 1798
126 751 234 457 1798
484 202 228 457 1798
218 173 225 457 1798
759 1094 227 457 1798
737 1094 224 458 1799
623 941 234 458 1799
368 1043 221 458 1799
329 1040 224 458 1799
722 319 230 458 1799
126 752 225 458 1799
208 1110 232 458 1799
232 165 225 458 1799
218 174 237 458 1799
179 426 231 458 1799
759 1095 221 458 1799
737 1095 225 459 1800
544 532 240 459 1800
205 825 222 459 1800
662 951 233 459 1800
623 942 228 459 1800
368 1044 224 459 1800
329 1041 221 459 1800
722 320 236 459 1800
126 753 236 459 1800
419 1091 229 459 1800
232 166 229 459 1800
208 1111 226 459 1800
574 169 229 459 1800
218 175 222 459 1800
378 1076 233 459 1800
730 1101 229 459 1800
759 1096 228 459 1800
179 427 228 460 1801
737 1096 226 460 1801
678 531 226 460 1801
544 533 235 460 1801
662 952 238 460 1801
623 943 221 460 1801
368 1045 225 460 1801
722 321 222 460 1801
126 754 239 460 1801
419 1092 223 460 1801
484 205 229 460 1801
232 167 223 460 1801
208 1112 226 460 1801
574 170 229 460 1801
218 176 222 460 1801
378 1077 221 460 1801
730 1102 221 460 1801
737 1097 230 461 1802
544 534 232 461 1802
662 953 229 461 1802
368 1046 235 461 1802
329 1043 221 461 1802
722 322 228 461 1802
126 755 227 461 1802
484 206 225 461 1802
208 1113 221 461 1802
574 171 232 461 1802
218 177 225 461 1802
724 1110 225 461 1802
730 1103 224 461 1802
759 1098 227 462 1803
179 429 239 462 1803
544 535 241 462 1803
662 954 231 462 1803
368 1047 225 462 1803
722 323 221 462 1803
126 756 231 462 1803
419 1094 230 462 1803
484 207 229 462 1803
218 178 224 462 1803
759 1099 222 462 1803
179 430 231 463 1804
489 1052 221 463 1804
544 536 227 463 1804
126 757 223 463 1804
419 1095 225 463 1804
218 179 225 463 1804
179 431 235 464 1805
544 537 227 464 1805
623 947 227 464 1805
126 758 223 464 1805
722 325 223 464 1805
419 1096 223 464 1805
484 209 222 464 1805
574 174 221 464 1805
218 180 239 464 1805
730 1106 221 464 1805
759 1101 223 465 1806
179 432 240 465 1806
544 538 235 465 1806
623 948 227 465 1806
126 759 222 465 1806
419 1097 221 465 1806
484 210 221 465 1806
574 175 221 465 1806
218 181 242 465 1806
730 1107 221 465 1806
759 1102 221 465 1806
737 1102 225 465 1806
179 433 243 466 1807
489 1055 223 466 1807
678 537 223 466 1807
544 539 223 466 1807
368 1051 233 466 1807
329 1048 226 466 1807
126 760 225 466 1807
208 1118 231 466 1807
419 1098 222 466 1807
484 211 222 466 1807
218 182 233 466 1807
574 176 225 466 1807
759 1103 234 467 1808
179 434 245 467 1808
489 1056 226 467 1808
544 540 226 467 1808
623 950 239 467 1808
722 328 221 467 1808
126 761 230 467 1808
208 1119 226 467 1808
484 212 222 467 1808
574 177 233 467 1808
218 183 232 467 1808
737 1104 225 468 1809
759 1104 231 468 1809
179 435 245 468 1809
678 539 229 468 1809
544 541 222 468 1809
662 960 227 468 1809
623 951 233 468 1809
368 1053 229 468 1809
722 329 228 468 1809
126 762 224 468 1809
208 1120 221 468 1809
232 175 222 468 1809
574 178 236 468 1809
484 213 225 468 1809
218 184 221 468 1809
737 1105 221 469 1810
759 1105 230 469 1810
179 436 246 469 1810
489 1058 223 469 1810
678 540 235 469 1810
205 835 225 469 1810
662 961 226 469 1810
623 952 232 469 1810
368 1054 221 469 1810
722 330 225 469 1810
329 1051 226 469 1810
419 1101 226 469 1810
218 185 225 469 1810
759 1106 223 469 1810
737 1106 221 470 1811
179 437 245 470 1811
489 1059 221 470 1811
544 543 231 470 1811
623 953 230 470 1811
722 331 229 470 1811
126 764 231 470 1811
419 1102 235 470 1811
574 180 226 470 1811
484 215 221 470 1811
218 186 225 470 1811
730 1112 221 470 1811
759 1107 222 470 1811
737 1107 222 470 1811
179 438 239 471 1812
678 542 235 471 1812
205 837 222 471 1812
544 544 231 471 1812
623 954 221 471 1812
126 765 231 471 1812
329 1053 221 471 1812
419 1103 233 471 1812
574 181 229 471 1812
218 187 222 471 1812
759 1108 223 471 1812
737 1108 231 471 1812
179 439 237 472 1813
678 543 236 472 1813
205 838 222 472 1813
544 545 225 472 1813
368 1057 221 472 1813
722 333 222 472 1813
329 1054 222 472 1813
126 766 224 472 1813
419 1104 231 472 1813
574 182 229 472 1813
218 188 236 472 1813
759 1109 231 472 1813
737 1109 226 472 1813
179 440 239 473 1814
678 544 233 473 1814
205 839 226 473 1814
662 965 231 473 1814
544 546 235 473 1814
368 1058 223 473 1814
722 334 222 473 1814
329 1055 227 473 1814
126 767 222 473 1814
484 218 226 473 1814
574 183 227 473 1814
218 189 221 473 1814
378 1090 223 473 1814
730 1115 230 473 1814
724 1122 223 473 1814
759 1110 227 473 1814
179 441 226 474 1815
678 545 221 474 1815
205 840 221 474 1815
368 1059 222 474 1815
329 1056 232 474 1815
419 1106 222 474 1815
232 181 221 474 1815
484 219 227 474 1815
218 190 225 474 1815
179 442 224 475 1816
544 548 234 475 1816
662 967 221 475 1816
368 1060 227 475 1816
126 769 222 475 1816
419 1107 222 475 1816
484 220 239 475 1816
218 191 221 475 1816
737 1112 222 475 1816
544 549 224 476 1817
662 968 224 476 1817
623 959 225 476 1817
368 1061 234 476 1817
126 770 227 476 1817
722 337 225 476 1817
329 1058 235 476 1817
208 1128 221 476 1817
232 183 235 476 1817
419 1108 225 476 1817
574 186 235 476 1817
484 221 232 476 1817
218 192 226 476 1817
730 1118 221 476 1817
737 1113 225 477 1818
678 548 245 477 1818
205 843 226 477 1818
544 550 231 477 1818
623 960 237 477 1818
368 1062 231 477 1818
126 771 224 477 1818
329 1059 244 477 1818
208 1129 228 477 1818
419 1109 222 477 1818
574 187 227 477 1818
484 222 225 477 1818
378 1094 234 477 1818
218 193 245 477 1818
730 1119 222 477 1818
724 1126 221 477 1818
737 1114 222 477 1818
678 549 245 478 1819
544 551 231 478 1819
662 970 222 478 1819
368 1063 225 478 1819
126 772 226 478 1819
329 1060 237 478 1819
722 339 232 478 1819
208 1130 231 478 1819
419 1110 231 478 1819
232 185 222 478 1819
574 188 222 478 1819
484 223 224 478 1819
378 1095 224 478 1819
759 1115 224 478 1819
730 1120 225 478 1819
678 550 244 479 1820
205 845 226 479 1820
544 552 224 479 1820
662 971 235 479 1820
623 962 238 479 1820
368 1064 224 479 1820
126 773 245 479 1820
329 1061 235 479 1820
208 1131 224 479 1820
419 1111 224 479 1820
574 189 232 479 1820
218 195 234 479 1820
378 1096 230 479 1820
737 1116 222 479 1820
724 1128 224 479 1820
179 447 235 480 1821
678 551 223 480 1821
544 553 227 480 1821
662 972 224 480 1821
623 963 238 480 1821
126 774 222 480 1821
722 341 229 480 1821
329 1062 234 480 1821
208 1132 223 480 1821
419 1112 228 480 1821
232 187 228 480 1821
574 190 227 480 1821
218 196 247 480 1821
609 560 221 480 1821
730 1122 227 480 1821
759 1117 231 480 1821
737 1117 225 480 1821
724 1129 225 480 1821
678 552 226 481 1822
544 554 225 481 1822
623 964 237 481 1822
662 973 227 481 1822
329 1063 232 481 1822
722 342 237 481 1822
208 1133 229 481 1822
574 191 225 481 1822
484 226 223 481 1822
378 1098 234 481 1822
218 197 247 481 1822
730 1123 223 481 1822
759 1118 229 481 1822
737 1118 237 481 1822
724 1130 221 481 1822
179 449 224 482 1823
678 553 227 482 1823
623 965 231 482 1823
662 974 229 482 1823
329 1064 233 482 1823
722 343 239 482 1823
208 1134 228 482 1823
574 192 225 482 1823
378 1099 233 482 1823
218 198 235 482 1823
759 1119 234 482 1823
737 1119 231 482 1823
179 450 225 483 1824
678 554 230 483 1824
544 556 224 483 1824
623 966 226 483 1824
662 975 223 483 1824
126 777 221 483 1824
329 1065 224 483 1824
722 344 237 483 1824
208 1135 234 483 1824
419 1115 231 483 1824
232 190 224 483 1824
484 228 226 483 1824
378 1100 231 483 1824
218 199 237 483 1824
737 1120 237 483 1824
724 1132 225 483 1824
179 451 233 484 1825
678 555 229 484 1825
368 1069 229 484 1825
623 967 237 484 1825
662 976 230 484 1825
329 1066 223 484 1825
722 345 233 484 1825
208 1136 222 484 1825
419 1116 224 484 1825
232 191 225 484 1825
574 194 225 484 1825
484 229 221 484 1825
378 1101 236 484 1825
218 200 245 484 1825
759 1121 233 484 1825
730 1126 225 484 1825
737 1121 230 484 1825
724 1133 222 485 1826
179 452 227 485 1826
678 556 224 485 1826
544 558 226 485 1826
623 968 233 485 1826
662 977 235 485 1826
126 779 222 485 1826
329 1067 232 485 1826
722 346 240 485 1826
208 1137 233 485 1826
419 1117 227 485 1826
232 192 226 485 1826
574 195 227 485 1826
378 1102 238 485 1826
218 201 245 485 1826
759 1122 225 485 1826
730 1127 224 485 1826
737 1122 232 485 1826
724 1134 223 486 1827
179 453 231 486 1827
678 557 232 486 1827
623 969 233 486 1827
368 1071 221 486 1827
662 978 237 486 1827
126 780 222 486 1827
329 1068 234 486 1827
722 347 234 486 1827
208 1138 227 486 1827
419 1118 234 486 1827
574 196 230 486 1827
484 231 226 486 1827
378 1103 235 486 1827
218 202 241 486 1827
730 1128 233 486 1827
759 1123 228 486 1827
737 1123 235 486 1827
724 1135 231 487 1828
179 454 231 487 1828
678 558 226 487 1828
544 560 224 487 1828
623 970 229 487 1828
662 979 231 487 1828
329 1069 233 487 1828
722 348 224 487 1828
208 1139 221 487 1828
419 1119 236 487 1828
574 197 229 487 1828
484 232 222 487 1828
378 1104 236 487 1828
218 203 241 487 1828
759 1124 223 487 1828
737 1124 237 487 1828
730 1129 224 487 1828
179 455 223 488 1829
678 559 229 488 1829
544 561 222 488 1829
623 971 237 488 1829
662 980 229 488 1829
722 349 233 488 1829
208 1140 228 488 1829
419 1120 234 488 1829
574 198 227 488 1829
484 233 225 488 1829
378 1105 234 488 1829
218 204 236 488 1829
759 1125 226 488 1829
730 1130 225 488 1829
737 1125 234 488 1829
724 1137 228 488 1829
179 456 230 489 1830
678 560 229 489 1830
544 562 232 489 1830
662 981 235 489 1830
623 972 227 489 1830
722 350 240 489 1830
329 1071 227 489 1830
208 1141 230 489 1830
419 1121 229 489 1830
574 199 230 489 1830
378 1106 224 489 1830
218 205 240 489 1830
759 1126 230 489 1830
730 1131 226 489 1830
737 1126 232 489 1830
724 1138 221 490 1831
179 457 223 490 1831
544 563 230 490 1831
623 973 233 490 1831
662 982 226 490 1831
329 1072 235 490 1831
722 351 239 490 1831
208 1142 224 490 1831
574 200 235 490 1831
232 197 228 490 1831
419 1122 230 490 1831
484 235 222 490 1831
378 1107 228 490 1831
218 206 240 490 1831
730 1132 230 490 1831
759 1127 225 490 1831
737 1127 235 490 1831
724 1139 227 490 1831
179 458 230 491 1832
678 562 231 491 1832
544 564 229 491 1832
368 1076 223 491 1832
662 983 237 491 1832
126 785 223 491 1832
329 1073 235 491 1832
722 352 235 491 1832
208 1143 233 491 1832
232 198 229 491 1832
574 201 235 491 1832
419 1123 231 491 1832
484 236 224 491 1832
218 207 245 491 1832
378 1108 233 491 1832
730 1133 231 491 1832
759 1128 232 491 1832
724 1140 231 492 1833
678 563 227 492 1833
179 459 231 492 1833
544 565 229 492 1833
623 975 232 492 1833
662 984 223 492 1833
329 1074 230 492 1833
208 1144 233 492 1833
722 353 234 492 1833
574 202 232 492 1833
232 199 222 492 1833
419 1124 235 492 1833
484 237 221 492 1833
218 208 243 492 1833
378 1109 232 492 1833
730 1134 233 492 1833
759 1129 232 492 1833
737 1129 240 492 1833
724 1141 221 493 1834
678 564 226 493 1834
179 460 227 493 1834
544 566 225 493 1834
623 976 221 493 1834
368 1078 222 493 1834
662 985 233 493 1834
208 1145 224 493 1834
722 354 236 493 1834
574 203 233 493 1834
419 1125 230 493 1834
232 200 226 493 1834
484 238 224 493 1834
218 209 241 493 1834
378 1110 236 493 1834
730 1135 226 493 1834
759 1130 222 493 1834
737 1130 235 493 1834
724 1142 235 494 1835
678 565 224 494 1835
544 567 232 494 1835
368 1079 227 494 1835
623 977 229 494 1835
662 986 239 494 1835
329 1076 229 494 1835
722 355 238 494 1835
574 204 231 494 1835
419 1126 225 494 1835
232 201 221 494 1835
378 1111 237 494 1835
218 210 240 494 1835
730 1136 227 494 1835
759 1131 222 494 1835
737 1131 233 495 1836
724 1143 232 495 1836
678 566 243 495 1836
179 462 241 495 1836
544 568 244 495 1836
368 1080 221 495 1836
662 987 230 495 1836
623 978 235 495 1836
208 1147 222 495 1836
722 356 224 495 1836
574 205 229 495 1836
484 240 222 495 1836
218 211 226 495 1836
759 1132 225 496 1837
737 1132 225 496 1837
662 988 223 496 1837
623 979 223 496 1837
329 1078 224 496 1837
218 212 240 496 1837
730 1138 226 496 1837
737 1133 229 497 1838
678 568 229 497 1838
179 464 231 497 1838
662 989 226 497 1838
623 980 224 497 1838
126 791 226 497 1838
419 1129 221 497 1838
484 242 228 497 1838
218 213 231 497 1838
724 1146 221 498 1839
678 569 231 498 1839
179 465 237 498 1839
205 864 221 498 1839
623 981 227 498 1839
126 792 223 498 1839
574 208 222 498 1839
232 205 221 498 1839
218 214 232 498 1839
678 570 225 499 1840
623 982 221 499 1840
126 793 223 499 1840
329 1081 221 499 1840
722 360 224 499 1840
419 1131 222 499 1840
218 215 224 499 1840
730 1141 221 500 1841
678 571 229 500 1841
179 467 235 500 1841
544 573 227 500 1841
623 983 223 500 1841
126 794 226 500 1841
329 1082 226 500 1841
419 1132 222 500 1841
218 216 226 500 1841
730 1142 226 501 1842
724 1149 221 501 1842
544 574 230 501 1842
368 1086 221 501 1842
662 993 224 501 1842
623 984 237 501 1842
126 795 231 501 1842
722 362 222 501 1842
574 211 229 501 1842
737 1138 223 502 1843
730 1143 229 502 1843
678 573 229 502 1843
179 469 236 502 1843
544 575 222 502 1843
623 985 239 502 1843
126 796 229 502 1843
329 1084 224 502 1843
208 1154 223 502 1843
574 212 236 502 1843
232 209 224 502 1843
419 1134 222 502 1843
759 1139 223 503 1844
730 1144 229 503 1844
737 1139 228 503 1844
678 574 223 503 1844
179 470 237 503 1844
544 576 232 503 1844
623 986 235 503 1844
126 797 228 503 1844
329 1085 226 503 1844
722 364 224 503 1844
574 213 235 503 1844
484 248 224 503 1844
730 1145 232 504 1845
759 1140 231 504 1845
678 575 229 504 1845
179 471 225 504 1845
544 577 224 504 1845
623 987 238 504 1845
126 798 230 504 1845
208 1156 221 504 1845
722 365 222 504 1845
574 214 222 504 1845
218 220 227 504 1845
484 249 221 504 1845
730 1146 223 505 1846
759 1141 231 505 1846
179 472 235 505 1846
678 576 223 505 1846
544 578 227 505 1846
126 799 233 505 1846
623 988 239 505 1846
722 366 221 505 1846
574 215 221 505 1846
419 1137 224 505 1846
218 221 231 505 1846
730 1147 224 506 1847
737 1142 225 506 1847
759 1142 223 506 1847
179 473 225 506 1847
544 579 224 506 1847
126 800 233 506 1847
623 989 231 506 1847
329 1088 225 506 1847
484 251 237 506 1847
724 1155 226 507 1848
737 1143 233 507 1848
759 1143 231 507 1848
678 578 231 507 1848
179 474 225 507 1848
544 580 233 507 1848
662 999 222 507 1848
126 801 233 507 1848
329 1089 229 507 1848
419 1139 230 507 1848
484 252 238 507 1848
737 1144 226 508 1849
759 1144 237 508 1849
678 579 221 508 1849
179 475 229 508 1849
126 802 233 508 1849
574 218 227 508 1849
484 253 223 508 1849
730 1150 221 509 1850
759 1145 225 509 1850
179 476 231 509 1850
544 582 232 509 1850
126 803 232 509 1850
419 1141 227 509 1850
218 225 221 509 1850
484 254 225 509 1850
737 1146 233 510 1851
730 1151 222 510 1851
759 1146 222 510 1851
205 876 225 510 1851
544 583 226 510 1851
662 1002 224 510 1851
126 804 224 510 1851
623 993 228 510 1851
329 1092 233 510 1851
208 1162 227 510 1851
419 1142 222 510 1851
218 226 225 510 1851
484 255 231 510 1851
737 1147 227 511 1852
179 478 222 511 1852
678 582 224 511 1852
544 584 222 511 1852
368 1096 224 511 1852
662 1003 221 511 1852
126 805 225 511 1852
623 994 233 511 1852
208 1163 226 511 1852
329 1093 232 511 1852
722 372 222 511 1852
484 256 228 511 1852
737 1148 230 512 1853
544 585 226 512 1853
662 1004 226 512 1853
126 806 228 512 1853
623 995 231 512 1853
208 1164 221 512 1853
329 1094 224 512 1853
218 228 221 512 1853
179 480 230 513 1854
544 586 231 513 1854
662 1005 221 513 1854
623 996 224 513 1854
208 1165 229 513 1854
329 1095 227 513 1854
722 374 229 513 1854
419 1145 221 513 1854
574 223 222 513 1854
737 1150 236 514 1855
419 1146 227 514 1855
737 1151 231 515 1856
737 1152 225 516 1857
385 233 229 516 1857
504 1155 221 516 1857
30 836 234 517 1858
297 345 226 517 1858
78 611 223 517 1858
130 1160 221 517 1858
339 1149 224 518 1859
720 1133 243 518 1859
700 1024 224 519 1860
335 1167 230 519 1860
262 140 233 520 1861
412 1115 226 521 1862
657 291 222 521 1862
640 747 221 521 1862
262 141 229 521 1862
85 6 227 521 1862
85 7 225 522 1863
709 237 224 523 1864
412 1117 228 523 1864
655 424 223 523 1864
85 8 226 523 1864
640 750 222 524 1865
85 9 222 524 1865
709 239 238 525 1866
508 1081 225 525 1866
657 295 222 525 1866
640 751 226 525 1866
85 10 221 525 1866
626 9 225 526 1867
709 240 234 526 1867
246 185 226 526 1867
205 892 227 526 1867
244 105 221 526 1867
85 11 224 526 1867
246 186 221 527 1868
508 1083 228 527 1868
85 12 222 527 1868
626 11 238 528 1869
709 242 222 528 1869
205 894 222 528 1869
508 1084 227 528 1869
657 298 223 528 1869
763 267 221 528 1869
85 13 227 528 1869
312 1164 229 528 1869
212 341 225 529 1870
205 895 227 529 1870
246 188 221 529 1870
508 1085 228 529 1870
657 299 232 529 1870
124 1164 223 529 1870
763 268 221 529 1870
312 1165 224 529 1870
709 244 225 530 1871
212 342 228 530 1871
205 896 224 530 1871
246 189 222 530 1871
508 1086 223 530 1871
124 1165 221 530 1871
426 2 245 530 1871
251 153 226 530 1871
312 1166 227 530 1871
626 1 229 530 1871
205 897 222 531 1872
212 343 221 531 1872
508 1087 222 531 1872
426 3 227 531 1872
763 270 223 531 1872
251 154 223 531 1872
312 1167 222 531 1872
205 898 241 532 1873
212 344 231 532 1873
640 758 242 532 1873
426 4 239 532 1873
763 271 222 532 1873
665 272 230 532 1873
251 155 223 532 1873
312 1168 227 532 1873
626 3 226 532 1873
205 899 222 533 1874
426 5 238 533 1874
124 1168 222 533 1874
464 1183 223 533 1874
763 272 223 533 1874
665 273 236 533 1874
312 1169 224 533 1874
626 4 223 533 1874
205 900 239 534 1875
508 1090 225 534 1875
246 193 221 534 1875
426 6 224 534 1875
124 1169 236 534 1875
665 274 234 534 1875
312 1170 223 534 1875
205 901 231 535 1876
508 1091 223 535 1876
124 1170 223 535 1876
85 20 222 535 1876
665 275 230 535 1876
251 158 225 535 1876
312 1171 224 535 1876
205 902 239 536 1877
508 1092 222 536 1877
212 348 221 536 1877
426 8 225 536 1877
124 1171 233 536 1877
665 276 230 536 1877
85 21 222 536 1877
626 7 223 536 1877
709 251 223 537 1878
508 1093 223 537 1878
205 903 233 537 1878
426 9 223 537 1878
124 1172 233 537 1878
85 22 227 537 1878
665 277 231 537 1878
709 252 221 538 1879
205 904 246 538 1879
426 10 224 538 1879
640 764 224 538 1879
665 278 223 538 1879
205 905 238 539 1880
426 11 230 539 1880
124 1174 233 539 1880
464 1189 225 539 1880
665 279 231 539 1880
709 254 223 540 1881
212 352 221 540 1881
205 906 240 540 1881
124 1175 230 540 1881
665 280 230 540 1881
212 353 224 541 1882
205 907 231 541 1882
426 13 226 541 1882
124 1176 226 541 1882
640 767 223 541 1882
464 1191 221 541 1882
665 281 230 541 1882
709 256 221 542 1883
212 354 227 542 1883
205 908 242 542 1883
124 1177 225 542 1883
665 282 222 542 1883
709 257 224 542 1883
212 355 224 543 1884
205 909 235 543 1884
508 1099 225 543 1884
426 15 224 543 1884
124 1178 234 543 1884
464 1193 226 543 1884
665 283 227 543 1884
312 1179 222 543 1884
212 356 225 544 1885
205 910 228 544 1885
508 1100 221 544 1885
426 16 224 544 1885
124 1179 241 544 1885
665 284 232 544 1885
312 1180 226 544 1885
212 357 222 545 1886
205 911 227 545 1886
508 1101 229 545 1886
426 17 224 545 1886
124 1180 235 545 1886
464 1195 225 545 1886
665 285 226 545 1886
709 260 221 546 1887
205 912 230 546 1887
508 1102 229 546 1887
124 1181 232 546 1887
426 18 233 546 1887
665 286 232 546 1887
212 359 225 547 1888
124 1182 221 547 1888
426 19 225 547 1888
665 287 222 547 1888
709 262 221 548 1889
124 1183 237 548 1889
426 20 230 548 1889
665 288 235 548 1889
312 1184 222 548 1889
205 915 224 549 1890
426 21 222 549 1890
665 289 221 549 1890
205 916 242 550 1891
124 1185 223 550 1891
665 290 234 550 1891
312 1186 224 550 1891
205 917 235 551 1892
124 1186 233 551 1892
426 23 239 551 1892
763 290 222 551 1892
665 291 221 551 1892
312 1187 225 551 1892
251 174 226 551 1892
205 918 237 552 1893
426 24 230 552 1893
124 1187 225 552 1893
464 1202 225 552 1893
665 292 228 552 1893
205 919 230 553 1894
212 365 225 553 1894
657 323 221 553 1894
426 25 231 553 1894
312 1189 224 553 1894
626 24 221 553 1894
709 268 223 554 1895
205 920 226 554 1895
246 213 221 554 1895
426 26 230 554 1895
312 1190 221 554 1895
205 921 231 555 1896
426 27 227 555 1896
124 1190 227 555 1896
464 1205 223 555 1896
763 294 221 555 1896
640 781 221 555 1896
665 295 221 555 1896
626 26 222 555 1896
212 368 224 556 1897
124 1191 229 556 1897
426 28 229 556 1897
665 296 233 556 1897
508 1113 224 557 1898
124 1192 235 557 1898
426 29 233 557 1898
665 297 233 557 1898
205 924 226 558 1899
85 10 223 558 1899
124 1193 231 558 1899
426 30 233 558 1899
312 1194 222 558 1899
205 925 239 559 1900
426 31 233 559 1900
124 1194 235 559 1900
665 299 234 559 1900
312 1195 222 559 1900
205 926 235 560 1901
426 32 230 560 1901
312 1196 224 560 1901
665 300 229 560 1901
251 183 221 560 1901
205 927 236 561 1902
85 13 224 561 1902
426 33 235 561 1902
244 140 221 561 1902
124 1196 228 561 1902
464 1211 221 561 1902
665 301 230 561 1902
312 1197 224 561 1902
248 6 221 562 1903
85 14 222 562 1903
426 34 224 562 1903
124 1197 230 562 1903
312 1198 229 562 1903
665 302 231 562 1903
205 929 223 563 1904
426 35 222 563 1904
124 1198 231 563 1904
763 302 222 563 1904
665 303 236 563 1904
312 1199 221 563 1904
657 334 223 564 1905
426 36 233 564 1905
124 1199 226 564 1905
763 303 221 564 1905
665 304 231 564 1905
626 35 221 564 1905
85 17 222 565 1906
426 37 235 565 1906
124 1200 227 565 1906
665 305 231 565 1906
426 38 234 566 1907
312 1202 223 566 1907
665 306 231 566 1907
205 933 222 567 1908
426 39 224 567 1908
312 1203 224 567 1908
665 307 227 567 1908
205 934 223 568 1909
124 1203 229 568 1909
665 308 226 568 1909
508 1125 221 569 1910
426 41 226 569 1910
124 1204 230 569 1910
665 309 229 569 1910
312 1205 221 569 1910
626 40 225 569 1910
205 936 226 570 1911
426 42 224 570 1911
124 1205 225 570 1911
665 310 234 570 1911
626 41 223 570 1911
205 937 235 571 1912
426 43 224 571 1912
124 1206 226 571 1912
665 311 226 571 1912
312 1207 221 571 1912
426 44 226 572 1913
124 1207 228 572 1913
464 1222 221 572 1913
665 312 227 572 1913
626 43 222 572 1913
205 939 230 573 1914
763 312 222 573 1914
426 45 224 573 1914
124 1208 232 573 1914
665 313 230 573 1914
626 44 224 573 1914
205 940 223 574 1915
426 46 229 574 1915
124 1209 230 574 1915
665 314 231 574 1915
626 45 223 574 1915
426 47 225 575 1916
124 1210 233 575 1916
665 315 232 575 1916
542 1191 222 575 1916
626 46 224 575 1916
205 942 225 576 1917
124 1211 237 576 1917
665 316 232 576 1917
626 47 225 576 1917
124 1212 226 577 1918
464 1227 221 577 1918
665 317 234 577 1918
251 200 221 577 1918
626 48 223 577 1918
205 944 221 578 1919
426 50 233 578 1919
464 1228 225 578 1919
124 1213 221 578 1919
312 1214 222 578 1919
273 787 221 578 1919
626 49 227 578 1919
205 945 233 579 1920
426 51 233 579 1920
124 1214 225 579 1920
665 319 234 579 1920
626 50 227 579 1920
205 946 230 580 1921
124 1215 221 580 1921
665 320 233 580 1921
626 51 223 580 1921
205 947 221 581 1922
657 351 224 581 1922
426 53 233 581 1922
124 1216 233 581 1922
665 321 228 581 1922
205 948 224 582 1923
426 54 229 582 1923
124 1217 233 582 1923
665 322 230 582 1923
640 808 222 582 1923
626 53 221 582 1923
205 949 223 583 1924
426 55 229 583 1924
124 1218 226 583 1924
205 950 224 584 1925
426 56 226 584 1925
665 324 221 584 1925
426 57 232 585 1926
124 1220 234 585 1926
665 325 234 585 1926
312 1221 223 585 1926
626 56 230 585 1926
426 58 226 586 1927
124 1221 233 586 1927
665 326 230 586 1927
626 57 225 586 1927
205 953 222 587 1928
657 357 223 587 1928
426 59 223 587 1928
124 1222 235 587 1928
665 327 227 587 1928
626 58 225 587 1928
205 954 229 588 1929
124 1223 230 588 1929
665 328 227 588 1929
626 59 225 588 1929
205 955 231 589 1930
124 1224 223 589 1930
626 60 227 589 1930
426 62 223 590 1931
763 329 223 590 1931
626 61 227 590 1931
205 957 233 591 1932
124 1226 228 591 1932
665 331 225 591 1932
626 62 224 591 1932
205 958 228 592 1933
426 64 227 592 1933
124 1227 233 592 1933
626 63 223 593 1934
205 959 232 593 1934
426 65 225 593 1934
124 1228 233 593 1934
665 333 227 593 1934
626 64 224 594 1935
205 960 224 594 1935
426 66 227 594 1935
124 1229 233 594 1935
626 65 225 594 1935
205 961 229 595 1936
426 67 221 595 1936
124 1230 222 595 1936
626 66 222 596 1937
205 962 225 596 1937
426 68 221 596 1937
665 336 222 596 1937
626 67 226 597 1938
205 963 233 597 1938
426 69 229 597 1938
124 1232 229 597 1938
626 68 224 597 1938
205 964 230 598 1939
426 70 227 598 1939
665 338 239 598 1939
626 69 228 599 1940
205 965 225 599 1940
426 71 223 599 1940
124 1234 230 599 1940
665 339 234 599 1940
626 70 223 599 1940
205 966 225 600 1941
657 370 224 600 1941
426 72 227 600 1941
124 1235 231 600 1941
665 340 239 600 1941
205 967 228 601 1942
508 1157 221 601 1942
426 73 223 601 1942
124 1236 225 601 1942
665 341 237 601 1942
626 72 225 601 1942
205 968 226 602 1943
426 74 227 602 1943
124 1237 238 602 1943
665 342 234 602 1943
626 73 227 602 1943
205 969 224 603 1944
246 262 221 603 1944
426 75 234 603 1944
124 1238 221 603 1944
665 343 237 603 1944
626 74 223 603 1944
205 970 226 604 1945
426 76 234 604 1945
124 1239 222 604 1945
665 344 236 604 1945
657 375 226 605 1946
426 77 236 605 1946
124 1240 226 605 1946
665 345 227 605 1946
205 972 226 606 1947
426 78 222 606 1947
124 1241 234 606 1947
312 1242 224 606 1947
665 346 232 606 1947
205 973 239 607 1948
657 377 222 607 1948
124 1242 228 607 1948
464 1257 225 607 1948
665 347 227 607 1948
205 974 240 608 1949
426 80 228 608 1949
124 1243 230 608 1949
665 348 234 608 1949
205 975 225 609 1950
426 81 227 609 1950
665 349 222 609 1950
205 976 235 610 1951
426 82 223 610 1951
124 1245 225 610 1951
665 350 224 610 1951
205 977 229 611 1952
246 270 223 611 1952
426 83 227 611 1952
124 1246 226 611 1952
665 351 227 611 1952
251 234 221 611 1952
205 978 225 612 1953
426 84 232 612 1953
124 1247 227 612 1953
665 352 221 612 1953
205 979 229 613 1954
426 85 237 613 1954
124 1248 224 613 1954
665 353 226 613 1954
205 980 235 614 1955
426 86 230 614 1955
124 1249 224 614 1955
665 354 222 614 1955
205 981 237 615 1956
124 1250 227 615 1956
205 982 232 616 1957
124 1251 226 616 1957
665 356 225 616 1957
205 983 239 617 1958
124 1252 231 617 1958
205 984 232 618 1959
85 70 222 618 1959
665 358 225 618 1959
124 1253 234 618 1959
626 89 221 618 1959
205 985 235 619 1960
426 91 233 619 1960
665 359 225 619 1960
124 1254 223 619 1960
640 845 221 619 1960
251 242 225 619 1960
205 986 227 620 1961
426 92 224 620 1961
464 1270 224 620 1961
124 1255 230 620 1961
640 846 224 620 1961
626 91 225 620 1961
568 437 223 620 1961
205 987 223 621 1962
657 391 221 621 1962
426 93 225 621 1962
124 1256 228 621 1962
626 92 227 621 1962
205 988 225 622 1963
657 392 222 622 1963
426 94 230 622 1963
464 1272 221 622 1963
626 93 224 622 1963
251 245 224 622 1963
205 989 227 623 1964
426 95 229 623 1964
124 1258 232 623 1964
251 246 224 623 1964
205 990 222 624 1965
426 96 230 624 1965
124 1259 224 624 1965
205 991 224 625 1966
426 97 230 625 1966
124 1260 226 625 1966
665 365 222 625 1966
626 96 221 625 1966
205 992 233 626 1967
426 98 228 626 1967
124 1261 224 626 1967
205 993 229 627 1968
426 99 226 627 1968
124 1262 231 627 1968
251 250 227 627 1968
205 994 224 628 1969
657 398 221 628 1969
426 100 224 628 1969
124 1263 225 628 1969
665 368 222 628 1969
205 995 228 629 1970
665 369 222 629 1970
763 368 221 629 1970
205 996 232 630 1971
508 1186 224 630 1971
124 1265 231 630 1971
640 856 223 630 1971
568 447 223 630 1971
212 443 222 631 1972
205 997 225 631 1972
426 103 227 631 1972
124 1266 227 631 1972
640 857 222 631 1972
665 371 223 631 1972
205 998 222 632 1973
124 1267 230 632 1973
640 858 222 632 1973
665 372 227 632 1973
251 255 221 632 1973
205 999 221 633 1974
85 85 221 633 1974
426 105 226 633 1974
640 859 223 633 1974
665 373 231 633 1974
464 1283 221 633 1974
205 1000 234 634 1975
85 86 221 634 1975
124 1269 233 634 1975
665 374 222 634 1975
626 105 223 634 1975
205 1001 224 635 1976
426 107 227 635 1976
124 1270 233 635 1976
205 1002 224 636 1977
426 108 225 636 1977
124 1271 225 636 1977
665 376 223 636 1977
312 1272 224 636 1977
205 1003 227 637 1978
124 1272 222 637 1978
665 377 223 637 1978
626 108 222 637 1978
205 1004 224 638 1979
426 110 223 638 1979
568 455 221 639 1980
205 1005 234 639 1980
85 91 227 639 1980
426 111 221 639 1980
124 1274 222 639 1980
464 1289 221 639 1980
626 110 227 639 1980
763 378 222 640 1981
205 1006 235 640 1981
426 112 234 640 1981
124 1275 229 640 1981
665 380 223 640 1981
508 1197 222 641 1982
205 1007 235 641 1982
85 93 233 641 1982
426 113 234 641 1982
124 1276 224 641 1982
205 1008 236 642 1983
426 114 235 642 1983
640 868 230 642 1983
665 382 224 642 1983
124 1277 223 642 1983
763 381 222 643 1984
205 1009 230 643 1984
426 115 231 643 1984
640 869 221 643 1984
665 383 231 643 1984
124 1278 229 643 1984
251 266 223 643 1984
205 1010 223 644 1985
426 116 234 644 1985
665 384 223 644 1985
124 1279 230 644 1985
464 1294 222 644 1985
626 115 223 644 1985
205 1011 236 645 1986
426 117 228 645 1986
665 385 224 645 1986
124 1280 226 645 1986
626 116 222 645 1986
568 462 222 646 1987
205 1012 238 646 1987
426 118 230 646 1987
312 1282 224 646 1987
464 1296 229 646 1987
568 463 223 647 1988
205 1013 235 647 1988
426 119 234 647 1988
124 1282 225 647 1988
709 362 221 647 1988
568 464 224 648 1989
508 1204 229 648 1989
205 1014 245 648 1989
426 120 241 648 1989
665 388 222 648 1989
124 1283 225 648 1989
312 1284 222 648 1989
763 387 227 649 1990
568 465 221 649 1990
246 308 222 649 1990
508 1205 222 649 1990
426 121 225 649 1990
124 1284 223 649 1990
568 466 223 650 1991
508 1206 223 650 1991
85 102 221 650 1991
426 122 221 650 1991
665 390 232 650 1991
124 1285 227 650 1991
312 1286 222 650 1991
568 467 221 651 1992
426 123 240 651 1992
124 1286 227 651 1992
212 5 227 652 1993
665 392 226 652 1993
124 1287 221 652 1993
568 469 221 653 1994
312 1289 225 653 1994
124 1288 228 653 1994
568 470 227 654 1995
657 424 221 654 1995
124 1289 230 654 1995
568 471 223 655 1996
657 425 221 655 1996
640 881 223 655 1996
124 1290 227 655 1996
568 472 224 656 1997
657 426 227 656 1997
640 882 226 656 1997
124 1291 223 656 1997
655 81 221 657 1998
657 427 222 657 1998
640 883 222 657 1998
124 1292 222 657 1998
312 4 229 658 1999
124 1293 230 658 1999
312 6 229 660 2001
124 1295 227 660 2001
640 887 221 661 2002
312 8 223 662 2003
640 889 222 663 2004
640 890 221 664 2005
657 439 221 669 2010
657 443 221 673 2014
312 20 224 674 2015
640 900 224 674 2015
312 22 223 676 2017
657 446 224 676 2017
312 23 223 677 2018
657 447 222 677 2018
248 123 223 678 2019
626 149 225 678 2019
655 103 225 679 2020
312 25 238 679 2020
657 449 224 679 2020
626 150 228 679 2020
589 369 227 680 2021
655 104 221 680 2021
312 26 228 680 2021
657 450 226 680 2021
312 27 225 681 2022
657 451 222 681 2022
37 986 222 681 2022
655 106 222 682 2023
312 28 225 682 2023
358 175 223 682 2023
655 107 221 683 2024
312 29 225 683 2024
657 453 228 683 2024
312 30 226 684 2025
248 129 222 684 2025
657 455 231 685 2026
235 476 229 685 2026
226 449 225 685 2026
549 1325 223 686 2027
585 544 221 686 2027
666 76 228 686 2027
694 415 227 686 2027
414 1335 232 686 2027
481 129 221 687 2028
318 241 224 687 2028
690 122 221 687 2028
414 1336 221 687 2028
502 196 221 688 2029
112 2 221 688 2029
226 452 237 688 2029
343 1321 222 689 2030
172 1339 224 689 2030
20 149 226 690 2031
380 1277 225 690 2031
