421 3 236 0 695
317 1 231 0 695
414 2 236 0 695
84 1 227 0 695
12 3 222 0 695
418 2 227 0 695
414 3 225 1 696
84 2 221 1 696
418 3 221 1 696
317 3 225 2 697
488 1 222 2 697
414 4 221 2 697
84 3 223 2 697
12 5 227 2 697
421 6 239 3 698
317 4 225 3 698
497 2 221 3 698
414 5 233 3 698
84 4 221 3 698
12 6 222 3 698
421 7 235 4 699
84 5 223 4 699
12 7 222 4 699
418 6 221 4 699
421 8 238 5 700
394 1 221 5 700
317 6 222 5 700
12 8 223 5 700
317 7 227 6 701
12 9 221 6 701
233 13 221 6 701
418 8 227 6 701
421 10 229 7 702
394 3 227 7 702
488 6 223 7 702
497 6 221 7 702
414 9 231 7 702
12 10 229 7 702
418 9 223 7 702
421 11 233 8 703
317 9 225 8 703
414 10 230 8 703
344 3 223 9 704
525 8 223 9 704
87 8 226 10 705
19 7 227 10 705
144 7 222 10 705
496 4 225 11 706
84 12 229 11 706
12 14 227 11 706
418 13 228 11 706
421 15 241 12 707
394 8 226 12 707
317 13 223 12 707
488 11 221 12 707
414 14 239 12 707
84 13 229 12 707
12 15 222 12 707
418 14 240 12 707
394 9 226 13 708
317 14 250 13 708
488 12 240 13 708
84 14 239 13 708
421 17 229 14 709
394 10 229 14 709
317 15 237 14 709
414 16 235 14 709
84 15 232 14 709
12 17 238 14 709
418 16 227 14 709
421 18 233 15 710
394 11 221 15 710
414 17 227 15 710
84 16 239 15 710
418 17 222 15 710
421 19 224 16 711
394 12 225 16 711
488 15 223 16 711
317 17 223 16 711
414 18 227 16 711
84 17 232 16 711
12 19 227 16 711
421 20 222 17 712
394 13 226 17 712
317 18 224 17 712
488 16 223 17 712
414 19 223 17 712
84 18 226 17 712
418 19 221 17 712
421 21 231 18 713
394 14 229 18 713
488 17 225 18 713
414 20 221 18 713
84 19 223 18 713
12 21 235 18 713
421 22 226 19 714
394 15 224 19 714
317 20 228 19 714
414 21 230 19 714
620 23 221 19 714
84 20 231 19 714
418 21 225 19 714
421 23 233 20 715
394 16 234 20 715
317 21 237 20 715
488 19 238 20 715
414 22 229 20 715
84 21 231 20 715
12 23 233 20 715
418 22 233 20 715
421 24 225 21 716
394 17 221 21 716
317 22 225 21 716
488 20 234 21 716
414 23 231 21 716
84 22 237 21 716
12 24 223 21 716
421 25 229 22 717
394 18 239 22 717
317 23 231 22 717
414 24 228 22 717
84 23 231 22 717
12 25 224 22 717
418 24 222 22 717
421 26 240 23 718
394 19 231 23 718
317 24 222 23 718
414 25 233 23 718
84 24 225 23 718
418 25 222 23 718
343 10 229 24 719
421 27 232 24 719
394 20 226 24 719
317 25 221 24 719
414 26 221 24 719
84 25 238 24 719
421 28 225 25 720
394 21 221 25 720
488 24 221 25 720
414 27 221 25 720
84 26 231 25 720
116 34 225 25 720
421 29 243 26 721
394 22 224 26 721
488 25 227 26 721
84 27 239 26 721
421 30 224 27 722
394 23 221 27 722
488 26 227 27 722
414 29 231 27 722
84 28 227 27 722
12 30 230 27 722
418 29 223 27 722
394 24 223 28 723
414 30 221 28 723
12 31 239 28 723
418 30 226 28 723
394 25 225 29 724
12 32 226 29 724
84 30 221 29 724
414 33 228 31 726
12 34 226 31 726
84 32 230 31 726
418 33 221 31 726
421 35 230 32 727
394 28 239 32 727
317 33 232 32 727
84 33 230 32 727
12 35 222 32 727
421 36 228 33 728
317 34 226 33 728
394 29 221 33 728
84 34 222 33 728
84 35 227 34 729
421 38 222 35 730
394 31 223 35 730
84 36 234 35 730
418 37 221 35 730
488 35 221 36 731
414 38 226 36 731
12 39 228 36 731
421 40 231 37 732
414 39 223 37 732
84 38 222 37 732
12 40 227 37 732
421 41 222 38 733
84 39 231 38 733
418 40 221 38 733
421 42 228 39 734
414 41 227 39 734
84 40 231 39 734
12 42 230 39 734
418 41 222 39 734
421 43 232 40 735
414 42 229 40 735
317 42 223 41 736
414 43 223 41 736
418 43 231 41 736
421 45 227 42 737
732 2 222 42 737
84 43 226 42 737
421 46 237 43 738
84 44 222 43 738
535 2 221 43 738
414 46 233 44 739
84 45 223 44 739
394 41 229 45 740
414 47 229 45 740
84 46 221 45 740
12 48 237 45 740
414 48 225 46 741
12 49 229 46 741
418 48 222 46 741
421 50 239 47 742
732 7 221 47 742
661 3 225 47 742
317 48 222 47 742
488 46 226 47 742
414 49 227 47 742
144 44 221 47 742
12 50 222 47 742
230 29 227 48 743
144 45 225 48 743
87 29 233 48 743
230 30 248 49 744
144 46 223 49 744
171 6 225 49 744
496 43 223 49 744
344 44 225 50 745
230 31 245 50 745
144 47 224 50 745
171 7 237 50 745
496 44 224 50 745
344 45 226 51 746
230 32 237 51 746
144 48 223 51 746
87 32 223 51 746
496 45 225 52 747
230 33 227 52 747
144 49 242 52 747
467 49 227 52 747
171 9 238 52 747
12 56 222 53 748
661 10 221 54 749
35 2 227 54 749
414 56 225 54 749
12 57 226 54 749
233 61 225 54 749
439 13 227 55 750
231 26 227 55 750
488 54 236 55 750
84 56 223 55 750
414 57 234 55 750
12 58 221 55 750
317 57 230 56 751
488 55 230 56 751
661 12 221 56 751
84 57 228 56 751
497 55 221 56 751
414 58 234 56 751
12 59 229 56 751
317 58 228 57 752
488 56 240 57 752
421 61 233 58 753
317 59 222 58 753
84 59 231 58 753
421 62 223 59 754
84 60 240 59 754
414 61 234 59 754
394 55 227 59 754
12 62 224 59 754
414 62 222 60 755
12 63 231 60 755
421 64 231 61 756
84 62 224 61 756
421 65 229 62 757
84 63 227 62 757
732 15 228 62 757
439 7 222 62 757
12 65 227 62 757
414 65 237 63 758
661 19 225 63 758
488 62 224 63 758
12 66 242 63 758
414 66 225 64 759
84 65 226 64 759
12 67 223 64 759
421 68 223 65 760
317 66 226 65 760
414 68 226 66 761
84 67 227 66 761
12 69 233 66 761
418 68 223 66 761
346 74 221 67 762
488 66 228 67 762
414 69 223 67 762
84 68 223 67 762
732 20 222 67 762
12 70 224 67 762
488 68 222 69 764
421 73 229 70 765
414 72 221 70 765
421 74 234 71 766
317 72 222 71 766
414 75 225 73 768
661 29 222 73 768
12 76 225 73 768
414 76 221 74 769
661 30 222 74 769
12 77 223 74 769
421 78 226 75 770
661 31 223 75 770
317 76 232 75 770
84 76 235 75 770
782 23 223 75 770
620 79 221 75 770
12 78 227 75 770
418 77 225 75 770
421 79 224 75 770
414 78 223 76 771
488 75 227 76 771
84 77 221 76 771
732 29 230 76 771
535 24 221 76 771
12 79 229 76 771
418 78 229 76 771
421 80 238 76 771
414 79 227 77 772
488 76 228 77 772
317 78 230 77 772
84 78 240 77 772
421 81 245 77 772
414 80 225 78 773
12 81 227 78 773
418 80 221 78 773
421 82 223 78 773
84 80 232 79 774
12 82 227 79 774
418 81 225 79 774
343 66 222 79 774
421 83 227 79 774
414 82 224 80 775
488 79 228 80 775
84 81 232 80 775
12 83 227 80 775
421 84 222 80 775
414 83 225 81 776
317 82 221 81 776
84 82 233 81 776
12 84 232 81 776
343 68 222 81 776
414 84 230 82 777
12 85 227 82 777
84 84 227 83 778
418 85 224 83 778
414 86 240 84 779
317 85 231 84 779
84 85 235 84 779
421 88 242 85 780
414 87 225 85 780
317 87 227 86 781
84 87 232 86 781
394 83 246 87 782
657 88 225 87 782
230 68 225 87 782
394 84 244 88 783
499 37 234 88 783
659 92 235 90 785
708 86 221 90 785
499 39 232 90 785
749 85 235 91 786
386 23 232 91 786
380 32 226 92 787
499 41 229 92 787
536 99 230 92 787
386 24 227 92 787
749 87 226 93 788
481 99 221 93 788
499 42 223 93 788
536 100 236 93 788
499 43 241 94 789
536 101 226 94 789
386 26 234 94 789
76 17 229 95 790
659 97 225 95 790
536 102 223 95 790
386 27 221 95 790
76 18 224 96 791
659 98 225 96 791
660 87 222 96 791
386 28 221 96 791
299 44 223 97 792
660 88 223 97 792
211 99 221 97 792
536 104 224 97 792
749 92 227 98 793
660 89 225 98 793
211 100 229 98 793
749 93 228 99 794
76 21 221 99 794
211 101 225 99 794
405 33 223 99 794
659 103 223 101 796
386 33 231 101 796
76 24 225 102 797
299 49 223 102 797
193 91 221 102 797
386 34 231 102 797
749 97 230 103 798
743 19 225 103 798
659 105 226 103 798
46 97 223 104 799
749 98 229 104 799
299 51 227 104 799
167 108 223 104 799
660 95 226 104 799
211 106 231 104 799
386 36 232 104 799
749 99 231 105 800
299 52 227 105 800
76 27 229 105 800
772 111 221 105 800
749 100 238 106 801
76 28 223 106 801
659 108 222 106 801
660 97 223 106 801
211 108 236 106 801
516 107 224 106 801
299 54 237 107 802
76 29 222 107 802
660 98 221 107 802
405 41 225 107 802
386 39 224 107 802
76 30 229 108 803
405 42 225 108 803
386 40 225 108 803
211 111 223 109 804
405 43 226 109 804
659 112 223 110 805
211 112 231 110 805
749 3 238 111 806
299 58 226 111 806
660 102 225 111 806
386 43 235 111 806
536 118 226 111 806
749 4 249 111 806
299 59 241 112 807
193 101 225 112 807
76 34 223 112 807
660 103 222 112 807
211 114 221 112 807
386 44 230 112 807
76 35 233 113 808
660 104 224 113 808
211 115 224 113 808
386 45 225 113 808
299 61 229 114 809
211 116 221 114 809
386 46 222 114 809
743 31 222 115 810
660 106 223 115 810
111 94 221 115 810
536 122 221 115 810
76 38 223 116 811
405 50 227 116 811
516 117 221 117 812
76 39 231 117 812
240 102 221 117 812
405 51 221 117 812
386 49 222 117 812
749 10 223 118 813
516 118 221 118 813
659 120 231 118 813
743 34 229 118 813
660 109 225 118 813
211 120 223 118 813
386 50 222 118 813
749 11 226 119 814
76 41 229 119 814
659 121 227 119 814
167 123 225 119 814
743 35 221 119 814
679 126 221 119 814
335 121 223 119 814
386 51 234 119 814
749 12 227 120 815
76 42 221 120 815
167 124 224 120 815
111 99 221 120 815
386 52 231 120 815
76 43 221 121 816
167 125 226 121 816
230 102 223 121 816
386 53 226 121 816
749 14 225 122 817
76 44 221 122 817
660 113 221 122 817
386 54 224 122 817
749 15 222 123 818
299 70 223 123 818
386 55 227 123 818
659 126 223 124 819
660 115 231 124 819
211 126 247 124 819
536 131 224 124 819
299 72 235 125 820
499 74 221 125 820
660 116 247 125 820
211 127 237 125 820
536 132 224 125 820
76 48 241 126 821
299 73 221 126 821
659 128 229 126 821
660 117 224 126 821
710 89 229 127 822
299 74 230 127 822
76 49 223 127 822
380 67 226 127 822
193 116 225 127 822
659 129 230 127 822
710 90 226 128 823
749 20 231 128 823
299 75 231 128 823
76 50 230 128 823
240 113 221 128 823
660 119 239 128 823
211 130 231 128 823
46 122 222 128 823
299 76 237 129 824
76 51 228 129 824
380 69 225 129 824
197 134 222 129 824
167 133 221 129 824
536 136 221 129 824
386 61 221 129 824
299 77 225 130 825
386 62 228 130 825
710 93 224 130 825
299 78 222 131 826
749 23 225 131 826
703 117 221 131 826
660 122 226 131 826
536 138 225 131 826
386 63 231 131 826
710 94 233 131 826
749 24 235 132 827
197 137 224 132 827
386 64 231 132 827
710 95 228 132 827
299 80 222 133 828
76 55 225 133 828
380 73 221 133 828
240 118 222 133 828
710 96 221 133 828
299 81 224 134 829
749 26 225 134 829
76 56 248 134 829
380 74 223 134 829
211 136 223 134 829
660 125 231 134 829
386 66 225 134 829
710 97 227 134 829
299 82 227 135 830
76 57 247 135 830
197 140 221 135 830
743 51 223 135 830
211 137 221 135 830
660 126 230 135 830
386 67 223 135 830
536 142 223 135 830
749 28 221 136 831
299 83 231 136 831
76 58 241 136 831
748 136 223 136 831
240 121 221 136 831
773 63 223 136 831
440 133 223 136 831
211 138 224 136 831
386 68 226 136 831
710 99 229 136 831
749 29 223 137 832
299 84 223 137 832
76 59 233 137 832
380 77 225 137 832
659 139 225 137 832
240 122 224 137 832
743 53 221 137 832
679 144 223 137 832
660 128 222 137 832
710 100 225 137 832
749 30 222 138 833
299 85 224 138 833
380 78 223 138 833
240 123 221 138 833
197 143 225 138 833
660 129 221 138 833
386 70 224 138 833
749 31 225 139 834
76 61 221 139 834
660 130 224 139 834
386 71 223 139 834
393 17 226 140 835
76 62 225 140 835
240 125 222 140 835
659 142 226 140 835
440 137 221 140 835
167 144 223 140 835
743 56 221 140 835
211 142 222 140 835
386 72 225 140 835
710 103 221 141 836
299 88 225 141 836
76 63 223 141 836
380 81 223 141 836
660 132 247 141 836
386 73 231 141 836
536 148 221 142 837
299 89 232 142 837
749 34 223 142 837
76 64 224 142 837
393 19 223 142 837
659 144 222 142 837
197 147 221 142 837
440 139 225 142 837
230 123 225 142 837
167 146 226 142 837
660 133 221 142 837
386 74 229 142 837
536 149 222 143 838
299 90 227 143 838
749 35 228 143 838
426 119 221 143 838
76 65 227 143 838
393 20 221 143 838
197 148 221 143 838
230 124 223 143 838
167 147 223 143 838
710 106 221 144 839
76 66 223 144 839
440 141 225 144 839
660 135 222 144 839
211 146 223 144 839
386 76 221 144 839
749 37 223 145 840
380 85 221 145 840
659 147 225 145 840
440 142 229 145 840
211 147 221 145 840
536 152 221 145 840
710 108 229 146 841
749 38 222 146 841
659 148 223 146 841
386 78 221 146 841
710 109 223 147 842
76 69 224 147 842
659 149 225 147 842
679 154 223 147 842
660 138 226 147 842
710 110 226 147 842
299 95 221 148 843
76 70 221 148 843
380 88 223 148 843
659 150 224 148 843
167 152 221 148 843
660 139 226 148 843
211 150 221 148 843
710 111 227 148 843
749 41 223 149 844
386 81 225 149 844
710 112 230 149 844
386 82 223 150 845
710 113 233 150 845
299 98 225 150 845
659 153 221 151 846
386 83 222 151 846
710 114 233 151 846
386 84 221 152 847
211 154 221 152 847
710 115 233 152 847
299 100 221 152 847
749 45 221 153 848
659 155 224 153 848
710 116 225 153 848
76 76 233 154 849
211 156 223 154 849
710 117 235 154 849
299 102 224 155 850
426 131 221 155 850
76 77 237 155 850
240 140 221 155 850
230 136 221 155 850
167 159 224 155 850
536 162 224 155 850
710 118 233 156 851
76 78 235 156 851
380 96 222 156 851
240 141 221 156 851
743 72 222 156 851
211 158 223 156 851
710 119 222 157 852
76 79 235 157 852
299 104 227 157 852
380 97 221 157 852
659 159 225 157 852
76 80 233 158 853
710 120 227 158 853
299 105 227 158 853
386 90 222 158 853
211 160 223 158 853
76 81 221 159 854
710 121 232 159 854
240 144 221 159 854
659 161 222 159 854
710 122 230 160 855
76 83 222 161 856
710 123 231 161 856
299 108 221 161 856
659 163 222 161 856
710 124 232 162 857
659 164 222 162 857
710 125 233 163 858
659 165 224 163 858
211 165 223 163 858
536 170 223 163 858
76 86 231 164 859
426 140 223 164 859
710 126 235 164 859
299 111 222 164 859
197 169 221 164 859
659 166 231 164 859
211 166 221 164 859
536 171 223 164 859
76 87 237 165 860
426 141 221 165 860
710 127 232 165 860
299 112 224 165 860
659 167 230 165 860
660 156 221 165 860
211 167 225 165 860
536 172 223 165 860
76 88 235 166 861
426 142 224 166 861
710 128 235 166 861
299 113 229 166 861
659 168 221 166 861
299 114 222 167 862
749 59 227 167 862
659 169 227 167 862
386 99 223 167 862
299 115 222 168 863
660 159 222 168 863
710 131 227 169 864
299 116 223 169 864
76 91 227 169 864
749 61 227 169 864
743 85 221 169 864
167 173 223 169 864
679 176 223 169 864
386 101 226 169 864
76 92 228 170 865
749 62 222 170 865
380 110 223 170 865
386 102 227 170 865
536 177 225 170 865
76 93 229 171 866
76 94 221 172 867
679 181 222 174 869
299 122 229 175 870
710 137 223 175 870
659 177 221 175 870
679 182 223 175 870
299 123 227 176 871
380 116 223 176 871
240 161 221 176 871
299 124 227 177 872
660 168 221 177 872
299 125 223 178 873
240 163 221 178 873
536 185 224 178 873
710 141 222 179 874
76 101 229 179 874
380 119 222 179 874
197 184 221 179 874
240 164 222 179 874
660 170 227 179 874
536 186 221 179 874
299 127 226 180 875
710 142 233 180 875
380 120 222 180 875
710 143 231 181 876
380 121 221 181 876
659 183 223 181 876
167 185 222 181 876
299 129 223 182 877
76 104 227 182 877
659 184 231 182 877
660 173 224 182 877
386 114 223 182 877
536 189 221 182 877
299 130 222 183 878
659 185 232 183 878
386 115 222 183 878
299 131 224 184 879
660 175 222 184 879
386 116 237 184 879
299 132 231 185 880
76 107 227 185 880
659 187 229 185 880
197 191 221 186 881
659 188 231 186 881
76 109 223 187 882
197 192 221 187 882
659 189 229 187 882
386 119 226 187 882
197 193 221 188 883
659 190 232 188 883
386 120 222 188 883
299 136 227 189 884
76 111 227 189 884
772 195 221 189 884
659 191 235 189 884
536 196 221 189 884
386 121 226 189 884
380 130 225 190 885
167 194 225 190 885
660 181 223 190 885
536 197 229 190 885
211 192 221 190 885
299 138 225 191 886
167 195 224 191 886
660 182 239 191 886
211 193 236 191 886
679 199 222 192 887
167 196 225 192 887
660 183 221 192 887
299 140 221 193 888
749 85 225 193 888
722 132 225 193 888
240 178 221 193 888
536 200 223 193 888
386 125 224 193 888
299 141 221 194 889
749 86 223 194 889
659 196 231 194 889
240 180 221 195 890
659 197 235 195 890
679 202 222 195 890
211 197 225 195 890
299 143 221 196 891
749 88 222 196 891
659 198 221 196 891
749 89 225 197 892
659 199 223 197 892
299 145 223 198 893
76 120 228 198 893
749 90 221 198 893
659 200 222 198 893
659 201 221 199 894
660 190 222 199 894
211 201 222 199 894
659 202 227 200 895
76 123 221 201 896
659 203 224 201 896
749 94 221 202 897
659 204 222 202 897
386 134 227 202 897
380 143 221 203 898
240 188 222 203 898
660 194 223 203 898
76 126 224 204 899
660 195 223 204 899
299 152 221 205 900
76 127 222 205 900
749 97 225 205 900
437 164 221 206 901
659 208 221 206 901
386 138 223 206 901
76 129 225 207 902
749 99 225 207 902
659 209 221 207 902
299 155 221 208 903
76 130 223 208 903
749 100 225 208 903
386 140 222 208 903
76 131 222 209 904
386 141 225 209 904
76 132 223 210 905
749 102 224 210 905
386 142 223 210 905
76 133 225 211 906
749 104 221 212 907
749 105 223 213 908
299 162 223 215 910
749 107 221 215 910
299 164 225 217 912
386 150 222 218 913
749 111 225 219 914
386 151 226 219 914
386 152 222 220 915
660 212 222 221 916
386 156 221 225 920
76 147 221 225 920
386 157 226 226 921
386 158 222 227 922
299 174 225 227 922
380 167 226 227 922
743 143 222 227 922
536 235 222 228 923
386 160 223 229 924
76 151 227 229 924
659 231 225 229 924
299 177 221 230 925
380 170 223 230 925
749 122 221 230 925
19 228 227 231 926
536 238 223 231 926
749 124 222 232 927
536 239 231 232 927
299 180 227 233 928
536 240 238 233 928
386 165 223 234 929
211 236 221 234 929
299 1 223 235 930
211 237 221 235 930
659 238 221 236 931
659 239 224 237 932
712 238 221 238 933
749 130 221 238 933
380 180 225 240 935
386 171 222 240 935
299 6 227 240 935
197 245 224 240 935
76 163 222 241 936
299 7 227 241 936
167 246 221 242 937
76 165 221 243 938
386 174 224 243 938
299 9 221 243 938
749 135 223 243 938
346 42 235 244 939
365 234 225 244 939
384 250 231 245 940
346 43 233 245 940
76 168 222 246 941
299 12 224 246 941
76 170 224 248 943
723 238 223 248 943
299 14 227 248 943
749 140 222 248 943
772 254 227 248 943
167 252 228 248 943
211 250 221 248 943
76 171 227 249 944
659 251 224 249 944
772 255 227 249 944
167 253 221 249 944
659 252 221 250 945
679 257 221 250 945
660 241 224 250 945
76 173 231 251 946
386 182 225 251 946
660 242 223 251 946
76 174 226 252 947
386 183 236 252 947
386 184 224 253 948
386 185 227 254 949
76 176 225 254 949
299 20 222 254 949
749 146 225 254 949
679 261 223 254 949
386 186 226 255 950
386 187 225 256 951
749 148 224 256 951
386 188 223 257 952
299 23 223 257 952
749 149 231 257 952
386 189 223 258 953
743 174 221 258 953
772 264 224 258 953
299 25 225 259 954
76 181 221 259 954
749 151 231 259 954
536 266 231 259 954
386 193 222 262 957
76 184 224 262 957
386 194 221 263 958
299 30 225 264 959
76 186 225 264 959
299 31 221 265 960
660 256 221 265 960
12 44 221 265 960
211 267 242 265 960
536 272 223 265 960
299 33 221 266 961
211 269 221 267 962
299 34 227 268 963
211 270 241 268 963
536 275 221 268 963
712 269 224 268 963
211 271 226 269 964
749 163 223 271 966
211 273 227 271 966
712 272 224 271 966
386 203 221 272 967
211 274 235 272 967
712 273 221 272 967
76 195 224 273 968
386 204 224 273 968
386 205 224 274 969
76 196 221 274 969
167 278 224 274 969
386 207 224 276 971
440 273 223 276 971
299 43 222 277 972
386 208 222 277 972
76 200 224 278 973
386 210 224 279 974
386 211 222 280 975
660 272 224 281 976
749 174 221 282 977
386 214 222 283 978
749 175 223 283 978
536 290 223 283 978
76 206 221 284 979
299 51 225 285 980
440 282 221 285 980
299 52 224 286 981
440 283 222 286 981
299 53 223 287 982
386 218 225 287 982
393 36 221 287 982
386 219 225 288 983
440 285 222 288 983
299 55 221 289 984
386 220 225 289 984
386 221 225 290 985
749 182 221 290 985
386 222 225 291 986
299 58 221 292 987
386 223 225 292 987
440 289 221 292 987
299 59 222 293 988
386 225 227 294 989
76 216 221 294 989
749 186 224 294 989
5 297 221 294 989
299 61 225 295 990
46 289 221 295 990
211 297 222 295 990
749 188 223 296 991
211 299 227 297 992
386 229 224 298 993
749 190 224 298 993
712 299 221 299 994
76 221 224 299 994
5 302 221 299 994
660 290 225 299 994
299 66 223 300 995
749 192 221 300 995
749 194 221 302 997
76 224 221 302 997
743 218 221 302 997
211 304 223 302 997
386 234 223 303 998
749 195 227 303 998
679 310 225 303 998
660 294 224 303 998
536 310 221 303 998
386 235 223 304 999
749 196 223 304 999
386 236 227 305 1000
743 221 223 305 1000
211 307 221 305 1000
386 237 226 306 1001
386 238 230 307 1002
743 223 223 307 1002
386 239 228 308 1003
749 200 221 308 1003
76 230 221 308 1003
386 240 231 309 1004
749 201 221 309 1004
659 311 223 309 1004
230 290 221 309 1004
211 311 221 309 1004
386 241 229 310 1005
76 232 223 310 1005
659 312 221 310 1005
386 242 230 311 1006
660 302 225 311 1006
386 243 226 312 1007
659 314 221 312 1007
743 228 221 312 1007
386 244 226 313 1008
749 205 221 313 1008
659 315 226 313 1008
386 245 227 314 1009
659 316 224 314 1009
660 305 227 314 1009
299 8 224 314 1009
386 246 227 315 1010
749 207 225 315 1010
299 9 225 315 1010
386 247 228 316 1011
749 208 227 316 1011
536 323 225 316 1011
299 10 227 316 1011
386 248 226 317 1012
659 319 222 317 1012
76 239 221 317 1012
679 324 225 317 1012
230 298 223 317 1012
299 11 225 318 1013
386 249 227 318 1013
240 303 221 318 1013
335 320 221 318 1013
299 12 227 318 1013
386 250 221 319 1014
659 321 225 319 1014
660 310 227 319 1014
335 321 223 319 1014
211 321 223 319 1014
660 311 226 320 1015
749 213 224 321 1016
659 323 233 321 1016
703 307 224 321 1016
197 326 233 321 1016
76 244 224 322 1017
749 1 232 322 1017
167 326 231 322 1017
111 301 225 322 1017
240 308 223 323 1018
679 330 222 323 1018
46 317 223 323 1018
111 302 226 323 1018
224 230 225 325 1020
374 325 221 325 1020
723 316 222 326 1021
224 231 233 326 1021
638 313 227 326 1021
76 248 227 326 1021
733 329 241 326 1021
374 326 239 326 1021
335 328 221 326 1021
224 232 239 327 1022
733 330 238 327 1022
76 249 229 327 1022
374 327 227 327 1022
638 315 225 328 1023
206 297 228 328 1023
374 328 227 328 1023
638 316 225 329 1024
602 310 229 329 1024
303 322 226 329 1024
733 332 239 329 1024
419 315 223 329 1024
438 57 239 330 1025
224 235 228 330 1025
638 317 224 330 1025
733 333 238 330 1025
374 330 235 330 1025
419 316 225 330 1025
438 58 239 331 1026
638 318 222 331 1026
602 312 227 331 1026
131 320 225 331 1026
733 334 221 331 1026
544 333 233 331 1026
94 323 231 332 1027
303 325 235 332 1027
131 321 239 332 1027
206 301 227 332 1027
409 259 230 332 1027
578 334 230 332 1027
367 7 228 332 1027
85 16 225 332 1027
224 238 223 333 1028
638 320 230 333 1028
303 326 237 333 1028
206 302 224 333 1028
158 36 223 333 1028
780 345 226 333 1028
544 335 222 333 1028
94 325 222 334 1029
224 239 221 334 1029
602 315 223 334 1029
733 337 233 334 1029
409 261 225 334 1029
544 336 225 335 1030
438 62 233 335 1030
667 327 222 335 1030
94 326 225 335 1030
224 240 225 335 1030
602 316 229 335 1030
733 338 229 335 1030
158 38 221 335 1030
94 327 234 336 1031
224 241 233 336 1031
206 305 237 336 1031
127 354 221 336 1031
578 338 223 336 1031
224 242 230 337 1032
602 318 224 337 1032
733 340 243 337 1032
730 332 231 337 1032
544 339 221 338 1033
667 330 221 338 1033
94 329 222 338 1033
438 65 227 338 1033
557 346 223 338 1033
224 243 225 338 1033
733 341 229 338 1033
730 333 221 338 1033
374 338 224 338 1033
127 356 223 338 1033
158 41 223 338 1033
578 340 223 338 1033
419 324 221 338 1033
544 340 223 339 1034
667 331 224 339 1034
638 326 222 339 1034
224 244 221 339 1034
602 320 226 339 1034
131 328 225 339 1034
733 342 223 339 1034
291 332 223 339 1034
730 334 225 339 1034
374 339 224 339 1034
409 266 221 339 1034
667 332 224 340 1035
131 329 227 340 1035
374 340 224 340 1035
602 322 224 341 1036
131 330 234 341 1036
730 336 224 341 1036
374 341 221 341 1036
158 44 221 341 1036
85 25 222 341 1036
94 333 224 342 1037
143 321 223 342 1037
131 331 234 342 1037
158 45 224 342 1037
780 354 222 342 1037
85 26 224 342 1037
94 334 222 343 1038
638 330 221 343 1038
303 336 221 343 1038
131 332 235 343 1038
602 324 225 343 1038
85 27 223 343 1038
94 335 221 344 1039
131 333 235 344 1039
602 325 225 344 1039
158 47 225 344 1039
94 336 226 345 1040
602 326 227 345 1040
158 48 226 345 1040
165 15 222 345 1040
409 273 221 346 1041
329 283 226 347 1042
638 334 222 347 1042
158 50 221 347 1042
723 338 221 348 1043
303 341 221 348 1043
158 51 221 348 1043
578 350 222 348 1043
409 276 222 349 1044
158 52 223 349 1044
94 341 227 350 1045
438 77 223 350 1045
602 331 231 350 1045
733 353 224 350 1045
409 277 226 350 1045
127 368 223 350 1045
780 362 222 350 1045
367 25 221 350 1045
94 342 234 351 1046
438 78 224 351 1046
602 332 221 351 1046
127 369 221 351 1046
409 279 222 352 1047
127 370 232 352 1047
723 343 222 353 1048
303 346 221 353 1048
544 355 229 354 1049
329 290 225 354 1049
733 357 227 354 1049
409 281 221 354 1049
438 82 229 355 1050
127 373 222 355 1050
780 367 225 355 1050
94 347 221 356 1051
544 357 221 356 1051
224 261 233 356 1051
780 368 223 356 1051
224 262 225 357 1052
291 350 224 357 1052
733 360 222 357 1052
602 338 225 357 1052
206 326 221 357 1052
303 350 223 357 1052
730 352 221 357 1052
409 284 225 357 1052
374 357 223 357 1052
158 60 221 357 1052
780 369 224 357 1052
438 85 223 358 1053
224 263 222 358 1053
291 351 225 358 1053
602 339 225 358 1053
409 285 223 358 1053
374 358 222 358 1053
367 33 222 359 1054
544 360 223 359 1054
438 86 226 359 1054
224 264 222 359 1054
291 352 226 359 1054
733 362 224 359 1054
602 340 221 359 1054
303 352 221 359 1054
409 286 223 359 1054
374 359 246 359 1054
329 296 222 360 1055
638 347 223 360 1055
131 349 222 360 1055
291 353 227 360 1055
733 363 225 360 1055
206 329 223 360 1055
602 341 227 360 1055
409 287 224 360 1055
648 76 221 360 1055
206 330 224 361 1056
602 342 222 361 1056
303 354 227 361 1056
409 288 231 361 1056
374 361 229 361 1056
158 64 229 361 1056
85 45 224 361 1056
602 343 224 362 1057
374 362 234 362 1057
158 65 223 362 1057
94 354 223 362 1057
544 364 224 362 1057
438 90 226 363 1058
602 344 226 363 1058
374 363 238 363 1058
158 66 229 363 1058
733 367 231 364 1059
206 333 221 364 1059
374 364 232 364 1059
158 67 221 364 1059
648 80 225 364 1059
303 358 221 365 1060
409 292 225 365 1060
578 367 222 365 1060
780 377 226 365 1060
94 357 225 365 1060
131 355 223 366 1061
409 293 225 366 1061
158 69 230 366 1061
544 368 227 366 1061
131 356 228 367 1062
94 359 223 367 1062
438 95 229 368 1063
602 349 221 368 1063
94 360 225 368 1063
780 380 223 368 1063
438 96 240 369 1064
602 350 221 369 1064
374 369 221 369 1064
158 72 225 369 1064
94 361 223 369 1064
206 339 223 370 1065
602 351 222 370 1065
409 297 223 370 1065
158 73 223 370 1065
544 372 223 370 1065
638 358 225 371 1066
291 364 223 371 1066
733 374 223 371 1066
206 340 225 371 1066
303 364 221 371 1066
730 366 221 371 1066
602 352 224 371 1066
409 298 223 371 1066
158 74 224 371 1066
733 375 223 372 1067
303 365 223 372 1067
94 364 227 372 1067
544 374 242 372 1067
224 278 221 373 1068
638 360 221 373 1068
733 376 228 373 1068
409 300 225 373 1068
158 76 223 373 1068
544 375 232 373 1068
780 385 223 373 1068
733 377 222 374 1069
291 367 228 374 1069
602 355 232 374 1069
94 366 223 374 1069
544 376 225 374 1069
438 102 229 375 1070
206 344 221 375 1070
730 370 223 375 1070
158 78 227 375 1070
94 367 223 375 1070
544 377 227 375 1070
733 379 225 376 1071
158 79 221 376 1071
723 367 222 376 1071
648 92 221 377 1072
269 384 226 377 1072
780 389 221 377 1072
544 379 227 377 1072
94 369 225 377 1072
733 381 229 378 1073
303 371 221 378 1073
374 378 233 378 1073
544 380 221 378 1073
131 368 221 379 1074
419 365 221 379 1074
94 371 221 379 1074
602 361 234 380 1075
409 307 225 380 1075
158 83 231 380 1075
438 108 225 381 1076
131 370 224 381 1076
733 384 230 381 1076
143 360 223 381 1076
291 374 227 381 1076
206 350 222 381 1076
602 362 237 381 1076
158 84 223 381 1076
780 393 227 381 1076
94 373 226 381 1076
85 65 223 381 1076
578 383 222 381 1076
544 383 240 381 1076
438 109 226 382 1077
224 287 227 382 1077
638 369 226 382 1077
733 385 225 382 1077
230 363 224 382 1077
303 375 227 382 1077
291 375 224 382 1077
374 382 226 382 1077
602 363 223 382 1077
409 309 223 382 1077
438 110 221 383 1078
638 370 227 383 1078
131 372 235 383 1078
303 376 222 383 1078
409 310 232 383 1078
544 385 231 383 1078
206 353 225 384 1079
409 311 222 384 1079
158 87 226 384 1079
224 290 229 385 1080
733 388 223 385 1080
409 312 227 385 1080
374 385 227 385 1080
544 387 227 385 1080
578 387 221 385 1080
638 373 225 386 1081
178 392 222 386 1081
303 379 239 386 1081
374 386 223 386 1081
94 378 225 386 1081
544 388 228 386 1081
733 390 225 387 1082
667 380 221 387 1082
224 293 221 388 1083
206 357 223 388 1083
409 315 221 388 1083
224 294 221 389 1084
578 392 222 390 1085
544 392 224 391 1086
224 296 225 391 1086
367 66 221 391 1086
224 297 224 392 1087
206 361 225 392 1087
158 95 225 392 1087
409 319 230 392 1087
544 394 223 392 1087
544 395 224 393 1088
230 375 229 394 1089
206 363 221 394 1089
158 97 221 394 1089
544 396 225 394 1089
206 364 223 395 1090
602 376 223 395 1090
158 98 222 395 1090
409 322 223 395 1090
224 301 223 396 1091
438 123 227 396 1091
143 375 223 396 1091
206 365 222 396 1091
602 377 226 396 1091
409 323 221 396 1091
224 303 224 398 1093
230 379 222 398 1093
303 391 221 398 1093
602 379 222 398 1093
723 390 223 399 1094
230 381 221 400 1095
723 391 223 400 1095
602 382 221 401 1096
544 403 225 401 1096
733 405 221 402 1097
158 105 221 402 1097
602 383 222 402 1097
409 329 222 402 1097
780 414 222 402 1097
733 406 223 403 1098
723 394 223 403 1098
158 107 227 404 1099
544 406 221 405 1100
224 310 227 405 1100
131 395 225 406 1101
602 387 229 406 1101
215 320 222 407 1102
438 134 222 407 1102
230 388 228 407 1102
303 400 223 407 1102
291 400 223 407 1102
602 388 224 407 1102
224 313 224 408 1103
544 409 226 408 1103
131 397 221 408 1103
158 111 227 408 1103
230 389 221 408 1103
733 412 227 409 1104
602 390 223 409 1104
158 113 223 410 1105
544 412 223 410 1105
158 114 226 411 1106
303 404 222 411 1106
602 392 222 411 1106
409 338 223 411 1106
544 413 234 411 1106
131 401 221 412 1107
733 415 229 412 1107
602 393 227 412 1107
544 414 231 413 1108
131 402 221 413 1108
438 140 223 413 1108
291 406 221 413 1108
158 116 225 413 1108
230 394 222 413 1108
303 406 221 413 1108
409 340 227 413 1108
544 415 237 414 1109
638 401 225 414 1109
131 403 224 414 1109
733 417 224 414 1109
206 383 221 414 1109
602 395 226 414 1109
409 341 221 414 1109
374 414 223 414 1109
94 406 222 415 1110
544 416 237 415 1110
131 404 222 415 1110
230 396 223 415 1110
602 396 229 415 1110
409 342 225 415 1110
85 99 223 415 1110
544 417 233 416 1111
733 419 223 416 1111
230 397 222 416 1111
602 397 229 416 1111
409 343 223 416 1111
780 428 223 416 1111
544 418 235 417 1112
224 322 221 417 1112
131 406 226 417 1112
206 386 221 417 1112
230 398 221 417 1112
291 410 222 417 1112
602 398 226 417 1112
374 417 222 417 1112
329 354 223 418 1113
544 419 235 418 1113
190 194 225 418 1113
131 407 225 418 1113
733 421 225 418 1113
438 145 222 418 1113
206 387 221 418 1113
178 424 221 418 1113
409 345 225 418 1113
578 420 225 418 1113
544 420 226 419 1114
206 388 223 419 1114
158 122 224 419 1114
602 400 221 419 1114
409 346 221 419 1114
578 421 221 419 1114
544 421 227 419 1114
733 423 221 420 1115
438 147 223 420 1115
158 123 223 420 1115
602 401 221 420 1115
409 347 221 420 1115
578 422 226 420 1115
224 326 223 421 1116
438 148 221 421 1116
158 125 221 422 1117
544 424 224 422 1117
131 412 221 423 1118
733 426 226 423 1118
438 150 221 423 1118
409 350 221 423 1118
544 425 221 423 1118
733 427 226 424 1119
230 405 224 424 1119
733 428 223 425 1120
158 128 221 425 1120
578 427 227 425 1120
544 427 224 425 1120
733 429 225 426 1121
438 153 225 426 1121
158 129 223 426 1121
143 405 221 426 1121
374 426 224 426 1121
409 353 222 426 1121
544 428 223 426 1121
438 154 229 427 1122
127 445 222 427 1122
544 429 225 427 1122
438 155 226 428 1123
602 409 221 428 1123
733 432 221 429 1124
131 418 223 429 1124
206 398 222 429 1124
602 410 221 429 1124
127 447 221 429 1124
544 1 234 429 1124
131 419 221 430 1125
127 448 223 430 1125
544 2 225 430 1125
780 442 221 430 1125
733 434 227 431 1126
602 412 228 431 1126
158 134 221 431 1126
303 424 221 431 1126
374 431 226 431 1126
723 422 225 431 1126
544 3 221 431 1126
291 425 228 432 1127
374 432 224 432 1127
409 359 222 432 1127
723 423 221 432 1127
544 4 235 432 1127
438 160 235 433 1128
667 426 221 433 1128
544 5 225 433 1128
85 117 223 433 1128
602 415 225 434 1129
158 137 224 434 1129
409 361 223 434 1129
85 118 221 434 1129
733 438 222 435 1130
178 441 221 435 1130
158 138 223 435 1130
409 362 221 435 1130
158 139 221 436 1131
409 363 228 436 1131
667 429 221 436 1131
438 164 225 437 1132
303 430 222 437 1132
409 364 224 437 1132
723 428 221 437 1132
85 121 222 437 1132
578 439 221 437 1132
303 431 222 438 1133
291 431 227 438 1133
409 365 221 438 1133
158 142 225 439 1134
409 366 221 439 1134
723 430 221 439 1134
667 432 227 439 1134
578 441 224 439 1134
85 123 223 439 1134
131 429 224 440 1135
409 367 228 440 1135
667 433 225 440 1135
85 124 222 440 1135
438 168 221 441 1136
409 368 221 441 1136
578 443 225 441 1136
780 453 227 442 1137
224 347 221 442 1137
127 460 221 442 1137
303 435 221 442 1137
602 423 226 442 1137
291 435 222 442 1137
158 145 223 442 1137
409 369 222 442 1137
723 433 227 442 1137
544 14 223 442 1137
94 434 223 443 1138
438 170 229 443 1138
206 412 225 443 1138
127 461 222 443 1138
291 436 224 443 1138
409 370 223 443 1138
667 436 221 443 1138
733 447 230 444 1139
438 171 225 444 1139
143 423 226 444 1139
602 425 221 444 1139
158 147 221 444 1139
733 448 225 445 1140
602 426 223 445 1140
158 148 223 445 1140
291 438 222 445 1140
303 438 221 445 1140
578 447 225 445 1140
780 457 224 446 1141
158 149 226 446 1141
303 439 221 446 1141
131 436 222 447 1142
733 450 224 447 1142
206 416 221 447 1142
127 465 221 447 1142
158 150 223 447 1142
602 428 223 447 1142
291 440 221 447 1142
638 435 221 448 1143
733 451 224 448 1143
438 175 227 448 1143
374 448 225 448 1143
158 151 225 448 1143
291 441 224 448 1143
638 436 230 449 1144
578 1 225 449 1144
733 452 223 449 1144
206 418 222 449 1144
544 21 225 449 1144
131 439 225 450 1145
578 2 222 450 1145
374 450 221 450 1145
602 431 227 450 1145
780 462 227 451 1146
224 356 227 451 1146
578 3 233 451 1146
730 446 223 451 1146
438 178 221 451 1146
602 432 223 451 1146
544 23 221 451 1146
578 5 225 453 1148
158 156 227 453 1148
409 380 224 453 1148
303 446 224 453 1148
158 157 225 454 1149
602 435 223 454 1149
409 381 225 454 1149
303 447 221 454 1149
85 138 221 454 1149
638 442 223 455 1150
158 158 228 455 1150
602 436 225 455 1150
409 382 227 455 1150
85 139 222 455 1150
638 443 223 456 1151
578 8 225 456 1151
131 445 225 456 1151
158 159 227 456 1151
409 383 222 456 1151
303 449 222 456 1151
85 140 225 456 1151
667 449 221 456 1151
94 448 222 457 1152
131 446 233 457 1152
158 160 227 457 1152
374 457 225 457 1152
602 438 221 457 1152
303 450 221 457 1152
723 448 224 457 1152
733 461 221 458 1153
131 447 221 458 1153
206 427 222 458 1153
158 161 223 458 1153
723 449 225 458 1153
206 428 222 459 1154
158 162 222 459 1154
409 386 221 459 1154
723 450 224 459 1154
578 12 224 460 1155
374 460 221 460 1155
409 387 221 460 1155
544 32 234 460 1155
780 472 223 461 1156
733 464 227 461 1156
438 188 221 461 1156
374 461 225 461 1156
409 388 222 461 1156
648 177 222 461 1156
544 33 231 461 1156
224 367 227 462 1157
733 465 227 462 1157
578 14 223 462 1157
544 34 223 462 1157
94 454 222 463 1158
409 390 223 463 1158
544 35 223 463 1158
127 482 222 464 1159
419 450 224 464 1159
544 36 234 464 1159
780 476 228 465 1160
206 434 229 465 1160
374 465 223 465 1160
303 458 229 465 1160
419 451 223 465 1160
723 456 223 465 1160
733 469 221 466 1161
780 477 226 466 1161
303 459 231 466 1161
419 452 225 466 1161
723 457 222 466 1161
158 170 221 467 1162
374 467 225 467 1162
303 460 231 467 1162
419 453 223 467 1162
780 479 225 468 1163
94 459 222 468 1163
127 486 221 468 1163
419 454 224 468 1163
303 461 231 468 1163
85 152 224 468 1163
733 472 221 469 1164
94 460 223 469 1164
780 480 231 469 1164
158 172 225 469 1164
303 462 231 469 1164
419 455 223 469 1164
85 153 222 469 1164
224 375 224 469 1164
291 463 221 470 1165
127 488 223 470 1165
85 154 225 470 1165
667 463 224 470 1165
733 474 226 471 1166
206 440 223 471 1166
127 489 222 471 1166
419 457 223 471 1166
544 43 231 471 1166
519 388 222 471 1166
224 377 223 472 1167
733 475 232 472 1167
127 490 222 472 1167
303 465 223 472 1167
544 44 222 472 1167
224 378 225 473 1168
206 442 222 473 1168
127 491 222 473 1168
544 45 225 473 1168
638 461 223 473 1168
733 477 226 474 1169
206 443 221 474 1169
578 26 223 474 1169
638 462 221 474 1169
733 478 221 475 1170
291 468 221 475 1170
158 178 222 475 1170
224 381 224 476 1171
127 494 222 476 1171
409 403 223 476 1171
602 458 223 477 1172
544 49 222 477 1172
733 481 225 478 1173
291 471 221 478 1173
667 471 227 478 1173
224 384 227 479 1174
269 486 221 479 1174
638 467 223 479 1174
578 32 224 480 1175
409 407 221 480 1175
224 386 227 481 1176
127 499 228 481 1176
667 474 232 482 1177
224 387 226 482 1177
578 34 221 482 1177
269 489 229 482 1177
127 500 231 482 1177
158 185 225 482 1177
667 475 224 482 1177
143 462 221 483 1178
127 501 226 483 1178
409 410 221 483 1178
667 476 224 484 1179
224 389 223 484 1179
578 36 221 484 1179
127 502 227 484 1179
291 477 221 484 1179
602 465 229 484 1179
544 56 223 484 1179
438 212 225 485 1180
127 503 232 485 1180
667 478 227 485 1180
438 213 221 486 1181
578 38 227 486 1181
143 465 221 486 1181
127 504 225 486 1181
602 467 223 486 1181
419 472 222 486 1181
648 202 222 486 1181
667 479 225 486 1181
224 392 223 487 1182
438 214 223 487 1182
578 39 227 487 1182
269 494 223 487 1182
143 466 223 487 1182
127 505 227 487 1182
291 480 223 487 1182
374 487 221 487 1182
602 468 227 487 1182
438 215 225 488 1183
780 499 226 488 1183
269 495 222 488 1183
127 506 228 488 1183
291 481 225 488 1183
602 469 229 488 1183
648 204 222 488 1183
667 481 225 488 1183
224 394 221 489 1184
427 503 222 489 1184
127 507 227 489 1184
291 482 227 489 1184
409 416 221 489 1184
733 493 222 490 1185
780 501 229 490 1185
291 483 221 490 1185
374 490 225 490 1185
602 471 221 490 1185
544 62 223 490 1185
667 483 225 490 1185
780 502 225 491 1186
143 470 221 491 1186
127 509 222 491 1186
667 484 221 491 1186
94 483 229 491 1186
224 397 223 492 1187
438 219 231 492 1187
127 510 222 492 1187
291 485 223 492 1187
409 419 221 492 1187
438 220 233 493 1188
578 45 223 493 1188
206 462 224 493 1188
127 511 221 493 1188
143 472 222 493 1188
374 493 223 493 1188
602 474 225 493 1188
544 65 226 493 1188
438 221 227 494 1189
578 46 225 494 1189
206 463 227 494 1189
127 512 233 494 1189
374 494 225 494 1189
602 475 224 494 1189
85 178 228 494 1189
544 66 230 494 1189
667 487 223 494 1189
733 498 223 495 1190
438 222 228 495 1190
578 47 225 495 1190
206 464 229 495 1190
143 474 223 495 1190
127 513 234 495 1190
158 198 221 495 1190
374 495 222 495 1190
723 486 225 495 1190
602 476 221 495 1190
544 67 227 495 1190
638 483 223 495 1190
667 488 225 495 1190
733 499 225 496 1191
224 401 223 496 1191
438 223 227 496 1191
578 48 225 496 1191
206 465 229 496 1191
127 514 222 496 1191
94 488 224 496 1191
733 500 223 497 1192
438 224 231 497 1192
190 273 221 497 1192
127 515 231 497 1192
291 490 224 497 1192
158 200 224 497 1192
374 497 221 497 1192
544 69 227 497 1192
409 424 225 497 1192
733 501 222 498 1193
224 403 221 498 1193
438 225 221 498 1193
206 467 223 498 1193
602 479 224 498 1193
544 70 222 498 1193
303 491 222 498 1193
224 404 221 499 1194
438 226 231 499 1194
780 510 221 499 1194
127 517 229 499 1194
374 499 221 499 1194
419 485 221 499 1194
648 215 224 499 1194
409 426 224 499 1194
733 503 223 500 1195
780 511 222 500 1195
127 518 226 500 1195
158 203 225 500 1195
19 497 225 500 1195
544 72 231 500 1195
667 493 222 500 1195
94 492 224 501 1196
733 504 228 501 1196
438 228 224 501 1196
557 509 225 501 1196
578 53 223 501 1196
127 519 223 501 1196
158 204 222 501 1196
303 494 225 501 1196
667 494 226 501 1196
94 493 221 501 1196
224 407 225 501 1196
733 505 236 502 1197
438 229 222 502 1197
127 520 224 502 1197
419 488 223 502 1197
303 495 222 502 1197
224 408 221 502 1197
94 494 224 502 1197
438 230 222 503 1198
780 514 221 503 1198
131 492 235 503 1198
206 472 222 503 1198
158 206 228 503 1198
374 503 223 503 1198
206 473 221 504 1199
158 207 221 504 1199
723 495 222 504 1199
667 497 223 504 1199
780 516 221 505 1200
131 494 226 505 1200
127 523 223 505 1200
158 208 223 505 1200
602 486 222 505 1200
438 233 222 505 1200
733 509 223 506 1201
131 495 223 506 1201
206 475 223 506 1201
143 486 225 507 1202
667 500 223 507 1202
733 511 221 508 1203
329 444 222 508 1203
303 501 221 508 1203
544 80 223 508 1203
733 512 222 509 1204
131 498 222 509 1204
230 490 221 509 1204
127 527 223 509 1204
667 502 227 509 1204
409 436 221 509 1204
733 513 230 510 1205
329 446 223 510 1205
127 528 221 510 1205
158 213 225 510 1205
143 489 224 510 1205
291 503 222 510 1205
723 501 221 510 1205
648 226 226 510 1205
409 437 227 510 1205
733 514 227 511 1206
269 518 222 511 1206
127 529 225 511 1206
230 492 221 511 1206
291 504 224 511 1206
544 83 227 511 1206
667 504 224 511 1206
409 438 223 511 1206
733 515 221 512 1207
127 530 223 512 1207
667 505 223 512 1207
269 520 223 513 1208
127 531 221 513 1208
667 506 225 513 1208
733 517 222 514 1209
127 532 225 514 1209
143 493 221 514 1209
667 507 227 514 1209
667 509 223 516 1211
438 244 223 516 1211
427 531 222 517 1212
733 520 232 517 1212
131 506 225 517 1212
230 498 221 517 1212
158 220 224 517 1212
143 496 222 517 1212
291 510 221 517 1212
723 508 225 517 1212
131 507 225 518 1213
206 487 221 518 1213
158 221 225 518 1213
374 518 225 518 1213
602 499 229 518 1213
544 90 228 518 1213
427 533 222 519 1214
131 508 227 519 1214
206 488 227 519 1214
578 71 223 519 1214
158 222 226 519 1214
602 500 224 519 1214
544 91 223 519 1214
224 425 221 520 1215
131 509 223 520 1215
578 72 224 520 1215
158 223 228 520 1215
143 499 227 520 1215
127 538 222 520 1215
374 520 223 520 1215
667 513 229 520 1215
409 448 225 521 1216
544 93 221 521 1216
733 525 225 522 1217
780 533 221 522 1217
131 511 225 522 1217
206 491 229 522 1217
723 513 226 522 1217
648 238 225 522 1217
780 534 222 523 1218
131 512 222 523 1218
206 492 224 523 1218
158 226 229 523 1218
544 95 225 523 1218
224 429 222 524 1219
131 513 223 524 1219
158 227 237 524 1219
374 524 221 524 1219
723 515 231 524 1219
544 96 227 524 1219
131 514 226 525 1220
733 528 232 525 1220
158 228 227 525 1220
143 504 223 525 1220
409 452 223 525 1220
544 97 227 525 1220
438 253 221 525 1220
427 540 222 526 1221
131 515 226 526 1221
733 529 231 526 1221
230 507 223 526 1221
158 229 229 526 1221
143 505 222 526 1221
127 544 222 526 1221
85 210 222 526 1221
206 496 223 527 1222
158 230 221 527 1222
143 506 228 527 1222
85 211 225 527 1222
438 255 224 527 1222
190 304 221 528 1223
94 519 226 528 1223
224 433 225 528 1223
733 531 223 528 1223
206 497 222 528 1223
127 546 223 528 1223
648 244 223 528 1223
667 521 225 528 1223
438 256 233 528 1223
224 434 221 529 1224
131 518 227 529 1224
780 540 231 529 1224
291 522 221 529 1224
667 522 221 529 1224
438 257 225 529 1224
224 435 223 530 1225
733 533 224 530 1225
158 233 224 530 1225
409 457 221 530 1225
438 258 223 530 1225
94 522 222 531 1226
131 520 223 531 1226
224 436 225 531 1226
733 534 223 531 1226
578 83 227 531 1226
291 524 233 531 1226
127 549 223 531 1226
374 531 233 531 1226
85 215 221 531 1226
544 103 225 531 1226
438 259 225 531 1226
427 546 222 532 1227
329 468 225 532 1227
94 523 222 532 1227
224 437 224 532 1227
733 535 226 532 1227
206 501 226 532 1227
158 235 221 532 1227
230 513 223 532 1227
291 525 229 532 1227
127 550 231 532 1227
374 532 221 532 1227
648 248 223 532 1227
438 260 223 532 1227
557 541 223 533 1228
131 522 225 533 1228
730 528 222 533 1228
206 502 227 533 1228
158 236 221 533 1228
291 526 233 533 1228
127 551 237 533 1228
374 533 231 533 1228
544 105 221 533 1228
733 537 223 534 1229
578 86 223 534 1229
206 503 224 534 1229
143 513 227 534 1229
291 527 237 534 1229
127 552 235 534 1229
374 534 224 534 1229
190 311 222 535 1230
94 526 222 535 1230
224 440 246 535 1230
733 538 238 535 1230
206 504 225 535 1230
291 528 233 535 1230
127 553 231 535 1230
374 535 233 535 1230
427 550 225 536 1231
224 441 239 536 1231
206 505 225 536 1231
127 554 227 536 1231
409 463 223 536 1231
667 529 221 536 1231
438 264 222 536 1231
224 442 237 537 1232
733 540 224 537 1232
206 506 229 537 1232
158 240 223 537 1232
127 555 226 537 1232
291 530 224 537 1232
374 537 223 537 1232
409 464 224 537 1232
544 109 225 537 1232
438 265 232 537 1232
224 443 236 538 1233
438 266 223 538 1233
94 530 227 539 1234
224 444 222 539 1234
291 532 224 539 1234
127 557 237 539 1234
648 255 221 539 1234
438 267 225 539 1234
94 531 222 540 1235
780 551 227 540 1235
291 533 221 540 1235
127 558 231 540 1235
409 467 225 540 1235
190 317 222 540 1235
438 268 225 540 1235
94 532 221 541 1236
329 477 223 541 1236
578 93 222 541 1236
158 244 222 541 1236
127 559 233 541 1236
409 468 223 541 1236
190 318 221 541 1236
438 269 223 541 1236
94 533 222 542 1237
780 553 224 542 1237
329 478 222 542 1237
291 535 222 542 1237
127 560 225 542 1237
544 114 229 542 1237
438 270 237 542 1237
427 557 225 542 1237
780 554 221 543 1238
224 448 225 543 1238
291 536 224 543 1238
230 524 222 543 1238
374 543 231 543 1238
127 561 233 543 1238
419 529 223 543 1238
544 115 223 543 1238
438 271 231 543 1238
224 449 223 544 1239
178 550 221 544 1239
291 537 223 544 1239
127 562 222 544 1239
419 530 223 544 1239
667 537 222 544 1239
438 272 233 544 1239
730 540 222 545 1240
733 548 222 545 1240
143 524 223 545 1240
291 538 226 545 1240
127 563 227 545 1240
544 117 229 545 1240
438 273 225 545 1240
427 560 224 545 1240
224 451 224 546 1241
730 541 221 546 1241
733 549 226 546 1241
206 515 228 546 1241
143 525 221 546 1241
291 539 225 546 1241
374 546 225 546 1241
127 564 233 546 1241
85 230 221 546 1241
438 274 233 546 1241
224 452 225 547 1242
733 550 225 547 1242
143 526 225 547 1242
158 250 225 547 1242
374 547 225 547 1242
127 565 231 547 1242
667 540 221 547 1242
544 119 227 547 1242
438 275 233 547 1242
780 559 222 547 1242
733 551 229 548 1243
206 517 223 548 1243
269 555 221 548 1243
158 251 221 548 1243
374 548 231 548 1243
127 566 230 548 1243
409 1 223 548 1243
602 529 229 548 1243
667 541 223 548 1243
158 252 236 549 1244
127 567 225 549 1244
723 540 222 549 1244
780 561 221 549 1244
427 564 229 550 1245
206 519 221 550 1245
291 543 223 550 1245
158 253 235 550 1245
127 568 230 550 1245
409 3 227 550 1245
85 234 223 550 1245
780 562 226 550 1245
131 540 229 551 1246
730 546 231 551 1246
454 557 223 551 1246
374 551 221 551 1246
291 544 222 551 1246
158 254 233 551 1246
127 569 233 551 1246
409 4 226 551 1246
602 532 234 551 1246
85 235 224 551 1246
667 544 225 551 1246
544 123 223 551 1246
224 457 223 552 1247
206 521 221 552 1247
578 104 223 552 1247
158 255 226 552 1247
730 548 223 553 1248
158 256 227 553 1248
409 6 221 553 1248
165 223 221 553 1248
85 237 229 553 1248
449 308 224 553 1248
602 534 227 553 1248
94 545 222 553 1248
730 549 225 554 1249
578 106 226 554 1249
178 560 225 554 1249
158 257 227 554 1249
291 547 223 554 1249
127 572 233 554 1249
513 549 223 554 1249
85 238 227 554 1249
667 547 221 554 1249
178 561 225 555 1250
158 258 232 555 1250
648 271 225 555 1250
667 548 221 555 1250
158 259 234 556 1251
648 272 225 556 1251
667 549 227 556 1251
638 544 222 556 1251
544 128 223 556 1251
190 333 229 557 1252
94 2 221 557 1252
143 536 221 557 1252
158 260 231 557 1252
291 550 221 557 1252
127 575 221 557 1252
648 273 222 557 1252
602 538 225 557 1252
667 550 233 557 1252
85 241 224 557 1252
190 334 223 558 1253
427 572 222 558 1253
438 285 230 558 1253
733 561 231 558 1253
206 527 226 558 1253
409 11 227 558 1253
85 242 221 558 1253
667 551 231 558 1253
419 544 221 558 1253
190 335 221 559 1254
438 286 223 559 1254
733 562 229 559 1254
578 111 221 559 1254
409 12 223 559 1254
602 540 235 559 1254
667 552 228 559 1254
329 496 222 560 1255
190 336 227 560 1255
224 465 221 560 1255
178 566 222 560 1255
158 263 224 560 1255
723 551 221 560 1255
158 264 233 561 1256
369 561 227 562 1257
178 568 223 562 1257
423 556 224 563 1258
121 573 222 564 1259
740 491 229 564 1259
423 557 222 564 1259
484 407 224 565 1260
740 492 221 565 1260
423 558 225 565 1260
740 493 225 566 1261
484 409 228 567 1262
627 566 221 567 1262
484 410 224 568 1263
627 567 226 568 1263
740 495 227 568 1263
396 52 221 569 1264
110 562 223 569 1264
653 195 223 569 1264
538 556 225 569 1264
148 567 223 569 1264
594 13 223 570 1265
627 569 223 570 1265
653 196 221 570 1265
627 570 224 571 1266
627 572 223 573 1268
771 443 226 574 1269
484 416 221 574 1269
740 501 221 574 1269
771 444 225 575 1270
626 549 221 575 1270
653 201 221 575 1270
148 573 223 575 1270
740 502 223 575 1270
771 445 225 576 1271
626 550 229 576 1271
148 574 225 576 1271
740 503 221 576 1271
771 446 223 577 1272
626 551 229 577 1272
148 575 227 577 1272
484 420 223 578 1273
771 448 221 579 1274
771 449 231 580 1275
626 554 237 580 1275
538 567 227 580 1275
740 507 239 580 1275
771 450 225 581 1276
586 583 224 581 1276
616 391 222 581 1276
538 568 235 581 1276
740 508 221 581 1276
777 574 236 581 1276
626 556 223 582 1277
586 584 221 582 1277
498 161 225 582 1277
740 509 224 582 1277
777 575 237 582 1277
626 557 223 583 1278
740 510 222 583 1278
777 577 221 584 1279
771 454 223 585 1280
626 559 221 585 1280
538 572 225 585 1280
538 573 225 586 1281
777 579 222 586 1281
498 165 225 586 1281
626 561 221 587 1282
616 397 221 587 1282
740 514 223 587 1282
626 562 227 588 1283
484 430 223 588 1283
771 458 226 589 1284
507 489 222 589 1284
616 399 224 589 1284
538 576 225 589 1284
507 490 223 590 1285
626 564 225 590 1285
484 432 225 590 1285
740 517 227 590 1285
538 577 221 590 1285
507 491 242 591 1286
538 578 223 591 1286
484 434 221 592 1287
148 590 223 592 1287
740 519 223 592 1287
538 579 229 592 1287
740 520 227 593 1288
538 580 230 593 1288
538 581 221 594 1289
627 594 233 595 1290
616 405 225 595 1290
498 174 227 595 1290
538 582 224 595 1290
771 465 226 596 1291
626 570 230 596 1291
484 438 221 596 1291
771 466 228 597 1292
507 497 230 597 1292
626 571 225 597 1292
498 176 227 597 1292
771 467 229 598 1293
424 607 223 598 1293
507 498 225 598 1293
740 525 230 598 1293
498 177 228 598 1293
538 585 226 598 1293
771 468 225 599 1294
507 499 222 599 1294
626 1 233 599 1294
484 441 225 599 1294
148 597 225 599 1294
498 178 224 599 1294
771 469 233 600 1295
507 500 223 600 1295
626 2 222 600 1295
627 599 221 600 1295
148 598 232 600 1295
498 179 225 600 1295
538 587 224 600 1295
444 610 233 601 1296
740 528 221 601 1296
538 588 223 601 1296
507 502 222 602 1297
626 4 223 602 1297
538 589 227 602 1297
507 503 224 603 1298
626 5 225 603 1298
148 601 223 603 1298
424 613 225 604 1299
507 504 225 604 1299
626 6 227 604 1299
538 591 223 604 1299
424 614 226 605 1300
507 505 231 605 1300
626 7 224 605 1300
586 607 224 605 1300
740 532 222 605 1300
538 592 225 605 1300
507 506 229 606 1301
626 8 224 606 1301
507 507 225 607 1302
740 534 221 607 1302
538 594 224 607 1302
507 508 223 608 1303
148 606 229 608 1303
538 595 224 608 1303
507 509 225 609 1304
626 11 227 609 1304
484 451 224 609 1304
616 419 221 609 1304
507 510 224 610 1305
626 13 227 611 1306
148 609 221 611 1306
538 598 230 611 1306
489 555 226 612 1307
626 14 225 612 1307
484 454 227 612 1307
586 614 222 612 1307
489 556 221 613 1308
777 606 221 613 1308
538 600 222 613 1308
148 612 225 614 1309
771 484 225 615 1310
507 515 223 615 1310
586 617 221 615 1310
538 602 233 615 1310
489 559 222 616 1311
507 516 224 616 1311
626 18 226 616 1311
538 603 235 616 1311
771 486 224 617 1312
424 626 221 617 1312
507 517 222 617 1312
484 459 225 617 1312
626 19 233 617 1312
423 610 222 617 1312
538 604 227 617 1312
498 196 221 617 1312
771 487 224 618 1313
489 561 229 618 1313
507 518 229 618 1313
538 605 233 618 1313
498 197 227 618 1313
771 488 221 619 1314
489 562 232 619 1314
507 519 233 619 1314
484 461 222 619 1314
538 606 233 619 1314
498 198 231 619 1314
771 489 231 620 1315
489 563 226 620 1315
507 520 231 620 1315
538 607 231 620 1315
771 490 227 621 1316
484 463 222 621 1316
507 521 229 621 1316
538 608 232 621 1316
777 614 222 621 1316
498 200 222 621 1316
771 491 225 622 1317
507 522 230 622 1317
777 615 221 622 1317
538 609 233 622 1317
771 492 225 623 1318
484 465 222 623 1318
507 523 226 623 1318
777 616 227 623 1318
538 610 233 623 1318
498 202 228 623 1318
424 633 221 624 1319
771 493 225 624 1319
507 524 231 624 1319
777 617 222 624 1319
538 611 231 624 1319
498 203 228 624 1319
626 27 222 625 1320
507 525 229 625 1320
777 618 224 625 1320
538 612 231 625 1320
498 204 227 625 1320
777 619 221 626 1321
498 205 236 626 1321
538 613 231 626 1321
507 527 224 627 1322
777 620 223 627 1322
538 614 231 627 1322
498 206 230 627 1322
484 470 225 628 1323
507 528 227 628 1323
498 207 232 628 1323
777 621 224 628 1323
538 615 233 628 1323
507 529 231 629 1324
777 622 226 629 1324
538 616 231 629 1324
498 208 229 629 1324
626 32 223 630 1325
507 530 232 630 1325
740 557 221 630 1325
637 586 221 630 1325
777 623 224 630 1325
538 617 231 630 1325
498 209 229 630 1325
626 33 222 631 1326
507 531 229 631 1326
777 624 225 631 1326
538 618 231 631 1326
498 210 224 631 1326
484 474 223 632 1327
626 34 222 632 1327
507 532 229 632 1327
777 625 223 632 1327
538 619 233 632 1327
498 211 228 632 1327
484 475 224 633 1328
626 35 221 633 1328
507 533 230 633 1328
740 560 224 633 1328
538 620 227 633 1328
484 476 221 634 1329
626 36 221 634 1329
538 621 222 634 1329
507 535 222 635 1330
626 37 223 635 1330
586 637 224 635 1330
627 634 224 635 1330
740 562 222 635 1330
538 622 223 635 1330
498 214 226 636 1331
740 563 222 636 1331
538 623 231 636 1331
626 39 223 637 1332
507 537 226 637 1332
538 624 227 637 1332
626 40 222 638 1333
507 538 225 638 1333
148 636 224 638 1333
498 217 221 639 1334
771 508 223 639 1334
484 481 224 639 1334
626 41 225 639 1334
507 539 221 639 1334
627 638 221 639 1334
616 449 222 639 1334
498 218 225 640 1335
424 649 223 640 1335
484 482 221 640 1335
148 638 221 640 1335
740 567 221 640 1335
616 450 223 640 1335
538 627 228 640 1335
424 650 224 641 1336
484 483 229 641 1336
616 451 225 641 1336
777 634 225 641 1336
538 628 224 641 1336
498 220 223 642 1337
507 542 223 642 1337
148 641 226 643 1338
626 46 222 644 1339
507 544 223 644 1339
498 223 229 645 1340
484 487 225 645 1340
626 47 224 645 1340
586 647 222 645 1340
616 455 222 645 1340
777 638 223 645 1340
424 655 238 646 1341
771 515 225 646 1341
484 488 227 646 1341
507 546 228 646 1341
626 48 229 646 1341
586 648 225 646 1341
484 489 223 647 1342
424 656 221 647 1342
771 516 227 647 1342
626 49 232 647 1342
586 649 226 647 1342
236 645 223 648 1343
484 490 225 648 1343
626 50 227 648 1343
507 548 229 648 1343
586 650 221 648 1343
498 227 221 648 1343
771 518 223 649 1344
626 51 225 649 1344
507 549 221 649 1344
586 651 227 649 1344
498 228 229 649 1344
771 519 225 650 1345
627 649 223 650 1345
777 643 223 650 1345
498 229 222 650 1345
424 660 223 651 1346
484 493 223 651 1346
626 53 225 651 1346
507 551 222 651 1346
740 578 226 651 1346
777 644 226 651 1346
236 649 222 652 1347
484 494 221 652 1347
137 646 221 652 1347
586 654 226 652 1347
507 552 227 652 1347
148 650 226 652 1347
338 7 223 653 1348
626 55 222 653 1348
586 655 226 653 1348
507 553 226 653 1348
616 463 221 653 1348
498 232 235 653 1348
484 496 221 654 1349
338 8 221 654 1349
626 56 227 654 1349
498 233 223 655 1350
338 9 235 655 1350
498 234 223 656 1351
338 10 237 656 1351
507 556 225 656 1351
538 643 229 656 1351
498 235 233 656 1351
484 499 223 657 1352
771 526 223 657 1352
338 11 235 657 1352
586 659 227 657 1352
626 59 223 657 1352
507 557 227 657 1352
538 644 237 657 1352
771 527 221 658 1353
338 12 234 658 1353
586 660 226 658 1353
507 558 230 658 1353
148 656 222 658 1353
338 13 226 659 1354
586 661 227 659 1354
507 559 221 659 1354
740 586 222 659 1354
538 646 228 659 1354
586 662 229 660 1355
507 560 224 660 1355
627 659 227 660 1355
148 658 233 660 1355
740 587 222 660 1355
616 470 221 660 1355
538 647 244 660 1355
498 239 230 661 1356
338 15 231 661 1356
626 63 222 661 1356
627 660 222 661 1356
148 659 224 661 1356
538 648 234 661 1356
484 504 224 662 1357
338 16 242 662 1357
771 531 229 662 1357
626 64 241 662 1357
512 644 225 662 1357
616 472 243 662 1357
771 532 225 663 1358
507 563 223 663 1358
626 65 225 663 1358
616 473 223 663 1358
538 650 237 663 1358
777 656 227 663 1358
498 242 225 663 1358
484 506 222 664 1359
338 18 227 664 1359
586 666 227 664 1359
627 663 221 664 1359
616 474 222 664 1359
538 651 238 664 1359
152 666 222 665 1360
338 19 223 665 1360
507 565 222 665 1360
538 652 221 665 1360
777 658 230 665 1360
338 20 231 666 1361
586 668 223 666 1361
507 566 228 666 1361
626 68 222 666 1361
538 653 226 666 1361
777 659 227 666 1361
236 664 223 667 1362
338 21 225 667 1362
626 69 225 667 1362
627 666 224 667 1362
148 665 225 667 1362
230 648 223 667 1362
538 654 227 667 1362
498 246 221 668 1363
771 537 221 668 1363
507 568 237 668 1363
740 595 222 668 1363
538 655 229 668 1363
236 666 226 669 1364
771 538 225 669 1364
484 511 225 669 1364
338 23 224 669 1364
626 71 225 669 1364
538 656 225 669 1364
484 512 223 670 1365
586 672 224 670 1365
199 229 221 670 1365
148 668 223 670 1365
538 657 225 670 1365
498 249 224 670 1365
236 668 227 671 1366
338 25 226 671 1366
586 673 225 671 1366
507 571 222 671 1366
626 73 223 671 1366
740 598 222 671 1366
538 658 227 671 1366
498 250 224 671 1366
626 74 221 672 1367
538 659 227 672 1367
771 542 221 673 1368
484 515 221 673 1368
586 675 224 673 1368
498 253 227 674 1369
236 672 221 675 1370
338 29 223 675 1370
626 77 221 675 1370
740 602 223 675 1370
338 30 223 676 1371
586 678 222 676 1371
740 603 221 676 1371
538 663 221 676 1371
777 669 221 676 1371
338 31 226 677 1372
484 519 223 677 1372
740 604 221 677 1372
498 256 221 677 1372
538 664 223 677 1372
338 32 231 678 1373
338 33 230 679 1374
484 521 223 679 1374
586 681 223 679 1374
507 579 227 679 1374
777 672 223 679 1374
538 666 225 679 1374
338 34 223 680 1375
627 679 223 680 1375
148 678 230 680 1375
498 259 222 680 1375
538 668 221 681 1376
236 679 223 682 1377
507 582 222 682 1377
338 37 227 683 1378
498 262 222 683 1378
538 670 225 684 1379
637 49 221 684 1379
626 87 221 685 1380
498 264 222 685 1380
338 40 227 686 1381
484 528 225 686 1381
396 169 222 686 1381
519 603 221 687 1382
338 41 227 687 1382
538 674 223 687 1382
498 267 221 688 1383
538 675 221 688 1383
777 681 221 688 1383
777 682 222 689 1384
338 44 222 690 1385
484 532 221 690 1385
777 683 225 690 1385
338 46 233 692 1387
484 534 221 692 1387
507 592 221 692 1387
199 251 222 692 1387
616 502 222 692 1387
498 271 221 692 1387
538 679 237 692 1387
338 47 225 693 1388
498 272 223 693 1388
586 696 221 694 1389
338 49 221 695 1390
148 693 221 695 1390
538 682 230 695 1390
637 61 221 696 1391
507 596 223 696 1391
538 683 223 696 1391
338 51 223 697 1392
484 539 221 697 1392
626 99 225 697 1392
626 100 229 698 1393
616 508 222 698 1393
538 685 222 698 1393
338 53 223 699 1394
338 54 223 700 1395
199 259 223 700 1395
626 102 222 700 1395
148 698 221 700 1395
616 510 221 700 1395
338 55 227 701 1396
507 601 223 701 1396
626 103 221 701 1396
740 628 221 701 1396
148 699 221 701 1396
616 511 221 701 1396
424 711 221 702 1397
538 689 223 702 1397
338 57 222 703 1398
484 545 227 703 1398
626 105 224 703 1398
148 701 225 703 1398
538 690 223 703 1398
616 513 221 703 1398
626 106 222 704 1399
740 631 222 704 1399
338 59 226 705 1400
538 693 225 706 1401
424 716 222 707 1402
338 61 221 707 1402
507 607 222 707 1402
538 694 234 707 1402
777 700 221 707 1402
424 717 223 708 1403
338 62 231 708 1403
484 550 221 708 1403
538 695 233 708 1403
338 63 235 709 1404
484 551 221 709 1404
507 609 223 709 1404
538 696 229 709 1404
777 702 221 710 1405
199 269 223 710 1405
498 289 225 710 1405
538 697 223 710 1405
338 65 229 711 1406
507 611 223 711 1406
740 638 226 711 1406
148 709 227 711 1406
498 290 221 711 1406
538 698 238 711 1406
777 704 224 711 1406
740 639 225 712 1407
230 693 225 712 1407
498 291 226 712 1407
538 699 233 712 1407
740 640 223 713 1408
148 711 224 713 1408
616 523 222 713 1408
498 292 222 713 1408
538 700 221 713 1408
338 68 231 714 1409
484 556 221 714 1409
498 293 221 714 1409
338 69 224 715 1410
538 702 233 715 1410
626 7 223 716 1411
538 703 232 716 1411
338 71 231 717 1412
251 713 221 717 1412
538 704 229 717 1412
498 296 221 717 1412
338 72 223 718 1413
498 297 224 718 1413
538 705 223 718 1413
338 73 223 719 1414
586 721 225 719 1414
777 712 225 719 1414
338 74 225 720 1415
484 562 221 720 1415
507 620 221 720 1415
148 718 221 720 1415
538 707 224 720 1415
538 708 231 721 1416
498 301 222 722 1417
346 521 221 723 1418
538 710 225 723 1418
338 78 231 724 1419
484 566 225 724 1419
507 624 223 724 1419
740 651 227 724 1419
498 303 225 724 1419
538 711 230 724 1419
777 717 227 724 1419
338 79 227 725 1420
507 625 228 725 1420
148 723 222 725 1420
498 304 233 725 1420
538 712 231 725 1420
338 80 226 726 1421
771 595 235 726 1421
484 568 225 726 1421
199 285 221 726 1421
507 626 223 726 1421
740 653 221 726 1421
498 305 227 726 1421
538 713 221 726 1421
777 719 225 726 1421
338 81 231 727 1422
507 627 225 727 1422
538 714 233 727 1422
338 82 221 728 1423
626 19 221 728 1423
771 597 224 728 1423
538 715 235 728 1423
789 722 225 729 1424
626 20 221 729 1424
740 656 233 729 1424
616 539 225 729 1424
338 84 222 730 1425
626 21 230 730 1425
507 630 224 730 1425
148 728 225 730 1425
538 717 226 730 1425
626 22 223 731 1426
338 85 224 731 1426
538 718 222 731 1426
424 741 223 731 1426
626 23 223 732 1427
338 86 230 732 1427
484 574 228 732 1427
148 730 221 732 1427
538 719 223 732 1427
616 542 222 732 1427
626 24 226 733 1428
338 87 231 733 1428
538 720 233 733 1428
424 743 224 733 1428
626 25 224 734 1429
484 576 221 734 1429
199 293 221 734 1429
507 634 224 734 1429
498 313 221 734 1429
538 721 221 734 1429
626 26 221 735 1430
538 723 224 736 1431
777 729 223 736 1431
338 91 229 737 1432
484 579 222 737 1432
740 664 221 737 1432
148 735 227 737 1432
777 731 222 738 1433
626 30 227 739 1434
740 666 221 739 1434
777 732 225 739 1434
338 94 226 740 1435
777 733 227 740 1435
626 32 225 741 1436
338 95 225 741 1436
637 106 223 741 1436
148 739 225 741 1436
498 320 223 741 1436
626 33 223 742 1437
338 96 225 742 1437
626 34 223 743 1438
338 97 226 743 1438
637 108 221 743 1438
148 741 225 743 1438
538 730 227 743 1438
498 322 224 743 1438
626 35 227 744 1439
338 98 233 744 1439
484 586 221 744 1439
498 323 223 744 1439
626 36 224 745 1440
484 587 226 745 1440
594 167 223 745 1440
637 110 221 745 1440
616 555 221 745 1440
538 732 225 745 1440
498 324 226 745 1440
424 755 221 745 1440
338 100 226 746 1441
538 733 223 746 1441
498 325 227 746 1441
199 306 222 747 1442
338 102 222 748 1443
777 741 223 748 1443
338 103 221 749 1444
616 559 222 749 1444
484 592 221 750 1445
338 104 225 750 1445
538 737 221 750 1445
338 105 223 751 1446
498 330 227 751 1446
338 107 223 753 1448
538 740 234 753 1448
424 763 223 753 1448
777 746 221 754 1449
338 108 221 754 1449
110 32 222 755 1450
498 334 223 755 1450
338 110 223 756 1451
484 599 222 757 1452
338 111 222 757 1452
538 744 227 757 1452
498 336 227 757 1452
89 764 222 758 1453
484 600 225 758 1453
538 745 221 758 1453
740 686 221 759 1454
498 339 230 760 1455
484 603 222 761 1456
338 115 226 761 1456
740 688 223 761 1456
538 748 223 761 1456
498 340 233 761 1456
338 116 225 762 1457
484 604 223 762 1457
740 689 222 762 1457
538 749 226 762 1457
498 341 237 762 1457
777 755 223 762 1457
338 117 229 763 1458
626 55 222 764 1459
616 574 226 764 1459
538 751 227 764 1459
740 691 221 764 1459
498 343 223 764 1459
424 774 221 765 1460
338 119 235 765 1460
484 607 224 765 1460
121 87 221 765 1460
498 344 237 765 1460
498 345 236 766 1461
148 764 224 766 1461
586 769 222 767 1462
740 694 221 767 1462
498 346 225 767 1462
771 637 221 768 1463
538 755 231 768 1463
627 767 222 768 1463
498 347 221 768 1463
338 123 223 769 1464
262 11 221 769 1464
538 756 247 769 1464
616 579 228 769 1464
627 768 230 769 1464
148 767 233 769 1464
777 762 221 769 1464
586 772 228 770 1465
338 124 224 770 1465
626 62 223 771 1466
484 613 235 771 1466
507 671 227 771 1466
538 758 233 771 1466
148 769 231 771 1466
777 764 228 771 1466
424 781 225 771 1466
586 774 224 772 1467
771 641 222 772 1467
507 672 231 772 1467
538 759 228 772 1467
777 765 233 772 1467
771 642 225 773 1468
538 760 223 773 1468
740 700 223 773 1468
626 65 231 774 1469
338 128 223 774 1469
199 333 223 774 1469
740 701 227 774 1469
771 644 223 775 1470
484 617 221 775 1470
616 585 223 775 1470
498 354 226 775 1470
148 773 223 775 1470
771 645 231 776 1471
338 130 226 776 1471
507 676 225 776 1471
484 618 225 776 1471
538 763 225 776 1471
777 769 227 776 1471
424 786 222 776 1471
586 779 231 777 1472
771 646 225 777 1472
507 677 222 777 1472
484 619 227 777 1472
538 764 234 777 1472
230 758 222 777 1472
771 647 225 778 1473
338 132 249 778 1473
484 620 226 778 1473
627 777 223 778 1473
777 771 222 778 1473
771 648 223 779 1474
338 133 230 779 1474
199 338 221 779 1474
484 621 227 779 1474
538 766 223 779 1474
740 706 225 779 1474
627 778 235 779 1474
777 772 221 779 1474
586 782 221 780 1475
338 134 233 780 1475
740 707 224 780 1475
616 590 225 780 1475
627 779 232 780 1475
771 650 231 781 1476
338 135 232 781 1476
538 768 225 781 1476
740 708 223 781 1476
616 591 223 781 1476
148 779 222 781 1476
627 780 233 781 1476
498 360 247 781 1476
424 791 225 781 1476
771 651 222 782 1477
626 73 223 782 1477
338 136 247 782 1477
538 769 227 782 1477
740 709 233 782 1477
498 361 221 782 1477
424 792 222 782 1477
777 775 226 782 1477
771 652 223 783 1478
626 74 227 783 1478
338 137 235 783 1478
538 770 228 783 1478
740 710 227 783 1478
627 782 225 783 1478
626 75 227 784 1479
338 138 238 784 1479
199 343 223 784 1479
538 771 239 784 1479
627 783 222 784 1479
498 363 223 784 1479
777 777 224 784 1479
626 76 235 785 1480
338 139 238 785 1480
594 207 221 785 1480
538 772 240 785 1480
740 712 225 785 1480
148 783 227 785 1480
424 795 222 785 1480
777 778 225 785 1480
626 77 226 786 1481
771 655 233 786 1481
338 140 233 786 1481
538 773 235 786 1481
616 596 227 786 1481
148 784 222 786 1481
498 365 221 786 1481
424 796 224 786 1481
777 779 226 786 1481
771 656 225 787 1482
338 141 241 787 1482
740 714 225 787 1482
627 786 222 787 1482
777 780 230 787 1482
338 142 227 788 1483
64 770 221 788 1483
616 598 227 788 1483
424 798 221 788 1483
507 5 222 789 1484
626 80 239 789 1484
338 143 237 789 1484
484 631 231 789 1484
538 776 226 789 1484
616 599 225 789 1484
424 799 224 789 1484
777 782 234 789 1484
280 789 221 790 1485
771 659 227 790 1485
338 144 231 790 1485
484 632 231 790 1485
740 717 231 790 1485
498 369 223 790 1485
424 800 236 790 1485
586 793 224 790 1485
148 789 227 791 1486
424 801 233 791 1486
507 8 240 792 1487
771 661 234 792 1487
153 154 226 792 1487
424 802 241 792 1487
670 349 233 793 1488
616 603 221 793 1488
295 775 222 801 1496
295 776 225 802 1497
317 805 221 804 1499
490 741 221 805 1500
426 782 223 805 1500
470 723 229 806 1501
636 197 225 806 1501
455 156 229 808 1503
363 235 227 808 1503
52 800 227 808 1503
433 4 238 808 1503
763 218 227 808 1503
755 804 225 808 1503
510 63 225 808 1503
405 742 222 808 1503
319 813 221 808 1503
354 701 222 808 1503
777 801 221 809 1504
18 801 221 809 1504
191 200 223 809 1504
458 820 238 809 1504
435 690 223 809 1504
609 243 239 809 1504
726 377 223 809 1504
86 506 237 809 1504
551 4 227 809 1504
272 816 229 810 1505
684 532 223 810 1505
700 669 222 810 1505
89 816 225 810 1505
725 253 227 810 1505
151 338 225 810 1505
64 792 232 810 1505
86 507 227 810 1505
278 817 225 811 1506
700 670 229 811 1506
16 488 230 811 1506
133 822 222 811 1506
313 1 233 811 1506
435 692 237 811 1506
521 80 225 811 1506
726 379 230 811 1506
64 793 224 811 1506
732 765 221 811 1506
201 981 231 812 1507
278 818 239 812 1507
401 800 232 812 1507
280 811 221 812 1507
402 293 221 812 1507
160 806 229 812 1507
531 792 247 812 1507
70 21 225 812 1507
159 527 225 812 1507
476 272 235 812 1507
659 49 225 812 1507
284 817 231 812 1507
420 669 223 812 1507
201 982 223 813 1508
253 560 226 813 1508
160 807 231 813 1508
587 807 229 813 1508
603 809 221 813 1508
331 153 231 813 1508
431 522 229 813 1508
616 623 225 813 1508
498 392 239 813 1508
724 816 221 813 1508
405 747 224 813 1508
596 810 221 813 1508
266 5 225 814 1509
309 248 233 814 1509
213 65 239 814 1509
483 246 221 814 1509
188 299 221 814 1509
741 792 226 814 1509
395 748 223 815 1510
684 537 228 815 1510
281 11 221 815 1510
644 812 243 815 1510
741 793 223 815 1510
467 19 225 816 1511
189 764 235 816 1511
741 794 236 816 1511
219 350 221 816 1511
189 765 234 817 1512
741 795 245 817 1512
189 766 235 818 1513
741 796 233 818 1513
189 767 231 819 1514
741 797 247 819 1514
189 768 243 820 1515
741 798 241 820 1515
312 810 221 821 1516
189 769 243 821 1516
741 799 237 821 1516
189 770 235 822 1517
741 800 247 822 1517
189 771 239 823 1518
741 801 227 823 1518
189 772 241 824 1519
741 802 237 824 1519
189 773 240 825 1520
145 88 221 825 1520
741 803 238 825 1520
189 774 243 826 1521
741 804 248 826 1521
470 744 224 826 1521
189 775 239 827 1522
741 805 241 827 1522
36 821 223 827 1522
189 776 236 828 1523
471 250 223 828 1523
741 806 241 828 1523
189 777 233 829 1524
741 807 243 829 1524
189 778 237 830 1525
29 834 222 830 1525
741 808 236 830 1525
189 779 231 831 1526
741 809 241 831 1526
731 244 222 831 1526
738 768 223 832 1527
189 780 232 832 1527
741 810 239 832 1527
738 769 225 833 1528
189 781 221 833 1528
741 811 242 833 1528
738 770 223 834 1529
189 782 237 834 1529
163 230 225 834 1529
741 812 227 834 1529
547 839 225 834 1529
189 783 239 835 1530
230 816 247 835 1530
741 813 239 835 1530
738 772 221 835 1530
189 784 237 836 1531
230 817 224 836 1531
741 814 242 836 1531
738 773 223 837 1532
189 785 236 837 1532
741 815 243 837 1532
223 278 222 838 1533
230 819 221 838 1533
741 816 234 838 1533
189 787 228 839 1534
230 820 225 839 1534
741 817 243 839 1534
189 788 228 840 1535
230 821 229 840 1535
741 818 239 840 1535
189 789 227 841 1536
741 819 242 841 1536
738 778 222 841 1536
189 790 231 842 1537
230 823 221 842 1537
257 762 223 842 1537
741 820 227 842 1537
731 255 225 842 1537
613 750 229 842 1537
738 779 230 842 1537
189 791 226 843 1538
257 763 239 843 1538
741 821 237 843 1538
613 751 229 843 1538
738 780 225 843 1538
230 825 227 844 1539
257 764 234 844 1539
393 593 221 844 1539
741 822 231 844 1539
613 752 230 844 1539
257 765 224 845 1540
741 823 235 845 1540
738 782 227 845 1540
257 766 235 846 1541
741 824 232 846 1541
738 783 232 846 1541
257 767 231 847 1542
163 243 222 847 1542
741 825 231 847 1542
738 784 234 847 1542
613 755 234 847 1542
257 768 237 848 1543
741 826 231 848 1543
738 785 233 848 1543
613 756 235 848 1543
257 769 231 849 1544
741 827 234 849 1544
613 757 237 849 1544
204 336 221 850 1545
257 770 242 850 1545
741 828 231 850 1545
613 758 225 850 1545
257 771 230 851 1546
741 829 229 851 1546
613 759 229 851 1546
738 788 230 851 1546
230 833 226 852 1547
741 830 233 852 1547
731 265 222 852 1547
613 760 240 852 1547
738 789 235 852 1547
257 773 222 853 1548
230 834 227 853 1548
163 249 221 853 1548
731 266 223 853 1548
613 761 226 853 1548
257 774 227 854 1549
741 832 239 854 1549
613 762 222 854 1549
257 775 236 855 1550
230 836 227 855 1550
323 781 225 855 1550
741 833 222 855 1550
644 852 226 855 1550
731 268 222 855 1550
268 744 224 855 1550
83 294 227 856 1551
482 1000 221 856 1551
191 248 221 857 1552
69 56 226 857 1552
771 726 222 857 1552
129 867 221 857 1552
607 825 227 857 1552
359 308 226 857 1552
441 796 221 857 1552
112 843 221 857 1552
301 125 222 857 1552
455 206 231 858 1553
484 700 223 858 1553
392 862 238 858 1553
590 861 223 858 1553
425 736 227 858 1553
29 862 221 858 1553
756 180 235 859 1554
83 297 248 859 1554
47 552 228 859 1554
728 694 222 859 1554
424 869 234 859 1554
83 298 243 860 1555
668 865 230 860 1555
317 40 229 860 1555
425 738 222 860 1555
481 621 224 860 1555
687 871 241 860 1555
424 870 237 860 1555
784 69 225 861 1556
83 299 241 861 1556
272 868 224 861 1556
728 696 228 861 1556
83 300 239 862 1557
270 359 221 862 1557
424 872 225 862 1557
36 856 228 863 1558
740 790 248 863 1558
394 860 232 863 1558
412 812 223 863 1558
36 857 233 864 1559
256 646 224 864 1559
740 791 239 864 1559
394 861 227 864 1559
158 137 227 864 1559
425 743 222 865 1560
318 863 222 865 1560
47 558 242 865 1560
56 287 224 865 1560
134 219 224 865 1560
158 138 241 865 1560
36 859 223 865 1560
726 434 245 866 1561
334 799 229 866 1561
402 348 223 867 1562
467 70 240 867 1562
281 63 221 867 1562
374 867 222 867 1562
450 869 235 868 1563
515 191 223 868 1563
402 349 231 868 1563
467 71 221 868 1563
138 878 221 868 1563
506 329 221 868 1563
44 525 223 868 1563
374 868 224 868 1563
239 866 221 868 1563
785 861 221 868 1563
481 629 223 868 1563
532 73 221 868 1563
278 875 225 868 1563
373 859 223 869 1564
750 415 225 869 1564
423 862 224 869 1564
332 73 229 870 1565
695 343 235 870 1565
399 112 223 870 1565
672 860 242 871 1566
626 164 233 873 1568
626 165 223 874 1569
435 755 223 874 1569
63 857 223 874 1569
336 160 233 875 1570
722 90 238 875 1570
446 868 225 875 1570
704 878 231 876 1571
357 19 221 876 1571
731 289 231 876 1571
604 70 236 877 1572
120 377 221 877 1572
120 378 223 878 1573
120 381 224 881 1576
120 382 223 882 1577
687 896 226 885 1580
160 880 227 886 1581
268 775 222 886 1581
506 348 221 887 1582
604 80 232 887 1582
483 355 222 923 1618
694 5 221 923 1618
519 841 225 925 1620
629 843 229 925 1620
236 923 221 925 1620
483 358 227 926 1621
694 8 225 926 1621
236 924 224 926 1621
446 40 221 927 1622
446 41 225 928 1623
446 42 222 929 1624
236 928 221 931 1626
451 937 221 931 1626
694 14 222 932 1627
217 939 227 934 1629
399 176 224 934 1629
246 925 221 935 1630
783 921 221 935 1630
435 816 225 935 1630
597 364 243 935 1630
354 1 233 935 1630
22 884 230 935 1630
225 859 224 936 1631
246 926 225 936 1631
215 849 223 936 1631
385 7 223 936 1631
171 189 223 937 1632
519 855 222 939 1634
30 612 221 939 1634
175 886 225 939 1634
