403 1 221 0 696
178 7 221 0 696
403 2 226 1 697
178 8 237 1 697
354 32 221 1 697
701 2 223 2 698
68 49 223 2 698
403 3 221 2 698
178 9 229 2 698
354 33 222 2 698
701 3 226 3 699
68 50 231 3 699
178 10 228 3 699
354 34 227 4 700
701 4 227 4 700
68 51 224 4 700
178 11 221 4 700
442 4 221 4 700
354 35 222 5 701
223 5 223 5 701
701 5 237 5 701
68 52 235 5 701
403 6 221 5 701
178 12 223 5 701
75 3 221 6 702
354 36 225 6 702
223 6 225 6 702
701 6 225 6 702
68 53 225 6 702
223 7 221 7 703
701 7 225 7 703
68 54 225 7 703
403 8 223 7 703
209 2 225 8 704
701 8 235 8 704
68 55 233 8 704
403 9 226 8 704
178 15 221 8 704
442 8 226 8 704
75 6 221 9 705
223 9 227 9 705
701 9 239 9 705
68 56 223 9 705
178 16 221 9 705
701 10 233 10 706
701 11 235 11 707
68 58 235 11 707
403 12 221 11 707
178 18 223 11 707
442 11 221 11 707
75 9 221 12 708
354 42 221 12 708
209 6 224 12 708
701 12 227 12 708
68 59 227 12 708
178 19 221 12 708
223 13 225 13 709
75 10 231 13 709
701 13 225 13 709
68 60 222 13 709
223 14 222 14 710
354 44 221 14 710
701 14 227 14 710
68 61 233 14 710
178 21 228 14 710
223 15 223 15 711
75 12 224 15 711
354 45 221 15 711
68 62 235 15 711
178 22 221 15 711
701 16 226 16 712
68 63 226 16 712
68 64 226 17 713
68 65 228 18 714
403 19 223 18 714
68 66 225 19 715
178 26 221 19 715
701 21 221 21 717
68 68 225 21 717
68 69 221 22 718
68 70 223 23 719
701 24 223 24 720
68 71 233 24 720
68 72 226 25 721
701 26 227 26 722
68 73 231 26 722
178 33 221 26 722
209 21 221 27 723
68 74 235 27 723
68 75 234 28 724
209 23 221 29 725
403 30 237 29 725
178 36 224 29 725
68 77 232 30 726
68 78 229 31 727
68 79 225 32 728
68 80 235 33 729
209 30 224 36 732
68 83 237 36 732
68 84 227 37 733
209 32 221 38 734
68 87 233 40 736
209 36 224 42 738
403 43 222 42 738
68 89 226 42 738
68 90 231 43 739
209 38 222 44 740
68 91 221 44 740
68 92 221 45 741
178 53 223 46 742
209 41 231 47 743
403 49 223 48 744
68 95 222 48 744
403 50 223 49 745
68 96 225 49 745
403 51 221 50 746
178 57 221 50 746
403 53 221 52 748
403 54 223 53 749
68 100 230 53 749
209 48 221 53 749
403 55 223 54 750
68 101 230 54 750
223 55 225 54 750
209 49 225 54 750
68 102 227 55 751
223 56 223 55 751
701 56 235 56 752
403 57 227 56 752
701 57 221 57 753
223 58 225 57 753
68 105 231 58 754
209 53 221 59 755
701 59 225 59 755
68 106 233 59 755
209 54 221 60 756
403 61 221 60 756
209 56 221 61 757
354 92 223 62 758
701 62 235 62 758
68 109 236 62 758
354 93 225 62 758
68 110 233 63 759
701 64 222 64 760
68 111 235 64 760
209 59 223 64 760
354 95 221 65 761
403 66 221 65 761
68 112 241 65 761
68 113 239 66 762
209 61 221 66 762
701 67 221 67 763
354 97 223 67 763
178 75 221 68 764
209 63 228 68 764
68 116 231 69 765
68 117 231 70 766
178 78 221 71 767
701 72 221 71 767
68 119 227 72 768
178 79 225 72 768
403 74 222 73 769
68 120 227 73 769
178 80 225 73 769
209 68 221 73 769
701 74 223 73 769
178 81 223 74 770
701 75 235 74 770
701 77 224 76 772
68 124 228 77 773
68 125 225 78 774
68 126 223 79 775
701 80 229 79 775
178 87 223 80 776
68 127 227 80 776
68 128 225 81 777
178 88 223 81 777
209 76 221 81 777
68 129 241 82 778
178 89 223 82 778
68 130 225 83 779
701 84 231 83 779
403 85 231 84 780
178 91 229 84 780
403 86 221 85 781
313 5 233 86 782
632 75 221 89 785
184 89 221 91 787
91 36 225 91 787
737 83 233 92 788
231 65 229 93 789
594 101 221 97 793
743 14 225 97 793
723 89 233 98 794
481 105 223 98 794
723 90 227 99 795
481 106 227 99 795
290 107 223 101 797
311 11 232 102 798
311 12 223 103 799
723 96 223 105 801
185 113 221 108 804
703 96 221 109 805
724 114 221 111 807
723 102 225 111 807
724 116 221 113 809
703 100 221 113 809
481 120 221 113 809
703 101 221 114 810
724 118 221 115 811
723 106 222 115 811
703 103 227 116 812
527 119 227 116 812
481 124 223 117 813
723 112 223 121 817
724 124 224 121 817
703 108 221 121 817
620 126 221 121 817
481 128 223 121 817
723 113 224 122 818
185 129 224 124 820
620 131 223 126 822
481 133 222 126 822
365 117 223 126 822
620 132 229 127 823
481 134 224 127 823
620 133 221 128 824
481 135 221 128 824
365 119 225 128 824
724 133 221 130 826
723 121 235 130 826
703 117 227 130 826
724 134 225 131 827
723 122 226 131 827
703 118 236 131 827
723 123 231 132 828
703 120 229 133 829
311 42 227 133 829
620 138 223 133 829
185 139 221 134 830
703 121 221 134 830
724 139 223 136 832
481 144 221 137 833
365 128 227 137 833
723 129 223 138 834
185 143 229 138 834
723 132 221 141 837
311 50 228 141 837
311 52 223 143 839
723 136 227 145 841
481 153 223 146 842
311 3 222 148 844
703 135 221 148 844
723 142 225 151 847
365 142 229 151 847
738 90 221 152 848
365 145 225 155 851
365 146 223 156 852
311 11 225 156 852
185 161 221 156 852
723 147 231 156 852
481 163 221 156 852
365 147 221 157 853
365 148 221 158 854
365 149 224 159 855
723 150 223 159 855
723 152 221 161 857
723 160 223 169 865
738 107 222 169 865
365 162 221 172 868
311 39 225 184 880
723 176 233 185 881
481 192 222 185 881
481 193 221 186 882
723 178 224 187 883
703 174 223 187 883
481 196 225 189 885
365 180 223 190 886
311 45 221 190 886
481 197 225 190 886
481 199 227 192 888
365 187 221 197 893
723 188 224 197 893
723 189 232 198 894
723 190 225 199 895
481 206 222 199 895
723 191 239 200 896
527 206 221 203 899
311 13 221 212 908
365 203 221 213 909
481 222 223 215 911
723 207 221 216 912
481 223 223 216 912
724 222 231 219 915
481 226 223 219 915
365 210 223 220 916
723 211 223 220 916
481 227 222 220 916
723 212 221 221 917
481 228 222 221 917
703 209 222 222 918
723 214 221 223 919
311 2 225 225 921
703 212 222 225 921
703 213 221 226 922
703 214 221 227 923
481 237 222 230 926
365 221 225 231 927
723 222 233 231 927
365 223 221 233 929
332 4 223 234 930
311 5 221 235 931
724 240 224 237 933
481 244 221 237 933
365 228 223 238 934
723 229 221 238 934
311 8 227 238 934
365 230 226 240 936
481 1 225 241 937
365 232 234 242 938
365 233 227 243 939
724 247 221 244 940
332 17 231 247 943
724 251 224 248 944
365 239 226 249 945
481 13 221 252 948
724 256 221 253 949
703 240 227 253 949
311 24 221 254 950
724 257 221 254 950
332 25 225 255 951
365 245 221 255 951
311 25 228 255 951
481 16 221 255 951
723 248 221 257 953
365 248 242 258 954
365 249 235 259 955
365 250 237 260 956
311 30 224 260 956
365 251 224 261 957
365 253 235 263 959
365 254 232 264 960
185 269 221 264 960
365 255 237 265 961
185 270 221 265 961
365 256 233 266 962
365 257 224 267 963
311 38 223 268 964
365 259 223 269 965
365 260 225 270 966
365 261 227 271 967
365 262 225 272 968
332 48 227 277 973
332 49 225 278 974
365 269 223 279 975
332 51 221 280 976
332 53 231 282 978
332 55 228 284 980
332 56 225 285 981
365 278 222 287 983
311 59 226 289 985
332 60 223 289 985
481 51 221 290 986
723 282 228 291 987
332 63 226 292 988
332 64 225 293 989
332 65 237 294 990
332 66 231 295 991
311 66 223 296 992
365 289 227 298 994
332 70 221 299 995
365 290 221 299 995
332 72 223 301 997
365 292 225 301 997
365 293 235 302 998
332 74 231 303 999
332 75 221 304 1000
332 76 226 305 1001
365 296 225 305 1001
332 77 237 306 1002
365 297 221 306 1002
723 298 221 307 1003
311 77 223 307 1003
332 78 247 307 1003
723 299 223 308 1004
332 80 233 309 1005
332 82 222 311 1007
332 85 231 314 1010
365 306 227 315 1011
481 78 226 317 1013
365 308 231 317 1013
311 88 223 318 1014
185 324 223 319 1015
294 319 233 319 1015
365 1 238 320 1016
294 320 226 320 1016
365 2 235 321 1017
177 327 226 321 1017
294 321 225 321 1017
589 333 221 321 1017
365 3 225 322 1018
185 328 229 323 1019
539 49 223 323 1019
396 328 225 324 1020
325 324 221 324 1020
737 316 229 325 1021
481 91 231 330 1026
776 190 221 333 1029
457 338 221 333 1029
457 339 223 334 1030
654 328 221 335 1031
776 193 221 336 1032
457 341 221 336 1032
776 194 231 337 1033
457 342 223 337 1033
410 334 223 337 1033
776 195 231 338 1034
410 335 227 339 1035
481 100 221 339 1035
457 344 223 340 1036
654 333 229 340 1036
457 345 223 341 1037
776 198 230 341 1037
470 260 225 341 1037
457 346 224 342 1038
457 347 223 342 1038
776 200 233 343 1039
457 348 221 343 1039
776 201 227 344 1040
457 349 225 345 1041
457 350 223 346 1042
457 351 226 347 1043
776 204 228 347 1043
457 352 228 348 1044
776 205 221 348 1044
457 353 226 349 1045
410 345 225 349 1045
457 354 226 350 1046
410 346 233 350 1046
481 111 223 350 1046
457 355 225 351 1047
410 347 239 351 1047
457 356 225 352 1048
410 348 231 352 1048
776 209 227 352 1048
410 349 221 353 1049
776 211 221 354 1050
470 273 221 354 1050
654 350 223 357 1053
776 214 225 357 1053
410 354 227 358 1054
410 355 227 359 1055
776 216 223 359 1055
410 356 223 360 1056
410 357 235 361 1057
654 354 221 361 1057
776 218 223 361 1057
410 358 230 362 1058
654 355 221 362 1058
776 219 221 362 1058
410 359 225 363 1059
776 220 225 363 1059
776 222 221 365 1061
481 126 224 365 1061
410 369 222 373 1069
410 370 221 374 1070
410 372 221 376 1072
776 235 221 378 1074
776 236 225 379 1075
410 387 221 391 1087
457 406 221 402 1098
776 259 223 402 1098
776 262 223 405 1101
457 410 222 406 1102
776 263 225 406 1102
457 411 221 407 1103
410 403 223 407 1103
776 264 224 407 1103
776 267 225 410 1106
776 270 221 413 1109
481 175 221 414 1110
776 272 223 415 1111
457 420 221 416 1112
776 274 227 417 1113
776 275 221 418 1114
481 181 223 420 1116
776 278 227 421 1117
457 426 221 422 1118
776 279 233 422 1118
457 428 225 424 1120
776 285 227 428 1124
776 286 225 429 1125
457 434 223 430 1126
776 287 223 430 1126
457 435 226 431 1127
654 424 222 431 1127
776 288 227 431 1127
654 425 223 432 1128
776 290 228 433 1129
776 291 227 434 1130
410 431 227 435 1131
776 294 223 437 1133
410 435 221 439 1135
410 436 223 440 1136
457 445 221 441 1137
410 437 223 441 1137
654 434 221 441 1137
776 298 231 441 1137
776 299 233 442 1138
439 369 221 443 1139
481 204 221 444 1140
654 437 221 444 1140
776 301 224 444 1140
457 449 223 445 1141
439 371 221 445 1141
776 302 225 445 1141
457 450 221 446 1142
776 303 222 446 1142
457 451 223 447 1143
776 304 227 447 1143
776 306 226 449 1145
776 307 225 451 1147
776 308 231 451 1147
776 309 229 452 1148
776 310 229 453 1149
776 311 228 455 1151
654 449 222 456 1152
776 314 225 457 1153
776 315 227 458 1154
776 316 226 459 1155
776 317 227 460 1156
776 318 223 461 1157
776 319 227 462 1158
776 320 225 463 1159
654 457 223 464 1160
410 461 231 465 1161
481 227 221 467 1163
410 463 221 467 1163
776 324 225 468 1164
410 464 235 468 1164
776 325 225 469 1165
410 465 230 469 1165
776 326 228 470 1166
410 466 235 470 1166
776 327 224 470 1166
410 467 232 471 1167
410 468 225 472 1168
776 329 227 472 1168
410 469 226 473 1169
410 470 235 474 1170
410 471 227 475 1171
410 472 235 476 1172
776 333 227 476 1172
410 473 226 477 1173
776 334 221 477 1173
410 474 237 478 1174
410 475 233 479 1175
410 476 221 480 1176
776 337 221 480 1176
410 477 235 481 1177
776 338 221 482 1178
410 478 227 482 1178
410 479 228 483 1179
776 340 223 484 1180
410 480 233 484 1180
776 341 227 485 1181
410 481 231 485 1181
776 342 225 486 1182
410 482 231 486 1182
776 343 227 487 1183
410 483 223 487 1183
410 484 227 488 1184
410 485 229 489 1185
410 486 230 490 1186
776 347 224 491 1187
654 484 221 491 1187
776 349 225 493 1189
457 498 221 494 1190
410 490 233 494 1190
410 491 223 495 1191
776 352 233 496 1192
457 501 221 497 1193
410 493 225 497 1193
481 258 228 497 1193
776 354 227 498 1194
457 502 221 498 1194
481 259 223 498 1194
410 495 230 499 1195
481 262 221 501 1197
457 506 221 502 1198
481 264 225 503 1199
410 500 223 504 1200
481 265 223 504 1200
410 501 223 505 1201
457 510 227 506 1202
410 502 221 506 1202
654 499 221 506 1202
481 267 221 506 1202
457 512 221 508 1204
410 505 223 509 1205
776 366 223 509 1205
410 506 235 510 1206
457 515 223 511 1207
410 507 223 511 1207
410 508 221 512 1208
457 517 226 513 1209
410 509 222 513 1209
457 518 225 514 1210
776 371 225 515 1211
457 519 229 515 1211
410 511 221 515 1211
481 276 223 515 1211
776 372 228 516 1212
457 520 225 516 1212
481 277 221 516 1212
776 373 221 517 1213
457 521 223 517 1213
481 278 226 517 1213
410 514 221 518 1214
776 375 226 519 1215
776 376 221 520 1216
776 377 225 521 1217
410 518 221 522 1218
776 380 221 523 1219
654 517 223 524 1220
481 285 225 524 1220
776 381 226 525 1221
410 521 221 525 1221
654 519 223 526 1222
776 384 221 528 1224
410 525 225 529 1225
776 386 227 530 1226
654 525 221 532 1228
776 390 223 534 1230
776 391 225 535 1231
481 301 223 541 1237
776 397 227 541 1237
776 398 221 542 1238
776 399 221 543 1239
776 401 232 545 1241
776 402 222 546 1242
654 539 221 546 1242
776 403 225 547 1243
776 405 226 549 1245
776 407 225 551 1247
776 408 223 552 1248
776 409 221 553 1249
776 413 221 557 1253
654 552 229 559 1255
358 223 223 560 1256
123 544 227 561 1257
671 572 225 561 1257
151 90 223 562 1258
776 419 226 563 1259
672 553 226 564 1260
614 563 225 568 1264
383 567 223 569 1265
198 189 223 574 1270
590 578 225 574 1270
82 509 227 575 1271
569 572 241 575 1271
198 190 227 575 1271
314 244 221 575 1271
613 484 236 576 1272
365 241 222 576 1272
569 573 221 576 1272
314 245 235 576 1272
590 580 223 576 1272
569 574 221 577 1273
185 582 231 577 1273
185 583 234 578 1274
365 244 224 579 1275
185 584 237 579 1275
365 245 223 580 1276
185 585 239 580 1276
365 246 223 581 1277
185 586 237 581 1277
82 516 221 582 1278
365 248 223 583 1279
590 587 223 583 1279
185 588 234 583 1279
613 492 227 584 1280
365 249 230 584 1280
185 589 231 584 1280
365 250 221 585 1281
185 590 229 585 1281
185 591 228 586 1282
365 252 227 587 1283
185 592 223 587 1283
239 586 223 588 1284
185 593 221 588 1284
613 497 224 588 1284
239 587 221 589 1285
314 258 221 589 1285
773 517 221 589 1285
590 593 221 589 1285
185 594 227 589 1285
365 255 235 590 1286
773 518 229 590 1286
185 595 237 590 1286
365 256 237 591 1287
773 519 237 591 1287
590 595 223 591 1287
185 596 230 591 1287
365 257 236 592 1288
185 597 233 592 1288
365 258 241 593 1289
773 521 229 593 1289
185 598 239 593 1289
365 259 243 594 1290
185 599 242 594 1290
365 260 243 595 1291
773 523 225 595 1291
185 600 245 595 1291
365 261 241 596 1292
773 524 227 596 1292
185 601 238 596 1292
613 505 227 596 1292
365 262 237 597 1293
314 266 223 597 1293
185 602 239 597 1293
613 506 221 597 1293
365 263 239 598 1294
773 526 227 598 1294
185 603 239 598 1294
613 507 235 598 1294
365 264 239 599 1295
773 527 227 599 1295
185 604 238 599 1295
365 265 233 600 1296
773 528 225 600 1296
590 604 221 600 1296
185 605 241 600 1296
365 266 237 601 1297
509 558 221 601 1297
773 529 227 601 1297
185 606 241 601 1297
365 267 237 602 1298
239 600 224 602 1298
773 530 231 602 1298
185 607 244 602 1298
365 268 237 603 1299
314 272 221 603 1299
185 608 240 603 1299
365 269 239 604 1300
773 532 225 604 1300
185 609 240 604 1300
365 270 234 605 1301
773 533 226 605 1301
185 610 233 605 1301
613 514 223 605 1301
365 271 237 606 1302
773 534 227 606 1302
590 610 221 606 1302
185 611 240 606 1302
773 535 233 607 1303
590 611 221 607 1303
613 516 221 607 1303
185 612 241 607 1303
365 273 233 608 1304
773 536 227 608 1304
185 613 241 608 1304
613 517 223 608 1304
365 274 235 609 1305
185 614 247 609 1305
365 275 237 610 1306
773 538 226 610 1306
185 615 244 610 1306
613 519 231 610 1306
584 524 221 611 1307
365 276 231 611 1307
773 539 227 611 1307
185 616 241 611 1307
365 277 227 612 1308
239 610 223 612 1308
185 617 245 612 1308
365 278 233 613 1309
509 570 221 613 1309
185 618 235 613 1309
365 279 237 614 1310
239 612 223 614 1310
569 611 221 614 1310
773 542 221 614 1310
185 619 238 614 1310
365 280 221 615 1311
773 543 224 615 1311
593 299 221 615 1311
590 619 221 615 1311
185 620 245 615 1311
365 281 231 616 1312
239 614 221 616 1312
773 544 226 616 1312
185 621 233 616 1312
365 282 226 617 1313
773 545 230 617 1313
185 622 247 617 1313
365 283 227 618 1314
185 623 246 618 1314
365 284 233 619 1315
773 547 237 619 1315
185 624 233 619 1315
773 548 225 620 1316
590 624 221 620 1316
185 625 237 620 1316
613 529 224 620 1316
239 619 223 621 1317
185 626 226 621 1317
613 530 223 621 1317
365 287 231 622 1318
590 626 221 622 1318
185 627 229 622 1318
365 288 239 623 1319
198 238 221 623 1319
773 551 221 623 1319
185 628 235 623 1319
365 289 238 624 1320
773 552 227 624 1320
185 629 237 624 1320
365 290 239 625 1321
509 582 223 625 1321
773 553 235 625 1321
185 630 240 625 1321
365 291 233 626 1322
82 560 221 626 1322
773 554 235 626 1322
590 630 225 626 1322
185 631 237 626 1322
613 535 224 626 1322
365 292 225 627 1323
773 555 231 627 1323
314 296 221 627 1323
185 632 238 627 1323
613 536 222 627 1323
773 556 239 628 1324
590 632 221 628 1324
185 633 235 628 1324
365 294 237 629 1325
773 557 235 629 1325
185 634 243 629 1325
365 295 237 630 1326
239 628 226 630 1326
773 558 227 630 1326
185 635 239 630 1326
773 559 232 631 1327
314 300 225 631 1327
593 315 221 631 1327
185 636 242 631 1327
613 540 221 631 1327
198 247 221 632 1328
773 560 227 632 1328
185 637 240 632 1328
365 298 235 633 1329
185 638 235 633 1329
365 299 235 634 1330
773 562 237 634 1330
185 639 231 634 1330
613 543 221 634 1330
365 300 237 635 1331
773 563 230 635 1331
185 640 235 635 1331
613 544 223 635 1331
365 301 223 636 1332
773 564 230 636 1332
613 545 221 637 1333
365 302 229 637 1333
773 565 233 637 1333
365 303 227 638 1334
773 566 232 638 1334
185 643 229 638 1334
365 304 225 639 1335
773 567 227 639 1335
185 644 241 639 1335
613 548 227 640 1336
365 305 233 640 1336
773 568 226 640 1336
185 645 241 640 1336
365 306 229 641 1337
509 598 223 641 1337
773 569 223 641 1337
185 646 241 641 1337
613 550 221 642 1338
365 307 221 642 1338
773 570 231 642 1338
185 647 239 643 1339
613 551 237 643 1339
365 308 231 643 1339
773 571 223 643 1339
185 648 238 643 1339
613 552 229 644 1340
365 309 226 644 1340
773 572 232 644 1340
185 649 236 644 1340
613 553 227 645 1341
365 310 225 645 1341
773 573 222 645 1341
613 554 232 646 1342
185 650 235 646 1342
365 311 222 646 1342
185 651 241 646 1342
365 312 235 647 1343
590 651 221 647 1343
773 575 233 647 1343
185 652 237 648 1344
613 556 227 648 1344
365 313 225 648 1344
185 653 239 649 1345
613 557 228 649 1345
185 654 239 650 1346
613 558 231 650 1346
365 315 226 650 1346
773 578 221 650 1346
185 655 237 651 1347
773 579 223 651 1347
613 560 231 652 1348
365 317 226 652 1348
613 561 225 653 1349
365 318 231 653 1349
509 610 221 653 1349
185 658 227 654 1350
613 562 228 654 1350
365 319 225 654 1350
613 563 225 655 1351
365 320 229 655 1351
590 659 223 655 1351
185 660 227 656 1352
365 321 233 656 1352
509 613 223 656 1352
185 661 227 657 1353
365 322 235 657 1353
590 661 225 657 1353
365 323 233 658 1354
773 586 223 658 1354
509 615 223 658 1354
365 324 240 659 1355
773 587 229 659 1355
509 616 223 659 1355
185 664 227 660 1356
365 325 223 660 1356
773 588 221 660 1356
365 326 231 661 1357
773 589 221 661 1357
185 666 223 662 1358
365 327 235 662 1358
773 590 225 662 1358
185 667 221 663 1359
365 328 225 663 1359
773 591 225 663 1359
590 667 222 663 1359
185 668 233 664 1360
613 572 221 664 1360
365 329 233 664 1360
773 592 223 664 1360
185 669 223 665 1361
365 330 221 665 1361
185 670 225 666 1362
365 331 226 666 1362
773 594 224 666 1362
185 671 228 667 1363
365 332 231 667 1363
185 672 227 668 1364
365 333 223 668 1364
185 673 227 669 1365
365 334 227 669 1365
365 335 225 670 1366
584 584 222 670 1366
365 336 223 671 1367
185 675 227 671 1367
365 337 235 672 1368
773 600 224 672 1368
365 338 226 673 1369
509 630 221 673 1369
590 677 224 673 1369
365 339 225 674 1370
185 678 225 674 1370
773 602 221 674 1370
185 679 227 675 1371
365 340 221 675 1371
365 341 221 676 1372
185 680 227 676 1372
365 342 228 677 1373
185 681 223 677 1373
365 343 227 678 1374
509 635 221 678 1374
314 347 221 678 1374
185 683 225 679 1375
613 587 236 679 1375
613 588 235 680 1376
773 608 221 680 1376
365 346 227 681 1377
365 347 225 682 1378
613 590 223 682 1378
773 610 221 682 1378
613 591 241 683 1379
773 611 233 683 1379
657 685 221 683 1379
185 688 224 684 1380
365 349 230 684 1380
613 592 233 684 1380
773 612 227 684 1380
657 686 223 684 1380
365 350 225 685 1381
613 593 225 685 1381
773 613 225 685 1381
185 690 223 685 1381
365 351 223 686 1382
613 594 221 686 1382
773 614 228 686 1382
365 352 228 687 1383
613 595 226 687 1383
773 615 227 687 1383
365 353 223 688 1384
613 596 223 688 1384
773 616 226 688 1384
590 692 225 688 1384
613 597 229 689 1385
773 617 229 689 1385
185 694 227 689 1385
365 355 224 690 1386
773 618 221 690 1386
773 619 221 691 1387
185 696 226 691 1387
773 620 233 692 1388
365 358 224 693 1389
613 601 223 693 1389
185 698 223 693 1389
613 602 225 694 1390
773 622 228 694 1390
185 699 225 694 1390
613 603 231 695 1391
773 623 222 695 1391
185 700 227 695 1391
365 361 231 696 1392
613 604 221 696 1392
590 700 221 696 1392
185 701 225 696 1392
365 362 230 697 1393
239 695 227 697 1393
613 605 221 697 1393
509 654 221 697 1393
590 701 221 697 1393
365 363 225 698 1394
613 606 228 698 1394
185 703 227 698 1394
365 364 221 699 1395
613 607 235 699 1395
773 627 233 699 1395
590 703 223 699 1395
365 365 225 700 1396
613 608 233 700 1396
185 705 234 700 1396
613 609 229 701 1397
185 706 223 701 1397
613 610 226 702 1398
365 367 223 702 1398
590 706 227 702 1398
613 611 235 703 1399
365 368 224 703 1399
773 631 230 703 1399
590 707 221 703 1399
185 708 231 703 1399
613 612 226 704 1400
365 369 223 704 1400
773 632 224 704 1400
185 709 225 704 1400
365 370 238 705 1401
773 633 221 705 1401
185 710 227 705 1401
365 371 225 706 1402
773 634 221 706 1402
613 615 221 707 1403
365 372 227 707 1403
773 635 224 707 1403
590 711 221 707 1403
185 712 227 708 1404
365 373 238 708 1404
773 636 225 708 1404
185 713 225 709 1405
365 374 231 709 1405
239 707 221 709 1405
773 637 221 709 1405
185 714 221 710 1406
365 375 229 710 1406
773 638 223 710 1406
185 715 227 711 1407
365 376 239 711 1407
449 466 223 711 1407
773 639 231 711 1407
365 377 226 712 1408
198 327 221 712 1408
185 717 225 713 1409
365 378 231 713 1409
773 641 225 713 1409
365 379 228 714 1410
365 380 223 715 1411
773 643 226 715 1411
590 719 223 715 1411
365 381 222 716 1412
185 721 221 717 1413
773 645 221 717 1413
185 722 228 718 1414
773 646 221 718 1414
185 723 227 719 1415
365 384 231 719 1415
773 647 225 719 1415
365 385 225 720 1416
185 724 226 720 1416
773 648 227 720 1416
365 386 223 721 1417
185 725 232 721 1417
773 649 226 721 1417
590 725 221 721 1417
365 387 225 722 1418
185 726 225 722 1418
773 650 239 722 1418
365 388 228 723 1419
185 727 223 723 1419
773 651 231 723 1419
590 727 224 723 1419
365 389 225 724 1420
185 728 222 724 1420
773 652 234 724 1420
590 728 223 724 1420
185 729 227 725 1421
365 390 227 725 1421
773 653 241 725 1421
590 729 221 725 1421
185 730 221 726 1422
365 391 222 726 1422
773 654 227 726 1422
365 392 221 727 1423
773 655 221 727 1423
365 393 234 728 1424
773 656 224 728 1424
185 733 225 729 1425
365 394 227 729 1425
773 657 223 729 1425
185 734 223 730 1426
365 395 225 730 1426
365 396 235 731 1427
773 659 233 731 1427
365 397 228 732 1428
773 660 226 732 1428
185 737 223 733 1429
365 398 224 733 1429
773 661 230 733 1429
185 738 223 734 1430
365 399 227 734 1430
773 662 227 734 1430
365 400 235 735 1431
773 663 225 735 1431
185 740 223 736 1432
365 401 230 736 1432
773 664 223 736 1432
365 402 226 737 1433
773 665 227 737 1433
365 403 224 738 1434
773 666 235 738 1434
590 742 221 739 1435
365 404 233 739 1435
773 667 226 739 1435
590 743 223 740 1436
185 744 224 740 1436
773 668 233 740 1436
185 745 236 741 1437
773 669 221 741 1437
590 745 221 741 1437
185 746 237 742 1438
365 407 230 742 1438
773 670 226 742 1438
613 651 231 743 1439
185 747 226 743 1439
365 408 225 743 1439
613 652 233 744 1440
365 409 227 744 1440
773 672 227 744 1440
613 653 231 745 1441
773 673 231 745 1441
613 654 221 746 1442
185 750 228 746 1442
613 655 221 747 1443
185 751 221 747 1443
185 752 231 748 1444
773 676 224 748 1444
613 657 229 749 1445
185 753 226 749 1445
365 414 221 749 1445
773 677 221 749 1445
185 754 221 750 1446
365 415 221 750 1446
590 754 221 751 1447
365 416 231 751 1447
365 417 229 752 1448
509 709 221 752 1448
185 757 227 753 1449
365 418 223 753 1449
365 419 230 754 1450
773 682 227 754 1450
185 759 221 755 1451
365 420 235 755 1451
773 683 221 755 1451
185 760 233 756 1452
365 421 238 756 1452
773 684 227 756 1452
185 761 231 757 1453
365 422 230 757 1453
239 755 221 757 1453
185 762 227 758 1454
365 423 233 758 1454
239 756 224 758 1454
773 686 221 758 1454
590 762 221 759 1455
185 763 223 759 1455
365 424 227 759 1455
773 687 221 759 1455
185 764 228 760 1456
365 425 227 760 1456
185 765 227 761 1457
365 426 221 761 1457
239 759 223 761 1457
185 766 221 762 1458
773 690 225 762 1458
590 766 223 763 1459
185 767 227 763 1459
365 428 227 763 1459
773 691 225 763 1459
185 768 225 764 1460
773 692 229 764 1460
185 769 233 765 1461
365 431 225 766 1462
773 694 221 766 1462
185 771 231 767 1463
365 432 231 767 1463
185 772 223 768 1464
365 433 235 768 1464
773 696 221 768 1464
185 773 231 769 1465
365 434 231 769 1465
590 773 221 770 1466
365 435 235 770 1466
185 774 225 770 1466
365 436 233 771 1467
185 775 225 771 1467
365 437 231 772 1468
185 776 229 772 1468
239 770 221 772 1468
365 438 239 773 1469
185 777 228 773 1469
590 777 222 774 1470
365 439 227 774 1470
185 778 229 774 1470
365 440 233 775 1471
185 779 233 775 1471
773 703 225 775 1471
509 732 227 775 1471
365 441 235 776 1472
185 780 227 776 1472
590 780 221 777 1473
365 442 233 777 1473
185 781 236 777 1473
509 734 221 777 1473
365 443 225 778 1474
185 782 237 778 1474
365 444 228 779 1475
365 445 235 780 1476
185 784 227 780 1476
773 708 233 780 1476
365 446 221 781 1477
185 785 223 781 1477
365 447 228 782 1478
185 786 229 782 1478
365 448 227 783 1479
239 781 221 783 1479
365 449 225 784 1480
185 788 225 784 1480
185 789 225 785 1481
590 789 221 786 1482
185 790 227 786 1482
185 791 228 787 1483
773 715 221 787 1483
185 792 235 788 1484
185 793 232 789 1485
239 788 221 790 1486
773 718 229 790 1486
773 719 226 791 1487
365 462 225 797 1493
185 802 234 798 1494
239 797 221 799 1495
613 709 221 801 1497
664 793 223 801 1497
657 804 231 802 1498
314 471 231 802 1498
365 468 237 803 1499
314 472 233 803 1499
365 469 227 804 1500
365 475 223 809 1505
365 481 227 815 1511
185 820 233 816 1512
773 744 225 816 1512
365 482 223 816 1512
365 483 227 817 1513
773 746 231 818 1514
365 484 221 818 1514
185 823 255 819 1515
239 818 227 819 1515
657 822 223 820 1516
43 823 228 820 1516
630 191 223 820 1516
657 823 225 821 1517
333 821 221 822 1518
185 3 225 822 1518
365 488 233 822 1518
185 4 221 823 1519
773 751 237 823 1519
365 489 248 823 1519
185 5 223 824 1520
365 490 243 824 1520
185 6 225 825 1521
365 491 239 825 1521
470 744 222 826 1522
317 7 223 826 1522
365 492 247 826 1522
354 720 221 827 1523
334 760 221 827 1523
287 530 221 827 1523
365 493 240 827 1523
453 268 229 828 1524
110 106 223 828 1524
365 495 223 829 1525
51 1034 223 829 1525
365 496 240 830 1526
335 833 225 831 1527
562 120 225 831 1527
717 833 221 831 1527
728 666 221 831 1527
521 101 225 831 1527
16 510 234 832 1528
657 834 221 832 1528
670 389 222 832 1528
365 498 227 832 1528
159 548 226 832 1528
516 834 221 833 1529
779 800 225 833 1529
785 826 225 833 1529
688 227 229 833 1529
334 766 227 833 1529
689 268 227 833 1529
415 827 224 833 1529
642 48 240 834 1530
728 669 221 834 1530
773 762 227 834 1530
190 18 235 834 1530
689 269 227 834 1530
141 225 221 835 1531
642 49 239 835 1531
311 5 227 835 1531
773 763 231 835 1531
689 270 229 835 1531
365 501 221 835 1531
415 829 225 835 1531
141 226 226 836 1532
642 50 233 836 1532
689 271 225 836 1532
141 227 235 837 1533
642 51 243 837 1533
311 7 231 837 1533
365 503 221 837 1533
642 52 225 838 1534
311 8 223 838 1534
365 504 225 838 1534
689 273 232 838 1534
642 53 227 839 1535
311 9 223 839 1535
773 767 225 839 1535
317 20 241 839 1535
689 274 227 839 1535
365 505 221 839 1535
415 833 227 839 1535
642 54 225 840 1536
311 10 235 840 1536
773 768 222 840 1536
689 275 221 840 1536
415 834 224 840 1536
642 55 229 841 1537
311 11 233 841 1537
689 276 223 841 1537
415 835 221 841 1537
642 56 221 842 1538
562 132 224 843 1539
268 732 221 843 1539
506 306 237 844 1540
141 235 221 845 1541
311 15 231 845 1541
773 773 221 845 1541
365 511 226 845 1541
141 236 221 846 1542
689 281 235 846 1542
415 840 230 846 1542
141 237 223 847 1543
365 513 221 847 1543
689 282 235 847 1543
415 841 230 847 1543
141 238 233 848 1544
365 514 233 848 1544
415 842 227 848 1544
779 816 227 849 1545
773 777 227 849 1545
192 86 242 849 1545
365 515 225 849 1545
311 20 233 850 1546
773 778 229 850 1546
192 87 230 850 1546
365 516 241 850 1546
81 841 223 850 1546
311 21 247 851 1547
773 779 241 851 1547
192 88 231 851 1547
365 517 228 851 1547
311 22 239 852 1548
773 780 236 852 1548
192 89 225 852 1548
365 518 242 852 1548
311 23 235 853 1549
773 781 233 853 1549
192 90 229 853 1549
365 519 233 853 1549
311 24 235 854 1550
773 782 233 854 1550
192 91 233 854 1550
365 520 237 854 1550
689 289 223 854 1550
773 783 231 855 1551
192 92 234 855 1551
365 521 235 855 1551
689 290 223 855 1551
311 26 235 856 1552
773 784 227 856 1552
365 522 231 856 1552
689 291 239 856 1552
112 843 221 857 1553
311 27 227 857 1553
773 785 232 857 1553
365 523 228 857 1553
629 776 226 858 1554
25 827 223 858 1554
787 548 224 858 1554
616 668 230 858 1554
102 855 223 858 1554
484 701 231 858 1554
223 299 221 858 1554
789 854 240 860 1556
311 30 221 860 1556
313 25 224 861 1557
399 103 221 861 1557
319 866 231 861 1557
192 98 225 861 1557
773 789 227 861 1557
365 527 221 861 1557
63 845 228 861 1557
311 32 231 862 1558
358 527 223 864 1560
311 34 221 864 1560
311 35 226 865 1561
9 871 223 865 1561
311 36 235 866 1562
311 37 237 867 1563
311 40 231 870 1566
311 41 227 871 1567
642 86 221 872 1568
88 844 237 872 1568
689 307 221 873 1569
689 309 227 875 1571
689 310 231 875 1571
614 871 222 876 1572
311 2 225 878 1574
141 268 221 878 1574
689 313 235 879 1575
311 3 233 879 1575
415 25 230 879 1575
689 314 235 879 1575
415 26 231 880 1576
141 1 228 880 1576
689 315 225 880 1576
415 27 229 881 1577
141 2 237 881 1577
415 28 231 882 1578
141 3 238 882 1578
415 29 233 883 1579
141 4 239 883 1579
415 30 232 884 1580
141 5 238 884 1580
415 31 231 885 1581
141 6 237 885 1581
415 32 231 886 1582
141 7 238 886 1582
415 33 232 887 1583
141 8 238 887 1583
415 34 232 888 1584
141 9 238 888 1584
415 35 232 889 1585
141 10 238 889 1585
415 36 232 890 1586
141 11 237 890 1586
141 12 237 891 1587
415 37 231 891 1587
141 13 237 892 1588
415 38 231 892 1588
141 14 237 893 1589
415 39 233 893 1589
415 40 233 894 1590
141 15 237 894 1590
415 41 233 895 1591
141 16 237 895 1591
415 42 230 896 1592
141 17 237 896 1592
415 43 232 897 1593
141 18 237 897 1593
415 44 231 898 1594
141 19 237 898 1594
415 45 230 899 1595
141 20 237 899 1595
415 46 229 900 1596
141 21 237 900 1596
415 47 229 901 1597
141 22 237 901 1597
415 48 229 902 1598
141 23 237 902 1598
415 49 229 903 1599
141 24 237 903 1599
415 50 231 904 1600
141 25 237 904 1600
415 51 231 905 1601
141 26 237 905 1601
415 52 230 906 1602
141 27 238 906 1602
415 53 230 907 1603
141 28 239 907 1603
415 54 230 908 1604
141 29 238 908 1604
415 55 231 909 1605
141 30 239 909 1605
415 56 230 910 1606
141 31 238 910 1606
415 57 230 911 1607
141 32 239 911 1607
415 58 228 912 1608
141 33 238 912 1608
415 59 230 913 1609
141 34 238 913 1609
415 60 229 914 1610
141 35 239 914 1610
415 61 230 915 1611
141 36 239 915 1611
415 62 229 916 1612
141 37 239 916 1612
415 63 231 917 1613
141 38 239 917 1613
415 64 229 918 1614
141 39 239 918 1614
415 65 229 919 1615
141 40 239 919 1615
415 66 231 920 1616
141 41 239 920 1616
415 67 231 921 1617
141 42 239 921 1617
415 68 231 922 1618
141 43 239 922 1618
415 69 231 923 1619
141 44 233 923 1619
689 359 221 924 1620
178 933 227 926 1622
654 921 237 928 1624
390 927 221 929 1625
141 50 235 929 1625
109 13 225 930 1626
291 143 223 930 1626
141 51 235 930 1626
475 456 226 931 1627
515 62 222 931 1627
185 112 222 931 1627
256 714 227 931 1627
141 52 221 931 1627
703 918 224 931 1627
515 63 221 932 1628
515 64 223 933 1629
185 114 233 933 1629
60 944 223 933 1629
567 891 221 933 1629
515 65 226 934 1630
185 116 223 935 1631
185 126 225 945 1641
60 956 221 945 1641
185 127 225 946 1642
185 128 221 947 1643
60 958 221 947 1643
185 129 223 948 1644
60 959 221 948 1644
515 80 223 949 1645
185 130 221 949 1645
60 961 223 950 1646
185 132 223 951 1647
60 962 221 951 1647
185 133 221 952 1648
703 939 222 952 1648
515 84 224 953 1649
185 134 225 953 1649
256 736 221 953 1649
515 85 225 954 1650
515 86 223 955 1651
185 136 225 955 1651
185 137 233 956 1652
185 138 235 957 1653
256 740 221 957 1653
185 139 233 958 1654
680 900 223 959 1655
185 140 227 959 1655
256 742 221 959 1655
515 91 221 960 1656
680 901 221 960 1656
185 141 228 960 1656
515 92 223 961 1657
680 902 221 961 1657
185 142 229 961 1657
185 143 225 962 1658
256 746 221 963 1659
185 144 227 963 1659
256 747 221 964 1660
185 145 229 964 1660
185 146 225 965 1661
515 97 221 965 1661
185 147 234 966 1662
256 750 223 967 1663
185 148 227 967 1663
256 751 223 968 1664
185 149 225 968 1664
256 752 225 969 1665
185 150 233 969 1665
256 753 221 970 1666
185 151 226 970 1666
256 754 224 971 1667
185 152 231 971 1667
185 153 221 972 1668
185 156 223 975 1671
185 164 227 983 1679
185 165 224 984 1680
185 166 230 985 1681
515 117 227 985 1681
515 118 227 986 1682
515 119 227 987 1683
185 169 221 988 1684
515 120 222 988 1684
185 170 221 989 1685
515 121 225 989 1685
185 171 225 990 1686
515 122 225 990 1686
185 172 225 991 1687
515 123 224 991 1687
515 124 225 992 1688
185 174 225 993 1689
515 125 227 993 1689
185 175 224 994 1690
515 126 227 994 1690
185 176 225 995 1691
515 127 225 995 1691
515 128 225 996 1692
515 130 225 998 1694
515 133 225 1001 1697
515 134 221 1002 1698
185 188 221 1007 1703
185 189 221 1008 1704
185 190 224 1009 1705
185 191 223 1010 1706
185 192 223 1011 1707
185 201 223 1020 1716
185 208 221 1027 1723
185 215 221 1034 1730
185 218 225 1037 1733
185 220 221 1039 1735
185 228 221 1047 1743
185 229 223 1048 1744
185 230 222 1049 1745
185 231 225 1050 1746
185 232 226 1051 1747
185 233 230 1052 1748
185 235 221 1054 1750
185 236 227 1055 1751
331 169 225 1055 1751
185 237 223 1056 1752
764 993 221 1057 1753
764 994 221 1058 1754
331 172 221 1058 1754
60 1069 225 1058 1754
331 173 222 1059 1755
515 191 221 1059 1755
185 241 223 1060 1756
331 174 224 1060 1756
515 192 221 1060 1756
764 997 221 1061 1757
185 242 221 1061 1757
331 175 221 1061 1757
515 193 232 1061 1757
185 243 221 1062 1758
331 176 223 1062 1758
515 194 233 1062 1758
331 177 223 1063 1759
515 195 229 1063 1759
331 178 221 1064 1760
515 196 233 1064 1760
331 179 221 1065 1761
331 180 221 1066 1762
185 248 224 1067 1763
60 1078 223 1067 1763
185 249 221 1068 1764
515 200 223 1068 1764
185 250 223 1069 1765
60 1083 223 1072 1768
515 204 221 1072 1768
365 143 223 1075 1771
331 189 221 1075 1771
60 1088 223 1077 1773
185 259 225 1078 1774
185 263 221 1082 1778
703 1069 228 1082 1778
764 1019 223 1083 1779
703 1070 227 1083 1779
515 215 223 1083 1779
703 1071 231 1084 1780
515 216 233 1084 1780
185 266 225 1085 1781
567 1043 223 1085 1781
703 1072 229 1085 1781
515 217 231 1085 1781
515 218 229 1086 1782
515 219 231 1087 1783
185 269 221 1088 1784
185 271 221 1090 1786
185 272 221 1091 1787
515 225 223 1093 1789
703 1081 225 1094 1790
515 227 225 1095 1791
515 228 237 1096 1792
703 1084 221 1097 1793
515 229 235 1097 1793
703 1085 221 1098 1794
515 230 237 1098 1794
515 231 237 1099 1795
703 1087 224 1100 1796
515 232 239 1100 1796
185 282 221 1101 1797
515 233 235 1101 1797
515 234 241 1102 1798
515 235 239 1103 1799
185 285 226 1104 1800
515 236 235 1104 1800
515 237 241 1105 1801
515 238 235 1106 1802
515 239 231 1107 1803
185 289 221 1108 1804
515 240 241 1108 1804
515 1 221 1109 1805
680 1051 221 1110 1806
680 1052 221 1111 1807
538 1099 221 1111 1807
515 4 221 1112 1808
185 294 222 1113 1809
185 297 223 1116 1812
680 1058 221 1117 1813
185 298 224 1117 1813
703 1105 223 1118 1814
185 299 223 1118 1814
764 1055 224 1119 1815
185 302 222 1121 1817
680 1063 221 1122 1818
567 1083 221 1125 1821
680 1068 222 1127 1823
764 1066 221 1130 1826
185 313 225 1132 1828
185 315 233 1134 1830
185 316 223 1135 1831
185 317 235 1136 1832
185 318 221 1137 1833
185 320 229 1139 1835
515 31 221 1139 1835
185 321 233 1140 1836
764 1078 221 1142 1838
185 323 227 1142 1838
764 1079 221 1143 1839
515 35 226 1143 1839
185 325 222 1144 1840
515 36 223 1144 1840
515 37 235 1145 1841
515 38 235 1146 1842
185 328 235 1147 1843
515 39 235 1147 1843
185 329 237 1148 1844
515 40 237 1148 1844
185 330 229 1149 1845
515 41 240 1149 1845
185 331 231 1150 1846
487 589 221 1150 1846
60 1161 223 1150 1846
515 42 223 1150 1846
185 332 229 1151 1847
515 43 223 1151 1847
185 333 233 1152 1848
515 44 224 1152 1848
185 334 235 1153 1849
60 1164 223 1153 1849
515 45 225 1153 1849
481 98 222 1154 1850
487 593 221 1154 1850
185 336 221 1155 1851
515 47 221 1155 1851
185 337 226 1156 1852
703 1143 221 1156 1852
185 338 228 1157 1853
487 596 221 1157 1853
481 102 221 1158 1854
185 339 233 1158 1854
487 597 221 1158 1854
515 50 221 1158 1854
185 340 223 1159 1855
487 598 225 1159 1855
515 51 224 1159 1855
185 341 222 1160 1856
487 599 225 1160 1856
515 53 225 1161 1857
680 1103 223 1162 1858
185 343 247 1162 1858
60 1173 225 1162 1858
515 54 227 1162 1858
515 55 228 1163 1859
764 1100 225 1164 1860
256 947 225 1164 1860
515 56 221 1164 1860
506 626 223 1164 1860
658 1170 225 1165 1861
608 591 227 1165 1861
141 286 234 1165 1861
669 1168 225 1166 1862
141 287 229 1166 1862
365 6 223 1167 1863
141 288 243 1167 1863
64 1150 221 1167 1863
625 227 223 1167 1863
210 234 225 1168 1864
365 7 227 1168 1864
141 289 221 1168 1864
637 247 226 1169 1865
141 290 223 1169 1865
141 291 229 1170 1866
141 293 221 1172 1868
141 294 225 1173 1869
141 295 233 1174 1870
689 610 225 1175 1871
141 296 233 1175 1871
642 173 224 1176 1872
689 611 235 1176 1872
141 297 241 1176 1872
622 94 222 1178 1874
274 242 223 1179 1875
524 806 227 1179 1875
