377 29 229 0 690
377 30 231 1 691
650 1 225 1 691
435 1 228 1 691
377 31 231 2 692
650 2 236 2 692
435 2 233 2 692
377 32 225 3 693
522 1 231 3 693
650 3 237 3 693
522 2 242 4 694
650 4 241 4 694
377 34 226 5 695
765 4 223 5 695
522 3 225 5 695
435 5 225 5 695
522 4 231 6 696
650 6 237 6 696
435 6 226 6 696
522 5 223 7 697
650 7 231 7 697
377 38 233 9 699
522 7 226 9 699
650 9 237 9 699
377 39 238 10 700
765 9 225 10 700
522 8 233 10 700
377 40 225 11 701
765 10 223 11 701
522 9 242 11 701
650 11 221 11 701
377 41 223 12 702
377 51 221 21 711
522 29 221 31 721
522 30 227 32 722
522 41 223 43 733
522 46 224 48 738
522 47 221 49 739
650 49 221 49 739
625 18 222 50 740
377 81 221 52 742
377 82 227 53 743
522 51 227 53 743
435 53 223 54 744
377 83 223 54 744
522 52 225 54 744
377 84 223 55 745
765 54 229 55 745
607 17 222 55 745
377 85 225 56 746
765 55 225 56 746
522 54 235 56 746
765 56 222 57 747
435 57 222 58 748
377 90 221 61 751
607 24 224 62 752
650 3 227 62 752
625 31 223 63 753
765 62 221 63 753
522 61 228 63 753
650 4 221 63 753
522 63 227 65 755
650 6 221 65 755
522 64 233 66 756
522 65 221 67 757
625 36 223 68 758
522 66 229 68 758
765 68 226 69 759
522 67 237 69 759
765 69 223 70 760
650 11 225 70 760
435 70 221 70 760
765 70 223 71 761
522 69 225 71 761
435 72 223 72 762
522 71 227 73 763
650 14 225 73 763
435 73 223 73 763
377 103 223 74 764
569 64 221 74 764
625 42 223 74 764
522 72 246 74 764
650 15 223 74 764
435 74 231 74 764
377 104 222 75 765
625 43 223 75 765
522 73 247 75 765
650 16 221 75 765
435 75 221 75 765
377 105 234 76 766
765 75 221 76 766
607 38 221 76 766
522 74 246 76 766
377 106 228 77 767
765 76 229 77 767
522 75 237 77 767
435 77 228 77 767
377 107 234 78 768
650 19 223 78 768
377 108 223 79 769
625 47 231 79 769
765 78 223 79 769
435 79 237 79 769
377 109 221 80 770
625 48 225 80 770
765 79 228 80 770
377 110 222 81 771
765 80 231 81 771
522 79 221 81 771
435 81 235 81 771
377 111 223 82 772
765 81 222 82 772
607 44 225 82 772
522 80 231 82 772
650 23 231 82 772
435 83 224 83 773
377 113 223 84 774
569 74 221 84 774
625 52 226 84 774
765 83 223 84 774
607 46 227 84 774
377 114 224 85 775
607 47 224 85 775
522 83 237 85 775
435 85 239 85 775
765 85 222 86 776
522 84 226 86 776
435 86 235 86 776
522 85 239 87 777
765 87 221 88 778
522 86 240 88 778
441 22 242 88 778
251 79 223 89 779
404 50 234 89 779
227 10 222 89 779
690 23 227 89 779
188 30 225 89 779
716 86 221 90 780
193 73 225 90 780
785 77 223 90 780
466 82 242 90 780
621 83 227 90 780
298 17 225 90 780
395 18 223 91 781
445 74 223 91 781
750 87 225 91 781
280 85 246 92 782
49 61 235 92 782
101 71 247 92 782
358 96 221 93 783
409 13 223 93 783
488 86 221 93 783
702 91 227 93 783
695 95 227 94 784
167 92 235 94 784
582 85 231 94 784
487 75 224 95 785
747 73 221 95 785
37 76 225 95 785
358 99 221 96 786
351 14 227 96 786
683 38 227 96 786
562 93 222 97 787
642 92 222 97 787
408 95 231 97 787
202 95 221 97 787
652 85 225 98 788
762 74 227 98 788
747 76 249 98 788
408 96 237 98 788
202 96 231 98 788
685 74 235 98 788
27 87 221 98 788
652 86 223 99 789
654 85 221 99 789
762 75 231 99 789
747 77 238 99 789
408 97 221 99 789
202 97 225 99 789
685 75 233 99 789
747 78 241 100 790
685 76 231 100 790
202 98 227 100 790
257 15 227 100 790
652 88 230 101 791
654 87 231 101 791
762 77 227 101 791
110 88 229 101 791
642 96 225 101 791
408 99 235 101 791
747 79 227 101 791
685 77 223 101 791
654 88 229 102 792
762 78 229 102 792
18 88 226 102 792
110 89 228 102 792
747 80 229 102 792
408 100 227 102 792
685 78 224 102 792
202 100 225 102 792
654 89 226 103 793
762 79 230 103 793
741 75 221 103 793
18 89 231 103 793
110 90 226 103 793
642 98 222 103 793
654 90 224 104 794
762 80 221 104 794
741 76 227 104 794
18 90 228 104 794
110 91 237 104 794
642 99 221 104 794
747 82 223 104 794
408 102 223 104 794
202 102 224 104 794
257 19 224 104 794
652 92 225 105 795
762 81 226 105 795
747 83 231 105 795
408 103 222 105 795
685 81 223 105 795
762 82 225 106 796
18 92 223 106 796
110 93 227 106 796
642 101 222 106 796
408 104 229 106 796
202 104 222 106 796
685 82 222 106 796
652 94 224 107 797
408 105 225 107 797
685 83 222 107 797
194 90 221 108 798
747 86 227 108 798
685 84 223 108 798
192 49 233 108 798
652 96 221 109 799
194 91 226 109 799
654 95 225 109 799
762 85 223 109 799
110 96 221 109 799
18 95 223 109 799
747 87 227 109 799
652 97 226 110 800
194 92 221 110 800
762 86 227 110 800
110 97 223 110 800
18 96 222 110 800
202 108 222 110 800
257 25 221 110 800
654 97 225 111 801
762 87 231 111 801
18 97 227 111 801
408 109 225 111 801
642 106 221 111 801
685 87 233 111 801
192 52 223 111 801
652 99 221 112 802
194 94 227 112 802
762 88 227 112 802
110 99 229 112 802
18 98 221 112 802
642 107 229 112 802
685 88 227 112 802
202 110 227 112 802
257 27 221 112 802
194 95 232 113 803
654 99 228 113 803
762 89 231 113 803
18 99 227 113 803
747 91 227 113 803
642 108 223 113 803
685 89 226 113 803
192 54 227 113 803
194 96 223 114 804
654 100 227 114 804
762 90 231 114 804
194 97 221 115 805
762 91 231 115 805
110 102 223 115 805
762 92 229 116 806
110 103 222 116 806
192 57 221 116 806
194 99 222 117 807
654 103 224 117 807
762 93 223 117 807
192 58 221 117 807
762 94 221 118 808
192 59 223 118 808
110 106 221 119 809
192 60 221 119 809
654 106 223 120 810
762 96 230 120 810
18 106 231 120 810
257 35 222 120 810
194 103 227 121 811
654 107 221 121 811
762 97 232 121 811
685 97 229 121 811
408 119 224 121 811
194 104 223 122 812
654 108 224 122 812
762 98 234 122 812
194 105 223 123 813
18 109 224 123 813
110 110 223 123 813
747 101 222 123 813
408 121 224 123 813
194 106 229 124 814
654 110 227 124 814
762 100 239 124 814
18 110 221 124 814
408 122 223 124 814
685 100 222 124 814
192 65 226 124 814
257 39 227 124 814
652 112 221 124 814
194 107 225 125 815
654 111 225 125 815
762 101 237 125 815
408 123 225 125 815
202 123 226 125 815
652 113 221 126 816
194 108 221 126 816
762 102 227 126 816
685 102 231 126 816
652 114 221 126 816
762 103 234 127 817
18 113 226 127 817
408 125 223 127 817
257 42 222 127 817
202 126 241 128 818
202 127 240 129 819
202 128 242 130 820
202 129 246 131 821
202 130 242 132 822
202 132 254 134 824
202 133 235 135 825
202 134 233 136 826
202 135 239 137 827
202 136 243 138 828
202 137 243 139 829
202 138 237 140 830
202 139 221 141 831
257 56 227 141 831
762 11 227 142 832
652 129 231 142 832
194 124 223 142 832
654 128 223 142 832
741 114 221 142 832
18 128 221 142 832
642 137 225 142 832
202 140 247 142 832
192 83 227 142 832
194 125 223 143 833
408 141 223 143 833
685 119 225 143 833
192 84 226 143 833
652 131 224 144 834
654 130 225 144 834
110 131 223 144 834
202 142 241 144 834
202 143 237 145 835
192 86 225 145 835
654 132 231 146 836
18 132 225 146 836
202 144 235 146 836
654 133 221 147 837
202 145 238 147 837
654 134 225 148 838
762 18 223 149 839
654 135 224 149 839
202 147 233 149 839
192 90 232 149 839
202 148 240 150 840
652 138 223 151 841
642 147 222 152 842
192 93 221 152 842
202 150 236 152 842
652 140 225 153 843
194 135 225 153 843
110 140 223 153 843
18 139 235 153 843
747 131 223 153 843
685 129 223 153 843
762 23 231 153 843
110 141 225 154 844
18 140 228 154 844
747 132 225 154 844
642 149 221 154 844
192 95 225 154 844
202 152 229 154 844
762 24 221 154 844
194 137 221 155 845
110 142 227 155 845
747 133 226 155 845
202 153 221 155 845
257 70 225 155 845
194 138 224 156 846
18 142 227 156 846
110 143 221 156 846
192 99 221 158 848
762 28 239 159 849
652 146 229 159 849
194 141 223 159 849
654 145 230 159 849
18 145 231 159 849
747 137 221 159 849
408 157 237 159 849
685 135 229 159 849
202 157 228 159 849
257 74 222 159 849
762 29 237 160 850
194 142 224 160 850
18 146 233 160 850
747 138 239 160 850
408 158 227 160 850
642 155 223 160 850
685 136 229 160 850
762 30 221 161 851
762 31 221 162 852
110 152 227 165 855
685 141 225 165 855
762 35 225 166 856
194 148 224 166 856
18 152 223 166 856
408 164 225 166 856
685 142 225 166 856
642 161 223 166 856
202 164 223 166 856
762 36 224 166 856
194 149 223 167 857
110 154 223 167 857
18 153 228 167 857
685 143 227 167 857
642 162 222 167 857
652 155 223 168 858
194 150 222 168 858
110 155 224 168 858
18 154 226 168 858
685 144 224 168 858
762 38 225 168 858
110 156 222 169 859
18 155 223 169 859
685 145 228 169 859
762 39 225 169 859
194 152 221 170 860
18 156 227 170 860
652 158 225 171 861
18 157 228 171 861
685 147 224 171 861
642 166 223 171 861
762 41 223 171 861
654 158 221 172 862
110 159 221 172 862
18 158 224 172 862
685 148 228 172 862
202 170 221 172 862
762 42 221 172 862
652 160 223 173 863
654 159 223 173 863
18 159 229 173 863
685 149 230 173 863
652 161 221 174 864
194 156 224 174 864
654 160 221 174 864
685 150 229 174 864
192 115 225 174 864
257 89 225 174 864
762 44 235 174 864
194 157 229 175 865
654 161 221 175 865
110 162 229 175 865
18 161 225 175 865
685 151 231 175 865
192 116 223 175 865
257 90 222 175 865
762 45 225 175 865
194 158 229 176 866
654 162 222 176 866
110 163 226 176 866
685 152 229 176 866
202 174 221 176 866
192 117 223 176 866
762 46 233 176 866
194 159 229 177 867
110 164 228 177 867
18 163 227 177 867
408 175 225 177 867
685 153 227 177 867
192 118 222 177 867
762 47 227 177 867
194 160 227 178 868
110 165 226 178 868
685 154 226 178 868
642 173 227 178 868
192 119 223 178 868
762 48 229 178 868
194 161 225 179 869
110 166 227 179 869
685 155 227 179 869
192 120 221 179 869
194 162 231 180 870
110 167 226 180 870
18 166 226 180 870
685 156 224 180 870
194 163 229 181 871
110 168 226 181 871
18 167 223 181 871
642 176 222 181 871
685 157 224 181 871
202 179 223 181 871
257 96 221 181 871
762 51 224 181 871
110 169 225 182 872
18 168 223 182 872
685 158 222 182 872
202 180 221 182 872
257 97 226 182 872
762 52 231 182 872
194 165 225 183 873
110 170 224 183 873
18 169 227 183 873
202 181 223 183 873
257 98 222 183 873
762 53 233 183 873
194 166 224 184 874
110 171 223 184 874
18 170 227 184 874
408 182 221 184 874
762 54 235 184 874
642 180 223 185 875
762 55 231 185 875
194 168 233 186 876
110 173 226 186 876
18 172 223 186 876
408 184 225 186 876
642 181 223 186 876
685 162 228 186 876
192 127 225 186 876
257 101 221 186 876
762 56 221 186 876
194 169 223 187 877
110 174 229 187 877
654 173 226 187 877
18 173 221 187 877
408 185 225 187 877
685 163 231 187 877
192 128 225 187 877
194 170 223 188 878
654 174 226 188 878
110 175 229 188 878
18 174 223 188 878
408 186 223 188 878
685 164 229 188 878
192 129 222 188 878
762 58 234 188 878
194 171 225 189 879
654 175 225 189 879
110 176 227 189 879
685 165 223 189 879
642 184 222 189 879
762 59 226 189 879
194 172 225 190 880
18 176 221 190 880
192 131 221 190 880
257 105 222 190 880
762 60 233 190 880
194 173 231 190 880
110 178 225 191 881
685 167 221 191 881
192 132 223 191 881
762 61 234 191 881
194 174 227 191 881
110 179 221 192 882
408 190 221 192 882
202 190 224 192 882
192 133 224 192 882
762 62 223 192 882
194 175 229 193 883
110 180 223 193 883
642 188 224 193 883
202 191 221 193 883
192 134 221 193 883
762 63 228 193 883
194 176 223 193 883
762 64 223 194 884
762 65 223 195 885
762 66 221 196 886
110 187 223 200 890
685 176 221 200 890
762 70 227 200 890
762 71 227 201 891
110 189 221 202 892
762 72 224 202 892
110 190 224 203 893
762 73 225 203 893
194 186 221 203 893
408 202 221 204 894
685 180 229 204 894
762 74 225 204 894
194 187 221 204 894
110 192 223 205 895
685 181 229 205 895
762 75 247 205 895
257 120 227 205 895
652 193 222 205 895
642 201 227 206 896
685 182 221 206 896
747 1 227 206 896
762 76 239 206 896
18 193 221 207 897
408 205 225 207 897
642 202 227 207 897
257 122 225 207 897
652 195 224 207 897
194 190 227 208 898
685 184 224 208 898
202 206 235 208 898
747 3 239 208 898
762 78 224 208 898
257 123 223 208 898
110 196 231 209 899
18 195 243 209 899
642 204 221 209 899
685 185 227 209 899
747 4 226 209 899
762 79 222 209 899
652 197 223 209 899
110 197 223 210 900
408 208 225 210 900
685 186 223 210 900
192 151 234 210 900
762 80 234 210 900
652 198 225 210 900
257 125 227 210 900
194 193 223 211 901
654 197 227 211 901
110 198 225 211 901
18 197 228 211 901
408 209 221 211 901
762 81 221 211 901
652 199 223 211 901
194 194 222 212 902
110 199 223 212 902
18 198 229 212 902
408 210 227 212 902
642 207 227 212 902
685 188 221 212 902
762 82 241 212 902
257 127 227 212 902
762 84 227 214 904
685 191 221 215 905
762 85 236 215 905
257 130 221 215 905
654 202 221 216 906
18 202 223 216 906
685 192 224 216 906
192 157 221 216 906
762 86 235 216 906
257 131 226 216 906
110 204 223 217 907
18 203 227 217 907
747 12 222 217 907
762 87 235 217 907
257 132 223 217 907
194 200 221 218 908
654 204 221 218 908
18 204 227 218 908
408 216 225 218 908
685 194 229 218 908
762 88 239 218 908
257 133 223 218 908
685 195 231 219 909
202 217 223 219 909
762 89 236 219 909
257 134 227 219 909
194 202 226 220 910
685 196 229 220 910
762 90 237 220 910
654 207 221 221 911
18 207 226 221 911
408 219 221 221 911
685 197 227 221 911
202 219 221 221 911
762 91 235 221 911
192 162 222 221 911
110 209 225 222 912
654 208 231 222 912
18 208 228 222 912
408 220 223 222 912
685 198 225 222 912
202 220 221 222 912
762 92 239 222 912
654 209 223 223 913
18 209 226 223 913
685 199 221 223 913
762 93 234 223 913
194 206 223 223 913
762 94 229 224 914
257 139 233 224 914
762 95 231 225 915
18 212 223 226 916
202 226 221 228 918
257 143 223 228 918
257 144 241 229 919
194 212 221 229 919
18 216 223 230 920
654 216 228 230 920
642 225 222 230 920
685 206 225 230 920
202 228 223 230 920
257 145 225 230 920
194 213 224 230 920
18 217 225 231 921
762 101 223 231 921
257 146 224 231 921
194 214 221 232 922
18 218 225 232 922
654 218 221 232 922
685 208 228 232 922
762 102 224 232 922
747 28 221 233 923
762 104 224 234 924
257 149 222 234 924
762 105 223 235 925
194 218 221 236 926
762 106 223 236 926
194 219 223 237 927
747 32 223 237 927
762 107 223 237 927
110 226 221 239 929
762 110 221 240 930
18 227 222 241 931
762 113 221 243 933
18 230 229 244 934
762 114 226 244 934
18 231 225 245 935
408 243 221 245 935
762 115 224 245 935
257 160 223 246 936
18 232 224 246 936
762 116 221 246 936
194 229 222 247 937
18 233 225 247 937
257 162 221 248 938
194 230 223 248 938
18 234 225 248 938
408 246 221 248 938
257 163 222 249 939
194 231 221 249 939
18 235 226 249 939
202 247 222 249 939
762 119 221 249 939
257 165 221 251 941
18 239 221 253 943
18 243 221 257 947
762 129 238 259 949
18 246 225 260 950
685 236 223 260 950
762 130 238 260 950
642 256 227 261 951
762 131 227 261 951
192 202 221 262 952
18 248 225 262 952
685 238 222 262 952
762 132 226 262 952
192 203 222 263 953
747 58 221 263 953
762 133 233 263 953
257 178 232 264 954
18 250 223 264 954
408 262 223 264 954
685 240 226 264 954
762 134 235 264 954
257 179 222 265 955
18 251 229 265 955
110 252 223 265 955
654 251 234 265 955
762 135 235 265 955
747 60 225 265 955
192 206 231 266 956
18 252 224 266 956
654 252 221 266 956
408 264 221 266 956
642 261 221 266 956
685 242 223 266 956
762 136 227 266 956
257 181 226 267 957
192 207 230 267 957
18 253 228 267 957
408 265 223 267 957
654 253 221 267 957
202 265 221 267 957
762 137 235 267 957
192 208 226 268 958
18 254 226 268 958
110 255 222 268 958
408 266 225 268 958
654 254 225 268 958
642 263 221 268 958
685 244 224 268 958
747 63 221 268 958
762 138 229 268 958
257 183 232 268 958
194 251 225 269 959
192 209 224 269 959
408 267 223 269 959
654 255 229 269 959
762 139 226 269 959
257 184 233 269 959
18 256 225 270 960
654 256 224 270 960
642 265 223 270 960
685 246 226 270 960
747 65 221 270 960
762 140 226 270 960
257 185 225 270 960
654 257 227 271 961
257 186 221 272 962
654 258 231 272 962
408 270 225 272 962
642 267 231 272 962
747 67 223 272 962
257 187 223 273 963
654 259 230 273 963
408 271 223 273 963
257 188 222 274 964
654 260 227 274 964
408 272 224 274 964
747 69 225 274 964
762 144 225 274 964
408 273 223 275 965
747 70 223 275 965
762 145 231 275 965
257 190 230 276 966
685 252 221 276 966
762 146 225 276 966
194 259 221 276 966
257 191 221 277 967
110 264 224 277 967
685 253 222 277 967
747 72 223 277 967
194 260 227 278 968
257 192 225 278 968
408 276 223 278 968
110 265 225 278 968
685 254 225 278 968
747 73 221 278 968
762 148 223 278 968
257 193 227 279 969
685 255 225 279 969
747 74 223 279 969
194 262 224 279 969
257 194 231 280 970
408 278 221 280 970
685 256 227 280 970
194 263 223 280 970
257 195 224 281 971
18 267 223 281 971
685 257 227 281 971
747 76 223 281 971
762 151 225 281 971
194 264 223 281 971
257 196 231 282 972
192 222 229 282 972
654 268 223 282 972
202 280 222 282 972
747 77 221 282 972
762 152 241 282 972
194 265 223 282 972
257 197 227 283 973
192 223 221 283 973
18 269 221 283 973
654 269 224 283 973
202 281 223 283 973
762 153 241 283 973
194 266 231 283 973
192 224 223 284 974
18 270 227 284 974
654 270 221 284 974
110 271 227 284 974
685 260 225 284 974
202 282 223 284 974
747 79 222 284 974
762 154 239 284 974
194 267 227 284 974
747 80 223 285 975
194 268 229 285 975
762 155 233 285 975
685 262 225 286 976
642 281 221 286 976
747 81 225 286 976
194 269 226 286 976
762 156 236 286 976
18 273 223 287 977
110 274 226 287 977
408 285 221 287 977
685 263 221 287 977
642 282 221 287 977
202 285 223 287 977
747 82 227 287 977
194 270 229 287 977
762 157 237 287 977
202 286 225 288 978
747 83 224 288 978
194 271 222 288 978
762 158 235 288 978
257 203 222 289 979
110 276 221 289 979
762 159 240 289 979
762 160 221 290 980
257 205 221 291 981
762 164 225 294 984
257 209 238 295 985
257 210 226 296 986
685 272 223 296 986
762 166 221 296 986
257 211 221 297 987
18 283 221 297 987
685 273 223 297 987
762 167 222 297 987
257 212 225 298 988
18 284 224 298 988
685 274 223 298 988
747 93 225 298 988
762 168 225 298 988
18 285 223 299 989
747 94 225 299 989
762 169 224 299 989
194 282 222 299 989
257 214 221 300 990
642 295 223 300 990
747 95 229 300 990
762 170 233 300 990
257 215 227 301 991
685 277 221 301 991
747 96 222 301 991
762 171 234 301 991
685 278 221 302 992
762 172 222 302 992
257 217 243 302 992
654 289 225 303 993
685 279 222 303 993
762 173 222 303 993
194 286 223 303 993
654 290 224 304 994
747 99 223 304 994
762 174 228 304 994
110 292 221 305 995
747 100 223 305 995
762 175 231 305 995
257 220 221 305 995
762 176 229 306 996
257 221 223 306 996
762 177 231 307 997
762 178 225 308 998
762 179 229 309 999
194 292 222 309 999
194 293 225 310 1000
762 181 227 311 1001
18 298 225 312 1002
654 298 224 312 1002
408 310 225 312 1002
747 107 221 312 1002
762 182 227 312 1002
194 295 221 312 1002
257 227 223 312 1002
685 289 225 313 1003
747 108 228 313 1003
18 300 221 314 1004
654 300 222 314 1004
685 290 222 314 1004
747 109 223 314 1004
654 301 221 315 1005
408 313 226 315 1005
202 313 224 315 1005
194 298 227 315 1005
408 314 221 316 1006
642 311 221 316 1006
202 314 223 316 1006
762 186 229 316 1006
747 111 223 316 1006
194 299 222 316 1006
408 315 222 317 1007
202 315 223 317 1007
762 187 223 317 1007
194 300 223 317 1007
257 232 227 317 1007
762 188 227 318 1008
257 233 237 318 1008
642 314 222 319 1009
685 295 224 319 1009
762 189 227 319 1009
194 302 223 319 1009
257 234 241 319 1009
685 296 222 320 1010
257 235 226 320 1010
257 236 222 321 1011
762 195 231 325 1015
18 312 225 326 1016
642 321 221 326 1016
685 302 225 326 1016
202 324 225 326 1016
194 309 221 326 1016
762 196 222 326 1016
18 313 227 327 1017
654 313 226 327 1017
408 325 229 327 1017
685 303 225 327 1017
194 310 229 327 1017
642 323 231 328 1018
619 294 228 328 1018
525 321 225 328 1018
31 327 221 329 1019
595 11 221 329 1019
700 182 222 329 1019
718 232 222 329 1019
595 12 225 330 1020
152 325 221 330 1020
606 286 223 330 1020
565 327 223 331 1021
690 265 237 331 1021
544 327 221 331 1021
356 6 221 332 1022
501 297 222 332 1022
776 182 225 332 1022
246 317 227 332 1022
761 325 225 332 1022
555 320 239 332 1022
546 21 225 332 1022
309 319 221 333 1023
225 250 223 333 1023
501 298 235 333 1023
409 254 227 333 1023
776 183 224 333 1023
239 325 225 333 1023
555 321 221 333 1023
595 16 225 334 1024
355 43 223 334 1024
555 322 223 334 1024
13 293 222 334 1024
563 334 227 335 1025
555 323 228 335 1025
769 302 234 336 1026
563 335 231 336 1026
409 257 221 336 1026
346 128 227 336 1026
555 324 236 336 1026
756 313 223 337 1027
620 335 221 337 1027
555 325 221 337 1027
756 314 228 338 1028
563 337 223 338 1028
563 338 225 339 1029
563 339 225 340 1030
555 328 223 340 1030
215 248 223 340 1030
769 307 225 341 1031
346 133 221 341 1031
215 249 223 341 1031
105 311 223 343 1033
769 309 224 343 1033
769 310 223 344 1034
756 320 222 344 1034
555 333 223 345 1035
769 313 223 347 1037
756 325 227 349 1039
555 337 223 349 1039
555 338 221 350 1040
563 353 222 354 1044
367 23 222 354 1044
215 262 222 354 1044
769 321 221 355 1045
346 147 222 355 1045
367 24 223 355 1045
769 322 225 356 1046
756 332 225 356 1046
563 355 222 356 1046
346 148 225 356 1046
769 323 223 357 1047
756 333 225 357 1047
769 325 223 359 1049
346 151 221 359 1049
595 44 221 362 1052
756 338 225 362 1052
555 350 223 362 1052
346 155 221 363 1053
756 340 225 364 1054
367 36 223 367 1057
215 275 223 367 1057
555 356 222 368 1058
215 277 222 369 1059
769 342 222 376 1066
555 364 222 376 1066
769 343 222 377 1067
756 353 225 377 1067
756 354 227 378 1068
215 286 222 378 1068
769 345 221 379 1069
769 346 221 380 1070
756 360 226 384 1074
756 361 221 385 1075
563 384 227 385 1075
367 54 223 385 1075
563 387 223 388 1078
563 388 222 389 1079
363 328 224 389 1079
563 389 225 390 1080
363 329 225 390 1080
555 378 221 390 1080
769 357 221 391 1081
363 330 223 391 1081
555 379 223 391 1081
363 331 227 392 1082
555 380 221 392 1082
363 332 225 393 1083
555 381 223 393 1083
769 360 227 394 1084
363 333 221 394 1084
555 382 221 394 1084
363 334 224 395 1085
555 383 221 395 1085
363 335 226 396 1086
595 79 222 397 1087
363 336 223 397 1087
595 80 224 398 1088
363 338 225 399 1089
595 82 221 400 1090
595 83 221 401 1091
363 340 221 401 1091
363 341 228 402 1092
215 310 221 403 1093
595 85 231 403 1093
555 391 223 403 1093
595 86 229 404 1094
363 343 222 404 1094
563 404 223 405 1095
363 344 225 405 1095
363 345 223 406 1096
363 347 221 408 1098
363 349 222 410 1100
756 387 227 411 1101
563 410 227 411 1101
363 350 223 411 1101
215 319 227 411 1101
756 388 225 412 1102
563 411 227 412 1102
363 351 225 412 1102
756 389 223 413 1103
563 412 231 413 1103
363 352 233 413 1103
367 82 225 413 1103
215 321 230 413 1103
363 353 226 414 1104
769 381 225 415 1105
756 391 221 415 1105
105 383 223 415 1105
215 323 223 415 1105
346 208 223 416 1106
367 85 223 416 1106
363 357 233 418 1108
105 388 223 420 1110
363 359 222 420 1110
346 213 223 421 1111
287 118 224 421 1111
756 400 224 424 1114
563 423 221 424 1114
363 363 232 424 1114
367 93 223 424 1114
215 332 222 424 1114
215 333 222 426 1116
215 335 225 428 1118
769 396 223 430 1120
363 369 221 430 1120
363 370 223 431 1121
367 100 221 431 1121
363 371 227 432 1122
756 409 222 433 1123
363 372 226 433 1123
363 373 225 434 1124
363 374 226 435 1125
215 343 226 436 1126
346 228 223 436 1126
215 344 224 437 1127
215 345 229 438 1128
346 230 221 438 1128
215 346 235 439 1129
215 347 247 440 1130
215 348 243 441 1131
215 349 233 442 1132
769 408 221 442 1132
346 234 222 442 1132
215 350 242 443 1133
346 235 221 443 1133
555 431 221 443 1133
215 351 235 444 1134
215 352 241 445 1135
215 353 240 446 1136
215 354 236 447 1137
215 355 241 448 1138
215 356 224 449 1139
215 357 222 450 1140
215 359 226 452 1142
215 360 235 453 1143
756 430 221 453 1143
215 361 237 454 1144
215 362 234 455 1145
215 363 221 456 1146
215 364 224 457 1147
363 396 222 457 1147
555 445 221 457 1147
756 434 221 458 1148
363 397 221 458 1148
555 446 222 458 1148
563 459 222 460 1150
346 252 221 460 1150
215 368 229 461 1151
346 253 228 461 1151
215 369 222 462 1152
363 401 221 462 1152
555 450 221 462 1152
769 429 223 462 1152
215 372 225 465 1155
215 374 222 467 1157
287 163 222 467 1157
563 466 221 467 1157
363 406 227 467 1157
756 444 223 467 1157
105 436 223 468 1158
595 150 221 468 1158
563 467 225 468 1158
215 376 225 469 1159
563 468 225 469 1159
363 408 226 469 1159
756 446 223 469 1159
215 377 226 470 1160
105 438 223 470 1160
585 461 221 470 1160
215 378 227 471 1161
585 462 221 471 1161
363 410 223 471 1161
105 440 221 472 1162
585 463 224 472 1162
563 471 227 472 1162
363 411 231 472 1162
585 464 221 473 1163
563 472 221 473 1163
363 412 231 473 1163
756 450 226 473 1163
215 381 221 474 1164
105 442 227 474 1164
756 451 221 474 1164
105 443 223 475 1165
363 415 223 476 1166
363 419 223 480 1170
215 388 223 481 1171
363 424 224 485 1175
363 425 221 486 1176
367 155 221 486 1176
363 426 225 487 1177
769 454 221 487 1177
363 427 229 488 1178
563 489 221 490 1180
363 429 221 490 1180
363 430 227 491 1181
555 479 221 491 1181
555 480 225 492 1182
363 432 225 493 1183
363 433 223 494 1184
363 435 221 496 1186
363 436 221 497 1187
555 486 222 498 1188
363 438 223 499 1189
367 168 221 499 1189
555 487 223 499 1189
756 476 223 499 1189
346 292 223 500 1190
363 439 221 500 1190
363 440 226 501 1191
555 489 225 501 1191
215 409 224 501 1191
363 441 233 502 1192
555 490 226 502 1192
215 410 222 502 1192
363 442 225 503 1193
555 491 227 503 1193
595 186 223 504 1194
363 443 227 504 1194
555 492 226 504 1194
215 412 222 504 1194
707 446 221 504 1194
363 444 229 505 1195
595 188 225 506 1196
363 445 223 506 1196
555 494 221 506 1196
363 446 221 507 1197
555 495 221 507 1197
555 496 221 508 1198
363 448 224 509 1199
555 497 221 509 1199
363 449 225 510 1200
555 499 223 511 1201
555 500 223 512 1202
215 420 229 512 1202
346 305 221 513 1203
756 490 221 513 1203
215 421 227 513 1203
346 306 228 514 1204
363 455 222 516 1206
363 460 221 521 1211
555 509 222 521 1211
363 463 223 524 1214
555 512 225 524 1214
555 513 224 525 1215
346 318 221 526 1216
555 514 221 526 1216
555 516 223 528 1218
215 439 230 531 1221
555 521 221 533 1223
215 441 224 533 1223
215 442 223 534 1224
555 523 222 535 1225
367 205 223 536 1226
555 524 224 536 1226
555 525 225 537 1227
346 330 227 538 1228
756 516 223 539 1229
215 447 221 539 1229
555 528 225 540 1230
215 448 225 540 1230
595 223 221 541 1231
363 480 221 541 1231
555 530 227 542 1232
363 482 230 543 1233
555 531 227 543 1233
363 483 231 544 1234
555 532 221 544 1234
363 484 221 545 1235
555 533 225 545 1235
756 522 224 545 1235
756 523 221 546 1236
363 486 229 547 1237
555 535 227 547 1237
367 217 221 548 1238
555 536 224 548 1238
215 457 223 549 1239
563 549 228 550 1240
555 538 222 550 1240
769 517 225 550 1240
346 343 223 551 1241
346 344 222 552 1242
563 551 228 552 1242
563 552 223 553 1243
769 520 222 553 1243
215 461 221 553 1243
346 346 221 554 1244
363 493 231 554 1244
555 542 227 554 1244
215 462 235 554 1244
363 494 227 555 1245
563 554 221 555 1245
724 552 223 555 1245
555 543 222 555 1245
215 463 227 555 1245
352 346 221 555 1245
595 238 221 555 1245
363 495 231 556 1246
555 544 225 556 1246
756 533 221 556 1246
215 464 223 556 1246
363 496 221 557 1247
555 545 221 557 1247
215 465 225 557 1247
555 546 225 558 1248
769 525 225 558 1248
287 255 221 559 1249
367 228 223 559 1249
367 229 227 560 1250
555 548 229 560 1250
120 54 221 560 1250
756 537 225 560 1250
555 549 221 561 1251
363 504 223 565 1255
555 553 223 565 1255
756 542 221 565 1255
190 336 221 565 1255
215 473 230 565 1255
769 532 233 565 1255
363 505 221 566 1256
518 564 226 566 1256
329 497 233 566 1256
448 565 221 566 1256
269 568 230 567 1257
518 565 227 567 1257
420 418 229 567 1257
309 47 221 567 1257
322 552 227 567 1257
22 511 225 568 1258
165 8 223 568 1258
307 565 221 568 1258
79 122 227 568 1258
650 510 222 569 1259
22 512 241 569 1259
737 554 223 569 1259
22 513 238 570 1260
776 420 231 570 1260
229 573 223 570 1260
621 564 223 570 1260
144 207 227 570 1260
654 557 227 570 1260
650 512 234 571 1261
578 118 235 571 1261
22 515 248 572 1262
650 513 229 572 1262
686 550 231 572 1262
737 557 225 572 1262
650 514 232 573 1263
85 251 222 573 1263
478 48 225 573 1263
686 551 231 573 1263
229 576 235 573 1263
639 574 221 573 1263
362 568 221 573 1263
48 555 221 573 1263
135 567 221 573 1263
654 560 227 573 1263
51 772 221 574 1264
22 517 237 574 1264
650 515 222 574 1264
307 571 221 574 1264
386 159 222 574 1264
206 538 227 575 1265
51 773 222 575 1265
132 540 231 575 1265
205 289 221 575 1265
699 466 226 575 1265
493 556 247 575 1265
427 584 225 575 1265
737 560 235 575 1265
144 212 223 575 1265
417 746 221 576 1266
746 250 226 576 1266
144 213 221 576 1266
254 402 233 577 1267
683 438 223 577 1267
699 468 221 577 1267
307 574 225 577 1267
769 544 221 577 1267
772 578 221 578 1268
372 551 228 578 1268
417 748 221 578 1268
683 439 225 578 1268
699 469 233 578 1268
555 566 224 578 1268
630 239 232 578 1268
675 254 243 578 1268
48 560 221 578 1268
49 444 221 578 1268
408 577 221 579 1269
304 567 225 579 1269
22 522 224 579 1269
666 574 225 579 1269
181 80 232 579 1269
712 574 229 579 1269
214 455 225 579 1269
419 559 221 579 1269
350 580 234 579 1269
675 255 222 579 1269
48 561 225 579 1269
517 128 221 579 1269
761 572 223 579 1269
775 291 225 579 1269
43 576 225 579 1269
349 571 221 580 1270
720 542 221 580 1270
22 523 247 580 1270
581 583 221 580 1270
712 575 223 580 1270
699 471 221 580 1270
229 583 221 580 1270
350 581 231 580 1270
585 4 223 580 1270
22 524 237 581 1271
350 582 227 581 1271
349 573 221 582 1272
304 570 221 582 1272
22 525 236 582 1272
307 579 223 582 1272
539 73 227 582 1272
522 262 231 583 1273
307 580 223 583 1273
52 570 223 583 1273
539 74 229 583 1273
350 584 222 583 1273
246 568 221 583 1273
349 575 221 584 1274
709 573 225 584 1274
171 15 225 584 1274
522 263 236 584 1274
648 294 237 584 1274
683 445 221 584 1274
712 579 221 584 1274
678 4 236 584 1274
349 576 221 584 1274
522 264 234 585 1275
147 590 221 585 1275
708 14 221 585 1275
712 580 225 585 1275
761 578 224 585 1275
577 587 221 586 1276
22 529 229 586 1276
522 265 235 586 1276
22 530 238 587 1277
522 266 231 587 1277
632 124 221 587 1277
513 576 224 587 1277
754 580 223 587 1277
761 580 227 587 1277
22 531 225 588 1278
522 267 224 588 1278
648 298 232 588 1278
22 532 225 589 1279
171 20 222 589 1279
304 577 223 589 1279
648 299 227 589 1279
522 268 222 589 1279
181 90 221 589 1279
428 591 223 589 1279
119 552 223 589 1279
202 588 223 590 1280
22 533 225 590 1280
522 269 230 590 1280
648 300 228 590 1280
428 592 221 590 1280
754 583 226 590 1280
712 585 221 590 1280
194 573 229 590 1280
701 585 224 590 1280
59 489 224 591 1281
22 534 221 591 1281
522 270 233 591 1281
648 301 231 591 1281
632 128 222 591 1281
529 30 221 591 1281
652 579 222 591 1281
754 584 227 591 1281
660 576 223 591 1281
307 588 227 591 1281
335 587 221 591 1281
520 588 230 592 1282
409 39 221 592 1282
22 535 231 592 1282
522 271 231 592 1282
648 302 226 592 1282
428 594 223 592 1282
350 593 221 592 1282
329 523 233 592 1282
701 587 223 593 1283
437 10 227 593 1283
22 536 221 593 1283
304 581 223 593 1283
648 303 225 593 1283
360 31 221 593 1283
761 586 221 593 1283
522 273 227 594 1284
335 590 223 594 1284
22 538 227 595 1285
522 274 232 595 1285
648 305 225 595 1285
428 597 233 595 1285
350 596 224 595 1285
761 588 223 595 1285
349 587 221 595 1285
701 590 226 595 1285
666 591 221 596 1286
22 539 233 596 1286
522 275 239 596 1286
648 306 221 596 1286
640 170 222 596 1286
761 589 226 596 1286
22 540 231 597 1287
522 276 231 597 1287
648 307 227 597 1287
428 599 225 597 1287
144 234 222 597 1287
520 594 221 597 1287
701 592 224 598 1288
22 541 240 598 1288
522 277 224 598 1288
350 599 221 598 1288
761 591 225 598 1288
440 86 222 599 1289
22 542 221 599 1289
22 543 238 600 1290
522 279 225 600 1290
660 585 221 600 1290
246 585 221 600 1290
22 544 238 601 1291
666 596 222 601 1291
84 597 221 602 1292
22 545 225 602 1292
648 312 223 602 1292
522 281 223 602 1292
648 314 224 604 1294
246 589 225 604 1294
520 601 226 604 1294
84 600 221 605 1295
440 92 232 605 1295
709 594 226 605 1295
648 315 226 605 1295
650 546 237 605 1295
181 106 221 605 1295
522 284 235 605 1295
367 274 224 605 1295
683 466 222 605 1295
44 257 227 606 1296
676 603 225 606 1296
181 107 227 606 1296
367 275 224 606 1296
400 420 223 606 1296
522 285 247 606 1296
559 479 227 606 1296
543 270 221 606 1296
606 562 222 606 1296
710 563 227 606 1296
144 243 227 606 1296
22 550 222 607 1297
522 286 233 607 1297
349 599 227 607 1297
701 602 223 607 1297
22 551 231 608 1298
522 287 234 608 1298
428 610 223 608 1298
520 605 221 608 1298
22 552 235 609 1299
522 288 231 609 1299
298 536 223 609 1299
428 611 231 609 1299
677 122 237 609 1299
701 604 223 609 1299
22 553 223 610 1300
181 111 223 610 1300
522 289 228 610 1300
117 514 227 610 1300
648 321 225 611 1301
522 290 237 611 1301
767 606 223 611 1301
304 600 233 612 1302
522 291 235 612 1302
421 610 231 612 1302
307 609 223 612 1302
94 52 221 612 1302
329 543 222 612 1302
701 607 221 612 1302
666 608 223 613 1303
22 556 246 613 1303
648 323 224 613 1303
522 292 233 613 1303
22 557 246 614 1304
669 610 222 614 1304
355 324 221 614 1304
701 609 225 614 1304
22 558 228 615 1305
701 610 221 616 1306
22 559 235 616 1306
522 295 233 616 1306
246 601 221 616 1306
22 560 231 617 1307
329 548 221 617 1307
355 327 233 617 1307
701 612 222 617 1307
709 607 222 617 1307
500 592 228 618 1308
238 591 229 618 1308
84 613 222 618 1308
501 583 225 618 1308
22 561 235 618 1308
279 615 227 618 1308
522 297 233 618 1308
543 282 222 618 1308
307 615 231 618 1308
214 494 233 618 1308
269 28 231 618 1308
577 620 224 618 1308
649 36 227 618 1308
238 592 225 619 1309
22 562 225 619 1309
522 298 227 619 1309
652 607 226 619 1309
248 596 221 619 1309
214 495 227 619 1309
554 615 221 619 1309
588 609 228 619 1309
745 617 221 619 1309
37 272 226 619 1309
475 139 223 619 1309
348 294 221 620 1310
238 593 224 620 1310
22 563 250 620 1310
522 299 229 620 1310
652 608 231 620 1310
248 597 248 620 1310
214 496 225 620 1310
300 601 221 620 1310
1 737 223 620 1310
128 103 223 620 1310
201 784 222 620 1310
475 140 221 620 1310
577 622 227 620 1310
238 594 237 621 1311
22 564 231 621 1311
577 623 233 621 1311
93 534 247 622 1312
418 618 226 622 1312
606 578 223 622 1312
49 488 223 622 1312
783 603 221 622 1312
8 565 223 622 1312
662 463 229 622 1312
770 60 240 622 1312
520 619 224 622 1312
709 612 233 622 1312
500 597 224 623 1313
265 627 221 623 1313
743 533 233 623 1313
59 521 221 623 1313
699 514 223 623 1313
713 616 233 623 1313
611 607 221 623 1313
522 302 222 623 1313
111 596 223 623 1313
543 287 221 623 1313
652 611 227 623 1313
487 55 228 623 1313
13 582 223 623 1313
440 111 224 623 1313
522 303 239 624 1314
474 11 225 624 1314
650 566 223 625 1315
522 304 225 625 1315
650 567 223 626 1316
522 305 254 626 1316
761 619 229 626 1316
522 306 247 627 1317
184 177 223 627 1317
577 629 232 627 1317
153 612 224 628 1318
522 307 233 628 1318
614 617 221 628 1318
577 630 223 628 1318
217 628 231 629 1319
522 308 227 629 1319
522 309 225 630 1320
48 612 227 630 1320
440 118 222 630 1320
153 615 226 631 1321
368 566 229 633 1323
648 343 225 633 1323
522 312 241 633 1323
522 313 228 634 1324
522 314 235 635 1325
400 449 227 635 1325
153 620 221 636 1326
522 315 221 636 1326
400 450 233 636 1326
522 316 225 637 1327
400 451 237 637 1327
427 646 221 637 1327
522 317 230 638 1328
400 452 239 638 1328
400 453 238 639 1329
385 95 223 639 1329
563 639 223 640 1330
648 350 221 640 1330
522 319 233 640 1330
294 633 223 640 1330
385 96 225 640 1330
427 649 227 640 1330
737 625 227 640 1330
153 625 225 641 1331
522 320 233 641 1331
400 455 239 641 1331
75 58 223 641 1331
783 622 227 641 1331
522 321 229 642 1332
400 456 236 642 1332
75 59 221 642 1332
522 322 239 643 1333
400 457 233 643 1333
703 624 222 643 1333
522 324 226 645 1335
84 641 232 646 1336
400 462 225 648 1338
522 327 224 648 1338
560 645 223 649 1339
400 463 231 649 1339
648 360 221 650 1340
93 562 223 650 1340
217 649 221 650 1340
400 464 227 650 1340
184 200 227 650 1340
246 635 223 650 1340
355 360 225 650 1340
93 563 225 651 1341
84 646 233 651 1341
522 330 239 651 1341
400 465 251 651 1341
165 91 221 651 1341
294 644 224 651 1341
269 61 221 651 1341
522 331 223 652 1342
543 316 221 652 1342
522 333 223 654 1344
48 636 223 654 1344
546 344 224 655 1345
761 648 222 655 1345
349 647 227 655 1345
93 568 225 656 1346
522 335 225 656 1346
563 6 227 656 1346
269 66 221 656 1346
93 569 233 657 1347
522 336 223 657 1347
563 7 225 657 1347
487 89 223 657 1347
153 14 221 657 1347
355 367 221 657 1347
93 570 237 658 1348
522 337 224 658 1348
93 571 235 659 1349
93 572 221 660 1350
762 12 227 660 1350
269 70 226 660 1350
93 573 222 661 1351
762 13 224 661 1351
269 71 224 661 1351
152 657 221 661 1351
93 574 222 662 1352
762 14 221 662 1352
93 576 221 664 1354
563 15 221 665 1355
522 344 235 665 1355
355 375 221 665 1355
93 578 221 666 1356
703 647 222 666 1356
522 346 233 667 1357
152 663 223 667 1357
703 649 223 668 1358
153 25 227 668 1358
93 581 221 669 1359
522 348 224 669 1359
152 665 231 669 1359
321 336 223 669 1359
93 582 227 670 1360
648 380 221 670 1360
762 22 223 670 1360
153 27 223 670 1360
93 583 223 671 1361
84 666 221 671 1361
522 350 224 671 1361
152 667 225 671 1361
153 28 223 671 1361
355 381 231 671 1361
93 584 223 672 1362
84 667 224 672 1362
400 486 225 672 1362
153 29 223 672 1362
678 92 225 672 1362
321 339 223 672 1362
355 382 227 673 1363
93 585 226 673 1363
152 669 225 673 1363
93 586 223 674 1364
321 341 221 674 1364
355 384 231 675 1365
93 587 233 675 1365
84 670 221 675 1365
522 354 222 675 1365
487 107 221 675 1365
269 85 221 675 1365
783 656 225 675 1365
93 588 232 676 1366
269 86 223 676 1366
783 657 229 676 1366
321 343 222 676 1366
93 589 236 677 1367
648 387 225 677 1367
522 356 226 677 1367
321 344 225 678 1368
93 590 232 678 1368
522 357 227 678 1368
487 110 221 678 1368
165 5 225 678 1368
783 659 225 678 1368
251 669 223 678 1368
321 345 227 679 1369
355 388 225 679 1369
560 675 223 679 1369
648 389 224 679 1369
543 343 233 679 1369
297 609 221 679 1369
153 36 225 679 1369
321 346 225 680 1370
93 592 235 680 1370
522 359 222 680 1370
152 676 231 680 1370
321 347 223 681 1371
93 593 228 681 1371
522 360 224 681 1371
487 113 223 681 1371
321 348 226 682 1372
512 658 221 682 1372
522 361 224 682 1372
321 349 227 683 1373
512 659 221 683 1373
522 362 232 683 1373
321 350 223 684 1374
522 363 224 684 1374
321 351 222 685 1375
93 597 223 685 1375
321 352 223 686 1376
93 598 227 686 1376
93 599 228 687 1377
522 366 231 687 1377
153 44 225 687 1377
321 354 223 688 1378
522 367 243 688 1378
93 601 231 689 1379
546 378 222 689 1379
321 356 221 690 1380
93 602 227 690 1380
153 47 223 690 1380
153 50 231 693 1383
546 382 226 693 1383
294 687 237 694 1384
297 624 238 694 1384
153 51 233 694 1384
294 688 230 695 1385
297 625 228 695 1385
153 52 241 695 1385
294 689 233 696 1386
297 626 236 696 1386
153 53 243 696 1386
294 690 233 697 1387
297 627 225 697 1387
153 54 243 697 1387
294 691 227 698 1388
297 628 238 698 1388
153 55 246 698 1388
294 692 225 699 1389
297 629 235 699 1389
153 56 224 699 1389
294 693 234 700 1390
297 630 247 700 1390
153 57 243 700 1390
294 694 240 701 1391
297 631 243 701 1391
520 698 221 701 1391
153 58 233 701 1391
251 692 221 701 1391
294 695 239 702 1392
297 632 246 702 1392
153 59 242 702 1392
294 696 237 703 1393
297 633 243 703 1393
153 60 237 703 1393
294 697 234 704 1394
297 634 246 704 1394
153 61 239 704 1394
762 57 227 705 1395
294 698 227 705 1395
297 635 243 705 1395
153 62 241 705 1395
294 699 225 706 1396
297 636 221 706 1396
294 700 233 707 1397
297 637 234 707 1397
153 64 237 707 1397
294 701 233 708 1398
297 638 239 708 1398
153 65 234 708 1398
294 702 238 709 1399
297 639 231 709 1399
153 66 241 709 1399
294 703 235 710 1400
294 704 230 711 1401
153 68 225 711 1401
294 705 225 712 1402
153 69 227 712 1402
294 706 227 713 1403
294 707 228 714 1404
297 644 223 714 1404
153 71 227 714 1404
294 708 228 715 1405
153 72 226 715 1405
294 709 235 716 1406
153 73 221 716 1406
294 710 232 717 1407
294 711 231 718 1408
153 75 222 718 1408
294 712 228 719 1409
379 718 226 719 1409
379 719 234 720 1410
153 77 226 720 1410
379 720 223 721 1411
379 721 232 722 1412
153 79 229 722 1412
379 722 222 723 1413
520 722 226 725 1415
586 722 231 725 1415
251 716 221 725 1415
520 723 233 726 1416
251 717 239 726 1416
520 724 223 727 1417
251 718 225 727 1417
153 85 229 728 1418
294 722 232 729 1419
520 726 235 729 1419
520 728 223 731 1421
137 720 225 731 1421
520 730 231 733 1423
251 724 227 733 1423
251 725 227 734 1424
251 726 221 736 1426
251 727 225 737 1427
251 728 221 738 1428
520 735 222 738 1428
251 729 225 739 1429
520 737 222 740 1430
520 738 232 741 1431
561 13 224 743 1433
251 733 223 743 1433
520 740 221 744 1434
251 734 221 744 1434
423 731 224 744 1434
423 732 233 745 1435
747 540 225 745 1435
251 736 223 746 1436
520 742 229 746 1436
423 733 236 746 1436
423 734 239 747 1437
423 740 226 753 1443
251 744 237 753 1443
561 24 221 753 1443
520 751 223 754 1444
251 745 236 754 1444
561 25 221 754 1444
520 752 223 755 1445
251 746 241 755 1445
520 753 233 756 1446
251 747 239 756 1446
251 748 221 757 1447
520 755 221 758 1448
251 749 225 758 1448
520 756 237 759 1449
251 750 232 759 1449
520 757 239 760 1450
520 758 224 761 1451
251 752 227 761 1451
520 759 234 762 1452
251 753 227 762 1452
520 760 233 763 1453
251 754 223 763 1453
520 761 222 764 1454
520 762 245 765 1455
251 756 237 765 1455
520 763 249 766 1456
251 757 239 766 1456
723 752 225 767 1457
520 764 247 767 1457
251 758 240 767 1457
520 765 246 768 1458
251 759 243 768 1458
520 766 248 769 1459
251 760 232 769 1459
520 767 243 770 1460
251 761 237 771 1461
520 768 245 771 1461
251 762 236 772 1462
520 769 248 772 1462
251 763 231 773 1463
520 770 235 773 1463
251 764 239 774 1464
520 771 237 774 1464
251 765 229 775 1465
520 772 243 775 1465
251 766 238 776 1466
520 773 241 776 1466
251 767 243 777 1467
520 774 233 777 1467
251 768 239 778 1468
520 775 224 778 1468
251 769 224 779 1469
520 776 225 779 1469
251 770 224 780 1470
251 772 223 782 1472
520 780 221 783 1473
251 774 226 784 1474
520 781 224 784 1474
251 775 222 784 1474
251 778 224 787 1477
137 778 222 789 1479
520 786 239 789 1479
251 781 221 790 1480
520 791 227 794 1484
251 785 228 794 1484
520 792 225 795 1485
251 786 228 795 1485
626 82 235 796 1486
520 793 231 796 1486
561 67 222 796 1486
251 787 231 797 1487
294 790 225 797 1487
297 727 240 797 1487
338 146 227 797 1487
520 794 247 797 1487
251 788 225 798 1488
294 791 233 798 1488
297 728 247 798 1488
697 793 223 798 1488
251 789 236 799 1489
294 792 224 799 1489
297 729 227 799 1489
251 790 222 800 1490
297 730 227 800 1490
251 791 231 801 1491
297 731 221 801 1491
153 158 225 801 1491
251 792 224 802 1492
294 795 227 802 1492
297 732 227 802 1492
251 793 227 803 1493
294 796 235 803 1493
297 733 224 803 1493
153 160 239 803 1493
251 794 231 804 1494
163 194 223 804 1494
297 734 239 804 1494
322 789 221 804 1494
153 161 227 804 1494
251 795 224 805 1495
294 798 227 805 1495
297 735 227 805 1495
137 794 223 805 1495
190 576 227 805 1495
153 162 224 805 1495
520 802 222 805 1495
561 76 223 806 1496
251 796 241 806 1496
35 748 221 806 1496
297 736 233 806 1496
190 577 234 806 1496
153 163 225 806 1496
251 797 228 807 1497
294 800 221 807 1497
297 737 233 807 1497
520 804 227 807 1497
251 798 237 808 1498
297 738 221 808 1498
312 792 223 808 1498
520 805 225 808 1498
251 799 241 809 1499
297 739 231 809 1499
520 806 231 809 1499
192 40 227 810 1500
251 800 233 810 1500
610 507 225 810 1500
476 264 221 810 1500
153 167 222 810 1500
251 801 227 811 1501
153 168 223 811 1501
520 808 223 811 1501
251 802 235 812 1502
520 809 232 812 1502
251 803 226 813 1503
297 743 224 813 1503
153 170 243 813 1503
520 810 227 813 1503
297 744 237 814 1504
644 805 227 814 1504
153 171 223 814 1504
520 811 237 814 1504
251 805 229 815 1505
520 812 234 815 1505
251 806 225 816 1506
112 796 223 816 1506
520 813 231 816 1506
297 747 222 817 1507
520 814 227 817 1507
153 175 221 818 1508
251 809 226 819 1509
520 816 227 819 1509
520 817 225 820 1510
251 811 223 821 1511
520 818 227 822 1512
153 179 237 822 1512
520 819 221 823 1513
251 813 241 823 1513
297 753 244 823 1513
497 817 242 823 1513
153 180 236 823 1513
520 820 241 824 1514
251 814 237 824 1514
497 818 236 824 1514
297 1 232 824 1514
520 821 233 824 1514
153 181 234 824 1514
251 815 237 825 1515
497 819 225 825 1515
297 2 240 825 1515
520 822 240 825 1515
153 182 231 825 1515
251 816 224 826 1516
497 820 221 826 1516
297 3 234 826 1516
520 823 222 826 1516
153 183 228 826 1516
297 4 233 827 1517
520 824 241 827 1517
153 185 221 828 1518
520 825 241 828 1518
297 6 239 829 1519
520 826 225 829 1519
153 186 223 829 1519
251 820 227 830 1520
497 824 221 830 1520
297 7 231 830 1520
520 827 227 830 1520
153 187 238 830 1520
251 821 237 831 1521
297 8 247 831 1521
153 188 237 831 1521
251 822 240 832 1522
297 9 233 832 1522
520 829 235 832 1522
251 823 241 833 1523
297 10 235 833 1523
520 830 237 833 1523
153 190 234 833 1523
251 824 238 834 1524
297 11 235 834 1524
153 191 221 834 1524
251 825 225 835 1525
294 828 223 835 1525
297 12 225 835 1525
520 832 231 835 1525
153 192 221 835 1525
297 13 247 836 1526
520 833 223 836 1526
251 827 225 837 1527
297 14 233 837 1527
520 834 221 837 1527
251 828 225 838 1528
297 15 241 838 1528
520 835 241 838 1528
153 195 222 838 1528
251 829 234 839 1529
294 832 224 839 1529
297 16 243 839 1529
520 836 233 839 1529
251 830 226 840 1530
294 833 241 840 1530
241 842 237 840 1530
297 17 223 840 1530
520 837 231 840 1530
153 197 245 840 1530
294 834 235 841 1531
241 843 247 841 1531
297 18 241 841 1531
520 838 242 841 1531
153 198 239 841 1531
294 835 233 842 1532
241 844 237 842 1532
297 19 225 842 1532
520 839 229 842 1532
241 845 227 843 1533
297 20 223 843 1533
520 840 224 843 1533
153 200 234 843 1533
241 846 233 844 1534
153 201 231 844 1534
241 847 239 845 1535
520 842 236 845 1535
294 839 223 846 1536
241 848 239 846 1536
297 23 229 846 1536
251 837 236 847 1537
294 840 227 847 1537
241 849 237 847 1537
297 24 227 847 1537
520 844 225 847 1537
153 204 222 847 1537
251 838 231 848 1538
520 845 223 848 1538
251 839 221 849 1539
520 846 235 849 1539
153 206 228 850 1540
251 840 232 850 1540
294 844 223 851 1541
520 848 226 851 1541
297 28 223 851 1541
251 842 223 852 1542
520 849 221 852 1542
251 843 231 853 1543
161 340 222 853 1543
520 850 229 853 1543
297 30 227 853 1543
294 847 231 854 1544
251 844 227 854 1544
497 848 222 854 1544
297 31 231 854 1544
520 851 227 854 1544
153 211 227 854 1544
497 849 221 855 1545
297 32 225 855 1545
520 852 222 855 1545
153 212 221 855 1545
294 849 221 856 1546
294 850 227 857 1547
251 847 226 857 1547
788 817 223 857 1547
297 34 223 857 1547
520 854 224 857 1547
153 214 226 857 1547
294 851 238 858 1548
297 35 233 858 1548
153 215 233 858 1548
520 855 229 858 1548
251 849 225 859 1549
297 36 222 859 1549
153 216 229 859 1549
520 856 225 859 1549
251 850 222 860 1550
297 37 227 860 1550
520 857 233 860 1550
190 38 226 861 1551
251 851 241 861 1551
294 854 227 861 1551
297 38 223 861 1551
520 858 233 861 1551
763 266 221 862 1552
251 852 231 862 1552
190 39 243 862 1552
297 39 237 862 1552
190 40 225 863 1553
788 823 223 863 1553
297 40 239 863 1553
520 860 237 863 1553
533 3 243 864 1554
763 268 222 864 1554
251 854 239 864 1554
190 41 245 864 1554
297 41 240 864 1554
533 4 237 865 1555
251 855 241 865 1555
190 42 237 865 1555
516 860 223 865 1555
297 42 228 865 1555
153 222 225 865 1555
520 862 246 865 1555
533 5 233 866 1556
251 856 232 866 1556
190 43 231 866 1556
294 859 221 866 1556
235 5 246 866 1556
153 223 227 866 1556
297 43 231 866 1556
520 863 239 867 1557
190 44 237 867 1557
251 857 226 867 1557
294 860 221 867 1557
562 150 223 867 1557
268 750 223 867 1557
520 864 224 867 1557
190 45 243 868 1558
251 858 236 868 1558
562 151 227 868 1558
241 870 237 868 1558
297 45 224 868 1558
153 225 223 868 1558
520 865 223 868 1558
190 46 234 869 1559
251 859 227 869 1559
562 152 222 869 1559
688 257 227 869 1559
241 871 240 869 1559
153 226 224 869 1559
190 47 225 870 1560
185 45 226 870 1560
688 258 225 870 1560
297 47 231 870 1560
520 867 243 871 1561
331 24 221 871 1561
251 861 229 871 1561
476 325 233 871 1561
516 866 225 871 1561
357 8 224 871 1561
659 102 222 871 1561
185 46 231 871 1561
562 154 226 871 1561
688 259 237 871 1561
268 754 222 871 1561
133 877 221 871 1561
241 873 223 871 1561
297 48 239 871 1561
520 868 228 872 1562
251 862 233 872 1562
763 276 224 872 1562
294 865 229 872 1562
562 155 223 872 1562
688 260 243 872 1562
268 755 223 872 1562
297 49 235 872 1562
153 229 239 872 1562
520 869 237 873 1563
251 863 227 873 1563
668 872 227 873 1563
516 868 223 873 1563
562 156 221 873 1563
688 261 225 873 1563
268 756 224 873 1563
241 875 231 873 1563
297 50 224 873 1563
153 230 227 873 1563
520 870 236 874 1564
435 749 231 874 1564
190 51 227 874 1564
668 873 225 874 1564
251 864 235 874 1564
82 802 233 874 1564
294 867 233 874 1564
357 11 222 874 1564
562 157 226 874 1564
688 262 221 874 1564
241 876 229 874 1564
297 51 246 874 1564
153 231 231 874 1564
520 871 231 875 1565
190 52 225 875 1565
251 865 226 875 1565
294 868 223 875 1565
562 158 223 875 1565
688 263 223 875 1565
133 881 221 875 1565
241 877 223 875 1565
445 859 221 875 1565
127 888 221 875 1565
297 52 238 875 1565
520 872 231 876 1566
773 797 222 876 1566
190 53 231 876 1566
251 866 238 876 1566
763 280 234 876 1566
704 872 228 876 1566
516 871 223 876 1566
82 804 221 876 1566
294 869 223 876 1566
357 13 227 876 1566
562 159 224 876 1566
185 51 222 876 1566
268 759 225 876 1566
133 882 221 876 1566
241 878 223 876 1566
445 860 221 876 1566
127 889 221 876 1566
297 53 247 876 1566
520 873 225 877 1567
190 54 227 877 1567
251 867 225 877 1567
704 873 221 877 1567
82 805 223 877 1567
294 870 232 877 1567
476 331 225 877 1567
357 14 223 877 1567
688 265 227 877 1567
235 16 223 877 1567
241 879 235 877 1567
127 890 221 877 1567
490 808 226 877 1567
297 54 245 877 1567
435 753 221 878 1568
190 55 233 878 1568
251 868 238 878 1568
704 874 221 878 1568
516 873 223 878 1568
294 871 226 878 1568
476 332 235 878 1568
336 157 231 878 1568
235 17 222 878 1568
241 880 225 878 1568
127 891 230 878 1568
490 809 233 878 1568
297 55 233 879 1569
520 875 239 879 1569
42 524 225 879 1569
704 875 229 879 1569
251 869 228 879 1569
516 874 223 879 1569
294 872 227 879 1569
476 333 221 879 1569
161 366 221 879 1569
357 16 243 879 1569
562 162 225 879 1569
574 867 221 879 1569
235 18 226 879 1569
241 881 229 879 1569
498 10 223 880 1570
520 876 232 880 1570
297 56 231 880 1570
476 334 221 880 1570
268 763 229 880 1570
241 882 223 880 1570
520 877 235 881 1571
297 57 225 881 1571
190 58 227 881 1571
42 526 225 881 1571
262 117 222 881 1571
476 335 233 881 1571
357 18 231 881 1571
562 164 235 881 1571
268 764 231 881 1571
574 869 225 881 1571
235 20 221 881 1571
520 878 241 882 1572
297 58 235 882 1572
297 59 227 883 1573
42 528 223 883 1573
476 337 225 883 1573
268 766 221 883 1573
520 880 247 884 1574
604 71 221 884 1574
747 17 221 884 1574
42 529 238 884 1574
297 61 232 885 1575
688 273 222 885 1575
241 887 227 885 1575
520 882 227 886 1576
297 62 233 886 1576
153 242 224 886 1576
42 531 225 886 1576
562 169 228 886 1576
497 880 223 886 1576
241 888 237 886 1576
520 883 231 887 1577
297 63 233 887 1577
42 532 225 887 1577
476 341 225 887 1577
357 24 221 887 1577
688 275 235 887 1577
241 889 225 887 1577
562 171 223 888 1578
520 886 221 890 1580
297 66 223 890 1580
42 535 227 890 1580
476 344 231 890 1580
357 27 223 890 1580
562 173 225 890 1580
520 887 225 891 1581
357 28 222 891 1581
520 888 232 892 1582
251 882 235 892 1582
520 889 227 893 1583
297 69 227 893 1583
251 883 238 893 1583
520 890 229 894 1584
435 769 221 894 1584
297 70 223 894 1584
251 884 238 894 1584
262 130 223 894 1584
476 348 226 894 1584
688 282 233 894 1584
520 891 231 894 1584
446 2 222 895 1585
190 72 227 895 1585
365 554 224 895 1585
297 71 247 895 1585
251 885 247 895 1585
476 349 232 895 1585
688 283 234 895 1585
520 892 235 895 1585
153 252 223 896 1586
435 771 232 896 1586
297 72 228 896 1586
251 886 233 896 1586
476 350 229 896 1586
294 889 231 896 1586
88 862 223 896 1586
520 893 227 896 1586
190 74 225 897 1587
297 73 228 897 1587
251 887 238 897 1587
476 351 228 897 1587
294 890 227 897 1587
241 899 221 897 1587
490 828 222 897 1587
297 74 223 898 1588
476 352 235 898 1588
688 286 227 898 1588
789 886 223 898 1588
520 895 222 898 1588
435 774 222 899 1589
476 353 233 899 1589
190 77 222 900 1590
297 76 226 900 1590
153 257 228 901 1591
476 355 227 901 1591
357 38 227 901 1591
153 258 224 902 1592
435 777 223 902 1592
476 356 223 902 1592
497 896 223 902 1592
476 357 221 903 1593
497 897 225 903 1593
251 894 221 904 1594
688 292 231 904 1594
497 898 227 904 1594
153 261 221 905 1595
688 293 222 905 1595
497 899 226 905 1595
520 902 232 905 1595
476 360 231 906 1596
735 535 221 906 1596
520 903 243 906 1596
190 84 235 907 1597
435 782 223 907 1597
251 897 235 907 1597
476 361 225 907 1597
497 901 227 907 1597
520 904 239 907 1597
190 85 233 908 1598
435 783 224 908 1598
533 47 233 908 1598
251 898 229 908 1598
476 362 231 908 1598
688 296 227 908 1598
19 336 223 908 1598
445 892 221 908 1598
190 86 221 909 1599
533 48 223 909 1599
476 363 225 909 1599
562 192 221 909 1599
497 903 222 909 1599
294 3 225 909 1599
365 569 225 910 1600
7 894 225 910 1600
190 87 231 910 1600
763 314 223 910 1600
239 25 224 910 1600
607 872 222 910 1600
251 900 241 910 1600
516 905 221 910 1600
476 364 225 910 1600
688 298 226 910 1600
497 904 228 910 1600
89 911 221 910 1600
435 786 239 911 1601
7 895 224 911 1601
251 901 240 911 1601
497 905 224 911 1601
789 899 222 911 1601
294 5 222 911 1601
89 912 226 911 1601
490 842 221 912 1602
153 268 227 912 1602
435 787 227 912 1602
7 896 223 912 1602
190 89 221 912 1602
251 902 249 912 1602
497 906 223 912 1602
520 909 221 912 1602
435 788 243 913 1603
7 897 225 913 1603
190 90 226 913 1603
251 903 243 913 1603
476 367 231 913 1603
497 907 221 913 1603
518 41 223 913 1603
435 789 243 914 1604
190 91 223 914 1604
105 882 224 914 1604
112 7 227 914 1604
476 368 235 914 1604
657 32 222 914 1604
497 908 221 914 1604
268 797 227 914 1604
520 911 223 914 1604
340 322 225 914 1604
604 102 223 915 1605
446 22 221 915 1605
383 907 221 915 1605
153 271 221 915 1605
365 574 221 915 1605
533 54 247 915 1605
763 2 231 915 1605
607 877 221 915 1605
404 876 223 915 1605
357 1 223 915 1605
520 912 223 915 1605
241 917 226 916 1606
446 23 221 916 1606
153 272 225 916 1606
435 791 227 916 1606
242 204 225 916 1606
763 3 224 916 1606
516 911 221 916 1606
112 9 221 916 1606
476 370 241 916 1606
562 199 223 916 1606
268 799 224 916 1606
366 3 229 916 1606
520 913 221 916 1606
604 104 225 916 1606
763 4 222 917 1607
251 907 223 917 1607
25 880 221 917 1607
788 877 237 917 1607
294 11 237 917 1607
509 868 221 917 1607
446 25 229 917 1607
190 95 225 918 1608
607 880 229 918 1608
262 154 221 918 1608
562 201 221 918 1608
294 12 223 918 1608
185 93 233 918 1608
133 924 224 918 1608
490 849 233 918 1608
608 338 221 919 1609
190 96 229 919 1609
763 6 221 919 1609
230 894 225 919 1609
251 909 225 919 1609
516 914 221 919 1609
476 373 221 919 1609
112 12 233 919 1609
657 37 223 919 1609
88 885 221 919 1609
520 916 223 919 1609
490 850 232 919 1609
297 96 222 920 1610
190 97 232 920 1610
105 888 223 920 1610
166 46 223 920 1610
607 882 222 920 1610
516 915 227 920 1610
497 914 221 920 1610
788 880 229 920 1610
294 14 241 920 1610
312 904 223 920 1610
414 917 223 920 1610
297 97 247 921 1611
190 98 243 921 1611
516 916 225 921 1611
25 884 231 921 1611
272 922 221 921 1611
518 49 225 921 1611
294 15 226 921 1611
312 905 223 921 1611
297 98 242 922 1612
190 99 242 922 1612
607 884 231 922 1612
262 158 221 922 1612
294 16 245 922 1612
312 906 225 922 1612
483 349 224 922 1612
773 844 221 923 1613
297 99 231 923 1613
190 100 247 923 1613
763 10 227 923 1613
476 377 222 923 1613
112 16 225 923 1613
25 886 225 923 1613
497 917 227 923 1613
776 4 221 923 1613
153 6 234 923 1613
365 583 222 924 1614
435 799 223 924 1614
7 908 223 924 1614
297 100 223 924 1614
190 101 242 924 1614
262 160 224 924 1614
25 887 232 924 1614
150 95 225 924 1614
497 918 222 924 1614
773 846 221 925 1615
435 800 223 925 1615
7 909 225 925 1615
476 379 221 925 1615
262 161 223 925 1615
598 29 223 925 1615
150 96 228 925 1615
235 64 234 925 1615
633 906 233 926 1616
598 30 229 926 1616
523 912 225 927 1617
569 918 227 927 1617
71 56 224 927 1617
236 919 223 927 1617
692 860 231 927 1617
574 915 226 927 1617
667 278 226 927 1617
342 925 239 927 1617
121 39 223 928 1618
244 919 239 928 1618
104 920 227 928 1618
625 112 226 928 1618
231 337 223 928 1618
297 105 231 929 1619
231 339 222 930 1620
751 282 225 933 1623
231 342 223 933 1623
311 52 223 934 1624
294 28 228 934 1624
294 29 243 935 1625
294 30 233 936 1626
294 31 242 937 1627
294 32 246 938 1628
400 753 225 939 1629
177 10 229 939 1629
294 33 229 939 1629
652 239 223 939 1629
294 34 243 940 1630
350 941 231 940 1630
295 908 247 940 1630
652 240 222 940 1630
390 932 221 940 1630
774 940 231 941 1631
82 24 225 941 1631
159 650 243 941 1631
10 1 223 941 1631
453 47 235 941 1631
658 939 227 941 1631
582 932 241 941 1631
584 849 224 941 1631
18 928 225 941 1631
294 35 239 941 1631
350 942 243 941 1631
295 909 223 941 1631
652 241 221 941 1631
506 397 225 941 1631
774 941 236 942 1632
82 25 222 942 1632
10 1 250 942 1632
658 940 228 942 1632
582 933 227 942 1632
584 850 239 942 1632
18 929 224 942 1632
294 36 235 942 1632
439 862 221 942 1632
295 910 240 942 1632
350 943 222 942 1632
652 242 225 942 1632
332 140 234 942 1632
506 398 221 942 1632
33 903 223 942 1632
774 942 223 943 1633
10 2 237 943 1633
658 941 224 943 1633
582 934 227 943 1633
18 930 227 943 1633
350 944 235 943 1633
652 243 243 943 1633
332 141 231 943 1633
506 399 234 943 1633
10 3 233 944 1634
582 935 228 944 1634
18 931 233 944 1634
294 38 221 944 1634
295 912 225 944 1634
652 244 233 944 1634
332 142 221 944 1634
773 866 232 944 1634
506 400 231 944 1634
774 944 221 945 1635
192 175 237 945 1635
10 4 225 945 1635
18 932 229 945 1635
295 913 233 945 1635
332 143 221 945 1635
773 867 241 945 1635
33 906 222 945 1635
774 945 227 946 1636
82 29 225 946 1636
294 1 232 946 1636
192 176 239 946 1636
10 5 236 946 1636
652 246 229 946 1636
33 907 235 946 1636
82 30 235 947 1637
774 946 223 947 1637
294 2 227 947 1637
192 177 242 947 1637
10 6 229 947 1637
18 934 223 947 1637
652 247 228 947 1637
506 403 225 948 1638
33 908 222 948 1638
294 3 225 948 1638
192 178 234 948 1638
10 7 232 948 1638
462 291 221 948 1638
18 935 224 948 1638
652 248 229 948 1638
506 404 227 949 1639
33 909 224 949 1639
774 948 233 949 1639
159 658 224 949 1639
192 179 235 949 1639
10 8 224 949 1639
18 936 233 949 1639
652 249 227 949 1639
295 917 229 949 1639
332 147 225 949 1639
506 405 226 950 1640
33 910 228 950 1640
294 5 221 950 1640
192 180 235 950 1640
10 9 231 950 1640
18 937 231 950 1640
652 250 221 950 1640
773 872 224 950 1640
774 950 227 951 1641
192 181 227 951 1641
10 10 227 951 1641
582 942 222 951 1641
18 938 232 951 1641
652 251 227 951 1641
332 149 221 952 1642
773 873 225 952 1642
192 182 235 952 1642
18 939 226 952 1642
350 953 233 952 1642
295 920 225 952 1642
773 874 225 953 1643
294 8 232 953 1643
192 183 236 953 1643
10 12 224 953 1643
18 940 233 953 1643
350 954 221 953 1643
773 875 222 954 1644
33 914 228 954 1644
192 184 234 954 1644
10 13 237 954 1644
582 945 221 954 1644
18 941 229 954 1644
652 254 224 954 1644
332 152 225 955 1645
192 185 227 955 1645
10 14 225 955 1645
582 946 222 955 1645
652 255 222 955 1645
295 923 225 956 1646
33 916 221 956 1646
774 955 221 956 1646
82 39 221 956 1646
192 186 223 956 1646
159 665 221 956 1646
10 15 233 956 1646
658 954 221 956 1646
584 864 221 956 1646
18 943 225 956 1646
350 957 221 956 1646
652 256 223 956 1646
33 917 223 957 1647
192 187 223 957 1647
10 16 231 957 1647
295 925 221 957 1647
773 879 222 958 1648
33 918 227 958 1648
192 188 226 958 1648
10 17 227 958 1648
18 945 223 958 1648
652 258 221 958 1648
332 156 223 958 1648
33 919 227 959 1649
82 42 223 959 1649
192 189 221 959 1649
10 18 234 959 1649
18 946 225 959 1649
350 960 227 959 1649
33 920 225 960 1650
774 959 228 960 1650
159 669 221 960 1650
192 190 231 960 1650
10 19 237 960 1650
582 951 229 960 1650
18 947 223 960 1650
350 961 223 960 1650
652 260 221 960 1650
773 882 222 961 1651
582 952 222 961 1651
350 962 222 961 1651
652 261 223 961 1651
773 883 221 962 1652
774 961 221 962 1652
10 21 223 962 1652
18 950 223 963 1653
652 263 224 963 1653
10 23 225 964 1654
18 951 221 964 1654
10 24 223 965 1655
10 25 223 966 1656
18 954 224 967 1657
582 959 225 968 1658
18 955 227 968 1658
18 956 226 969 1659
18 957 232 970 1660
18 958 227 971 1661
18 959 229 972 1662
10 32 221 973 1663
18 960 231 973 1663
10 33 221 974 1664
294 29 225 974 1664
192 204 221 974 1664
18 961 233 974 1664
773 896 221 975 1665
10 35 223 976 1666
652 276 221 976 1666
773 898 223 977 1667
10 36 223 977 1667
18 964 230 977 1667
652 277 221 977 1667
294 33 225 978 1668
18 965 222 978 1668
294 34 221 979 1669
18 966 231 979 1669
18 967 229 980 1670
18 968 227 981 1671
18 969 227 982 1672
159 692 221 983 1673
294 38 227 983 1673
18 970 233 983 1673
773 905 222 984 1674
192 214 221 984 1674
18 971 231 984 1674
652 284 223 984 1674
294 40 223 985 1675
18 972 233 985 1675
773 907 221 986 1676
294 41 224 986 1676
18 973 227 986 1676
773 908 223 987 1677
294 42 222 987 1677
10 46 227 987 1677
18 974 227 987 1677
350 988 225 988 1678
159 697 223 988 1678
294 43 227 988 1678
18 975 223 988 1678
773 910 223 989 1679
294 44 223 989 1679
159 698 225 989 1679
192 219 222 989 1679
18 976 221 989 1679
773 911 224 990 1680
159 699 221 990 1680
18 977 229 990 1680
773 912 222 991 1681
159 700 223 991 1681
294 46 224 991 1681
18 978 225 991 1681
773 913 223 992 1682
159 701 222 992 1682
294 47 224 992 1682
18 979 222 992 1682
159 702 225 993 1683
294 48 225 993 1683
192 223 225 993 1683
10 52 229 993 1683
18 980 229 993 1683
773 915 226 994 1684
159 703 223 994 1684
294 49 225 994 1684
192 224 223 994 1684
584 902 221 994 1684
18 981 229 994 1684
773 916 228 995 1685
192 225 223 995 1685
584 903 221 995 1685
18 982 225 995 1685
773 917 222 996 1686
294 51 223 996 1686
584 904 223 996 1686
10 56 223 997 1687
584 905 221 997 1687
18 984 223 997 1687
10 57 227 998 1688
773 920 222 999 1689
294 54 225 999 1689
10 58 225 999 1689
18 986 225 999 1689
294 55 227 1000 1690
10 59 231 1000 1690
192 230 229 1000 1690
18 988 240 1001 1691
773 923 235 1001 1691
33 962 221 1002 1692
294 57 235 1002 1692
192 232 221 1002 1692
582 993 223 1002 1692
773 924 227 1002 1692
652 302 228 1002 1692
33 963 221 1003 1693
82 86 224 1003 1693
294 58 223 1003 1693
192 233 226 1003 1693
10 62 227 1003 1693
462 346 221 1003 1693
582 994 222 1003 1693
18 990 241 1003 1693
773 925 227 1003 1693
652 303 224 1003 1693
159 713 223 1004 1694
294 59 225 1004 1694
506 459 221 1004 1694
192 234 225 1004 1694
10 63 225 1004 1694
584 912 222 1004 1694
18 991 231 1004 1694
773 926 237 1004 1694
652 304 223 1004 1694
82 88 221 1005 1695
294 60 236 1005 1695
658 1003 221 1005 1695
18 992 234 1005 1695
773 927 233 1005 1695
159 715 223 1006 1696
294 61 235 1006 1696
192 236 226 1006 1696
658 1004 221 1006 1696
582 997 229 1006 1696
584 914 221 1006 1696
18 993 231 1006 1696
773 928 234 1006 1696
652 306 231 1006 1696
33 967 223 1007 1697
294 62 237 1007 1697
192 237 225 1007 1697
658 1005 222 1007 1697
582 998 228 1007 1697
18 994 225 1007 1697
773 929 239 1007 1697
295 975 224 1008 1698
294 63 237 1008 1698
506 463 222 1008 1698
582 999 228 1008 1698
18 995 236 1008 1698
773 930 231 1008 1698
652 308 231 1008 1698
82 92 223 1008 1698
33 969 228 1009 1699
159 718 225 1009 1699
294 64 239 1009 1699
10 68 225 1009 1699
506 464 221 1009 1699
582 1000 222 1009 1699
584 917 225 1009 1699
18 996 223 1009 1699
773 931 225 1009 1699
652 309 229 1009 1699
82 93 221 1009 1699
774 1009 224 1010 1700
294 65 228 1010 1700
10 69 225 1010 1700
506 465 221 1010 1700
582 1001 228 1010 1700
584 918 221 1010 1700
773 932 231 1010 1700
652 310 221 1010 1700
350 1011 224 1011 1701
774 1010 223 1011 1701
159 720 225 1011 1701
294 66 228 1011 1701
582 1002 228 1011 1701
773 933 236 1011 1701
652 311 223 1011 1701
82 95 223 1011 1701
774 1011 223 1012 1702
294 67 228 1012 1702
10 71 231 1012 1702
506 467 221 1012 1702
582 1003 223 1012 1702
18 999 228 1012 1702
773 934 227 1012 1702
652 312 232 1012 1702
33 973 223 1013 1703
159 722 221 1013 1703
294 68 221 1013 1703
10 72 225 1013 1703
18 1 233 1014 1704
159 723 223 1014 1704
192 244 224 1014 1704
294 69 224 1014 1704
10 73 224 1014 1704
584 922 227 1014 1704
350 1015 229 1015 1705
33 975 223 1015 1705
294 70 226 1015 1705
652 315 224 1015 1705
192 246 222 1016 1706
584 924 228 1016 1706
652 316 226 1016 1706
82 100 233 1016 1706
332 214 221 1017 1707
295 984 243 1017 1707
10 76 223 1017 1707
192 247 224 1017 1707
582 1008 224 1017 1707
652 317 224 1017 1707
33 978 223 1018 1708
350 1018 228 1018 1708
18 5 231 1018 1708
773 940 227 1018 1708
652 318 227 1018 1708
33 979 225 1019 1709
18 6 228 1019 1709
774 1018 227 1019 1709
192 249 231 1019 1709
10 78 228 1019 1709
506 474 229 1019 1709
652 319 225 1019 1709
506 475 221 1020 1710
652 320 231 1020 1710
33 981 225 1021 1711
350 1021 225 1021 1711
18 8 227 1021 1711
582 1012 225 1021 1711
584 929 225 1021 1711
462 364 221 1021 1711
773 943 223 1021 1711
400 842 223 1028 1718
584 937 221 1029 1719
158 297 227 1030 1720
507 214 222 1032 1722
177 103 235 1032 1722
649 452 221 1035 1725
87 444 223 1035 1725
177 107 223 1036 1726
10 96 225 1037 1727
584 945 225 1037 1727
652 337 222 1037 1727
18 25 247 1038 1728
774 1037 233 1038 1728
192 268 233 1038 1728
10 97 237 1038 1728
18 26 225 1039 1729
774 1038 222 1039 1729
506 494 221 1039 1729
10 98 243 1039 1729
652 339 239 1039 1729
773 961 225 1039 1729
18 27 231 1040 1730
332 237 223 1040 1730
774 1039 223 1040 1730
295 1007 231 1040 1730
10 99 238 1040 1730
652 340 227 1040 1730
82 124 229 1040 1730
18 28 238 1041 1731
774 1040 228 1041 1731
350 1041 225 1041 1731
506 496 226 1041 1731
10 100 241 1041 1731
652 341 225 1041 1731
82 125 228 1041 1731
18 29 235 1042 1732
332 239 226 1042 1732
774 1041 227 1042 1732
295 1009 230 1042 1732
10 101 240 1042 1732
582 1033 224 1042 1732
652 342 236 1042 1732
82 126 224 1042 1732
18 30 233 1043 1733
332 240 227 1043 1733
774 1042 224 1043 1733
295 1010 223 1043 1733
506 498 225 1043 1733
192 273 231 1043 1733
10 102 239 1043 1733
82 127 223 1043 1733
18 31 229 1044 1734
332 241 225 1044 1734
774 1043 224 1044 1734
295 1011 228 1044 1734
506 499 228 1044 1734
192 274 227 1044 1734
10 103 237 1044 1734
652 344 227 1044 1734
82 128 227 1044 1734
18 32 232 1045 1735
332 242 225 1045 1735
774 1044 227 1045 1735
295 1012 227 1045 1735
506 500 227 1045 1735
192 275 225 1045 1735
10 104 240 1045 1735
652 345 234 1045 1735
18 33 239 1046 1736
332 243 222 1046 1736
774 1045 223 1046 1736
295 1013 231 1046 1736
506 501 228 1046 1736
10 105 229 1046 1736
652 346 222 1046 1736
18 34 237 1047 1737
774 1046 225 1047 1737
295 1014 229 1047 1737
506 502 229 1047 1737
10 106 221 1047 1737
652 347 227 1047 1737
18 35 227 1048 1738
350 1048 221 1048 1738
295 1015 221 1048 1738
192 278 226 1048 1738
10 107 234 1048 1738
18 36 229 1049 1739
332 246 221 1049 1739
295 1016 221 1049 1739
10 108 226 1049 1739
18 37 231 1050 1740
295 1017 235 1050 1740
506 505 233 1050 1740
192 280 234 1050 1740
10 109 235 1050 1740
294 105 222 1050 1740
652 350 223 1050 1740
18 38 233 1051 1741
506 506 221 1051 1741
192 281 221 1051 1741
10 110 229 1051 1741
652 351 233 1051 1741
82 135 223 1051 1741
18 39 239 1052 1742
774 1051 225 1052 1742
295 1019 227 1052 1742
192 282 233 1052 1742
10 111 243 1052 1742
652 352 223 1052 1742
18 40 231 1053 1743
295 1020 231 1053 1743
10 112 231 1053 1743
506 508 225 1053 1743
18 41 226 1054 1744
774 1053 223 1054 1744
295 1021 226 1054 1744
10 113 224 1054 1744
506 509 223 1054 1744
18 42 223 1055 1745
295 1022 224 1055 1745
192 285 224 1055 1745
10 114 223 1055 1745
506 510 227 1055 1745
652 355 226 1055 1745
332 253 221 1056 1746
773 8 221 1056 1746
192 286 223 1056 1746
506 511 227 1056 1746
652 356 227 1056 1746
82 140 227 1056 1746
18 44 225 1057 1747
192 287 229 1057 1747
10 116 239 1057 1747
652 357 231 1057 1747
82 141 221 1057 1747
774 1057 221 1058 1748
10 117 225 1058 1748
192 288 221 1058 1748
652 358 227 1058 1748
18 46 235 1059 1749
773 11 223 1059 1749
192 289 222 1059 1749
506 514 225 1059 1749
652 359 221 1059 1749
18 47 226 1060 1750
773 12 223 1060 1750
350 1060 227 1060 1750
506 515 221 1060 1750
18 48 226 1061 1751
350 1061 221 1061 1751
10 120 223 1061 1751
192 291 223 1061 1751
506 516 227 1061 1751
658 1059 221 1061 1751
18 49 234 1062 1752
350 1062 226 1062 1752
10 121 222 1062 1752
192 292 229 1062 1752
506 517 229 1062 1752
18 50 231 1063 1753
774 1062 223 1063 1753
10 122 237 1063 1753
192 293 229 1063 1753
18 52 235 1065 1755
10 124 237 1065 1755
192 295 225 1065 1755
652 365 226 1065 1755
82 149 223 1066 1756
18 53 234 1066 1756
10 125 235 1066 1756
192 296 221 1066 1756
18 54 231 1067 1757
10 126 231 1067 1757
192 297 227 1067 1757
506 522 223 1067 1757
652 367 221 1067 1757
18 55 232 1068 1758
10 127 227 1068 1758
192 298 223 1068 1758
506 523 221 1068 1758
18 56 233 1069 1759
506 524 226 1069 1759
658 1067 224 1069 1759
18 57 235 1070 1760
10 129 233 1070 1760
192 300 222 1070 1760
652 370 227 1070 1760
18 58 235 1071 1761
773 23 221 1071 1761
10 130 224 1071 1761
192 301 225 1071 1761
652 371 223 1071 1761
18 59 234 1072 1762
10 131 233 1072 1762
192 302 223 1072 1762
18 60 225 1073 1763
10 132 224 1073 1763
652 373 225 1073 1763
18 61 231 1074 1764
192 304 221 1074 1764
18 62 227 1075 1765
10 134 227 1075 1765
652 376 221 1076 1766
10 136 228 1077 1767
192 307 221 1077 1767
18 65 226 1078 1768
10 137 227 1078 1768
192 308 225 1078 1768
774 1078 222 1079 1769
10 138 231 1079 1769
10 139 231 1080 1770
10 140 225 1081 1771
350 1081 228 1081 1771
295 1048 224 1081 1771
295 1049 227 1082 1772
10 142 231 1083 1773
295 1050 225 1083 1773
10 143 227 1084 1774
295 1051 221 1084 1774
10 144 225 1085 1775
294 140 225 1085 1775
295 1052 225 1085 1775
159 795 222 1086 1776
10 145 223 1086 1776
294 141 223 1086 1776
295 1053 223 1086 1776
18 74 223 1087 1777
10 146 223 1087 1777
294 142 222 1087 1777
295 1054 223 1087 1777
295 1055 226 1088 1778
10 148 231 1089 1779
294 144 221 1089 1779
295 1056 223 1089 1779
18 77 238 1090 1780
10 149 239 1090 1780
192 320 221 1090 1780
294 145 227 1090 1780
350 1090 222 1090 1780
506 545 224 1090 1780
652 390 223 1090 1780
10 150 225 1091 1781
294 146 233 1091 1781
658 1089 221 1091 1781
506 546 228 1091 1781
652 391 227 1091 1781
82 175 222 1092 1782
10 151 233 1092 1782
192 322 222 1092 1782
350 1092 223 1092 1782
294 147 233 1092 1782
295 1059 221 1092 1782
582 1083 221 1092 1782
658 1090 225 1092 1782
506 547 222 1092 1782
652 392 226 1092 1782
82 176 223 1093 1783
33 1053 222 1093 1783
10 152 233 1093 1783
350 1093 223 1093 1783
295 1060 224 1093 1783
294 148 235 1093 1783
652 393 227 1093 1783
506 548 233 1093 1783
10 153 233 1094 1784
350 1094 231 1094 1784
294 149 235 1094 1784
506 549 221 1094 1784
652 394 225 1094 1784
584 1002 224 1095 1785
774 1094 223 1095 1785
350 1095 224 1095 1785
294 150 223 1095 1785
658 1093 222 1095 1785
652 395 224 1095 1785
10 155 222 1096 1786
774 1095 225 1096 1786
350 1096 222 1096 1786
192 326 232 1096 1786
295 1063 231 1096 1786
658 1094 227 1096 1786
652 396 233 1096 1786
506 551 231 1096 1786
584 1004 223 1097 1787
18 84 225 1097 1787
33 1057 221 1097 1787
159 806 225 1097 1787
10 156 225 1097 1787
350 1097 225 1097 1787
294 152 235 1097 1787
295 1064 223 1097 1787
582 1088 229 1097 1787
652 397 239 1097 1787
506 552 225 1097 1787
18 85 233 1098 1788
33 1058 224 1098 1788
10 157 229 1098 1788
192 328 222 1098 1788
294 153 226 1098 1788
295 1065 221 1098 1788
652 398 228 1098 1788
18 86 235 1099 1789
10 158 228 1099 1789
192 329 229 1099 1789
18 87 227 1100 1790
10 159 227 1100 1790
192 330 221 1100 1790
18 88 223 1101 1791
10 160 234 1101 1791
294 156 223 1101 1791
192 331 225 1101 1791
295 1068 228 1101 1791
10 161 223 1102 1792
192 332 223 1102 1792
295 1069 225 1102 1792
18 90 225 1103 1793
332 300 221 1103 1793
10 162 221 1103 1793
295 1070 226 1103 1793
18 91 226 1104 1794
10 163 229 1104 1794
192 334 225 1104 1794
295 1071 229 1104 1794
506 559 221 1104 1794
652 404 221 1104 1794
18 92 224 1105 1795
10 164 229 1105 1795
192 335 232 1105 1795
295 1072 221 1105 1795
506 560 221 1105 1795
652 405 227 1105 1795
18 93 233 1106 1796
652 406 225 1106 1796
18 94 232 1107 1797
192 337 225 1107 1797
18 95 235 1108 1798
192 338 221 1108 1798
18 96 233 1109 1799
652 409 221 1109 1799
18 97 229 1110 1800
10 171 225 1112 1802
295 1079 223 1112 1802
652 412 222 1112 1802
506 567 237 1112 1802
18 100 221 1113 1803
10 172 225 1113 1803
192 343 222 1113 1803
295 1080 221 1113 1803
582 1104 222 1113 1803
658 1111 223 1113 1803
294 168 226 1113 1803
652 413 224 1113 1803
506 568 233 1113 1803
10 173 227 1114 1804
192 344 225 1114 1804
294 169 227 1114 1804
506 569 225 1114 1804
18 102 235 1115 1805
10 174 227 1115 1805
294 170 231 1115 1805
584 1023 221 1116 1806
18 103 235 1116 1806
10 175 223 1116 1806
658 1114 224 1116 1806
295 1083 221 1116 1806
294 171 223 1116 1806
652 416 223 1116 1806
506 571 226 1116 1806
584 1024 222 1116 1806
82 200 221 1117 1807
18 104 234 1117 1807
10 176 221 1117 1807
294 172 227 1117 1807
506 572 226 1117 1807
18 105 232 1118 1808
774 1117 225 1118 1808
10 177 225 1118 1808
658 1116 221 1118 1808
192 348 227 1118 1808
295 1085 223 1118 1808
506 573 221 1118 1808
18 106 235 1119 1809
774 1118 225 1119 1809
350 1119 223 1119 1809
192 349 229 1119 1809
294 174 221 1119 1809
18 107 234 1120 1810
350 1120 222 1120 1810
192 350 225 1120 1810
18 108 235 1121 1811
10 180 225 1121 1811
18 109 235 1122 1812
506 577 221 1122 1812
18 110 229 1123 1813
82 206 221 1123 1813
10 182 222 1123 1813
192 353 226 1123 1813
18 111 227 1124 1814
10 183 221 1124 1814
82 208 223 1125 1815
18 112 227 1125 1815
192 355 223 1125 1815
18 113 232 1126 1816
10 185 221 1126 1816
192 356 225 1126 1816
506 581 221 1126 1816
18 114 232 1127 1817
10 186 225 1127 1817
192 357 223 1127 1817
18 115 233 1128 1818
192 358 224 1128 1818
18 116 231 1129 1819
192 359 221 1129 1819
18 117 231 1130 1820
10 189 224 1130 1820
18 118 229 1131 1821
774 1130 221 1131 1821
10 190 232 1131 1821
18 119 231 1132 1822
10 191 236 1132 1822
652 432 227 1132 1822
18 120 221 1133 1823
774 1132 223 1133 1823
10 192 233 1133 1823
652 433 229 1133 1823
18 121 228 1134 1824
774 1133 224 1134 1824
10 193 227 1134 1824
652 434 227 1134 1824
18 122 228 1135 1825
774 1134 224 1135 1825
10 194 235 1135 1825
192 365 224 1135 1825
652 435 225 1135 1825
18 123 231 1136 1826
774 1135 221 1136 1826
10 195 221 1136 1826
10 197 222 1138 1828
18 133 221 1146 1836
18 134 235 1147 1837
10 206 235 1147 1837
18 135 231 1148 1838
10 207 231 1148 1838
18 136 233 1149 1839
10 208 227 1149 1839
18 137 233 1150 1840
10 209 235 1150 1840
582 1141 221 1150 1840
18 138 226 1151 1841
10 210 225 1151 1841
192 381 225 1151 1841
582 1142 224 1151 1841
294 206 225 1151 1841
10 211 235 1152 1842
192 382 221 1152 1842
294 207 223 1152 1842
506 607 223 1152 1842
652 452 221 1152 1842
82 237 221 1154 1844
10 213 225 1154 1844
192 384 222 1154 1844
294 209 221 1154 1844
506 609 223 1154 1844
350 1155 225 1155 1845
10 214 233 1155 1845
192 385 223 1155 1845
294 210 226 1155 1845
33 1116 222 1156 1846
18 143 223 1156 1846
10 215 225 1156 1846
774 1155 221 1156 1846
582 1147 221 1156 1846
294 211 226 1156 1846
506 611 221 1156 1846
18 144 223 1157 1847
10 216 223 1157 1847
294 212 227 1157 1847
506 612 227 1157 1847
652 457 224 1157 1847
33 1118 225 1158 1848
18 145 226 1158 1848
82 241 221 1158 1848
350 1158 221 1158 1848
10 217 238 1158 1848
582 1149 241 1158 1848
192 388 225 1158 1848
294 213 227 1158 1848
652 458 227 1158 1848
33 1119 233 1159 1849
10 218 224 1159 1849
582 1150 223 1159 1849
294 215 235 1160 1850
728 989 223 1161 1851
186 6 221 1161 1851
507 343 223 1161 1851
72 222 227 1161 1851
646 1139 223 1161 1851
684 157 222 1161 1851
294 217 221 1162 1852
350 1164 225 1164 1854
226 276 242 1164 1854
480 599 228 1164 1854
83 597 225 1165 1855
302 1168 221 1168 1858
582 1159 229 1168 1858
771 116 224 1168 1858
632 90 227 1169 1859
223 27 240 1169 1859
59 87 222 1169 1859
63 1146 234 1169 1859
72 230 235 1169 1859
646 1147 223 1169 1859
188 648 223 1169 1859
18 157 223 1170 1860
210 229 231 1170 1860
646 1148 225 1170 1860
269 65 229 1171 1861
32 1144 232 1171 1861
581 541 239 1171 1861
621 1164 222 1171 1861
661 1019 227 1171 1861
249 184 221 1171 1861
660 1155 221 1171 1861
631 794 233 1171 1861
554 1167 225 1171 1861
555 1159 223 1171 1861
455 30 237 1172 1862
249 185 227 1172 1862
249 186 225 1173 1863
698 1173 223 1174 1864
667 526 221 1175 1865
179 491 236 1176 1866
698 1175 223 1176 1866
789 44 226 1176 1866
75 139 223 1176 1866
378 1141 231 1176 1866
125 615 222 1176 1866
667 527 233 1176 1866
179 492 232 1177 1867
249 190 223 1177 1867
378 1142 222 1177 1867
125 616 239 1177 1867
179 493 227 1178 1868
789 46 223 1178 1868
125 617 239 1178 1868
758 1168 228 1179 1869
196 1165 221 1179 1869
773 8 223 1180 1870
72 241 221 1180 1870
60 1185 221 1181 1871
125 620 239 1181 1871
773 10 228 1182 1872
758 1171 229 1182 1872
773 11 222 1183 1873
125 622 235 1183 1873
758 1173 232 1184 1874
75 147 222 1184 1874
72 245 222 1184 1874
125 623 242 1184 1874
702 1183 223 1185 1875
698 1184 227 1185 1875
60 1189 225 1185 1875
758 1174 223 1185 1875
125 624 237 1185 1875
773 14 228 1186 1876
60 1190 223 1186 1876
125 625 240 1186 1876
773 15 222 1187 1877
125 626 221 1187 1877
702 1186 223 1188 1878
125 627 233 1188 1878
773 17 223 1189 1879
758 1178 221 1189 1879
125 628 243 1189 1879
702 1188 221 1190 1880
698 1189 223 1190 1880
773 18 223 1190 1880
125 629 223 1190 1880
702 1189 225 1191 1881
698 1190 225 1191 1881
773 19 222 1191 1881
125 630 225 1191 1881
702 1190 223 1192 1882
698 1191 227 1192 1882
249 205 223 1192 1882
125 631 227 1192 1882
702 1191 224 1193 1883
698 1192 226 1193 1883
698 1193 227 1194 1884
773 22 229 1194 1884
249 207 227 1194 1884
75 157 221 1194 1884
125 633 241 1194 1884
702 1193 231 1195 1885
125 634 223 1195 1885
702 1194 221 1196 1886
125 635 235 1196 1886
702 1195 227 1197 1887
773 25 222 1197 1887
72 12 222 1197 1887
758 1186 223 1197 1887
125 636 235 1197 1887
702 1196 221 1198 1888
773 26 225 1198 1888
758 1187 225 1198 1888
125 637 239 1198 1888
702 1197 226 1199 1889
773 27 231 1199 1889
125 638 227 1199 1889
698 1199 224 1200 1890
758 1189 227 1200 1890
125 639 228 1200 1890
773 29 225 1201 1891
125 640 247 1201 1891
773 30 237 1202 1892
60 1206 224 1202 1892
125 641 240 1202 1892
773 31 227 1203 1893
125 642 244 1203 1893
773 32 224 1204 1894
758 1193 221 1204 1894
125 643 241 1204 1894
125 644 223 1205 1895
789 74 223 1206 1896
125 645 227 1206 1896
125 646 226 1207 1897
72 23 221 1208 1898
60 1212 221 1208 1898
249 222 221 1209 1899
125 648 224 1209 1899
72 25 221 1210 1900
28 25 221 1210 1900
125 649 229 1210 1900
698 1210 226 1211 1901
60 1215 221 1211 1901
667 562 225 1211 1901
667 563 221 1212 1902
125 651 240 1212 1902
179 528 221 1213 1903
773 41 223 1213 1903
758 1202 225 1213 1903
125 652 238 1213 1903
60 1218 222 1214 1904
125 653 234 1214 1904
773 43 224 1215 1905
125 654 238 1215 1905
773 44 223 1216 1906
125 655 234 1216 1906
698 1216 221 1217 1907
60 1221 222 1217 1907
125 656 232 1217 1907
758 1207 221 1218 1908
125 657 231 1218 1908
125 658 242 1219 1909
125 659 239 1220 1910
125 660 236 1221 1911
60 1226 224 1222 1912
667 573 221 1222 1912
125 661 231 1222 1912
60 1227 227 1223 1913
125 662 236 1223 1913
698 1223 221 1224 1914
60 1228 225 1224 1914
125 663 235 1224 1914
773 53 224 1225 1915
125 664 226 1225 1915
125 665 237 1226 1916
698 1226 223 1227 1917
125 666 243 1227 1917
698 1227 226 1228 1918
125 667 227 1228 1918
698 1228 225 1229 1919
125 668 241 1229 1919
698 1229 226 1230 1920
249 243 223 1230 1920
125 669 222 1230 1920
249 244 225 1231 1921
125 670 225 1231 1921
125 671 221 1232 1922
125 672 226 1233 1923
125 673 229 1234 1924
125 674 238 1235 1925
125 675 239 1236 1926
773 65 222 1237 1927
125 676 231 1237 1927
125 677 229 1238 1928
179 556 224 1241 1931
196 1227 223 1241 1931
125 682 231 1243 1933
125 683 239 1244 1934
125 684 238 1245 1935
125 685 239 1246 1936
125 686 241 1247 1937
125 687 243 1248 1938
125 688 229 1249 1939
125 689 237 1250 1940
773 79 223 1251 1941
196 1237 221 1251 1941
28 66 221 1251 1941
125 690 241 1251 1941
773 80 227 1252 1942
698 1251 221 1252 1942
125 691 241 1252 1942
773 81 221 1253 1943
758 1242 227 1253 1943
196 1239 221 1253 1943
125 692 243 1253 1943
773 82 232 1254 1944
60 1258 227 1254 1944
125 693 238 1254 1944
698 1254 221 1255 1945
773 83 224 1255 1945
758 1244 221 1255 1945
125 694 246 1255 1945
702 1254 223 1256 1946
773 84 225 1256 1946
125 695 243 1256 1946
773 85 229 1257 1947
125 696 247 1257 1947
125 698 225 1259 1949
758 1250 222 1261 1951
125 700 239 1261 1951
179 577 227 1262 1952
698 1261 235 1262 1952
125 701 223 1262 1952
667 613 221 1263 1953
72 78 221 1263 1953
698 1262 222 1263 1953
758 1252 221 1263 1953
125 702 237 1263 1953
789 132 226 1264 1954
125 703 225 1264 1954
758 1254 222 1265 1955
125 704 225 1265 1955
179 581 231 1266 1956
60 1270 224 1266 1956
702 1266 223 1268 1958
179 583 227 1268 1958
72 85 221 1270 1960
179 587 228 1272 1962
125 711 233 1272 1962
179 588 223 1273 1963
125 712 234 1273 1963
179 589 224 1274 1964
125 713 231 1274 1964
378 1239 226 1275 1965
758 1266 222 1277 1967
196 1263 221 1277 1967
698 1277 225 1278 1968
758 1267 221 1278 1968
60 1282 225 1278 1968
125 718 235 1279 1969
179 595 221 1280 1970
125 719 235 1280 1970
702 1280 223 1282 1972
179 597 227 1282 1972
125 721 236 1282 1972
179 598 225 1283 1973
773 111 221 1283 1973
60 1287 225 1283 1973
125 722 241 1283 1973
773 112 223 1284 1974
758 1273 223 1284 1974
125 723 233 1284 1974
60 1288 225 1284 1974
667 635 221 1285 1975
378 1249 222 1285 1975
179 600 223 1285 1975
60 1289 223 1285 1975
125 724 226 1285 1975
179 601 222 1286 1976
773 114 223 1286 1976
758 1275 223 1286 1976
60 1290 228 1286 1976
125 725 227 1286 1976
667 637 221 1287 1977
179 602 225 1287 1977
758 1276 227 1287 1977
125 726 239 1287 1977
196 1273 221 1288 1978
179 603 225 1288 1978
125 727 233 1288 1978
702 1287 221 1289 1979
125 728 235 1289 1979
125 729 241 1290 1980
758 2 228 1291 1981
125 730 241 1291 1981
758 3 226 1292 1982
698 1291 223 1292 1982
125 731 246 1292 1982
758 4 221 1293 1983
773 121 222 1293 1983
125 732 235 1293 1983
125 733 234 1294 1984
249 309 221 1296 1986
125 735 231 1296 1986
179 612 221 1297 1987
125 736 242 1297 1987
60 1301 225 1297 1987
773 126 221 1298 1988
698 1297 221 1298 1988
125 737 231 1298 1988
378 1263 221 1298 1988
125 738 233 1299 1989
125 739 227 1300 1990
60 1304 227 1300 1990
378 1265 223 1300 1990
125 740 229 1301 1991
125 741 233 1302 1992
773 131 224 1303 1993
125 742 247 1303 1993
60 1307 221 1303 1993
125 743 243 1304 1994
60 1308 225 1304 1994
698 1304 224 1305 1995
125 744 226 1305 1995
60 1309 227 1305 1995
702 1304 223 1306 1996
125 745 235 1306 1996
179 622 227 1307 1997
125 746 241 1307 1997
698 1307 221 1308 1998
773 136 221 1308 1998
125 747 246 1308 1998
758 20 223 1308 1998
378 1273 225 1308 1998
702 1307 227 1308 1998
125 748 237 1309 1999
60 1313 234 1309 1999
28 124 222 1309 1999
378 1274 227 1309 1999
179 625 224 1310 2000
249 323 223 1310 2000
125 749 233 1310 2000
378 1275 222 1310 2000
125 750 221 1311 2001
773 140 225 1312 2002
179 627 225 1312 2002
125 751 231 1312 2002
125 752 223 1313 2003
125 753 232 1314 2004
125 754 224 1315 2005
125 755 227 1316 2006
698 1316 223 1317 2007
698 1317 225 1318 2008
125 757 242 1318 2008
758 30 227 1318 2008
789 186 221 1318 2008
378 1283 221 1318 2008
125 758 233 1319 2009
125 759 235 1320 2010
378 1285 221 1320 2010
125 760 227 1321 2011
378 1286 222 1321 2011
125 761 241 1322 2012
125 762 237 1323 2013
667 674 223 1323 2013
698 1323 221 1324 2014
773 152 221 1324 2014
125 763 241 1324 2014
125 764 235 1325 2015
378 1290 222 1325 2015
698 1325 227 1326 2016
773 155 221 1327 2017
125 766 239 1327 2017
125 767 221 1328 2018
249 341 224 1328 2018
758 40 225 1328 2018
60 1332 222 1328 2018
773 157 225 1329 2019
125 768 231 1329 2019
28 144 221 1329 2019
758 41 223 1329 2019
702 1328 223 1329 2019
773 158 237 1330 2020
789 198 223 1330 2020
196 1316 227 1330 2020
758 42 227 1330 2020
667 681 235 1330 2020
702 1329 224 1330 2020
773 159 227 1331 2021
249 344 224 1331 2021
125 770 223 1331 2021
196 1317 222 1331 2021
758 43 221 1331 2021
60 1335 221 1331 2021
378 1296 228 1331 2021
187 1319 224 1332 2022
125 772 225 1333 2023
625 75 247 1334 2024
224 1233 221 1334 2024
484 427 224 1334 2024
625 76 229 1335 2025
