159 1 236 0 755
159 2 225 1 756
22 9 221 1 756
159 3 223 2 757
489 5 229 2 757
227 10 223 2 757
475 27 231 2 757
159 4 233 3 758
489 6 233 3 758
227 11 227 3 758
475 28 225 3 758
159 5 227 4 759
489 7 221 4 759
10 10 229 4 759
489 9 223 6 761
227 15 236 7 762
475 32 223 7 762
715 12 227 16 771
159 20 232 19 774
227 6 227 20 775
227 7 239 21 776
159 22 227 21 776
159 23 223 22 777
489 25 221 22 777
650 30 222 24 779
653 72 226 25 780
695 92 225 25 780
396 89 229 26 781
341 91 232 28 783
81 78 226 28 783
355 93 223 28 783
577 95 237 29 784
618 93 228 29 784
341 92 224 29 784
598 94 229 30 785
574 83 233 30 785
3 8 222 30 785
303 83 223 30 785
99 84 223 32 787
780 105 226 34 789
395 27 222 34 789
300 80 222 34 789
103 104 224 34 789
427 108 227 34 789
689 105 227 34 789
2 91 223 35 790
780 106 221 35 790
395 28 227 35 790
300 81 228 35 790
241 102 235 35 790
427 109 224 35 790
364 97 225 35 790
141 85 221 35 790
399 94 224 35 790
2 92 226 36 791
395 29 225 36 791
300 82 227 36 791
364 98 224 36 791
141 86 229 36 791
399 95 241 36 791
2 93 223 37 792
780 108 225 37 792
300 83 227 37 792
103 107 227 37 792
117 7 235 37 792
364 99 241 37 792
689 3 236 37 792
141 87 231 37 792
399 96 246 37 792
160 91 222 38 793
780 109 227 38 793
395 31 224 38 793
103 108 221 38 793
117 8 229 38 793
364 100 234 38 793
689 4 227 38 793
399 97 241 38 793
2 95 222 39 794
780 110 232 39 794
300 85 222 39 794
364 101 232 39 794
117 9 222 39 794
689 5 237 39 794
141 89 226 39 794
399 98 229 39 794
780 111 225 40 795
364 102 236 40 795
689 6 225 40 795
141 90 230 40 795
399 99 227 40 795
2 97 224 41 796
780 112 221 41 796
364 103 234 41 796
117 11 225 41 796
689 7 223 41 796
664 92 224 41 796
141 91 235 41 796
399 100 235 41 796
395 35 228 42 797
300 88 221 42 797
364 104 225 42 797
117 12 241 42 797
689 8 231 42 797
141 92 228 42 797
399 101 236 42 797
780 114 225 43 798
395 36 228 43 798
300 89 223 43 798
364 105 225 43 798
103 113 224 43 798
117 13 239 43 798
689 9 232 43 798
664 94 225 43 798
141 93 224 43 798
399 102 234 43 798
160 97 221 44 799
780 115 225 44 799
395 37 235 44 799
300 90 225 44 799
364 106 223 44 799
117 14 231 44 799
427 118 222 44 799
141 94 224 44 799
399 103 239 44 799
2 101 223 44 799
160 98 221 45 800
780 116 228 45 800
241 112 224 45 800
300 91 235 45 800
364 107 223 45 800
427 119 221 45 800
117 15 232 45 800
689 11 227 45 800
141 95 226 45 800
399 104 232 45 800
160 99 224 46 801
780 117 228 46 801
300 92 224 46 801
364 108 230 46 801
117 16 233 46 801
689 12 229 46 801
664 97 231 46 801
141 96 231 46 801
399 105 232 46 801
2 103 224 46 801
160 100 222 47 802
780 118 223 47 802
364 109 239 47 802
117 17 237 47 802
664 98 231 47 802
689 13 225 47 802
141 97 224 47 802
399 106 221 47 802
395 41 223 48 803
300 94 221 48 803
364 110 227 48 803
117 18 225 48 803
141 98 226 48 803
399 107 233 48 803
780 120 225 49 804
395 42 221 49 804
300 95 221 49 804
364 111 236 49 804
427 123 222 49 804
141 99 229 49 804
399 108 237 49 804
2 106 224 50 805
395 43 225 50 805
364 112 237 50 805
427 124 225 50 805
141 100 222 50 805
399 109 229 50 805
780 122 227 51 806
395 44 223 51 806
364 113 231 51 806
117 21 228 51 806
103 122 225 52 807
364 114 235 52 807
427 126 222 52 807
117 22 228 52 807
689 18 231 52 807
141 102 222 52 807
399 111 239 52 807
160 106 221 53 808
780 124 226 53 808
300 99 233 53 808
364 115 234 53 808
427 127 221 53 808
117 23 225 53 808
689 19 222 53 808
141 103 221 53 808
664 104 223 53 808
399 112 224 53 808
160 107 222 54 809
780 125 227 54 809
300 100 223 54 809
395 47 229 54 809
103 124 226 54 809
117 24 231 54 809
2 111 221 55 810
300 101 225 55 810
395 48 233 55 810
103 125 221 55 810
117 25 231 55 810
141 105 226 55 810
664 106 221 55 810
399 114 225 55 810
780 127 223 56 811
395 49 221 56 811
364 118 241 56 811
141 106 224 56 811
664 107 239 56 811
399 115 225 56 811
780 128 223 57 812
427 131 223 57 812
399 116 226 57 812
160 111 222 58 813
2 114 227 58 813
117 28 230 58 813
141 108 222 58 813
664 109 222 58 813
689 24 224 58 813
399 117 221 58 813
395 52 233 59 814
300 105 233 59 814
241 126 225 59 814
117 29 235 59 814
141 109 233 59 814
689 25 231 59 814
141 110 223 60 815
689 26 228 60 815
2 117 233 61 816
103 131 221 61 816
427 135 231 61 816
117 31 239 61 816
141 111 225 61 816
613 29 224 61 816
2 118 230 62 817
364 124 226 62 817
103 132 225 62 817
117 32 239 62 817
141 112 235 62 817
689 28 234 62 817
780 134 225 63 818
427 137 224 63 818
117 33 223 63 818
664 114 221 63 818
141 113 223 63 818
689 29 228 63 818
2 120 229 64 819
780 135 225 64 819
364 126 235 64 819
117 34 231 64 819
141 114 225 64 819
399 123 227 64 819
2 121 239 65 820
395 58 221 65 820
141 115 236 65 820
160 119 224 65 820
2 122 223 66 821
141 116 235 66 821
664 117 223 66 821
399 125 227 66 821
160 120 224 66 821
427 141 223 67 822
141 117 236 67 822
117 37 227 67 822
664 118 224 67 822
399 126 226 67 822
395 61 227 68 823
364 130 227 68 823
117 38 221 68 823
689 34 234 68 823
399 127 242 68 823
160 122 221 68 823
103 139 222 69 824
117 39 228 69 824
664 120 226 69 824
689 35 240 69 824
613 37 224 69 824
364 132 231 70 825
103 140 227 70 825
141 120 221 70 825
664 121 233 70 825
117 40 236 70 825
160 124 223 70 825
780 142 231 71 826
664 122 221 71 826
160 125 238 71 826
780 143 239 72 827
364 134 235 72 827
427 146 223 72 827
117 42 239 72 827
664 123 228 72 827
689 38 223 72 827
395 66 225 73 828
364 135 230 73 828
141 123 228 73 828
664 124 225 73 828
689 39 228 73 828
2 130 237 73 828
364 136 225 74 829
141 124 226 74 829
664 125 223 74 829
364 137 222 75 830
664 126 224 75 830
689 41 248 75 830
160 129 229 75 830
780 147 225 75 830
364 138 225 76 831
664 127 221 76 831
141 126 228 76 831
780 148 227 76 831
241 144 224 77 832
160 131 222 77 832
395 71 222 78 833
664 129 231 78 833
141 128 221 78 833
689 44 246 78 833
300 125 231 79 834
241 146 225 79 834
364 141 225 79 834
103 149 229 79 834
664 130 224 79 834
141 129 231 79 834
117 49 233 79 834
399 138 228 79 834
2 136 229 79 834
300 126 230 80 835
395 73 228 80 835
103 150 233 80 835
664 131 221 80 835
399 139 225 80 835
300 127 222 81 836
364 143 225 81 836
117 51 230 81 836
300 128 227 82 837
364 144 223 82 837
689 48 222 82 837
117 52 228 82 837
613 50 223 82 837
2 139 234 82 837
300 129 222 83 838
117 53 227 83 838
160 137 223 83 838
300 130 228 84 839
364 146 233 84 839
689 50 222 84 839
117 54 227 84 839
399 143 225 84 839
300 131 224 85 840
364 147 237 85 840
117 55 233 85 840
613 53 231 85 840
2 142 225 85 840
141 136 242 86 841
399 145 232 86 841
780 158 223 86 841
613 55 221 87 842
2 144 226 87 842
141 138 243 88 843
689 54 225 88 843
689 56 227 90 845
399 149 246 90 845
395 84 225 91 846
141 141 242 91 846
399 150 229 91 846
689 58 227 92 847
399 151 233 92 847
141 143 233 93 848
613 61 227 93 848
399 152 223 93 848
427 168 225 94 849
141 144 240 94 849
689 60 221 94 849
613 62 231 94 849
399 153 234 94 849
2 151 231 94 849
689 61 239 95 850
399 154 221 95 850
2 152 221 95 850
689 62 238 96 851
399 155 233 96 851
2 153 221 96 851
780 168 225 96 851
103 167 223 97 852
141 147 223 97 852
689 63 222 97 852
399 156 236 97 852
2 154 225 97 852
141 148 232 98 853
689 64 226 98 853
613 66 224 98 853
2 155 227 98 853
141 149 223 99 854
689 65 232 99 854
399 158 225 99 854
364 162 227 100 855
141 150 221 100 855
689 66 236 100 855
399 159 225 100 855
2 157 223 100 855
780 172 222 101 856
364 163 223 101 856
141 151 226 101 856
689 67 241 101 856
613 69 221 101 856
399 160 223 101 856
2 158 223 101 856
780 173 224 102 857
613 70 221 102 857
689 69 231 103 858
399 162 236 103 858
2 160 221 103 858
689 70 225 104 859
141 154 222 104 859
399 163 227 104 859
2 161 227 104 859
103 175 221 105 860
689 71 229 105 860
399 164 238 105 860
160 159 221 105 860
2 162 221 105 860
689 72 232 106 861
613 74 223 106 861
399 165 227 106 861
160 160 224 106 861
689 73 227 107 862
141 157 223 107 862
399 166 233 107 862
2 164 221 107 862
141 158 227 108 863
613 76 221 108 863
399 167 226 108 863
2 165 227 108 863
689 75 230 109 864
399 168 228 109 864
780 181 221 109 864
399 169 233 110 865
2 167 221 110 865
141 161 221 111 866
399 170 222 111 866
780 183 226 111 866
103 182 221 112 867
689 78 234 112 867
141 162 225 112 867
160 166 221 112 867
2 169 223 112 867
780 184 223 112 867
103 183 221 113 868
689 79 227 113 868
141 163 225 113 868
103 184 227 114 869
689 80 227 114 869
399 173 221 114 869
160 168 223 114 869
2 171 224 114 869
780 186 222 115 870
364 177 224 115 870
399 174 241 115 870
160 169 227 115 870
2 172 222 115 870
780 187 221 116 871
241 183 227 116 871
103 186 223 116 871
364 178 225 116 871
689 82 238 116 871
141 166 224 116 871
399 175 243 116 871
117 86 221 116 871
364 179 226 117 872
141 167 231 117 872
689 83 237 117 872
399 176 238 117 872
160 171 224 117 872
2 174 224 117 872
399 177 233 118 873
689 84 234 118 873
160 172 223 118 873
2 175 225 118 873
364 181 225 119 874
689 85 239 119 874
399 178 239 119 874
160 173 223 119 874
141 170 224 120 875
689 86 227 120 875
399 179 226 120 875
117 90 221 120 875
141 171 226 121 876
399 180 228 121 876
689 87 235 121 876
160 175 233 121 876
141 172 223 122 877
399 181 236 122 877
689 88 239 122 877
160 176 233 122 877
103 193 222 123 878
364 185 221 123 878
141 173 221 123 878
399 182 243 123 878
689 89 228 123 878
395 117 222 124 879
241 191 221 124 879
364 186 225 124 879
664 175 225 124 879
399 183 223 124 879
689 90 222 124 879
2 181 224 124 879
395 118 223 125 880
364 187 222 125 880
141 175 223 125 880
117 95 223 125 880
399 184 236 125 880
689 91 226 125 880
141 176 223 126 881
399 185 233 126 881
300 173 229 127 882
241 194 221 127 882
364 189 221 127 882
117 97 233 127 882
399 186 233 127 882
103 198 224 128 883
364 190 223 128 883
141 178 223 128 883
689 94 225 128 883
399 187 241 128 883
2 185 231 128 883
300 175 229 129 884
241 196 223 129 884
427 203 221 129 884
689 95 223 129 884
117 99 225 129 884
399 188 229 129 884
300 176 225 130 885
399 189 221 130 885
395 124 221 131 886
399 190 239 131 886
2 188 221 131 886
689 98 227 132 887
399 191 246 132 887
2 189 221 132 887
689 99 233 133 888
399 192 245 133 888
780 205 222 133 888
395 127 221 134 889
103 204 221 134 889
689 100 222 134 889
399 193 245 134 889
300 181 221 135 890
395 128 223 135 890
399 194 239 135 890
689 101 223 135 890
399 195 228 136 891
689 103 226 137 892
399 196 249 137 892
399 197 227 138 893
395 132 223 139 894
399 198 230 139 894
300 186 222 140 895
241 207 221 140 895
689 106 232 140 895
399 199 239 140 895
395 134 222 141 896
399 200 247 141 896
689 107 222 141 896
780 213 228 141 896
399 201 227 142 897
689 108 221 142 897
399 202 223 143 898
689 109 221 143 898
399 204 221 145 900
399 205 223 146 901
689 112 226 146 901
2 204 223 147 902
300 194 230 148 903
689 114 224 148 903
117 118 222 148 903
2 205 224 148 903
300 195 226 148 903
241 216 225 149 904
364 211 221 149 904
103 219 226 149 904
399 208 239 149 904
300 196 226 149 904
689 116 228 150 905
399 209 240 150 905
117 120 221 150 905
780 222 221 150 905
2 207 225 150 905
300 197 239 150 905
689 117 223 151 906
399 210 250 151 906
300 198 225 151 906
689 118 221 152 907
399 211 231 152 907
300 199 224 152 907
689 119 224 153 908
399 212 233 153 908
780 225 221 153 908
300 200 225 153 908
689 120 224 154 909
399 213 235 154 909
2 211 227 154 909
300 201 233 154 909
689 121 224 155 910
399 214 228 155 910
117 125 225 155 910
2 212 221 155 910
300 202 233 155 910
241 223 221 156 911
689 122 225 156 911
399 215 239 156 911
2 213 225 156 911
300 203 228 156 911
241 224 221 157 912
689 123 233 157 912
399 216 238 157 912
780 229 222 157 912
160 211 221 157 912
300 204 232 157 912
103 228 221 158 913
427 232 221 158 913
689 124 233 158 913
399 217 231 158 913
300 205 227 158 913
241 226 221 159 914
689 125 235 159 914
399 218 248 159 914
780 231 224 159 914
117 129 234 159 914
300 206 227 159 914
141 210 225 160 915
689 126 234 160 915
2 217 221 160 915
664 212 221 161 916
427 235 224 161 916
399 220 223 161 916
117 131 221 161 916
2 218 225 161 916
141 212 221 162 917
689 128 231 162 917
649 216 225 162 917
399 221 243 162 917
117 132 221 162 917
300 209 234 162 917
395 156 228 163 918
624 240 223 163 918
399 222 243 163 918
649 217 222 163 918
780 235 225 163 918
117 133 242 163 918
300 210 235 163 918
241 231 228 164 919
141 214 222 164 919
689 130 227 164 919
117 134 247 164 919
300 211 225 164 919
241 232 225 165 920
613 133 221 165 920
689 131 224 165 920
399 224 240 165 920
117 135 221 165 920
300 212 230 165 920
395 159 221 166 921
364 228 223 166 921
141 216 222 166 921
689 133 221 167 922
2 224 234 167 922
395 161 223 168 923
241 235 221 168 923
364 230 221 168 923
141 218 223 168 923
427 242 223 168 923
689 134 223 168 923
117 138 225 168 923
160 222 225 168 923
364 231 221 169 924
689 135 243 169 924
117 139 223 169 924
103 240 225 170 925
689 136 223 170 925
399 229 225 170 925
780 242 221 170 925
117 140 225 170 925
664 222 224 171 926
241 238 231 171 926
141 221 233 171 926
427 245 223 171 926
399 230 222 171 926
780 243 237 171 926
117 141 236 171 926
160 225 225 171 926
2 228 231 171 926
364 234 229 172 927
427 246 221 172 927
689 138 225 172 927
780 244 223 172 927
117 142 222 172 927
2 229 221 172 927
141 223 224 173 928
364 235 226 173 928
427 247 222 173 928
689 139 231 173 928
117 143 221 173 928
399 233 224 174 929
300 221 239 174 929
664 226 221 175 930
2 232 231 175 930
241 243 223 176 931
427 250 222 176 931
689 142 232 176 931
399 235 227 176 931
780 248 221 176 931
160 230 224 176 931
664 228 227 177 932
427 251 222 177 932
399 236 234 177 932
300 224 222 177 932
664 229 221 178 933
141 228 224 178 933
689 144 224 178 933
395 172 223 179 934
427 253 221 179 934
689 145 224 179 934
399 238 223 179 934
2 236 231 179 934
300 226 225 179 934
427 255 221 181 936
689 147 224 181 936
399 240 226 181 936
2 238 221 181 936
2 239 222 182 937
395 176 223 183 938
780 255 221 183 938
2 240 223 183 938
300 230 221 183 938
241 251 221 184 939
399 243 226 184 939
117 155 223 185 940
399 247 224 188 943
780 260 221 188 943
300 235 239 188 943
399 248 222 189 944
300 236 232 189 944
689 156 223 190 945
780 262 221 190 945
300 237 235 190 945
399 250 224 191 946
300 238 233 191 946
395 185 224 192 947
2 249 222 192 947
300 239 233 192 947
399 252 224 193 948
780 265 222 193 948
300 240 235 193 948
399 253 225 194 949
780 266 224 194 949
300 241 234 194 949
399 254 234 195 950
300 242 231 195 950
399 255 231 196 951
300 243 233 196 951
399 256 222 197 952
395 191 221 198 953
399 257 227 198 953
300 245 226 198 953
689 165 227 199 954
300 246 225 199 954
160 254 222 200 955
780 273 221 201 956
160 255 221 201 956
160 256 223 202 957
399 263 224 204 959
689 171 221 205 960
399 264 224 205 960
399 269 221 210 965
399 270 227 211 966
689 178 222 212 967
2 269 223 212 967
395 206 221 213 968
689 179 228 213 968
300 260 222 213 968
427 288 223 214 969
689 180 221 214 969
399 273 221 214 969
780 286 221 214 969
2 271 236 214 969
300 261 236 214 969
689 181 227 215 970
399 274 228 215 970
2 272 230 215 970
300 262 232 215 970
689 182 225 216 971
399 275 224 216 971
2 273 226 216 971
300 263 233 216 971
103 287 221 217 972
399 276 225 217 972
2 274 232 217 972
300 264 225 217 972
2 275 233 218 973
300 265 232 218 973
399 278 223 219 974
2 276 225 219 974
160 273 221 219 974
300 266 232 219 974
399 279 221 220 975
2 277 225 220 975
300 267 221 220 975
689 187 221 221 976
117 191 221 221 976
2 278 225 221 976
300 268 224 221 976
2 284 239 227 982
300 274 233 227 982
399 287 225 228 983
117 198 223 228 983
2 285 238 228 983
300 275 236 228 983
780 301 221 229 984
399 288 227 229 984
117 199 223 229 984
2 286 233 229 984
300 276 246 229 984
689 196 227 230 985
2 287 236 230 985
300 277 243 230 985
689 197 224 231 986
399 290 226 231 986
2 288 237 231 986
300 278 243 231 986
689 198 227 232 987
160 286 225 232 987
2 289 238 232 987
300 279 247 232 987
427 307 224 233 988
689 199 231 233 988
160 287 225 233 988
117 203 221 233 988
300 282 225 235 990
689 202 225 236 991
117 206 224 236 991
117 207 222 237 992
2 294 225 237 992
141 288 221 238 993
399 297 229 238 993
2 295 221 238 993
300 285 221 238 993
689 205 224 239 994
399 298 222 239 994
2 296 222 239 994
300 286 221 239 994
399 299 223 240 995
117 210 221 240 995
300 287 222 240 995
689 207 228 241 996
141 291 223 241 996
399 300 226 241 996
2 298 227 241 996
300 288 224 241 996
689 208 224 242 997
399 301 228 242 997
2 299 225 242 997
300 289 223 242 997
689 209 227 243 998
2 300 233 243 998
300 290 238 243 998
2 301 237 244 999
300 291 236 244 999
2 302 246 245 1000
300 292 237 245 1000
2 303 221 246 1001
300 293 237 246 1001
399 306 225 247 1002
780 319 221 247 1002
300 294 232 247 1002
689 214 225 248 1003
780 320 221 248 1003
2 305 229 248 1003
300 295 237 248 1003
103 319 221 249 1004
160 303 226 249 1004
2 306 241 249 1004
300 296 237 249 1004
427 324 222 250 1005
160 304 226 250 1005
2 307 242 250 1005
300 297 237 250 1005
103 321 221 251 1006
689 217 222 251 1006
780 323 221 251 1006
160 305 224 251 1006
2 308 239 251 1006
300 298 237 251 1006
689 218 223 252 1007
160 306 222 252 1007
2 309 238 252 1007
300 299 236 252 1007
689 219 227 253 1008
160 307 221 253 1008
103 324 224 254 1009
689 220 221 254 1009
160 308 223 254 1009
103 325 229 255 1010
399 314 224 255 1010
141 305 223 255 1010
689 221 227 255 1010
2 312 224 255 1010
300 302 223 255 1010
689 222 224 256 1011
780 328 223 256 1011
160 310 222 256 1011
2 313 233 256 1011
103 327 223 257 1012
364 319 221 257 1012
689 223 225 257 1012
780 329 227 257 1012
117 227 226 257 1012
364 320 225 258 1013
399 317 221 258 1013
141 308 225 258 1013
689 224 221 258 1013
780 330 221 258 1013
780 331 222 259 1014
614 316 227 262 1017
569 319 228 262 1017
490 259 223 262 1017
785 316 223 263 1018
402 324 225 263 1018
255 298 228 263 1018
237 323 227 264 1019
668 328 233 264 1019
136 97 222 264 1019
314 329 228 265 1020
83 263 221 267 1022
136 100 225 267 1022
83 264 222 268 1023
314 334 221 270 1025
311 100 223 271 1026
708 327 222 271 1026
311 101 223 272 1027
549 325 229 272 1027
708 328 231 272 1027
311 102 227 273 1028
549 326 221 273 1028
314 1 221 273 1028
403 333 221 273 1028
18 325 225 273 1028
708 329 227 273 1028
223 334 229 274 1029
403 334 227 274 1029
708 330 223 274 1029
223 335 223 275 1030
226 331 221 275 1030
708 331 225 275 1030
311 105 239 276 1031
223 336 224 276 1031
226 332 231 276 1031
708 332 237 276 1031
311 106 226 277 1032
226 333 221 277 1032
708 333 222 277 1032
549 331 221 278 1033
226 334 221 278 1033
708 335 225 279 1034
311 109 228 280 1035
226 336 226 280 1035
708 336 221 280 1035
311 110 235 281 1036
223 341 223 281 1036
708 337 227 281 1036
18 334 221 282 1037
403 342 227 282 1037
311 112 223 283 1038
18 335 221 283 1038
226 339 221 283 1038
311 113 222 284 1039
549 337 225 284 1039
18 336 221 284 1039
708 340 224 284 1039
311 114 221 285 1040
403 345 227 285 1040
708 341 222 285 1040
311 115 229 286 1041
549 339 221 286 1041
18 338 222 286 1041
311 116 228 287 1042
18 339 223 287 1042
403 347 223 287 1042
311 117 228 288 1043
223 348 221 288 1043
403 348 222 288 1043
226 344 221 288 1043
226 345 222 289 1044
311 119 230 290 1045
549 343 222 290 1045
223 350 221 290 1045
403 350 223 290 1045
708 346 221 290 1045
294 349 221 290 1045
311 120 223 291 1046
18 343 225 291 1046
403 351 230 291 1046
226 347 224 291 1046
294 350 224 291 1046
708 347 223 291 1046
311 121 231 292 1047
18 344 225 292 1047
403 352 228 292 1047
226 348 223 292 1047
294 351 221 292 1047
311 122 233 293 1048
18 345 221 293 1048
403 353 227 293 1048
311 123 228 294 1049
18 346 226 294 1049
403 354 223 294 1049
708 350 222 294 1049
294 353 226 294 1049
18 347 224 295 1050
223 355 221 295 1050
226 351 231 295 1050
294 354 223 295 1050
18 348 223 296 1051
226 352 224 296 1051
294 355 222 296 1051
311 126 229 297 1052
18 349 221 297 1052
226 353 227 297 1052
708 353 225 297 1052
294 356 225 297 1052
18 350 221 298 1053
226 354 227 298 1053
708 354 227 298 1053
294 357 229 298 1053
311 128 225 299 1054
549 352 224 299 1054
18 351 227 299 1054
223 359 221 299 1054
226 355 226 299 1054
708 355 223 299 1054
294 358 225 299 1054
311 129 229 300 1055
549 353 224 300 1055
83 296 221 300 1055
18 352 224 300 1055
226 356 231 300 1055
294 359 223 300 1055
311 130 229 301 1056
18 353 224 301 1056
226 357 222 301 1056
708 357 226 301 1056
294 360 227 301 1056
311 131 224 302 1057
549 355 222 302 1057
18 354 226 302 1057
311 132 236 303 1058
18 355 223 303 1058
311 133 225 304 1059
18 356 225 304 1059
294 363 221 304 1059
311 134 224 305 1060
18 357 225 305 1060
223 365 221 305 1060
294 364 221 305 1060
311 135 223 306 1061
18 358 225 306 1061
294 365 223 306 1061
18 359 223 307 1062
226 363 227 307 1062
18 360 221 308 1063
18 361 224 309 1064
223 369 221 309 1064
708 365 221 309 1064
226 365 227 309 1064
18 362 223 310 1065
223 370 221 310 1065
311 140 222 311 1066
18 363 222 311 1066
223 371 221 311 1066
226 367 231 311 1066
18 364 221 312 1067
226 368 229 312 1067
708 368 221 312 1067
18 365 223 313 1068
226 370 227 314 1069
549 369 224 316 1071
18 368 224 316 1071
226 372 228 316 1071
549 370 223 317 1072
18 369 224 317 1072
226 373 231 317 1072
18 370 226 318 1073
223 378 221 318 1073
18 371 227 319 1074
226 375 227 319 1074
708 375 223 319 1074
18 372 225 320 1075
226 376 221 320 1075
18 373 224 321 1076
226 377 231 321 1076
18 374 222 322 1077
18 376 221 324 1079
83 321 221 325 1080
226 381 227 325 1080
18 378 221 326 1081
226 382 228 326 1081
708 388 225 332 1087
226 389 227 333 1088
708 389 225 333 1088
226 390 231 334 1089
708 390 224 334 1089
311 164 222 335 1090
18 387 221 335 1090
403 395 221 335 1090
226 391 223 335 1090
708 391 224 335 1090
311 165 231 336 1091
708 392 225 336 1091
311 166 233 337 1092
18 389 228 337 1092
226 393 223 337 1092
311 167 223 338 1093
18 390 224 338 1093
403 398 224 338 1093
226 394 221 338 1093
708 394 223 338 1093
311 168 223 339 1094
708 395 227 339 1094
311 169 227 340 1095
18 392 221 340 1095
708 396 227 340 1095
549 394 223 341 1096
311 174 223 345 1100
708 401 221 345 1100
311 175 221 346 1101
549 399 221 346 1101
708 402 222 346 1101
403 407 221 347 1102
311 177 226 348 1103
18 400 222 348 1103
226 404 221 348 1103
311 178 228 349 1104
18 401 221 349 1104
708 405 223 349 1104
311 179 225 350 1105
18 402 223 350 1105
18 403 223 351 1106
708 408 226 352 1107
708 409 225 353 1108
311 183 227 354 1109
708 410 221 354 1109
708 411 226 355 1110
708 412 229 356 1111
83 353 221 357 1112
226 413 221 357 1112
708 413 227 357 1112
311 187 231 358 1113
549 411 221 358 1113
708 414 221 358 1113
311 188 223 359 1114
83 355 221 359 1114
226 415 227 359 1114
294 418 221 359 1114
226 416 223 360 1115
311 191 223 362 1117
226 419 221 363 1118
294 423 221 364 1119
311 194 223 365 1120
18 417 223 365 1120
708 421 225 365 1120
311 196 222 367 1122
549 420 221 367 1122
708 423 227 367 1122
311 197 228 368 1123
226 424 225 368 1123
311 198 221 369 1124
311 200 227 371 1126
226 427 224 371 1126
311 204 223 375 1130
311 205 225 376 1131
83 372 223 376 1131
226 432 228 376 1131
708 432 226 376 1131
83 373 222 377 1132
226 433 226 377 1132
311 207 232 378 1133
226 434 223 378 1133
226 435 223 379 1134
311 209 225 380 1135
311 210 223 381 1136
18 434 222 382 1137
311 212 223 383 1138
311 213 225 384 1139
311 214 223 385 1140
18 437 221 385 1140
311 217 227 388 1143
226 444 229 388 1143
311 218 221 389 1144
708 445 225 389 1144
311 219 232 390 1145
708 447 224 391 1146
226 448 224 392 1147
708 452 226 396 1151
708 453 223 397 1152
294 456 223 397 1152
708 454 225 398 1153
311 228 230 399 1154
311 229 229 400 1155
311 230 236 401 1156
226 457 221 401 1156
311 1 230 403 1158
18 457 221 405 1160
311 3 221 405 1160
226 461 223 405 1160
294 464 221 405 1160
311 4 221 406 1161
708 462 226 406 1161
226 462 221 406 1161
708 463 227 407 1162
294 466 223 407 1162
311 6 229 408 1163
708 464 229 408 1163
708 465 225 409 1164
294 468 223 409 1164
226 466 221 410 1165
294 469 223 410 1165
226 468 223 412 1167
311 11 225 413 1168
708 469 241 413 1168
708 470 232 414 1169
311 13 231 415 1170
708 471 231 415 1170
294 474 225 415 1170
708 472 235 416 1171
311 15 231 417 1172
708 473 235 417 1172
226 473 223 417 1172
311 16 221 418 1173
708 474 235 418 1173
708 475 237 419 1174
311 18 222 420 1175
708 476 235 420 1175
226 476 225 420 1175
708 477 234 421 1176
294 480 222 421 1176
708 478 230 422 1177
708 479 225 423 1178
311 22 228 424 1179
708 480 229 424 1179
226 480 221 424 1179
311 23 223 425 1180
708 481 224 425 1180
708 482 224 426 1181
311 25 226 427 1182
708 486 226 430 1185
311 29 233 431 1186
708 487 229 431 1186
311 30 226 432 1187
311 31 231 433 1188
708 489 223 433 1188
311 32 225 434 1189
311 33 229 435 1190
708 491 235 435 1190
708 496 222 440 1195
549 495 223 442 1197
708 498 221 442 1197
223 503 221 443 1198
311 41 222 443 1198
311 43 226 445 1200
18 499 222 447 1202
311 45 227 447 1202
311 46 231 448 1203
708 504 225 448 1203
708 505 223 449 1204
708 506 225 450 1205
311 49 229 451 1206
311 50 227 452 1207
311 51 222 453 1208
314 182 222 454 1209
708 510 221 454 1209
708 513 223 457 1212
226 513 221 457 1212
708 514 221 458 1213
708 516 221 460 1215
311 59 226 461 1216
18 514 227 462 1217
226 518 226 462 1217
311 60 223 462 1217
18 520 221 468 1223
226 524 223 468 1223
18 521 224 469 1224
226 525 222 469 1224
18 522 221 470 1225
18 523 223 471 1226
549 527 223 474 1229
708 539 223 483 1238
226 3 221 484 1239
311 82 223 484 1239
708 540 224 484 1239
403 545 222 485 1240
18 537 223 485 1240
708 541 224 485 1240
403 546 225 486 1241
223 546 226 486 1241
403 547 224 487 1242
223 547 227 487 1242
708 543 221 487 1242
403 548 222 488 1243
223 548 224 488 1243
83 484 223 488 1243
708 544 223 488 1243
403 554 221 494 1249
403 560 223 500 1255
708 556 227 500 1255
294 559 222 500 1255
403 561 224 501 1256
708 557 240 501 1256
314 230 231 502 1257
708 558 227 502 1257
264 220 221 503 1258
372 543 225 504 1259
725 8 230 505 1260
307 568 228 506 1261
746 245 221 506 1261
578 118 233 506 1261
229 575 229 506 1261
362 567 234 507 1262
48 554 224 507 1262
454 573 230 507 1262
408 571 239 507 1262
331 549 241 508 1263
475 93 224 508 1263
470 486 224 508 1263
683 435 227 508 1263
331 550 225 508 1263
678 164 237 509 1264
525 568 225 510 1265
458 581 221 510 1265
161 63 222 510 1265
319 576 223 512 1267
342 576 223 513 1268
490 511 233 515 1270
532 37 226 515 1270
523 566 224 515 1270
415 568 221 515 1270
112 561 224 515 1270
468 577 223 515 1270
490 512 234 516 1271
256 358 224 516 1271
532 38 221 516 1271
625 49 222 516 1271
523 567 223 516 1271
415 569 222 516 1271
468 578 221 516 1271
490 513 231 517 1272
241 584 222 517 1272
574 570 223 517 1272
415 570 225 517 1272
112 563 224 517 1272
468 579 231 517 1272
722 517 226 518 1273
532 40 224 518 1273
468 580 231 518 1273
256 361 224 519 1274
490 515 221 519 1274
257 499 223 519 1274
112 565 231 519 1274
468 581 223 519 1274
490 516 231 520 1275
625 1 224 520 1275
415 573 240 520 1275
532 42 221 520 1275
257 500 239 520 1275
490 517 222 521 1276
457 584 231 521 1276
523 572 229 521 1276
257 501 222 521 1276
490 518 231 522 1277
523 573 223 522 1277
257 502 232 522 1277
468 584 225 522 1277
490 519 227 523 1278
625 4 223 523 1278
490 520 239 524 1279
523 575 225 524 1279
625 5 224 524 1279
415 577 227 524 1279
468 586 226 524 1279
490 521 240 525 1280
625 6 221 525 1280
468 587 227 525 1280
490 522 229 526 1281
112 572 221 526 1281
490 523 233 527 1282
625 8 221 527 1282
490 524 231 528 1283
490 525 233 529 1284
523 580 221 529 1284
415 582 223 529 1284
490 526 234 530 1285
457 593 222 530 1285
625 11 227 530 1285
415 583 222 530 1285
468 592 225 530 1285
490 527 233 531 1286
241 598 222 531 1286
457 594 223 531 1286
468 593 224 531 1286
490 528 234 532 1287
574 585 226 532 1287
457 595 222 532 1287
468 594 225 532 1287
490 529 225 533 1288
574 586 221 533 1288
457 596 224 533 1288
112 579 223 533 1288
468 595 229 533 1288
490 530 232 534 1289
457 597 222 534 1289
625 15 222 534 1289
468 596 221 534 1289
490 531 226 535 1290
625 16 221 535 1290
490 532 221 536 1291
490 533 222 537 1292
457 600 221 537 1292
112 583 222 537 1292
468 599 223 537 1292
490 534 225 538 1293
457 601 221 538 1293
625 19 222 538 1293
490 535 223 539 1294
457 602 221 539 1294
625 20 226 539 1294
415 592 228 539 1294
468 601 222 539 1294
457 603 221 540 1295
415 593 227 540 1295
112 586 221 540 1295
468 602 227 540 1295
490 537 222 540 1295
457 604 221 541 1296
625 22 226 541 1296
112 587 222 541 1296
468 603 223 541 1296
490 538 223 541 1296
457 605 224 542 1297
415 595 221 542 1297
468 604 222 542 1297
490 539 235 542 1297
468 605 222 543 1298
490 540 235 543 1298
457 607 221 544 1299
415 597 225 544 1299
490 541 233 544 1299
457 608 223 545 1300
415 598 226 545 1300
468 607 223 545 1300
490 542 238 545 1300
523 597 221 546 1301
415 599 223 546 1301
468 608 225 546 1301
490 543 235 546 1301
415 600 221 547 1302
490 544 232 547 1302
415 601 224 548 1303
490 545 229 548 1303
415 602 225 549 1304
625 7 223 549 1304
490 546 237 549 1304
490 547 231 550 1305
532 73 231 551 1306
625 9 225 551 1306
490 548 235 551 1306
490 549 236 552 1307
490 550 222 553 1308
523 605 221 554 1309
625 12 222 554 1309
490 551 228 554 1309
625 13 224 555 1310
468 617 223 555 1310
490 552 225 555 1310
415 609 225 556 1311
256 399 221 556 1311
415 610 223 557 1312
490 554 227 557 1312
241 625 223 558 1313
457 621 223 558 1313
415 611 225 558 1313
395 552 221 558 1313
256 401 224 558 1313
490 555 227 558 1313
241 626 222 559 1314
457 622 223 559 1314
523 610 221 559 1314
625 17 223 559 1314
468 621 225 559 1314
256 402 222 559 1314
490 556 233 560 1315
457 623 222 560 1315
523 611 224 560 1315
415 613 222 560 1315
468 622 226 560 1315
256 403 221 560 1315
490 557 231 561 1316
415 614 224 561 1316
625 19 223 561 1316
256 404 223 561 1316
490 558 227 562 1317
625 20 223 562 1317
468 624 223 562 1317
490 559 231 562 1317
457 626 221 563 1318
625 21 221 563 1318
112 609 221 563 1318
468 625 228 563 1318
490 560 234 563 1318
574 617 222 564 1319
415 617 227 564 1319
468 626 228 564 1319
490 561 232 564 1319
468 627 226 565 1320
490 562 237 565 1320
523 617 224 566 1321
468 628 223 566 1321
490 563 226 567 1322
415 620 222 567 1322
625 25 226 567 1322
468 629 222 567 1322
490 564 228 568 1323
415 621 222 568 1323
625 26 221 568 1323
468 630 225 568 1323
490 565 229 568 1323
415 622 235 569 1324
468 631 224 569 1324
490 566 233 570 1325
415 623 224 570 1325
468 632 223 570 1325
490 567 228 571 1326
415 624 224 571 1326
486 623 221 571 1326
468 633 227 571 1326
490 568 223 572 1327
457 635 223 572 1327
625 2 221 572 1327
468 634 226 572 1327
490 569 227 573 1328
457 636 221 573 1328
523 624 221 573 1328
625 3 224 573 1328
468 635 227 573 1328
490 570 227 574 1329
625 4 223 574 1329
468 636 222 574 1329
490 571 222 575 1330
457 638 221 575 1330
523 626 221 575 1330
625 5 225 575 1330
490 572 227 576 1331
457 639 225 576 1331
574 629 223 576 1331
625 6 225 576 1331
112 622 223 576 1331
468 638 224 576 1331
490 573 231 577 1332
457 640 222 577 1332
415 630 222 577 1332
625 7 221 577 1332
490 574 226 578 1333
574 631 221 578 1333
415 631 227 578 1333
523 629 221 578 1333
468 640 227 578 1333
490 575 232 579 1334
415 632 221 579 1334
523 630 221 579 1334
625 9 230 579 1334
486 631 222 579 1334
112 625 229 579 1334
256 422 224 579 1334
457 643 221 580 1335
574 633 225 580 1335
625 10 233 580 1335
415 634 222 581 1336
625 11 241 581 1336
468 643 221 581 1336
241 649 221 582 1337
574 635 223 582 1337
625 12 225 582 1337
468 644 224 582 1337
241 650 224 583 1338
490 579 231 583 1338
415 636 223 583 1338
625 13 225 583 1338
112 629 222 583 1338
241 651 221 584 1339
415 637 230 584 1339
257 564 221 584 1339
112 630 221 584 1339
468 646 225 584 1339
241 652 224 585 1340
415 638 223 585 1340
257 565 231 585 1340
112 631 224 585 1340
486 637 224 585 1340
468 647 223 585 1340
457 649 223 586 1341
490 582 227 586 1341
257 566 232 586 1341
625 16 230 586 1341
112 632 222 586 1341
468 648 221 586 1341
490 583 232 587 1342
574 640 222 587 1342
257 567 227 587 1342
625 17 225 587 1342
490 584 233 588 1343
625 18 221 588 1343
257 568 238 588 1343
468 650 225 588 1343
490 585 238 589 1344
257 569 237 589 1344
241 657 224 590 1345
574 643 223 590 1345
625 20 224 590 1345
257 570 233 590 1345
468 652 223 590 1345
592 650 221 591 1346
257 571 221 591 1346
574 645 227 592 1347
625 22 223 592 1347
257 572 234 592 1347
415 645 221 592 1347
112 638 222 592 1347
457 656 222 593 1348
490 589 232 593 1348
592 652 222 593 1348
574 646 229 593 1348
257 573 232 593 1348
415 646 223 593 1348
490 590 231 594 1349
592 653 224 594 1349
574 647 221 594 1349
257 574 225 594 1349
625 24 224 594 1349
112 640 223 594 1349
523 645 221 594 1349
490 591 222 595 1350
592 654 223 595 1350
257 575 239 595 1350
112 641 222 595 1350
625 26 221 596 1351
592 656 228 597 1352
257 577 231 597 1352
625 27 221 597 1352
592 657 224 598 1353
625 28 223 598 1353
415 651 225 598 1353
490 595 227 599 1354
592 658 226 599 1354
257 579 231 599 1354
395 593 221 600 1355
592 659 232 600 1355
532 122 221 600 1355
257 580 227 600 1355
490 597 225 601 1356
457 664 222 601 1356
592 660 223 601 1356
257 581 233 601 1356
486 653 221 601 1356
490 598 240 602 1357
112 648 225 602 1357
257 582 229 602 1357
457 666 225 603 1358
490 599 228 603 1358
592 662 223 603 1358
257 583 224 603 1358
457 667 221 604 1359
490 600 237 604 1359
592 663 226 604 1359
257 584 237 604 1359
625 34 227 604 1359
112 650 221 604 1359
523 655 223 604 1359
490 601 238 605 1360
457 668 223 605 1360
592 664 223 605 1360
257 585 226 605 1360
625 35 227 605 1360
112 651 227 605 1360
415 658 223 605 1360
523 656 223 605 1360
490 602 223 606 1361
592 665 221 606 1361
257 586 233 606 1361
625 36 223 606 1361
112 652 225 606 1361
523 657 223 606 1361
457 670 223 607 1362
241 674 221 607 1362
257 587 231 607 1362
523 658 221 607 1362
490 604 227 608 1363
592 667 226 608 1363
257 588 241 608 1363
112 654 223 608 1363
468 670 223 608 1363
490 605 226 609 1364
241 676 222 609 1364
592 668 227 609 1364
112 655 223 609 1364
257 589 235 609 1364
625 39 221 609 1364
490 606 224 610 1365
457 673 221 610 1365
722 609 221 610 1365
592 669 225 610 1365
257 590 234 610 1365
112 656 221 610 1365
490 607 223 611 1366
592 670 225 611 1366
257 591 224 611 1366
112 657 221 611 1366
490 608 223 612 1367
592 671 228 612 1367
257 592 239 612 1367
112 658 224 612 1367
415 665 224 612 1367
457 676 221 613 1368
490 609 223 613 1368
722 612 221 613 1368
592 672 229 613 1368
532 135 225 613 1368
257 593 228 613 1368
112 659 223 613 1368
415 666 223 613 1368
457 677 225 614 1369
241 681 223 614 1369
592 673 231 614 1369
532 136 223 614 1369
257 594 234 614 1369
112 660 225 614 1369
457 678 224 615 1370
490 611 227 615 1370
257 595 235 615 1370
112 661 221 615 1370
523 666 221 615 1370
490 612 235 616 1371
592 675 226 616 1371
257 596 238 616 1371
457 680 221 617 1372
395 610 229 617 1372
722 616 223 617 1372
532 139 223 617 1372
257 597 231 617 1372
415 670 221 617 1372
457 681 225 618 1373
490 614 223 618 1373
395 611 221 618 1373
574 671 221 618 1373
592 677 231 618 1373
532 140 221 618 1373
257 598 237 618 1373
523 669 221 618 1373
490 615 225 619 1374
592 678 227 619 1374
257 599 235 619 1374
112 665 222 619 1374
457 683 223 620 1375
490 616 223 620 1375
574 673 223 620 1375
592 679 223 620 1375
257 600 242 620 1375
468 682 221 620 1375
457 684 223 621 1376
257 601 241 621 1376
468 683 223 621 1376
457 685 225 622 1377
592 681 221 622 1377
257 602 241 622 1377
532 144 221 622 1377
112 668 225 622 1377
457 686 225 623 1378
490 619 222 623 1378
592 682 221 623 1378
257 603 243 623 1378
625 53 222 623 1378
457 687 228 624 1379
592 683 224 624 1379
532 146 221 624 1379
257 604 235 624 1379
415 677 221 624 1379
457 688 227 625 1380
490 621 221 625 1380
574 678 221 625 1380
532 147 224 625 1380
592 684 227 625 1380
257 605 239 625 1380
415 678 223 625 1380
457 689 221 626 1381
257 606 221 626 1381
457 690 221 627 1382
257 607 227 627 1382
592 687 223 628 1383
257 608 225 628 1383
257 609 226 629 1384
257 610 232 630 1385
257 611 236 631 1386
257 613 231 633 1388
257 614 229 634 1389
112 680 221 634 1389
490 631 227 635 1390
112 681 221 635 1390
625 65 222 635 1390
257 616 236 636 1391
592 695 224 636 1391
625 66 225 636 1391
457 700 221 637 1392
490 633 226 637 1392
257 617 229 637 1392
592 696 229 637 1392
112 683 224 637 1392
523 688 225 637 1392
457 701 223 638 1393
257 618 236 638 1393
592 697 223 638 1393
112 684 227 638 1393
457 702 221 639 1394
490 635 226 639 1394
257 619 231 639 1394
112 685 225 639 1394
625 69 221 639 1394
257 620 235 640 1395
722 639 225 640 1395
532 162 221 640 1395
592 699 223 640 1395
457 704 226 641 1396
490 637 231 641 1396
257 621 237 641 1396
592 700 227 641 1396
112 687 221 641 1396
523 692 226 641 1396
415 694 222 641 1396
490 638 227 642 1397
257 622 226 642 1397
625 72 222 642 1397
415 695 221 642 1397
457 706 222 643 1398
490 639 222 643 1398
257 623 235 643 1398
112 689 223 643 1398
625 73 232 643 1398
457 707 227 644 1399
490 640 221 644 1399
257 624 237 644 1399
625 74 225 644 1399
457 708 225 645 1400
490 641 223 645 1400
257 625 233 645 1400
592 704 223 645 1400
112 691 222 645 1400
625 75 233 645 1400
415 698 221 645 1400
457 709 225 646 1401
490 642 223 646 1401
532 168 222 646 1401
112 692 221 646 1401
457 710 221 647 1402
257 627 226 647 1402
592 706 221 647 1402
532 169 223 647 1402
625 77 223 647 1402
415 700 221 647 1402
457 711 225 648 1403
490 644 242 648 1403
257 628 237 648 1403
592 707 225 648 1403
625 78 223 648 1403
415 701 226 648 1403
257 629 230 649 1404
592 708 223 649 1404
112 695 223 649 1404
395 643 223 650 1405
257 630 227 650 1405
532 172 223 650 1405
592 709 232 650 1405
112 696 228 650 1405
395 644 223 651 1406
257 631 239 651 1406
532 173 234 651 1406
592 710 224 651 1406
532 174 225 652 1407
592 711 223 652 1407
457 716 222 653 1408
395 646 223 653 1408
490 649 225 653 1408
257 633 230 653 1408
592 712 222 653 1408
468 715 221 653 1408
457 717 221 654 1409
257 634 231 654 1409
532 176 221 654 1409
112 700 221 654 1409
625 84 222 654 1409
457 718 223 655 1410
490 651 224 655 1410
257 635 237 655 1410
415 708 221 655 1410
457 719 223 656 1411
395 649 226 656 1411
490 652 222 656 1411
257 636 225 656 1411
532 178 221 656 1411
592 715 224 656 1411
395 650 227 657 1412
257 637 224 657 1412
241 725 221 658 1413
490 654 222 658 1413
257 638 240 658 1413
112 704 223 658 1413
457 722 226 659 1414
490 655 226 659 1414
257 639 237 659 1414
532 181 227 659 1414
112 705 227 659 1414
395 653 221 660 1415
257 640 231 660 1415
490 657 221 661 1416
592 720 221 661 1416
112 707 233 661 1416
625 91 223 661 1416
592 721 225 662 1417
457 726 221 663 1418
257 643 234 663 1418
523 714 221 663 1418
415 716 221 664 1419
457 727 223 664 1419
490 660 224 664 1419
257 644 237 664 1419
592 723 223 664 1419
468 726 224 665 1420
257 645 234 665 1420
592 724 222 665 1420
257 646 235 666 1421
592 725 223 666 1421
457 730 221 667 1422
490 663 225 667 1422
257 647 223 667 1422
592 726 225 667 1422
395 661 223 668 1423
257 648 227 668 1423
457 732 222 669 1424
257 649 228 669 1424
592 728 221 669 1424
257 651 231 671 1426
468 733 221 672 1427
257 652 240 672 1427
592 731 226 672 1427
112 718 223 672 1427
395 666 221 673 1428
257 653 227 673 1428
395 667 222 674 1429
257 654 233 674 1429
457 738 221 675 1430
257 655 238 675 1430
592 734 225 675 1430
256 519 227 677 1432
457 740 235 677 1432
395 670 224 677 1432
490 673 234 677 1432
257 657 238 677 1432
625 9 222 677 1432
112 723 224 677 1432
468 739 223 677 1432
395 671 221 678 1433
257 658 235 678 1433
625 10 225 678 1433
625 11 224 679 1434
257 659 229 679 1434
532 201 225 679 1434
722 678 221 679 1434
592 738 227 679 1434
625 12 232 680 1435
257 660 224 680 1435
574 733 224 680 1435
592 739 221 680 1435
625 13 226 681 1436
257 661 227 681 1436
415 734 221 681 1436
490 678 234 682 1437
625 14 227 682 1437
257 662 221 682 1437
415 735 225 682 1437
490 679 231 683 1438
257 663 234 683 1438
457 747 226 684 1439
490 680 228 684 1439
625 16 224 684 1439
257 664 242 684 1439
257 665 232 685 1440
490 682 229 686 1441
625 18 221 686 1441
592 745 225 686 1441
457 750 221 687 1442
490 683 232 687 1442
257 667 231 687 1442
592 746 225 687 1442
457 751 221 688 1443
490 684 236 688 1443
257 668 223 688 1443
415 741 227 688 1443
490 685 231 689 1444
625 21 221 689 1444
257 669 232 689 1444
592 748 223 689 1444
490 686 233 690 1445
532 212 225 690 1445
257 670 223 690 1445
257 671 240 691 1446
415 744 221 691 1446
625 24 222 692 1447
257 672 238 692 1447
112 738 223 692 1447
457 756 221 693 1448
490 689 225 693 1448
241 760 222 693 1448
574 746 221 693 1448
592 752 225 693 1448
415 746 226 693 1448
112 739 225 693 1448
490 690 231 694 1449
625 26 221 694 1449
257 674 231 694 1449
592 753 224 694 1449
415 747 225 694 1449
112 740 227 694 1449
457 758 223 695 1450
490 691 227 695 1450
241 762 222 695 1450
625 27 224 695 1450
257 675 225 695 1450
523 746 222 695 1450
415 748 225 695 1450
112 741 224 695 1450
457 759 223 696 1451
490 692 233 696 1451
257 676 236 696 1451
592 755 229 696 1451
395 690 224 697 1452
257 677 236 697 1452
490 694 238 698 1453
257 678 236 698 1453
592 757 226 698 1453
490 695 239 699 1454
532 221 221 699 1454
257 679 227 699 1454
592 758 223 699 1454
241 767 223 700 1455
257 680 241 700 1455
523 751 221 700 1455
490 697 223 701 1456
241 768 223 701 1456
257 681 226 701 1456
592 760 221 701 1456
457 765 224 702 1457
490 698 222 702 1457
257 682 226 702 1457
457 766 221 703 1458
532 225 223 703 1458
257 683 235 703 1458
468 765 221 703 1458
112 749 226 703 1458
395 697 221 704 1459
257 684 235 704 1459
457 768 224 705 1460
490 701 228 705 1460
395 698 221 705 1460
532 227 222 705 1460
257 685 239 705 1460
592 764 221 705 1460
523 756 221 705 1460
112 751 222 705 1460
490 702 230 706 1461
257 686 240 706 1461
592 765 221 706 1461
112 752 223 706 1461
457 770 222 707 1462
395 700 221 707 1462
490 703 226 707 1462
592 766 224 707 1462
523 758 221 707 1462
112 753 224 707 1462
490 704 221 708 1463
257 688 242 708 1463
468 770 227 708 1463
490 705 227 709 1464
592 768 225 709 1464
241 777 222 710 1465
490 706 225 710 1465
257 690 222 710 1465
592 769 224 710 1465
241 778 224 711 1466
490 707 225 711 1466
257 691 226 711 1466
112 757 222 711 1466
241 779 225 712 1467
257 692 231 712 1467
523 763 225 712 1467
490 709 227 713 1468
625 45 221 713 1468
257 693 231 713 1468
457 777 225 714 1469
490 710 234 714 1469
592 773 222 714 1469
457 778 227 715 1470
490 711 227 715 1470
625 47 226 715 1470
415 768 222 715 1470
625 48 225 716 1471
415 769 224 716 1471
592 775 224 716 1471
625 49 231 717 1472
625 50 224 718 1473
257 698 227 718 1473
415 771 221 718 1473
592 777 222 718 1473
457 782 223 719 1474
625 51 228 719 1474
523 770 221 719 1474
415 772 229 719 1474
532 242 223 720 1475
490 716 227 720 1475
625 52 224 720 1475
592 779 222 720 1475
490 717 225 721 1476
625 53 221 721 1476
415 774 221 721 1476
468 783 223 721 1476
457 785 222 722 1477
490 718 237 722 1477
722 721 221 722 1477
625 54 230 722 1477
592 781 223 722 1477
532 245 223 723 1478
490 719 224 723 1478
523 774 223 723 1478
415 776 226 723 1478
592 782 227 723 1478
532 246 222 724 1479
490 720 225 724 1479
625 56 229 724 1479
592 783 223 724 1479
490 721 224 725 1480
415 778 223 725 1480
592 784 226 725 1480
490 722 225 726 1481
625 58 223 726 1481
257 706 225 726 1481
523 777 221 726 1481
592 785 225 726 1481
256 569 221 727 1482
592 786 221 727 1482
457 791 221 728 1483
490 724 227 728 1483
257 708 223 728 1483
592 787 222 728 1483
490 725 222 729 1484
625 61 225 729 1484
415 782 224 729 1484
112 775 223 729 1484
490 726 222 730 1485
592 789 222 730 1485
490 727 223 731 1486
625 63 221 731 1486
257 711 224 731 1486
457 795 224 732 1487
257 712 224 732 1487
625 65 221 733 1488
257 713 227 733 1488
532 256 223 734 1489
490 730 222 734 1489
257 714 221 734 1489
415 787 239 734 1489
112 780 221 734 1489
468 796 225 734 1489
256 577 229 735 1490
490 731 232 735 1490
574 788 225 735 1490
523 786 230 735 1490
592 794 221 735 1490
415 788 222 735 1490
112 781 221 735 1490
241 803 225 736 1491
490 732 238 736 1491
523 787 225 736 1491
415 789 225 736 1491
468 798 223 736 1491
532 1 228 737 1492
256 579 221 737 1492
457 800 223 737 1492
241 804 223 737 1492
490 733 233 737 1492
257 717 227 737 1492
523 788 227 737 1492
592 796 236 737 1492
523 790 234 739 1494
457 803 223 739 1494
490 736 228 739 1494
490 737 231 740 1495
112 787 227 741 1496
317 803 229 741 1496
490 739 224 742 1497
112 789 237 743 1498
490 740 227 743 1498
426 782 225 745 1500
278 813 221 746 1501
210 176 221 746 1501
750 353 223 747 1502
726 375 223 747 1502
510 62 232 747 1502
777 800 227 747 1502
42 459 226 747 1502
658 812 228 748 1503
534 814 254 748 1503
404 775 231 748 1503
468 810 225 748 1503
596 805 249 748 1503
272 815 242 748 1503
89 815 227 748 1503
133 820 237 748 1503
725 252 237 748 1503
556 10 221 749 1504
134 163 222 749 1504
498 388 226 749 1504
200 11 221 750 1505
694 461 225 750 1505
688 204 227 750 1505
97 626 225 750 1505
127 830 232 751 1506
763 222 223 752 1507
755 808 225 752 1507
687 823 223 752 1507
102 809 229 752 1507
481 573 226 752 1507
518 817 229 752 1507
583 13 237 752 1507
171 66 221 753 1508
687 824 234 753 1508
788 779 221 753 1508
166 787 221 753 1508
102 810 223 753 1508
481 574 231 753 1508
583 14 234 753 1508
164 337 226 753 1508
668 819 227 754 1509
159 529 227 754 1509
687 825 223 754 1509
192 51 221 754 1509
583 15 229 754 1509
60 825 221 755 1510
476 275 224 755 1510
687 826 231 755 1510
192 52 231 755 1510
583 16 233 755 1510
159 531 221 756 1511
687 827 225 756 1511
583 17 228 756 1511
159 532 226 757 1512
114 611 221 757 1512
625 7 221 757 1512
103 827 221 757 1512
476 277 225 757 1512
112 803 224 757 1512
444 827 221 757 1512
687 828 221 757 1512
422 811 223 757 1512
192 54 223 757 1512
583 18 233 757 1512
164 341 223 757 1512
159 533 237 758 1513
426 12 225 758 1513
102 815 221 758 1513
481 579 232 758 1513
490 755 222 758 1513
38 284 221 758 1513
583 19 225 758 1513
159 534 237 759 1514
157 830 223 759 1514
112 805 221 759 1514
687 830 229 759 1514
481 580 234 759 1514
506 281 221 759 1514
192 56 226 759 1514
668 825 221 760 1515
159 535 229 760 1515
157 831 235 760 1515
476 280 221 760 1515
449 575 227 760 1515
687 831 232 760 1515
102 817 222 760 1515
481 581 232 760 1515
583 21 236 760 1515
331 161 226 761 1516
157 832 237 761 1516
476 281 221 761 1516
785 814 222 761 1516
102 818 222 761 1516
209 671 225 761 1516
481 582 235 761 1516
490 758 224 761 1516
583 22 240 761 1516
164 345 227 761 1516
157 833 224 762 1517
476 282 225 762 1517
687 833 227 762 1517
102 819 221 762 1517
166 796 221 762 1517
481 583 233 762 1517
331 1 230 762 1517
101 808 222 762 1517
583 23 239 762 1517
164 346 224 762 1517
159 538 237 763 1518
625 13 223 763 1518
449 578 225 763 1518
112 809 228 763 1518
422 817 227 763 1518
687 834 235 763 1518
102 820 226 763 1518
481 584 235 763 1518
331 2 226 763 1518
490 760 223 763 1518
583 24 233 763 1518
192 60 221 763 1518
164 347 221 763 1518
157 835 237 764 1519
159 539 237 764 1519
103 834 223 764 1519
476 284 228 764 1519
112 810 225 764 1519
449 579 224 764 1519
687 835 231 764 1519
583 25 240 764 1519
262 67 222 765 1520
159 540 227 765 1520
157 836 222 765 1520
476 285 227 765 1520
112 811 226 765 1520
272 832 223 765 1520
422 819 221 765 1520
687 836 234 765 1520
102 822 225 765 1520
331 4 222 765 1520
481 586 224 765 1520
583 26 235 765 1520
164 349 227 765 1520
159 541 238 766 1521
476 286 228 766 1521
449 581 221 766 1521
426 20 221 766 1521
687 837 227 766 1521
102 823 223 766 1521
209 676 223 766 1521
481 587 227 766 1521
583 27 234 766 1521
192 63 223 766 1521
159 542 233 767 1522
25 796 222 767 1522
103 837 222 767 1522
112 813 224 767 1522
426 21 223 767 1522
272 834 221 767 1522
687 838 224 767 1522
331 6 221 767 1522
583 28 239 767 1522
602 809 227 767 1522
192 64 233 767 1522
593 511 224 767 1522
668 833 225 767 1522
159 543 241 768 1523
476 288 221 768 1523
449 583 224 768 1523
112 814 221 768 1523
426 22 223 768 1523
687 839 234 768 1523
160 823 221 768 1523
583 29 228 768 1523
593 512 224 768 1523
159 544 241 769 1524
625 19 221 769 1524
112 815 222 769 1524
426 23 221 769 1524
788 795 222 769 1524
687 840 234 769 1524
102 826 221 769 1524
481 590 227 769 1524
506 291 221 769 1524
583 30 245 769 1524
763 240 221 769 1524
668 835 221 769 1524
159 545 239 770 1525
625 20 221 770 1525
476 290 225 770 1525
426 24 225 770 1525
687 841 233 770 1525
102 827 223 770 1525
583 31 239 770 1525
668 836 223 770 1525
763 241 221 770 1525
159 546 243 770 1525
157 842 228 771 1526
476 291 227 771 1526
426 25 223 771 1526
185 12 222 771 1526
785 824 223 771 1526
102 828 223 771 1526
209 681 223 771 1526
314 500 221 771 1526
83 270 234 771 1526
483 264 221 771 1526
489 775 224 771 1526
779 799 233 772 1527
36 826 240 772 1527
698 838 221 772 1527
363 260 223 772 1527
211 264 223 772 1527
643 605 221 772 1527
509 790 227 773 1528
332 37 229 773 1528
670 390 221 773 1528
263 419 223 773 1528
435 715 225 773 1528
629 752 225 774 1529
476 294 223 774 1529
444 844 222 774 1529
426 28 224 774 1529
779 801 223 774 1529
785 827 233 774 1529
185 15 227 774 1529
788 800 222 774 1529
74 843 222 774 1529
391 761 228 774 1529
687 845 228 774 1529
490 771 223 774 1529
506 296 223 774 1529
422 6 221 774 1529
668 840 221 774 1529
157 846 225 775 1530
625 25 224 775 1530
112 821 225 775 1530
185 16 224 775 1530
574 829 221 775 1530
101 821 226 775 1530
490 772 231 775 1530
692 774 221 775 1530
392 840 221 775 1530
668 841 223 775 1530
164 359 222 775 1530
157 847 225 776 1531
185 17 235 776 1531
74 845 222 776 1531
102 833 223 776 1531
687 847 231 776 1531
481 597 229 776 1531
101 822 221 776 1531
490 773 237 776 1531
157 848 233 777 1532
625 27 221 777 1532
185 18 237 777 1532
102 834 223 777 1532
687 848 233 777 1532
481 598 235 777 1532
490 774 240 777 1532
583 38 221 777 1532
567 795 221 777 1532
157 849 232 778 1533
687 849 235 778 1533
102 835 221 778 1533
481 599 224 778 1533
490 775 240 778 1533
506 300 222 778 1533
583 39 243 778 1533
567 796 221 778 1533
157 850 231 779 1534
112 825 221 779 1534
272 846 223 779 1534
687 850 238 779 1534
102 836 223 779 1534
481 600 233 779 1534
490 776 242 779 1534
506 301 221 779 1534
583 40 245 779 1534
60 850 221 779 1534
668 845 223 779 1534
157 851 229 780 1535
476 300 234 780 1535
112 826 225 780 1535
185 21 224 780 1535
272 847 225 780 1535
687 851 242 780 1535
102 837 223 780 1535
490 777 240 780 1535
692 779 223 780 1535
583 41 243 780 1535
668 846 225 780 1535
157 852 224 780 1535
112 827 225 781 1536
272 848 223 781 1536
687 852 230 781 1536
490 778 235 781 1536
506 303 226 781 1536
422 13 227 781 1536
583 42 247 781 1536
60 852 222 781 1536
668 847 221 781 1536
157 853 231 781 1536
103 852 222 782 1537
112 828 239 782 1537
449 597 222 782 1537
185 23 235 782 1537
687 853 235 782 1537
481 603 233 782 1537
101 828 229 782 1537
490 779 236 782 1537
506 304 223 782 1537
583 43 243 782 1537
668 848 224 782 1537
157 854 234 782 1537
476 303 223 783 1538
112 829 231 783 1538
103 853 223 783 1538
185 24 234 783 1538
687 854 233 783 1538
481 604 223 783 1538
101 829 223 783 1538
490 780 237 783 1538
422 15 221 783 1538
583 44 236 783 1538
668 849 229 783 1538
60 854 223 783 1538
157 855 235 783 1538
112 830 233 784 1539
185 25 237 784 1539
687 855 232 784 1539
272 851 223 784 1539
481 605 227 784 1539
490 781 232 784 1539
583 45 237 784 1539
157 856 224 784 1539
112 831 221 785 1540
449 600 221 785 1540
185 26 239 785 1540
687 856 232 785 1540
481 606 222 785 1540
334 778 221 785 1540
490 782 233 785 1540
593 529 221 785 1540
583 46 247 785 1540
157 857 235 785 1540
112 832 226 786 1541
185 27 236 786 1541
74 855 222 786 1541
687 857 229 786 1541
102 843 221 786 1541
481 607 227 786 1541
209 696 221 786 1541
101 832 221 786 1541
490 783 232 786 1541
583 47 238 786 1541
157 858 233 786 1541
476 307 233 787 1542
112 833 237 787 1542
449 602 221 787 1542
185 28 235 787 1542
687 858 231 787 1542
481 608 221 787 1542
101 833 222 787 1542
490 784 239 787 1542
583 48 239 787 1542
157 859 237 787 1542
60 858 222 787 1542
112 834 235 788 1543
185 29 235 788 1543
687 859 235 788 1543
481 609 231 788 1543
101 834 221 788 1543
490 785 238 788 1543
583 49 239 788 1543
164 372 224 788 1543
157 860 228 788 1543
476 309 221 789 1544
185 30 240 789 1544
687 860 231 789 1544
481 610 227 789 1544
102 846 225 789 1544
490 786 236 789 1544
583 50 245 789 1544
164 373 227 789 1544
625 40 222 790 1545
112 836 229 790 1545
185 31 228 790 1545
687 861 233 790 1545
102 847 222 790 1545
490 787 235 790 1545
583 51 243 790 1545
668 856 224 790 1545
157 862 231 790 1545
112 837 223 791 1546
185 32 230 791 1546
481 612 233 791 1546
687 862 235 791 1546
583 52 243 791 1546
157 863 227 791 1546
164 375 223 791 1546
476 312 226 792 1547
112 838 234 792 1547
687 863 233 792 1547
481 613 234 792 1547
102 849 225 792 1547
490 789 230 792 1547
422 24 221 792 1547
331 12 223 792 1547
583 53 231 792 1547
164 376 223 792 1547
25 822 221 792 1547
112 839 229 793 1548
185 34 233 793 1548
481 614 221 793 1548
687 864 235 793 1548
490 790 229 793 1548
331 13 227 793 1548
583 54 243 793 1548
157 865 223 793 1548
60 864 223 793 1548
164 377 221 793 1548
112 840 221 794 1549
687 865 235 794 1549
102 851 231 794 1549
692 793 223 794 1549
490 791 241 794 1549
506 316 221 794 1549
583 55 244 794 1549
25 824 225 795 1550
785 848 229 795 1550
102 852 232 795 1550
422 27 233 795 1550
583 56 246 795 1550
629 774 221 796 1551
422 28 225 796 1551
583 57 242 796 1551
164 380 224 796 1551
112 843 231 797 1552
506 319 222 797 1552
583 58 242 797 1552
157 869 247 797 1552
112 844 225 798 1553
301 126 221 798 1553
692 797 221 798 1553
506 320 232 798 1553
583 59 238 798 1553
157 870 232 798 1553
112 845 231 799 1554
787 549 233 799 1554
102 856 230 799 1554
506 321 228 799 1554
422 31 224 799 1554
583 60 238 799 1554
7 850 221 799 1554
785 853 223 800 1555
506 322 232 800 1555
583 61 235 800 1555
785 854 221 801 1556
225 785 222 801 1556
506 323 229 801 1556
583 62 237 801 1556
593 545 222 801 1556
157 873 221 801 1556
103 872 221 802 1557
625 52 230 802 1557
785 855 225 802 1557
334 795 222 802 1557
450 864 226 802 1557
455 211 228 802 1557
506 324 232 802 1557
422 34 231 802 1557
583 63 239 802 1557
593 546 224 802 1557
157 874 224 802 1557
422 35 221 803 1558
583 64 236 803 1558
157 875 226 803 1558
101 850 225 804 1559
692 803 221 804 1559
80 871 223 804 1559
422 36 224 804 1559
583 65 234 804 1559
101 851 225 805 1560
506 327 222 805 1560
422 37 224 805 1560
583 66 232 805 1560
593 549 225 805 1560
625 56 223 806 1561
481 627 224 806 1561
574 860 225 806 1561
687 877 222 806 1561
439 792 226 806 1561
455 215 222 806 1561
583 67 233 806 1561
422 38 223 806 1561
157 878 225 806 1561
785 860 225 807 1562
692 806 223 807 1562
583 68 234 807 1562
157 879 236 807 1562
481 629 221 808 1563
687 879 227 808 1563
583 69 236 808 1563
157 880 223 808 1563
74 878 225 809 1564
687 880 226 809 1564
692 808 225 809 1564
160 864 225 809 1564
157 881 232 809 1564
481 631 224 810 1565
157 882 238 810 1565
102 868 224 811 1566
126 520 222 812 1567
453 1 221 812 1567
593 556 221 812 1567
607 841 233 812 1567
601 879 221 813 1568
209 723 222 813 1568
328 870 221 813 1568
383 872 234 813 1568
714 813 222 815 1570
528 203 223 815 1570
695 349 221 815 1570
637 241 229 816 1571
470 794 225 816 1571
263 462 223 816 1571
396 361 225 817 1572
157 889 237 817 1572
209 728 237 818 1573
110 156 233 818 1573
583 79 235 818 1573
157 890 247 818 1573
209 729 238 819 1574
583 80 239 819 1574
157 891 239 819 1574
209 730 225 820 1575
787 15 222 820 1575
583 81 221 820 1575
157 892 234 820 1575
188 366 224 821 1576
583 82 226 821 1576
681 809 224 821 1576
157 893 240 821 1576
209 732 222 822 1577
157 894 233 822 1577
210 3 223 823 1578
583 84 228 823 1578
583 85 228 824 1579
157 896 223 824 1579
81 875 232 824 1579
196 877 223 824 1579
157 897 236 825 1580
438 2 226 826 1581
157 898 229 826 1581
583 88 237 827 1582
164 411 227 827 1582
438 3 233 827 1582
157 899 242 827 1582
103 898 222 828 1583
470 806 223 828 1583
583 89 236 828 1583
567 846 224 828 1583
157 900 221 828 1583
317 69 231 828 1583
760 39 221 829 1584
102 886 226 829 1584
583 90 235 829 1584
157 901 238 829 1584
103 900 223 830 1585
102 887 245 830 1585
583 91 231 830 1585
157 902 236 830 1585
103 901 221 831 1586
102 888 241 831 1586
583 92 231 831 1586
567 849 222 831 1586
740 819 223 831 1586
157 903 228 831 1586
504 885 233 832 1587
102 889 243 832 1587
210 6 222 832 1587
583 93 221 832 1587
164 416 233 832 1587
704 895 223 832 1587
42 544 227 832 1587
717 895 232 833 1588
319 898 223 833 1588
223 334 229 833 1588
583 94 223 833 1588
538 881 228 833 1588
531 875 227 834 1589
392 899 223 834 1589
159 610 229 834 1589
157 906 231 834 1589
495 883 221 834 1589
288 72 226 835 1590
101 881 223 835 1590
583 96 224 835 1590
453 8 224 835 1590
288 73 226 836 1591
380 837 224 836 1591
101 882 232 836 1591
583 97 225 836 1591
159 612 228 836 1591
157 908 237 836 1591
495 885 221 836 1591
288 74 227 837 1592
27 556 227 837 1592
101 883 224 837 1592
583 98 223 837 1592
494 421 222 837 1592
159 613 231 837 1592
392 902 222 837 1592
157 909 228 837 1592
495 886 225 837 1592
288 75 226 838 1593
27 557 225 838 1593
547 903 226 838 1593
102 895 233 838 1593
101 884 229 838 1593
157 910 247 838 1593
392 903 232 838 1593
495 887 225 838 1593
481 660 223 839 1594
422 71 221 839 1594
102 897 225 840 1595
583 101 222 840 1595
587 895 226 840 1595
687 912 224 841 1596
102 898 227 841 1596
101 887 221 841 1596
159 617 237 841 1596
583 102 223 841 1596
495 890 223 842 1597
547 907 230 842 1597
102 899 247 842 1597
101 888 228 842 1597
583 103 240 842 1597
159 618 229 842 1597
157 914 224 842 1597
288 80 227 843 1598
102 900 235 843 1598
101 889 230 843 1598
159 619 227 843 1598
583 104 233 843 1598
463 103 227 844 1599
728 739 233 844 1599
687 915 223 844 1599
547 909 221 844 1599
102 901 224 844 1599
101 890 227 844 1599
159 620 238 844 1599
583 105 246 844 1599
397 280 232 844 1599
687 916 233 845 1600
535 236 230 845 1600
102 902 247 845 1600
101 891 223 845 1600
186 172 226 845 1600
159 621 241 845 1600
157 917 227 845 1600
583 106 232 845 1600
392 910 222 845 1600
495 894 233 845 1600
102 903 247 846 1601
557 140 225 846 1601
101 892 233 846 1601
186 173 231 846 1601
349 904 233 846 1601
157 918 239 846 1601
159 622 243 846 1601
583 107 231 846 1601
687 918 241 847 1602
102 904 245 847 1602
101 893 233 847 1602
186 174 232 847 1602
159 623 233 847 1602
583 108 234 847 1602
102 905 241 848 1603
101 894 224 848 1603
186 175 235 848 1603
159 624 241 848 1603
157 920 232 848 1603
583 109 239 848 1603
56 331 226 849 1604
687 920 228 849 1604
102 906 250 849 1604
277 104 231 849 1604
101 895 227 849 1604
186 176 221 849 1604
159 625 230 849 1604
651 912 223 850 1605
687 921 225 850 1605
102 907 239 850 1605
277 105 234 850 1605
322 901 223 850 1605
101 896 222 850 1605
186 177 228 850 1605
583 111 235 850 1605
687 922 227 851 1606
102 908 231 851 1606
277 106 231 851 1606
101 897 235 851 1606
186 178 237 851 1606
583 112 237 851 1606
157 923 221 851 1606
159 627 228 851 1606
687 923 229 852 1607
102 909 245 852 1607
277 107 232 852 1607
101 898 231 852 1607
583 113 234 852 1607
157 924 221 852 1607
102 910 229 853 1608
101 899 227 853 1608
186 180 226 853 1608
583 114 225 853 1608
157 925 221 853 1608
619 886 222 854 1609
687 925 226 854 1609
102 911 223 854 1609
101 900 231 854 1609
583 115 231 854 1609
159 630 233 854 1609
157 926 234 854 1609
687 926 241 855 1610
102 912 245 855 1610
277 110 223 855 1610
101 901 227 855 1610
159 631 227 855 1610
583 116 231 855 1610
157 927 243 855 1610
102 913 240 856 1611
577 282 231 856 1611
101 902 224 856 1611
157 928 246 856 1611
102 914 241 857 1612
687 928 225 857 1612
287 620 221 857 1612
277 112 238 857 1612
101 903 221 857 1612
159 633 233 857 1612
583 118 240 857 1612
157 929 223 857 1612
102 915 251 858 1613
687 929 238 858 1613
332 122 221 858 1613
277 113 233 858 1613
508 829 227 858 1613
506 380 227 858 1613
101 904 235 858 1613
157 930 250 858 1613
583 119 239 858 1613
288 96 225 859 1614
500 899 222 859 1614
102 916 227 859 1614
687 930 238 859 1614
277 114 241 859 1614
506 381 229 859 1614
101 905 227 859 1614
157 931 243 859 1614
583 120 239 859 1614
489 863 238 859 1614
10 429 232 860 1615
76 843 221 860 1615
102 917 223 860 1615
322 911 221 860 1615
227 848 221 860 1615
531 901 228 860 1615
159 636 244 860 1615
221 923 221 861 1616
167 51 234 862 1617
167 52 241 863 1618
491 784 225 865 1620
771 796 221 866 1621
49 799 224 867 1622
63 911 241 867 1622
49 800 225 868 1623
771 798 225 868 1623
89 936 223 869 1624
771 799 227 869 1624
89 937 221 870 1625
606 9 223 870 1625
771 801 221 871 1626
63 917 232 873 1628
145 197 221 873 1628
63 918 243 874 1629
63 920 222 876 1631
491 796 228 877 1632
63 921 231 877 1632
63 922 225 878 1633
167 68 221 879 1634
606 18 225 879 1634
167 69 221 880 1635
491 799 221 880 1635
771 810 225 880 1635
63 924 225 880 1635
771 811 221 881 1636
63 925 233 881 1636
89 949 221 882 1637
63 926 234 882 1637
491 802 239 883 1638
63 927 227 883 1638
89 951 221 884 1639
63 928 237 884 1639
491 804 223 885 1640
606 24 225 885 1640
491 805 221 886 1641
683 73 224 886 1641
63 930 231 886 1641
606 25 223 887 1642
63 931 230 887 1642
606 1 222 888 1643
491 807 246 888 1643
63 932 235 888 1643
606 2 228 889 1644
771 819 221 889 1644
683 76 222 889 1644
63 933 233 889 1644
133 962 223 890 1645
63 934 235 890 1645
491 810 237 891 1646
683 78 231 891 1646
63 935 230 891 1646
606 5 223 892 1647
491 811 227 892 1647
683 79 229 892 1647
683 80 222 893 1648
63 937 238 893 1648
167 83 223 893 1648
606 7 229 893 1648
491 813 239 894 1649
771 824 225 894 1649
491 814 242 895 1650
771 825 221 895 1650
683 82 226 895 1650
63 939 229 895 1650
606 9 225 895 1650
491 815 224 896 1651
771 826 227 896 1651
606 10 237 896 1651
771 827 226 897 1652
63 941 225 897 1652
145 221 221 897 1652
606 11 227 897 1652
771 828 225 898 1653
63 943 221 899 1654
491 819 221 900 1655
771 830 221 900 1655
606 14 221 901 1656
145 224 229 901 1656
491 820 237 901 1656
606 15 221 902 1657
89 969 230 902 1657
63 946 228 903 1658
606 16 227 903 1658
491 822 227 903 1658
606 17 225 904 1659
491 823 222 904 1659
491 824 232 905 1660
683 92 223 905 1660
63 950 225 906 1661
606 20 221 907 1662
133 979 221 907 1662
771 837 221 907 1662
145 232 222 909 1664
491 828 221 909 1664
606 23 221 910 1665
491 830 224 911 1666
683 98 225 911 1666
606 25 225 912 1667
491 831 224 912 1667
491 832 223 913 1668
63 957 224 913 1668
771 844 227 914 1669
89 981 226 914 1669
606 28 224 915 1670
491 834 227 915 1670
771 845 231 915 1670
63 959 227 915 1670
606 29 221 916 1671
491 835 227 916 1671
491 836 222 917 1672
49 850 221 918 1673
491 837 223 918 1673
63 962 227 918 1673
89 986 222 919 1674
63 963 232 919 1674
606 33 223 920 1675
63 966 224 922 1677
63 967 225 923 1678
683 111 224 924 1679
63 968 226 924 1679
683 113 222 926 1681
63 971 223 927 1682
606 41 224 928 1683
771 858 224 928 1683
491 848 222 929 1684
145 254 221 931 1686
606 44 224 931 1686
491 850 221 931 1686
145 255 221 932 1687
491 851 221 932 1687
49 865 221 933 1688
491 852 236 933 1688
771 863 221 933 1688
491 853 225 934 1689
771 864 221 934 1689
63 978 223 934 1689
63 980 230 936 1691
59 344 224 937 1692
63 981 228 938 1693
63 982 221 939 1694
491 858 222 939 1694
59 346 223 939 1694
63 983 223 940 1695
491 859 227 940 1695
491 860 221 941 1696
63 985 223 942 1697
49 874 231 942 1697
491 862 233 943 1698
771 873 221 943 1698
59 350 221 943 1698
63 987 223 943 1698
491 863 234 944 1699
133 1016 221 944 1699
89 1011 232 944 1699
606 58 221 945 1700
491 864 235 945 1700
89 1012 227 945 1700
683 133 221 946 1701
59 353 225 947 1702
63 990 235 947 1702
491 866 225 947 1702
49 879 224 947 1702
89 1014 222 947 1702
63 991 233 947 1702
145 271 225 948 1703
491 867 223 948 1703
63 992 240 948 1703
59 355 226 949 1704
491 868 225 949 1704
89 1016 225 949 1704
683 136 222 949 1704
63 993 226 949 1704
606 63 225 950 1705
89 1017 225 950 1705
606 64 222 951 1706
491 870 236 951 1706
63 995 225 951 1706
491 871 221 952 1707
771 882 223 952 1707
491 874 227 955 1710
133 1028 221 956 1711
63 1000 221 956 1711
89 1024 223 957 1712
63 1001 235 957 1712
606 71 222 958 1713
491 877 225 958 1713
63 1002 240 958 1713
59 365 221 958 1713
606 72 223 959 1714
491 878 221 959 1714
683 146 227 959 1714
63 1003 222 959 1714
59 366 223 960 1715
63 1004 225 960 1715
683 148 224 961 1716
63 1005 227 961 1716
59 368 226 961 1716
167 151 227 962 1717
606 75 222 962 1717
133 1034 221 962 1717
49 894 229 962 1717
771 892 227 962 1717
89 1029 234 962 1717
63 1006 232 962 1717
59 369 221 962 1717
167 152 222 963 1718
491 882 222 963 1718
49 895 227 963 1718
771 893 233 963 1718
59 370 229 964 1719
133 1036 222 964 1719
49 896 231 964 1719
89 1031 226 964 1719
167 154 221 965 1720
49 897 225 965 1720
89 1032 221 965 1720
606 79 224 966 1721
49 898 225 966 1721
63 1010 231 966 1721
59 373 221 966 1721
145 290 223 967 1722
771 897 221 967 1722
63 1011 231 967 1722
59 374 227 968 1723
145 291 221 968 1723
49 900 221 968 1723
771 898 221 968 1723
63 1013 221 969 1724
167 159 225 970 1725
49 902 222 970 1725
683 157 222 970 1725
63 1014 231 970 1725
167 160 233 970 1725
771 902 223 972 1727
63 1016 239 972 1727
63 1017 231 973 1728
63 1018 235 974 1729
491 894 223 975 1730
683 162 227 975 1730
59 382 221 975 1730
683 163 225 976 1731
63 1020 223 976 1731
63 1021 227 977 1732
145 301 221 978 1733
771 908 226 978 1733
145 302 224 979 1734
63 1023 223 979 1734
59 386 221 979 1734
63 1024 223 980 1735
63 1025 223 981 1736
63 1027 221 983 1738
63 1028 230 984 1739
59 391 227 984 1739
167 5 229 985 1740
491 906 221 987 1742
59 394 221 987 1742
63 1032 232 988 1743
491 908 232 989 1744
167 9 222 989 1744
145 312 221 989 1744
63 1033 221 989 1744
133 1062 225 990 1745
683 177 221 990 1745
89 1057 234 990 1745
63 1034 225 990 1745
491 910 226 991 1746
49 923 226 991 1746
683 178 221 991 1746
63 1035 223 991 1746
49 924 227 992 1747
683 179 223 992 1747
59 400 226 993 1748
145 317 221 994 1749
49 926 227 994 1749
63 1038 224 994 1749
606 108 221 994 1749
59 401 227 995 1750
167 15 221 995 1750
606 109 221 995 1750
59 402 223 996 1751
491 915 228 996 1751
167 16 223 996 1751
683 183 222 996 1751
491 916 221 997 1752
683 184 221 997 1752
63 1041 221 997 1752
606 111 225 997 1752
167 18 224 998 1753
683 185 223 998 1753
89 1065 225 998 1753
491 918 224 999 1754
49 931 222 999 1754
59 2 225 999 1754
63 1043 235 999 1754
491 919 234 1000 1755
167 20 223 1000 1755
145 323 221 1000 1755
133 1072 225 1000 1755
59 3 233 1000 1755
683 187 225 1000 1755
89 1067 231 1000 1755
771 15 221 1001 1756
59 4 221 1001 1756
63 1045 225 1001 1756
491 921 226 1002 1757
145 325 221 1002 1757
63 1046 221 1002 1757
491 922 228 1003 1758
771 17 222 1003 1758
59 6 221 1003 1758
683 190 225 1003 1758
491 923 227 1004 1759
771 18 221 1004 1759
145 327 223 1004 1759
683 191 221 1004 1759
683 192 222 1005 1760
89 1072 225 1005 1760
63 1049 235 1005 1760
491 925 226 1006 1761
59 9 225 1006 1761
63 1050 234 1006 1761
59 10 224 1007 1762
89 1074 227 1007 1762
63 1051 239 1007 1762
491 927 233 1008 1763
606 121 222 1008 1763
133 1080 221 1008 1763
59 11 228 1008 1763
491 928 224 1009 1764
771 23 223 1009 1764
59 12 221 1009 1764
49 941 221 1009 1764
63 1053 229 1009 1764
491 929 221 1010 1765
606 123 227 1010 1765
771 24 222 1010 1765
133 1082 224 1010 1765
59 13 221 1010 1765
63 1054 229 1010 1765
606 124 221 1011 1766
89 1078 225 1011 1766
63 1055 241 1011 1766
491 931 222 1012 1767
63 1056 235 1012 1767
606 126 223 1013 1768
59 16 227 1013 1768
89 1080 221 1013 1768
63 1057 225 1013 1768
491 933 227 1014 1769
606 127 224 1014 1769
491 934 225 1015 1770
606 128 222 1015 1770
683 202 226 1015 1770
63 1059 226 1015 1770
606 129 221 1016 1771
63 1060 228 1016 1771
491 936 227 1017 1772
59 2 225 1017 1772
63 1061 223 1017 1772
491 937 223 1018 1773
683 205 222 1018 1773
59 3 225 1018 1773
63 1062 231 1018 1773
771 33 222 1019 1774
683 206 221 1019 1774
491 939 225 1020 1775
606 133 221 1020 1775
491 940 222 1021 1776
606 134 225 1021 1776
49 953 221 1021 1776
133 1096 232 1024 1779
63 1068 233 1024 1779
771 39 223 1024 1779
49 957 227 1025 1780
133 1097 225 1025 1780
59 10 222 1025 1780
771 40 221 1025 1780
491 945 226 1025 1780
606 139 227 1025 1780
49 958 223 1026 1781
59 11 229 1026 1781
89 1093 222 1026 1781
63 1070 239 1026 1781
771 41 232 1026 1781
491 946 222 1026 1781
167 47 225 1026 1781
63 1071 232 1027 1782
606 141 231 1027 1782
49 960 225 1028 1783
133 1100 222 1028 1783
59 13 223 1028 1783
89 1095 227 1028 1783
771 43 228 1028 1783
63 1072 235 1028 1783
491 948 227 1028 1783
606 142 236 1028 1783
133 1101 221 1029 1784
771 44 230 1029 1784
63 1073 229 1029 1784
491 949 226 1029 1784
606 143 231 1029 1784
49 962 223 1030 1785
133 1102 225 1030 1785
89 1097 225 1030 1785
59 15 223 1030 1785
771 45 225 1030 1785
63 1074 227 1030 1785
491 950 227 1030 1785
606 144 223 1030 1785
49 963 227 1031 1786
133 1103 223 1031 1786
59 16 223 1031 1786
89 1098 227 1031 1786
771 46 228 1031 1786
63 1075 236 1031 1786
491 951 227 1031 1786
606 145 235 1031 1786
167 52 221 1032 1787
133 1104 223 1032 1787
89 1099 227 1032 1787
771 47 223 1032 1787
63 1076 233 1032 1787
167 53 222 1033 1788
133 1105 226 1033 1788
89 1100 229 1033 1788
63 1077 234 1033 1788
491 953 236 1033 1788
606 147 222 1033 1788
49 966 221 1034 1789
683 221 224 1034 1789
89 1101 224 1034 1789
63 1078 239 1034 1789
491 954 221 1034 1789
606 148 221 1034 1789
167 55 223 1035 1790
49 967 224 1035 1790
59 20 232 1035 1790
89 1102 227 1035 1790
63 1079 225 1035 1790
491 955 221 1035 1790
606 149 225 1035 1790
145 359 221 1035 1790
49 968 233 1036 1791
59 21 223 1036 1791
89 1103 233 1036 1791
606 150 228 1036 1791
145 360 221 1036 1791
49 969 234 1037 1792
59 22 229 1037 1792
89 1104 228 1037 1792
606 151 221 1037 1792
145 361 223 1037 1792
63 1083 227 1039 1794
491 959 224 1039 1794
49 972 221 1039 1794
89 1107 223 1040 1795
491 960 223 1040 1795
606 154 227 1040 1795
167 61 222 1040 1795
49 973 225 1040 1795
89 1108 222 1041 1796
63 1085 227 1041 1796
491 961 222 1041 1796
606 155 221 1041 1796
491 962 225 1042 1797
63 1087 224 1043 1798
491 963 225 1043 1798
89 1111 222 1044 1799
63 1088 225 1044 1799
491 964 234 1044 1799
49 977 221 1044 1799
167 65 222 1044 1799
63 1089 237 1045 1800
606 159 233 1045 1800
145 369 224 1045 1800
49 978 222 1045 1800
133 1118 226 1045 1800
683 233 223 1045 1800
59 31 222 1045 1800
89 1113 227 1046 1801
771 61 225 1046 1801
63 1090 229 1046 1801
145 370 221 1046 1801
167 67 224 1046 1801
89 1116 223 1048 1803
771 64 223 1048 1803
63 1093 235 1048 1803
491 969 223 1048 1803
145 373 223 1048 1803
167 70 226 1049 1804
59 35 227 1049 1804
89 1117 233 1049 1804
606 164 226 1049 1804
89 1118 223 1050 1805
49 984 231 1050 1805
49 985 221 1051 1806
491 974 228 1053 1808
89 1122 225 1054 1809
491 975 222 1054 1809
89 1123 246 1055 1810
89 1124 242 1056 1811
771 72 222 1056 1811
63 1101 228 1056 1811
59 43 231 1057 1812
89 1125 248 1057 1812
771 73 221 1057 1812
63 1102 231 1057 1812
59 44 237 1058 1813
89 1126 232 1058 1813
63 1103 237 1058 1813
59 45 240 1059 1814
89 1127 227 1059 1814
771 75 224 1059 1814
63 1104 238 1059 1814
167 81 221 1060 1815
59 46 239 1060 1815
89 1128 221 1060 1815
63 1105 234 1060 1815
167 82 221 1061 1816
59 47 238 1061 1816
89 1129 225 1061 1816
63 1106 229 1061 1816
491 982 240 1061 1816
59 48 236 1062 1817
63 1107 226 1062 1817
491 983 240 1062 1817
49 996 223 1063 1818
167 84 223 1063 1818
683 251 226 1063 1818
59 49 237 1063 1818
89 1131 228 1063 1818
63 1108 231 1063 1818
491 984 247 1063 1818
49 997 225 1064 1819
606 8 223 1064 1819
59 50 235 1064 1819
63 1109 238 1064 1819
59 51 221 1065 1820
63 1110 228 1065 1820
59 64 223 1078 1833
63 1123 234 1078 1833
145 403 221 1078 1833
59 65 223 1079 1834
89 1147 225 1079 1834
63 1124 235 1079 1834
145 404 224 1079 1834
63 1125 235 1080 1835
59 67 222 1081 1836
89 1149 223 1081 1836
63 1126 231 1081 1836
683 270 228 1082 1837
59 68 221 1082 1837
89 1150 222 1082 1837
63 1127 232 1082 1837
771 98 221 1082 1837
683 271 221 1083 1838
89 1151 225 1083 1838
771 99 223 1083 1838
59 70 235 1084 1839
683 272 225 1084 1839
491 1005 223 1084 1839
145 409 225 1084 1839
63 1130 224 1085 1840
63 1131 225 1086 1841
683 275 225 1087 1842
63 1132 223 1087 1842
63 1133 223 1088 1843
771 104 221 1088 1843
59 75 223 1089 1844
683 278 222 1090 1845
63 1135 223 1090 1845
771 106 221 1090 1845
491 1011 225 1090 1845
63 1136 227 1091 1846
771 107 223 1091 1846
145 417 223 1092 1847
683 281 221 1093 1848
59 79 221 1093 1848
63 1138 223 1093 1848
491 1014 230 1093 1848
683 282 221 1094 1849
63 1139 223 1094 1849
491 1015 225 1094 1849
63 1140 224 1095 1850
491 1016 224 1095 1850
63 1141 226 1096 1851
491 1017 223 1096 1851
89 1165 234 1097 1852
683 286 227 1098 1853
717 1162 223 1099 1854
680 1102 221 1099 1854
415 237 226 1100 1855
159 878 225 1101 1856
687 1174 235 1101 1856
215 87 225 1101 1856
583 101 226 1102 1857
159 879 229 1102 1857
467 367 237 1102 1857
732 72 227 1102 1857
185 344 227 1102 1857
703 1150 225 1102 1857
487 2 223 1102 1857
159 880 224 1103 1858
141 285 233 1103 1858
515 56 221 1103 1858
506 626 233 1103 1858
55 1165 222 1103 1858
531 50 222 1104 1859
567 1123 236 1104 1859
366 8 231 1104 1859
240 44 222 1147 1902
643 1072 222 1238 1993
643 1073 233 1239 1994
22 1254 235 1243 1998
435 96 226 1244 1999
22 1255 235 1244 1999
689 748 222 1251 2006
773 166 237 1269 2024
10 397 227 1270 2025
781 6 241 1270 2025
773 167 254 1270 2025
781 7 241 1271 2026
773 168 245 1271 2026
475 859 222 1272 2027
781 8 237 1272 2027
773 169 249 1272 2027
475 860 226 1273 2028
781 9 239 1273 2028
773 170 245 1273 2028
475 861 229 1274 2029
781 10 247 1274 2029
773 171 244 1274 2029
475 862 229 1275 2030
781 11 247 1275 2030
475 863 231 1276 2031
