277 137 221 0 1283
66 523 222 1 1284
358 252 221 1 1284
277 138 224 1 1284
312 579 223 2 1285
18 582 221 2 1285
312 580 229 3 1286
18 583 223 3 1286
45 253 225 3 1286
79 151 222 3 1286
312 581 227 4 1287
63 575 221 4 1287
331 574 223 4 1287
345 267 221 4 1287
312 582 226 5 1288
277 142 228 5 1288
309 28 222 6 1289
312 583 235 6 1289
66 529 223 7 1290
309 30 223 8 1291
747 398 221 9 1292
18 604 223 24 1307
747 413 222 24 1307
160 607 221 25 1308
309 50 221 28 1311
309 51 222 29 1312
312 607 223 30 1313
309 52 228 30 1313
747 420 221 31 1314
747 422 221 33 1316
160 617 225 35 1318
747 424 225 36 1319
18 618 221 38 1321
747 428 223 40 1323
277 179 223 42 1325
312 625 222 47 1330
312 626 221 49 1332
345 314 225 51 1334
345 315 221 52 1335
277 194 227 57 1340
66 580 221 58 1341
160 640 221 58 1341
345 323 221 60 1343
192 71 226 79 1362
312 662 221 85 1368
66 645 234 123 1406
312 713 221 136 1419
312 739 222 162 1445
515 75 225 164 1447
160 747 222 165 1448
515 76 221 165 1448
312 743 227 166 1449
729 175 222 173 1456
309 195 227 173 1456
729 176 227 174 1457
729 177 223 175 1458
729 178 227 175 1458
312 756 227 179 1462
66 702 223 180 1463
66 703 233 181 1464
312 773 221 196 1479
729 199 225 196 1479
312 774 224 197 1480
312 775 222 198 1481
312 777 222 200 1483
301 79 221 223 1506
414 814 222 224 1507
414 815 223 225 1508
301 81 222 225 1508
414 816 223 226 1509
230 800 241 231 1514
105 794 230 232 1515
230 801 235 232 1515
230 804 226 235 1518
230 805 231 236 1519
646 808 226 237 1520
230 806 233 237 1520
724 828 221 237 1520
634 156 224 238 1521
552 825 223 238 1521
383 824 222 238 1521
317 6 221 238 1521
354 719 222 239 1522
414 829 223 239 1522
105 801 228 239 1522
230 808 229 239 1522
105 803 225 241 1524
779 796 221 241 1524
724 833 223 242 1525
336 115 229 243 1526
738 768 226 244 1527
738 769 233 245 1528
163 229 224 245 1528
738 770 237 246 1529
163 230 231 246 1529
738 771 224 247 1530
163 231 224 247 1530
738 772 233 248 1531
163 232 237 248 1531
698 842 223 249 1532
738 773 234 249 1532
163 233 236 249 1532
738 774 229 250 1533
163 234 239 250 1533
738 775 231 251 1534
163 235 233 251 1534
738 776 224 252 1535
698 845 227 252 1535
163 236 235 252 1535
738 777 231 253 1536
163 237 237 253 1536
738 778 231 254 1537
698 847 221 254 1537
163 238 235 254 1537
738 779 232 255 1538
163 239 237 255 1538
738 780 233 256 1539
163 240 235 256 1539
163 241 239 257 1540
738 782 227 258 1541
163 242 238 258 1541
738 783 226 259 1542
698 852 224 259 1542
163 243 239 259 1542
738 784 235 260 1543
163 244 237 260 1543
738 785 228 261 1544
698 854 221 261 1544
163 245 239 261 1544
738 786 225 262 1545
698 855 225 262 1545
163 246 239 262 1545
738 787 223 263 1546
163 247 239 263 1546
738 788 224 264 1547
698 857 221 264 1547
163 248 239 264 1547
741 830 221 264 1547
738 789 230 265 1548
257 773 221 265 1548
163 249 239 265 1548
738 790 227 266 1549
697 854 221 266 1549
698 859 222 266 1549
163 250 229 266 1549
615 840 227 267 1550
163 251 233 267 1550
738 792 227 268 1551
163 252 237 268 1551
615 841 221 268 1551
741 834 221 268 1551
738 793 221 269 1552
163 253 232 269 1552
615 842 227 269 1552
163 254 231 270 1553
738 795 222 271 1554
698 864 221 271 1554
163 255 232 271 1554
738 796 229 272 1555
576 830 223 272 1555
526 1 234 272 1555
526 2 235 273 1556
526 3 234 274 1557
787 552 221 274 1557
576 833 228 275 1558
526 4 233 275 1558
410 859 221 276 1559
223 304 222 276 1559
66 798 221 276 1559
277 62 233 280 1563
402 351 223 282 1565
220 713 221 282 1565
195 234 229 282 1565
383 869 227 283 1566
87 286 237 283 1566
760 21 221 284 1567
402 353 224 284 1567
515 5 225 286 1569
694 3 238 333 1616
241 930 221 335 1618
564 667 228 339 1622
468 929 221 340 1623
84 937 226 348 1631
84 939 227 350 1633
241 967 221 372 1655
156 378 225 372 1655
241 968 232 373 1656
241 969 233 374 1657
523 953 222 375 1658
241 970 227 375 1658
156 381 225 375 1658
593 46 225 376 1659
241 971 225 376 1659
593 47 223 377 1660
241 972 221 377 1660
314 46 223 378 1661
593 48 222 378 1661
593 49 223 379 1662
241 974 222 379 1662
156 386 223 380 1663
523 959 221 380 1663
593 51 224 381 1664
156 387 221 381 1664
593 52 223 382 1665
593 53 229 383 1666
241 978 225 383 1666
156 389 226 383 1666
156 391 230 385 1668
593 56 233 386 1669
593 57 224 387 1670
241 982 223 387 1670
593 58 231 388 1671
241 984 223 389 1672
593 60 222 390 1673
241 985 226 390 1673
593 62 221 392 1675
156 404 221 398 1681
593 69 221 399 1682
241 994 222 399 1682
301 61 224 400 1683
314 69 221 401 1684
241 996 222 401 1684
301 63 223 402 1685
314 70 225 402 1685
241 997 221 402 1685
301 64 225 402 1685
593 74 221 404 1687
241 999 223 404 1687
301 66 224 405 1688
301 67 223 405 1688
84 994 226 406 1689
593 76 225 406 1689
241 1001 221 406 1689
301 68 221 406 1689
84 995 221 407 1690
241 1002 221 407 1690
301 69 224 408 1691
593 78 222 408 1691
241 1003 222 408 1691
241 1004 221 409 1692
593 90 223 420 1703
84 1012 231 424 1707
458 1023 223 424 1707
241 1019 223 424 1707
84 1013 229 425 1708
458 1024 223 425 1708
593 95 222 425 1708
241 1020 221 425 1708
84 1014 249 426 1709
28 1008 224 426 1709
458 1025 222 426 1709
593 96 222 426 1709
84 1015 246 427 1710
301 16 227 427 1710
84 1016 252 428 1711
458 1027 222 428 1711
593 98 223 428 1711
84 1017 222 429 1712
458 1028 239 429 1712
458 1029 241 430 1713
593 100 222 430 1713
458 1030 238 431 1714
593 101 224 431 1714
314 100 229 432 1715
84 1020 227 432 1715
523 1010 221 432 1715
301 21 227 432 1715
593 102 221 432 1715
523 1011 221 433 1716
301 22 225 433 1716
314 103 225 435 1718
84 1023 223 435 1718
301 24 228 435 1718
523 1014 222 436 1719
156 37 221 436 1719
84 1025 225 437 1720
593 107 221 437 1720
593 108 224 438 1721
84 1027 227 439 1722
314 107 240 439 1722
301 28 229 439 1722
28 8 227 439 1722
301 29 242 440 1723
301 30 241 441 1724
28 11 225 442 1725
84 1031 231 443 1726
301 32 241 443 1726
84 1032 227 444 1727
458 1043 222 444 1727
458 1044 235 445 1728
301 34 230 445 1728
28 14 227 445 1728
84 1034 235 446 1729
458 1045 239 446 1729
593 116 222 446 1729
84 1035 225 447 1730
458 1046 226 447 1730
28 16 223 447 1730
241 1042 221 447 1730
84 1036 221 448 1731
458 1047 239 448 1731
593 118 222 448 1731
84 1037 223 449 1732
458 1048 235 449 1732
593 119 229 449 1732
84 1038 222 449 1732
458 1050 237 451 1734
241 1046 225 451 1734
523 1030 235 452 1735
28 21 221 452 1735
241 1047 227 452 1735
301 42 229 453 1736
28 22 232 453 1736
593 123 225 453 1736
84 1042 230 453 1736
301 43 239 454 1737
28 23 230 454 1737
84 1043 235 454 1737
314 123 227 455 1738
468 1044 241 455 1738
301 44 231 455 1738
28 24 222 455 1738
301 46 245 457 1740
301 48 223 459 1742
593 129 225 459 1742
241 1054 229 459 1742
593 130 225 460 1743
523 1065 221 487 1770
301 76 221 487 1770
301 87 222 498 1781
301 88 223 499 1782
301 89 221 500 1783
593 174 221 504 1787
301 96 223 507 1790
523 1086 242 508 1791
156 109 224 508 1791
301 100 221 511 1794
301 104 221 515 1798
523 1096 231 518 1801
156 119 227 518 1801
523 1097 225 519 1802
28 57 232 519 1802
301 109 227 520 1803
523 1099 239 521 1804
523 1100 221 522 1805
301 111 222 522 1805
301 112 226 523 1806
593 194 223 524 1807
593 195 222 525 1808
458 1124 222 525 1808
523 1107 222 529 1812
523 1119 222 541 1824
314 210 221 542 1825
156 144 222 543 1826
593 213 221 543 1826
523 1124 223 546 1829
523 1126 221 548 1831
84 1137 223 549 1832
156 14 224 560 1843
523 1139 221 561 1844
523 1145 226 567 1850
301 156 221 567 1850
593 9 221 570 1853
523 1150 225 572 1855
301 161 224 572 1855
523 1151 223 573 1856
314 241 229 573 1856
468 1162 221 573 1856
458 1172 222 573 1856
84 1162 227 574 1857
314 242 237 574 1857
314 243 237 575 1858
314 244 241 576 1859
314 245 245 577 1860
314 246 239 578 1861
314 247 231 579 1862
692 1105 222 579 1862
314 248 230 580 1863
692 1111 222 585 1868
574 3 221 589 1872
574 6 221 592 1875
725 285 222 596 1879
692 1122 227 596 1879
725 286 223 597 1880
725 287 227 598 1881
725 288 222 599 1882
725 289 223 600 1883
725 291 223 602 1885
692 1133 222 607 1890
692 1134 221 608 1891
725 298 222 609 1892
692 1138 221 612 1895
200 26 225 616 1899
200 27 222 617 1900
200 28 221 618 1901
200 31 223 621 1904
200 33 221 623 1906
725 315 227 626 1909
725 319 223 630 1913
725 320 230 631 1914
200 44 222 634 1917
680 1163 224 635 1918
680 1164 223 636 1919
680 1165 223 637 1920
754 492 226 639 1922
680 1167 221 639 1922
680 1168 225 640 1923
200 51 223 641 1924
200 53 223 643 1926
692 1170 221 644 1927
692 1172 223 646 1929
725 336 223 647 1930
692 1173 221 647 1930
725 337 222 648 1931
692 1174 221 648 1931
692 1177 222 651 1934
692 1178 221 652 1935
200 64 223 654 1937
692 1180 221 654 1937
725 349 221 660 1943
692 1189 222 663 1946
368 1 231 666 1949
553 1249 229 666 1949
653 335 221 666 1949
754 526 222 673 1956
754 527 224 674 1957
754 528 223 675 1958
692 1202 221 676 1959
692 1203 221 677 1960
574 97 221 683 1966
692 1209 222 683 1966
725 378 221 689 1972
725 382 237 693 1976
725 383 223 694 1977
725 385 221 696 1979
692 2 222 699 1982
653 372 229 703 1986
692 7 221 704 1987
692 8 223 705 1988
725 396 221 707 1990
725 398 237 709 1992
368 45 222 710 1993
653 380 237 711 1994
692 15 227 712 1995
692 16 223 713 1996
754 569 222 716 1999
553 1299 221 716 1999
754 570 231 717 2000
200 3 239 717 2000
200 4 224 718 2001
692 22 222 719 2002
653 389 224 720 2003
552 1307 227 720 2003
574 135 238 721 2004
653 390 225 721 2004
200 7 227 721 2004
574 136 223 722 2005
552 1310 236 723 2006
552 1311 221 724 2007
692 30 225 727 2010
574 142 223 728 2011
574 143 223 729 2012
692 33 222 730 2013
552 1317 222 730 2013
725 419 223 730 2013
653 400 227 731 2014
574 145 225 731 2014
725 420 221 731 2014
692 35 221 732 2015
574 146 221 732 2015
725 422 223 733 2016
517 146 222 734 2017
552 1321 221 734 2017
725 424 224 735 2018
754 589 221 735 2018
692 39 222 736 2019
574 150 223 736 2019
552 1323 224 736 2019
692 41 237 738 2021
574 152 221 738 2021
