236 448 221 0 1145
514 419 226 1 1146
24 309 224 3 1148
183 453 225 3 1148
514 423 223 5 1150
514 424 227 6 1151
462 290 221 6 1151
24 312 221 6 1151
236 454 228 6 1151
429 487 227 6 1151
514 425 224 7 1152
170 445 221 7 1152
429 488 231 7 1152
717 459 222 7 1152
514 426 223 8 1153
170 446 222 8 1153
183 458 222 8 1153
37 117 221 8 1153
717 460 223 8 1153
170 447 223 9 1154
588 455 223 9 1154
514 428 223 10 1155
170 448 221 10 1155
236 458 221 10 1155
236 459 222 11 1156
111 440 221 11 1156
429 492 231 11 1156
717 463 221 11 1156
514 430 221 12 1157
183 462 221 12 1157
236 460 225 12 1157
111 441 221 12 1157
588 458 222 12 1157
429 493 231 12 1157
24 319 224 13 1158
183 463 223 13 1158
236 461 223 13 1158
588 459 223 13 1158
37 122 221 13 1158
429 494 227 13 1158
717 465 223 13 1158
24 320 223 14 1159
183 464 223 14 1159
236 462 224 14 1159
588 460 221 14 1159
429 495 231 14 1159
717 466 223 14 1159
732 418 224 15 1160
24 321 232 15 1160
170 453 223 15 1160
581 474 223 15 1160
446 458 237 15 1160
111 444 223 15 1160
24 322 227 16 1161
581 475 224 16 1161
183 466 222 16 1161
588 462 229 16 1161
37 125 221 16 1161
170 455 221 17 1162
183 467 223 17 1162
588 463 226 17 1162
717 469 222 17 1162
514 436 223 18 1163
111 447 225 18 1163
37 127 222 18 1163
446 462 227 19 1164
37 128 222 19 1164
429 500 226 19 1164
588 466 223 20 1165
446 464 226 21 1166
588 467 226 21 1166
446 465 223 22 1167
446 466 223 23 1168
236 472 224 24 1169
446 467 223 24 1169
446 468 226 25 1170
588 471 221 25 1170
183 476 221 26 1171
446 469 232 26 1171
170 465 221 27 1172
429 509 223 28 1173
429 513 221 32 1177
236 481 230 33 1178
183 484 221 34 1179
236 482 221 34 1179
446 477 233 34 1179
446 478 231 35 1180
24 342 227 36 1181
446 479 231 36 1181
24 343 221 37 1182
446 480 223 37 1182
183 488 224 38 1183
111 467 222 38 1183
446 481 231 38 1183
24 345 221 39 1184
183 489 223 39 1184
446 483 225 40 1185
236 488 233 40 1185
588 487 222 41 1186
236 489 225 41 1186
236 490 231 42 1187
446 485 221 42 1187
236 491 233 43 1188
446 486 224 43 1188
581 503 223 44 1189
588 490 230 44 1189
236 492 235 44 1189
183 495 223 45 1190
588 491 235 45 1190
236 493 237 45 1190
446 488 223 45 1190
429 526 221 45 1190
37 154 223 46 1191
588 492 229 46 1191
446 489 221 46 1191
581 506 227 47 1192
446 490 222 47 1192
429 528 221 47 1192
37 156 221 48 1193
183 498 224 48 1193
588 494 222 48 1193
429 529 224 48 1193
170 487 221 49 1194
581 508 231 49 1194
429 530 223 49 1194
581 509 225 50 1195
446 493 225 50 1195
429 531 223 50 1195
581 510 221 51 1196
446 494 225 51 1196
446 495 223 52 1197
429 533 226 52 1197
717 504 223 52 1197
446 496 223 53 1198
170 492 225 54 1199
24 360 221 54 1199
183 504 223 54 1199
446 497 224 54 1199
236 502 221 54 1199
429 535 233 54 1199
170 493 221 55 1200
24 361 221 55 1200
183 505 223 55 1200
717 507 225 55 1200
514 474 222 56 1201
24 362 224 56 1201
446 499 224 56 1201
717 508 222 56 1201
429 537 233 56 1201
514 475 227 57 1202
183 507 223 57 1202
446 500 224 57 1202
514 476 221 58 1203
24 364 225 58 1203
514 477 225 59 1204
446 502 225 59 1204
236 507 221 59 1204
717 511 222 59 1204
37 168 223 60 1205
514 478 232 60 1205
717 512 229 60 1205
37 169 223 61 1206
514 479 225 61 1206
24 367 227 61 1206
183 511 227 61 1206
236 509 221 61 1206
429 542 221 61 1206
24 368 231 62 1207
183 512 222 62 1207
111 491 227 62 1207
717 514 226 62 1207
514 481 221 63 1208
170 501 221 63 1208
183 513 221 63 1208
446 506 221 63 1208
37 172 224 64 1209
514 482 221 64 1209
24 370 227 64 1209
183 514 221 64 1209
429 545 221 64 1209
446 507 224 64 1209
37 173 221 65 1210
24 371 226 65 1210
183 515 223 65 1210
429 546 223 65 1210
446 508 228 65 1210
37 174 232 66 1211
183 516 230 66 1211
446 509 226 66 1211
37 175 223 67 1212
446 510 225 67 1212
183 518 227 68 1213
446 511 222 68 1213
183 519 231 69 1214
446 512 222 69 1214
183 520 225 70 1215
446 513 225 70 1215
717 522 225 70 1215
236 519 223 71 1216
446 514 229 71 1216
717 523 229 71 1216
717 524 225 72 1217
183 524 221 74 1219
429 555 231 74 1219
183 525 222 75 1220
717 527 228 75 1220
183 526 222 76 1221
429 557 230 76 1221
236 524 221 76 1221
717 528 221 76 1221
24 383 221 77 1222
111 506 223 77 1222
236 525 225 77 1222
717 529 227 77 1222
24 384 221 78 1223
581 537 231 78 1223
183 528 221 78 1223
111 507 230 78 1223
429 559 224 78 1223
236 526 224 78 1223
717 530 227 78 1223
170 517 221 79 1224
183 529 233 79 1224
429 560 227 79 1224
236 527 221 79 1224
717 531 227 79 1224
446 522 223 79 1224
514 498 223 80 1225
170 518 231 80 1225
183 530 221 80 1225
111 509 226 80 1225
429 561 225 80 1225
717 532 229 80 1225
446 523 221 80 1225
183 531 227 81 1226
588 527 226 81 1226
446 524 223 81 1226
24 388 224 82 1227
429 563 233 82 1227
717 534 239 82 1227
37 191 225 83 1228
24 389 221 83 1228
183 533 234 83 1228
111 512 221 83 1228
236 531 225 83 1228
717 535 225 83 1228
183 534 229 84 1229
429 565 221 84 1229
588 530 225 84 1229
236 532 227 84 1229
717 536 223 84 1229
446 527 225 84 1229
37 193 223 84 1229
429 566 236 85 1230
111 514 223 85 1230
588 531 225 85 1230
236 533 227 85 1230
446 528 229 85 1230
183 536 230 86 1231
429 567 221 86 1231
446 529 233 86 1231
183 537 224 87 1232
111 516 222 87 1232
588 533 223 87 1232
236 535 221 87 1232
717 539 238 87 1232
446 530 236 87 1232
24 394 223 88 1233
183 538 227 88 1233
581 547 223 88 1233
429 569 225 88 1233
588 534 226 88 1233
236 536 223 88 1233
717 540 225 88 1233
446 531 224 88 1233
581 548 223 89 1234
111 518 221 89 1234
588 535 227 89 1234
236 537 227 89 1234
717 541 223 89 1234
446 532 225 89 1234
183 540 223 90 1235
581 549 223 90 1235
588 536 221 90 1235
717 542 223 90 1235
446 533 231 90 1235
170 529 223 91 1236
183 541 231 91 1236
588 537 221 91 1236
717 543 225 91 1236
446 534 226 91 1236
429 573 225 92 1237
588 538 233 92 1237
236 540 221 92 1237
717 544 227 92 1237
446 535 227 92 1237
170 531 225 92 1237
24 399 221 93 1238
183 543 222 93 1238
429 574 225 93 1238
717 545 226 93 1238
446 536 222 93 1238
183 544 221 94 1239
717 546 230 94 1239
446 537 227 94 1239
37 203 225 94 1239
717 547 221 95 1240
170 534 222 96 1241
183 546 226 96 1241
111 525 225 96 1241
236 544 225 96 1241
446 539 223 96 1241
170 535 221 97 1242
111 526 224 97 1242
717 549 224 97 1242
446 540 221 97 1242
446 541 231 98 1243
170 537 225 99 1244
429 580 221 99 1244
717 551 221 99 1244
446 542 233 99 1244
514 518 222 99 1244
170 538 225 100 1245
446 543 230 100 1245
170 539 226 101 1246
446 544 237 101 1246
170 540 229 102 1247
446 545 225 102 1247
170 541 226 103 1248
446 546 231 103 1248
170 542 224 104 1249
446 547 222 104 1249
429 586 223 105 1250
588 551 223 105 1250
170 544 224 105 1250
24 412 235 106 1251
236 554 225 106 1251
717 558 229 106 1251
24 413 227 107 1252
717 559 229 107 1252
170 547 225 108 1253
37 218 221 109 1254
514 528 225 109 1254
170 548 226 109 1254
514 529 227 111 1256
24 417 225 111 1256
111 540 225 111 1256
588 557 221 111 1256
514 530 227 112 1257
111 541 221 112 1257
37 221 224 112 1257
236 561 221 113 1258
588 559 223 113 1258
446 556 226 113 1258
183 564 224 114 1259
183 565 230 115 1260
446 558 227 115 1260
236 564 227 116 1261
588 562 227 116 1261
37 225 221 116 1261
183 567 225 117 1262
236 565 224 117 1262
37 226 226 117 1262
446 560 223 117 1262
183 568 221 118 1263
588 564 224 118 1263
37 227 223 118 1263
446 561 224 118 1263
236 567 228 119 1264
588 565 221 119 1264
588 566 222 120 1265
588 567 232 121 1266
37 230 221 121 1266
170 560 223 122 1267
483 7 238 124 1269
224 480 233 124 1269
320 22 239 125 1270
167 212 225 125 1270
633 561 236 125 1270
425 454 225 126 1271
662 427 221 131 1276
172 585 239 131 1276
758 576 228 131 1276
17 301 226 133 1278
17 302 225 134 1279
17 303 223 135 1280
474 164 228 135 1280
17 304 227 136 1281
208 595 231 139 1284
469 26 223 140 1285
367 265 230 140 1285
124 579 224 140 1285
543 260 225 140 1285
754 589 223 140 1285
307 593 225 140 1285
502 540 223 140 1285
419 576 233 140 1285
640 170 221 140 1285
335 592 225 140 1285
360 34 224 140 1285
678 16 221 140 1285
48 578 221 141 1286
119 559 233 141 1286
84 592 231 141 1286
709 586 227 141 1286
279 594 222 141 1286
461 559 222 141 1286
215 505 229 141 1286
144 234 221 141 1286
59 496 221 142 1287
279 595 223 142 1287
111 571 223 142 1287
502 542 225 142 1287
640 172 221 142 1287
8 541 223 143 1288
119 561 235 143 1288
355 308 227 143 1288
84 594 229 143 1288
709 588 225 143 1288
279 596 234 143 1288
181 100 225 143 1288
469 29 223 143 1288
529 38 222 143 1288
466 90 223 143 1288
639 600 233 143 1288
662 440 221 144 1289
11 44 225 144 1289
119 562 241 144 1289
84 595 225 144 1289
709 589 222 144 1289
559 473 225 144 1289
466 91 227 144 1289
119 563 247 145 1290
279 598 226 145 1290
683 462 222 145 1290
466 92 223 145 1290
49 467 223 146 1291
119 564 221 146 1291
709 591 221 146 1291
119 565 235 147 1292
466 94 221 147 1292
770 41 225 148 1293
119 566 237 148 1293
683 465 227 148 1293
754 597 227 148 1293
119 567 237 149 1294
279 602 223 149 1294
648 315 222 149 1294
737 590 223 149 1294
466 96 227 149 1294
119 568 239 150 1295
279 603 221 150 1295
181 107 225 150 1295
683 467 227 150 1295
385 62 222 150 1295
119 569 228 151 1296
709 596 226 151 1296
84 602 222 151 1296
279 604 222 151 1296
648 317 221 151 1296
400 421 222 151 1296
678 27 225 151 1296
279 605 221 152 1297
181 109 224 152 1297
466 99 223 152 1297
746 282 223 152 1297
678 28 221 152 1297
360 46 221 152 1297
49 474 224 153 1298
119 571 231 153 1298
298 536 222 153 1298
712 604 222 153 1298
678 29 223 153 1298
119 572 245 154 1299
119 573 245 155 1300
762 31 222 155 1300
84 606 223 155 1300
279 608 221 155 1300
117 515 221 155 1300
683 472 227 155 1300
418 607 225 155 1300
678 31 223 155 1300
49 477 221 156 1301
355 321 224 156 1301
119 574 235 156 1301
279 609 221 156 1301
400 426 227 156 1301
360 50 230 156 1301
678 32 221 156 1301
119 575 237 157 1302
709 602 222 157 1302
683 474 224 157 1302
678 33 221 157 1302
119 576 239 158 1303
709 603 222 158 1303
279 611 223 158 1303
683 475 225 158 1303
678 34 225 158 1303
119 577 227 159 1304
709 604 222 159 1304
683 476 225 159 1304
466 106 229 159 1304
710 572 224 159 1304
94 55 229 159 1304
678 35 230 159 1304
119 578 235 160 1305
709 605 222 160 1305
279 613 223 160 1305
678 36 226 160 1305
360 54 229 160 1305
770 54 224 161 1306
520 613 225 161 1306
119 579 235 161 1306
84 612 227 161 1306
683 478 227 161 1306
466 108 227 161 1306
418 613 221 161 1306
215 525 221 161 1306
360 55 223 161 1306
678 37 223 161 1306
49 483 222 161 1306
382 607 222 162 1307
119 580 237 162 1307
521 784 223 162 1307
500 592 221 162 1307
84 613 221 162 1307
279 615 224 162 1307
466 109 225 162 1307
362 613 223 162 1307
215 526 223 162 1307
360 56 223 162 1307
49 484 234 162 1307
182 52 222 163 1308
84 614 221 163 1308
543 283 223 163 1308
307 616 224 163 1308
385 75 225 163 1308
179 443 221 163 1308
204 100 227 164 1309
315 294 223 164 1309
386 204 225 164 1309
669 615 235 164 1309
251 610 221 164 1309
321 286 224 164 1309
650 561 226 164 1309
560 616 221 164 1309
611 604 222 164 1309
124 603 223 164 1309
671 625 225 164 1309
669 616 231 165 1310
701 615 223 165 1310
368 554 235 165 1310
408 619 227 165 1310
650 562 221 165 1310
685 597 225 165 1310
703 602 225 166 1311
460 335 241 166 1311
408 620 231 166 1311
347 613 221 166 1311
685 598 232 166 1311
214 498 235 166 1311
252 53 221 166 1311
706 803 229 166 1311
669 618 233 167 1312
13 581 223 167 1312
368 556 243 167 1312
307 620 226 167 1312
466 114 225 167 1312
513 612 227 167 1312
255 213 221 167 1312
787 307 223 167 1312
351 428 229 168 1313
730 613 223 168 1313
662 464 222 168 1313
696 613 225 168 1313
315 298 227 168 1313
520 620 221 168 1313
709 613 226 168 1313
649 41 223 168 1313
500 598 222 168 1313
265 628 227 168 1313
279 621 233 168 1313
400 438 227 168 1313
428 626 224 168 1313
421 622 221 168 1313
708 53 223 168 1313
419 604 229 168 1313
487 56 222 168 1313
769 591 221 168 1313
49 490 221 168 1313
408 623 223 169 1314
699 516 232 169 1314
474 12 223 169 1314
650 568 223 171 1316
712 625 225 174 1319
621 631 223 181 1326
701 638 223 188 1333
362 639 223 188 1333
621 639 227 189 1334
541 349 222 193 1338
541 350 225 194 1339
701 648 221 198 1343
541 355 221 198 1343
493 636 221 199 1344
541 356 221 199 1344
541 357 221 200 1345
541 359 222 202 1347
541 360 226 203 1348
701 654 221 204 1349
541 361 227 204 1349
701 656 225 206 1351
427 671 229 206 1351
215 570 222 206 1351
215 571 246 207 1352
149 16 223 208 1353
215 573 240 209 1354
215 574 246 210 1355
215 575 239 211 1356
215 576 237 212 1357
701 663 231 213 1358
493 650 223 213 1358
8 612 223 213 1358
215 578 242 214 1359
279 28 237 215 1360
713 664 228 215 1360
111 644 225 215 1360
606 627 221 215 1360
215 579 247 215 1360
671 676 221 215 1360
109 643 221 215 1360
279 29 224 216 1361
349 663 230 216 1361
215 580 237 216 1361
349 664 221 217 1362
279 30 225 217 1362
215 581 235 217 1362
65 617 221 221 1366
125 116 221 221 1366
208 677 226 221 1366
539 82 221 221 1366
559 550 223 221 1366
364 674 223 221 1366
663 672 227 221 1366
416 671 223 222 1367
712 673 221 222 1367
639 679 223 222 1367
335 674 237 222 1367
635 433 223 222 1367
2 669 236 222 1367
709 668 225 222 1367
416 672 221 223 1368
171 110 234 223 1368
335 675 225 223 1368
555 667 231 223 1368
139 658 226 223 1368
329 610 227 223 1368
43 676 239 223 1368
529 119 231 224 1369
368 613 235 224 1369
208 680 226 224 1369
208 681 247 225 1370
208 682 237 226 1371
671 689 237 228 1373
310 671 226 229 1374
228 689 221 229 1374
713 678 229 229 1374
670 235 235 229 1374
229 688 223 229 1374
493 667 223 230 1375
324 42 224 230 1375
541 387 232 230 1375
286 679 239 231 1376
407 26 231 232 1377
193 672 221 232 1377
398 689 225 232 1377
99 415 232 232 1377
411 51 245 232 1377
130 680 222 233 1378
702 687 239 233 1378
378 654 224 234 1379
475 209 231 234 1379
654 676 235 234 1379
408 688 227 234 1379
228 5 226 234 1379
541 391 229 234 1379
398 692 221 235 1380
541 392 221 235 1380
286 687 224 239 1384
254 521 221 240 1385
254 522 233 241 1386
555 685 221 241 1386
595 380 223 241 1386
254 523 226 242 1387
286 690 224 242 1387
229 701 235 242 1387
595 381 221 242 1387
713 692 222 243 1388
541 400 221 243 1388
761 692 223 244 1389
254 525 223 244 1389
286 692 232 244 1389
493 681 221 244 1389
254 526 229 245 1390
671 706 226 245 1390
595 384 223 245 1390
254 528 223 247 1392
286 695 223 247 1392
662 544 223 247 1392
254 529 222 248 1393
286 696 221 248 1393
621 698 224 248 1393
229 707 223 248 1393
254 530 226 249 1394
111 678 223 249 1394
713 698 225 249 1394
229 708 225 249 1394
254 531 225 250 1395
286 698 231 250 1395
229 709 223 250 1395
254 532 226 251 1396
298 634 223 251 1396
286 699 229 251 1396
229 710 222 251 1396
286 703 233 255 1400
254 537 222 256 1401
111 685 223 256 1401
713 705 225 256 1401
228 27 221 256 1401
671 717 224 256 1401
254 538 227 257 1402
595 396 231 257 1402
382 703 221 257 1402
254 539 223 258 1403
713 707 222 258 1403
111 687 229 258 1403
434 703 225 258 1403
671 719 225 258 1403
595 397 234 258 1403
541 415 222 258 1403
254 540 231 259 1404
713 708 225 259 1404
111 688 225 259 1404
434 704 221 259 1404
229 718 221 259 1404
595 398 227 259 1404
541 416 221 259 1404
254 541 226 260 1405
713 709 225 260 1405
111 689 221 260 1405
434 705 232 260 1405
671 721 223 260 1405
595 399 232 260 1405
254 542 229 261 1406
111 690 223 261 1406
434 706 230 261 1406
581 87 221 261 1406
229 720 221 261 1406
671 722 223 261 1406
595 400 226 261 1406
254 543 228 262 1407
111 691 221 262 1407
434 707 235 262 1407
595 401 224 262 1407
621 712 221 262 1407
254 544 227 263 1408
713 712 226 263 1408
111 692 224 263 1408
434 708 224 263 1408
671 724 227 263 1408
621 713 221 263 1408
595 402 231 263 1408
254 545 225 263 1408
111 693 223 264 1409
713 713 223 264 1409
434 709 244 264 1409
595 403 235 264 1409
382 710 221 264 1409
254 546 226 265 1410
111 694 224 265 1410
713 714 225 265 1410
434 710 221 265 1410
671 726 224 265 1410
595 404 233 265 1410
286 714 225 266 1411
713 715 226 266 1411
595 405 233 266 1411
286 715 221 267 1412
671 728 221 267 1412
595 406 235 267 1412
286 716 222 268 1413
595 407 235 268 1413
713 718 222 269 1414
671 730 221 269 1414
595 408 239 269 1414
286 718 225 270 1415
111 699 223 270 1415
671 731 221 270 1415
595 409 239 270 1415
434 716 222 271 1416
671 732 223 271 1416
595 410 227 271 1416
671 733 221 272 1417
595 411 224 272 1417
286 721 223 273 1418
595 412 245 273 1418
382 719 221 273 1418
286 722 221 274 1419
111 703 221 274 1419
595 413 243 274 1419
382 720 221 274 1419
595 414 243 275 1420
595 415 245 276 1421
286 725 221 277 1422
713 726 221 277 1422
595 416 239 277 1422
286 726 223 278 1423
595 417 231 278 1423
286 727 224 279 1424
595 418 240 279 1424
286 728 225 280 1425
595 419 240 280 1425
286 729 225 281 1426
111 710 221 281 1426
595 420 240 281 1426
286 730 225 281 1426
111 711 221 282 1427
595 421 240 282 1427
286 731 225 283 1428
595 422 240 283 1428
286 732 221 284 1429
111 713 223 284 1429
595 423 239 284 1429
254 566 223 284 1429
111 714 221 285 1430
595 424 240 285 1430
254 567 221 285 1430
111 715 221 286 1431
595 425 239 286 1431
111 716 221 287 1432
595 426 239 287 1432
254 569 221 287 1432
595 427 237 288 1433
229 747 226 288 1433
286 737 225 288 1433
713 738 229 289 1434
621 739 229 289 1434
229 748 223 289 1434
111 719 221 290 1435
713 739 225 290 1435
595 429 221 290 1435
382 736 221 290 1435
254 572 225 290 1435
286 739 224 291 1436
621 741 221 291 1436
595 430 226 291 1436
254 573 227 291 1436
286 740 227 291 1436
111 721 223 292 1437
595 431 231 292 1437
254 574 225 292 1437
555 737 221 293 1438
254 575 222 293 1438
555 738 221 294 1439
254 576 221 294 1439
595 434 247 295 1440
382 741 225 295 1440
254 577 228 295 1440
671 757 223 296 1441
595 435 241 296 1441
382 742 225 296 1441
254 578 224 296 1441
286 745 225 296 1441
581 123 221 297 1442
595 436 240 297 1442
254 579 223 297 1442
286 746 231 297 1442
581 124 221 298 1443
595 437 239 298 1443
254 580 221 298 1443
286 747 231 298 1443
581 125 221 299 1444
595 438 239 299 1444
286 748 231 299 1444
595 439 239 300 1445
286 749 230 300 1445
595 440 238 301 1446
286 750 229 301 1446
713 751 225 302 1447
595 441 239 302 1447
229 761 221 302 1447
286 751 229 302 1447
713 752 226 303 1448
595 442 239 303 1448
286 752 231 303 1448
434 749 221 304 1449
713 753 225 304 1449
595 443 240 304 1449
382 750 226 304 1449
286 753 229 304 1449
671 766 222 305 1450
382 751 227 305 1450
254 587 221 305 1450
286 754 227 305 1450
671 767 223 306 1451
595 445 240 306 1451
382 752 226 306 1451
286 755 225 306 1451
713 756 224 307 1452
671 768 221 307 1452
595 446 227 307 1452
382 753 225 307 1452
286 756 229 308 1453
713 757 225 308 1453
671 769 222 308 1453
595 447 235 308 1453
382 754 225 308 1453
286 757 228 309 1454
713 758 226 309 1454
671 770 222 309 1454
595 448 235 309 1454
229 768 224 309 1454
382 755 226 309 1454
254 591 221 309 1454
286 758 229 310 1455
713 759 227 310 1455
671 771 221 310 1455
595 449 235 310 1455
229 769 223 310 1455
382 756 224 310 1455
254 592 221 310 1455
286 759 227 311 1456
713 760 226 311 1456
595 450 235 311 1456
229 770 221 311 1456
382 757 225 311 1456
254 593 222 311 1456
286 760 227 312 1457
713 761 225 312 1457
671 773 221 312 1457
595 451 237 312 1457
382 758 225 312 1457
254 594 222 312 1457
111 742 221 313 1458
713 762 223 313 1458
382 759 224 313 1458
713 763 223 314 1459
254 596 221 314 1459
382 760 223 314 1459
713 764 223 315 1460
254 597 223 315 1460
382 761 223 315 1460
713 765 227 316 1461
254 598 225 316 1461
111 746 226 317 1462
254 599 225 317 1462
111 747 226 318 1463
254 600 226 318 1463
111 748 227 319 1464
206 739 224 319 1464
254 601 226 319 1464
286 768 225 320 1465
111 749 228 320 1465
298 703 225 320 1465
254 602 225 320 1465
286 769 223 321 1466
111 750 227 321 1466
298 704 221 321 1466
254 603 224 321 1466
286 770 221 322 1467
111 751 227 322 1467
254 604 222 322 1467
286 771 222 323 1468
111 752 227 323 1468
671 784 221 323 1468
621 773 223 323 1468
254 605 221 323 1468
286 773 221 325 1470
713 774 223 325 1470
713 781 222 332 1477
595 473 223 334 1479
621 784 229 334 1479
229 793 224 334 1479
111 764 225 335 1480
671 796 223 335 1480
382 781 223 335 1480
286 784 222 335 1480
671 797 223 336 1481
581 162 221 336 1481
595 475 222 336 1481
382 782 222 336 1481
621 786 225 336 1481
229 795 221 336 1481
713 786 223 337 1482
111 766 223 337 1482
671 798 227 337 1482
581 163 223 337 1482
621 787 225 337 1482
382 783 221 337 1482
671 799 226 338 1483
621 788 225 338 1483
382 784 221 338 1483
671 800 226 339 1484
581 165 221 339 1484
111 769 223 340 1485
254 622 221 340 1485
713 790 221 341 1486
111 770 222 341 1486
229 800 221 341 1486
713 791 222 342 1487
434 787 221 342 1487
229 801 221 342 1487
286 791 221 343 1488
229 802 225 343 1488
286 792 222 344 1489
713 793 223 344 1489
229 803 223 344 1489
286 793 223 345 1490
713 794 223 345 1490
671 806 225 345 1490
229 804 221 345 1490
286 794 222 346 1491
713 795 223 346 1491
671 807 226 346 1491
541 503 221 346 1491
229 805 225 346 1491
286 795 223 347 1492
713 796 223 347 1492
671 808 226 347 1492
229 806 225 347 1492
286 796 222 348 1493
713 797 223 348 1493
671 809 227 348 1493
229 807 225 348 1493
286 797 222 349 1494
713 798 225 349 1494
671 810 225 349 1494
254 631 223 349 1494
229 808 225 349 1494
286 798 223 350 1495
713 799 225 350 1495
671 811 225 350 1495
49 672 221 350 1495
229 809 221 350 1495
286 799 221 351 1496
713 800 225 351 1496
671 812 225 351 1496
229 810 222 351 1496
286 800 221 352 1497
713 801 225 352 1497
671 813 225 352 1497
541 509 221 352 1497
49 674 221 352 1497
286 801 221 353 1498
713 802 225 353 1498
671 814 224 353 1498
541 510 221 353 1498
286 802 221 354 1499
713 803 225 354 1499
671 815 225 354 1499
286 805 221 357 1502
286 806 221 358 1503
434 804 235 359 1504
434 805 225 360 1505
434 807 230 362 1507
434 808 224 363 1508
434 809 221 364 1509
286 813 221 365 1510
671 832 221 371 1516
671 834 221 373 1518
111 804 223 375 1520
382 821 221 375 1520
286 824 223 376 1521
111 805 223 376 1521
671 837 224 376 1521
581 202 223 376 1521
254 658 225 376 1521
382 822 226 376 1521
111 806 223 377 1522
286 825 222 377 1522
713 826 227 377 1522
671 838 221 377 1522
254 659 225 377 1522
382 823 223 377 1522
111 807 226 378 1523
713 827 229 378 1523
254 660 223 378 1523
111 808 226 379 1524
286 827 223 379 1524
713 828 231 379 1524
671 840 221 379 1524
382 825 221 379 1524
111 809 225 380 1525
286 828 223 380 1525
713 829 231 380 1525
671 841 221 380 1525
382 826 223 380 1525
286 829 224 381 1526
111 810 226 381 1526
713 830 231 381 1526
671 842 221 381 1526
382 827 225 381 1526
111 811 225 382 1527
286 830 221 382 1527
713 831 230 382 1527
621 832 221 382 1527
229 841 221 382 1527
382 829 231 383 1528
581 210 221 384 1529
671 845 222 384 1529
621 834 221 384 1529
382 830 231 384 1529
475 360 221 385 1530
469 221 223 385 1530
581 211 223 385 1530
671 846 221 385 1530
382 831 229 385 1530
229 844 222 385 1530
581 212 222 386 1531
671 847 223 386 1531
229 845 225 386 1531
382 832 227 386 1531
761 835 225 387 1532
713 836 223 387 1532
581 213 221 387 1532
671 848 223 387 1532
621 837 221 387 1532
229 846 222 387 1532
671 849 222 388 1533
621 838 223 388 1533
469 225 221 389 1534
469 226 221 390 1535
475 366 223 391 1536
621 841 227 391 1536
475 367 223 392 1537
228 163 221 392 1537
621 842 231 392 1537
621 843 229 393 1538
621 844 229 394 1539
621 845 228 395 1540
671 857 227 396 1541
654 839 222 396 1541
621 846 228 396 1541
382 842 231 396 1541
254 678 222 396 1541
286 845 221 397 1542
671 858 222 397 1542
621 847 229 397 1542
382 843 227 397 1542
229 856 221 397 1542
286 846 223 398 1543
671 859 225 398 1543
229 857 225 398 1543
713 848 226 399 1544
286 847 225 399 1544
671 860 221 399 1544
229 858 223 399 1544
713 849 225 400 1545
111 829 222 400 1545
286 848 224 400 1545
581 226 221 400 1545
671 861 221 400 1545
595 539 223 400 1545
229 859 223 400 1545
713 850 225 401 1546
286 849 225 401 1546
434 846 223 401 1546
671 862 221 401 1546
595 540 221 401 1546
229 860 221 401 1546
254 683 226 401 1546
111 831 222 402 1547
286 850 225 402 1547
671 863 225 402 1547
229 861 221 402 1547
713 852 222 403 1548
286 851 225 403 1548
671 864 225 403 1548
382 849 223 403 1548
229 862 222 403 1548
713 853 223 404 1549
111 833 221 404 1549
286 852 225 404 1549
671 865 223 404 1549
621 854 222 404 1549
382 850 221 404 1549
229 863 222 404 1549
606 816 221 404 1549
713 854 222 405 1550
286 853 225 405 1550
758 850 221 405 1550
671 866 223 405 1550
621 855 221 405 1550
382 851 225 405 1550
229 864 224 405 1550
713 855 222 406 1551
286 854 225 406 1551
671 867 225 406 1551
229 865 223 406 1551
713 856 221 407 1552
286 855 226 407 1552
671 868 225 407 1552
229 866 222 407 1552
713 857 222 408 1553
286 856 226 408 1553
111 837 224 408 1553
671 869 224 408 1553
621 858 221 408 1553
713 858 223 409 1554
286 857 229 409 1554
111 838 226 409 1554
671 870 223 409 1554
382 855 221 409 1554
713 859 223 410 1555
111 839 227 410 1555
671 871 225 410 1555
382 856 224 410 1555
229 869 223 410 1555
713 860 223 411 1556
286 859 227 411 1556
111 840 226 411 1556
621 861 223 411 1556
382 857 223 411 1556
254 693 224 411 1556
229 870 231 411 1556
541 36 225 412 1557
713 861 223 412 1557
286 860 225 412 1557
111 841 227 412 1557
434 857 221 412 1557
382 858 223 412 1557
254 694 223 412 1557
229 871 221 412 1557
541 37 226 413 1558
713 862 223 413 1558
286 861 223 413 1558
111 842 225 413 1558
621 863 231 413 1558
254 695 225 413 1558
713 863 223 414 1559
286 862 221 414 1559
111 843 224 414 1559
382 860 221 414 1559
713 864 221 415 1560
286 863 221 415 1560
111 844 227 415 1560
671 876 224 415 1560
621 865 227 415 1560
229 874 227 415 1560
541 40 223 416 1561
286 864 227 416 1561
111 845 223 416 1561
671 877 230 416 1561
621 866 225 416 1561
229 875 221 416 1561
286 865 231 417 1562
111 846 221 417 1562
581 243 221 417 1562
671 878 232 417 1562
621 867 223 417 1562
286 866 229 418 1563
111 847 222 418 1563
671 879 231 418 1563
595 557 223 418 1563
621 868 225 418 1563
286 867 227 419 1564
671 880 231 419 1564
595 558 223 419 1564
621 869 222 419 1564
382 865 227 419 1564
286 868 228 420 1565
671 881 232 420 1565
621 870 223 420 1565
382 866 224 420 1565
541 45 223 421 1566
286 869 229 421 1566
581 247 221 421 1566
671 882 226 421 1566
621 871 222 421 1566
382 867 221 421 1566
541 46 221 422 1567
286 870 229 422 1567
671 883 227 422 1567
621 872 222 422 1567
541 47 222 422 1567
286 871 230 423 1568
671 884 225 423 1568
621 873 223 423 1568
541 48 221 423 1568
229 882 222 424 1569
286 872 231 424 1569
671 885 225 424 1569
286 890 229 442 1587
595 581 221 442 1587
713 892 227 443 1588
286 891 229 443 1588
671 904 227 443 1588
254 725 223 443 1588
229 902 229 444 1589
713 893 221 444 1589
286 892 233 444 1589
671 905 232 444 1589
111 873 223 444 1589
621 894 223 444 1589
595 584 221 445 1590
254 727 226 445 1590
254 730 226 449 1594
671 910 225 449 1594
254 731 224 450 1595
229 908 221 450 1595
581 276 221 450 1595
713 900 223 451 1596
111 880 221 451 1596
382 897 224 452 1597
713 901 223 452 1597
286 900 230 452 1597
111 881 221 452 1597
713 902 221 453 1598
286 901 221 453 1598
737 894 224 453 1598
229 912 224 454 1599
581 280 222 454 1599
111 883 222 454 1599
621 904 223 454 1599
229 913 225 455 1600
286 903 225 455 1600
581 281 221 455 1600
111 884 225 455 1600
737 896 225 455 1600
229 914 225 456 1601
286 904 223 456 1601
111 885 222 456 1601
229 915 227 457 1602
254 738 225 457 1602
713 906 222 457 1602
286 905 222 457 1602
581 283 223 457 1602
621 907 221 457 1602
229 916 223 458 1603
286 906 223 458 1603
581 284 223 458 1603
671 919 222 458 1603
595 597 225 458 1603
621 908 226 458 1603
286 907 224 459 1604
581 285 223 459 1604
595 598 223 459 1604
621 909 227 459 1604
254 741 226 460 1605
581 286 224 460 1605
595 599 221 460 1605
621 910 233 460 1605
229 919 222 460 1605
254 742 224 461 1606
286 909 225 461 1606
581 287 222 461 1606
595 600 225 461 1606
434 906 221 461 1606
229 920 223 461 1606
254 743 225 462 1607
286 910 225 462 1607
111 891 221 462 1607
595 601 223 462 1607
621 912 221 462 1607
229 921 221 462 1607
713 912 221 463 1608
286 911 224 463 1608
713 913 223 464 1609
286 912 221 464 1609
595 603 221 464 1609
254 747 221 466 1611
713 915 229 466 1611
254 748 223 467 1612
713 916 227 467 1612
286 915 225 467 1612
254 749 221 468 1613
713 917 226 468 1613
581 294 226 468 1613
286 916 227 468 1613
595 607 229 468 1613
382 914 223 469 1614
254 750 222 469 1614
713 918 226 469 1614
286 917 223 469 1614
671 930 223 469 1614
382 915 221 470 1615
671 931 229 470 1615
111 899 231 470 1615
621 920 222 470 1615
8 869 225 471 1616
229 929 230 471 1616
50 40 223 471 1616
434 916 225 471 1616
397 298 221 473 1618
507 112 227 474 1619
400 745 221 475 1620
388 80 221 476 1621
438 37 233 476 1621
506 388 227 476 1621
299 10 224 477 1622
10 436 226 477 1622
400 749 241 479 1624
400 750 239 480 1625
281 127 221 481 1626
400 751 247 481 1626
312 921 221 481 1626
525 930 224 481 1626
281 128 221 482 1627
400 752 235 482 1627
95 617 245 482 1627
397 308 222 483 1628
400 753 229 483 1628
95 618 233 483 1628
281 130 223 484 1629
400 754 224 484 1629
158 207 223 484 1629
363 363 222 485 1630
259 316 223 486 1631
281 132 227 486 1631
424 946 224 486 1631
259 317 224 486 1631
397 313 223 488 1633
281 134 221 488 1633
281 135 224 489 1634
462 288 244 489 1634
245 949 221 490 1635
740 15 222 496 1641
610 22 237 497 1642
85 631 234 497 1642
323 880 222 504 1649
323 881 227 505 1650
472 677 230 505 1650
323 882 224 506 1651
259 343 221 512 1657
397 338 223 512 1657
281 159 236 513 1658
72 30 221 513 1658
253 711 244 513 1658
646 947 225 513 1658
281 160 235 514 1659
253 712 237 514 1659
281 161 239 514 1659
72 32 222 515 1660
253 713 235 515 1660
281 162 237 515 1660
253 714 235 516 1661
397 342 221 516 1661
397 343 225 517 1662
253 716 241 518 1663
253 717 233 519 1664
253 721 227 523 1668
302 980 223 524 1669
253 722 231 524 1669
253 723 245 525 1670
253 724 233 526 1671
253 725 239 527 1672
215 891 221 527 1672
633 964 241 528 1673
253 726 235 528 1673
215 892 222 528 1673
633 965 234 529 1674
