310 2 229 1 705
691 2 221 2 706
310 3 223 2 706
691 3 224 3 707
131 2 229 3 707
131 3 227 4 708
507 3 225 5 709
691 5 229 5 709
310 6 226 5 709
131 4 221 5 709
507 4 226 6 710
691 6 226 6 710
310 7 223 6 710
507 5 221 7 711
691 7 227 7 711
691 8 227 8 712
310 9 223 8 712
640 1 221 9 713
310 10 225 9 713
640 2 223 10 714
691 10 223 10 714
310 11 231 10 714
691 11 225 11 715
310 12 225 11 715
507 10 222 12 716
691 12 228 12 716
507 11 221 13 717
691 13 227 13 717
131 12 222 13 717
691 14 227 14 718
691 15 227 15 719
310 16 224 15 719
691 16 225 16 720
691 17 227 17 721
310 19 222 18 722
131 17 225 18 722
310 21 223 20 724
691 20 226 20 724
507 19 221 21 725
310 22 225 21 725
691 21 221 21 725
131 20 225 22 726
131 21 223 23 727
691 23 225 23 727
691 24 225 24 728
131 23 222 25 729
691 25 222 25 729
640 18 232 26 730
691 26 222 26 730
131 25 224 27 731
640 19 229 27 731
131 26 222 28 732
640 20 227 28 732
784 16 221 30 734
310 32 222 31 735
640 25 226 33 737
691 33 223 33 737
640 26 231 34 738
784 20 221 34 738
131 33 221 35 739
640 27 232 35 739
640 28 231 36 740
640 29 221 37 741
691 37 221 37 741
691 39 221 39 743
507 38 221 40 744
131 41 222 43 747
131 42 221 44 748
131 43 224 45 749
507 45 223 47 751
640 39 221 47 751
507 46 223 48 752
691 48 221 48 752
131 47 221 49 753
691 50 223 50 754
131 49 223 51 755
507 49 222 51 755
756 42 221 51 755
131 50 222 52 756
640 45 224 53 757
310 55 225 54 758
691 56 223 56 760
691 57 222 57 761
691 58 224 58 762
507 5 223 58 762
691 59 227 59 763
49 44 221 60 764
507 8 222 61 765
310 62 222 61 765
131 60 223 62 766
691 62 221 62 766
507 9 230 62 766
310 63 225 62 766
691 63 224 63 767
507 10 225 63 767
310 64 225 63 767
49 48 223 64 768
131 62 223 64 768
606 35 223 64 768
131 63 229 65 769
310 66 223 65 769
131 64 225 66 770
640 58 226 66 770
691 66 223 66 770
507 13 232 66 770
606 37 224 66 770
310 67 225 66 770
131 65 224 67 771
640 59 224 67 771
691 67 231 67 771
310 68 228 67 771
691 68 232 68 772
310 69 223 68 772
640 1 225 69 773
691 69 227 69 773
310 70 221 69 773
49 54 224 70 774
691 70 237 70 774
507 17 224 70 774
310 71 229 70 774
131 69 229 71 775
691 71 228 71 775
507 18 229 71 775
310 72 228 71 775
277 36 222 72 776
368 20 223 72 776
187 74 224 72 776
54 72 223 72 776
409 8 237 73 777
479 75 224 75 779
324 80 229 75 779
775 83 230 76 780
775 84 222 77 781
775 85 229 78 782
775 86 228 79 783
243 88 227 80 784
775 87 221 80 784
243 89 229 81 785
775 88 223 81 785
243 90 231 82 786
775 89 241 82 786
145 89 225 82 786
243 91 227 83 787
775 90 238 83 787
253 101 223 83 787
145 90 233 83 787
288 93 223 83 787
243 92 221 84 788
775 91 231 84 788
253 102 226 84 788
145 91 237 84 788
775 92 247 85 789
253 103 232 85 789
775 93 226 86 790
48 82 227 86 790
630 70 223 86 790
145 93 231 86 790
429 126 231 87 791
775 94 224 87 791
683 44 221 87 791
429 127 222 88 792
775 95 221 88 792
48 84 225 88 792
683 45 227 88 792
243 97 224 89 793
59 2 222 89 793
429 128 223 89 793
775 97 225 90 794
253 108 226 90 794
48 86 223 90 794
683 47 233 90 794
145 97 223 90 794
59 4 221 91 795
283 71 244 91 795
272 107 223 91 795
630 75 225 91 795
429 131 223 92 796
283 72 229 92 796
272 108 223 92 796
630 76 223 92 796
429 132 223 93 797
253 111 229 93 797
630 77 221 93 797
429 133 223 94 798
283 74 225 94 798
775 101 221 94 798
253 112 223 94 798
612 90 235 94 798
630 78 225 94 798
429 134 233 95 799
283 75 247 95 799
272 111 223 95 799
612 91 225 95 799
243 104 225 96 800
283 76 235 96 800
630 80 223 96 800
243 105 225 97 801
283 77 239 97 801
612 93 221 97 801
630 81 221 97 801
283 78 237 98 802
630 82 222 98 802
243 107 224 99 803
283 79 243 99 803
272 115 225 99 803
612 95 231 99 803
145 106 230 99 803
283 80 233 100 804
429 139 221 100 804
253 118 226 100 804
612 96 231 100 804
48 96 221 100 804
683 57 229 100 804
283 81 223 101 805
59 15 225 102 806
351 35 221 102 806
283 82 227 102 806
429 141 226 102 806
253 120 223 102 806
272 118 221 102 806
683 59 223 102 806
429 142 221 103 807
775 110 221 103 807
272 119 231 103 807
683 60 222 103 807
612 99 225 103 807
630 87 223 103 807
283 84 237 104 808
429 143 233 104 808
683 61 221 104 808
612 100 229 104 808
630 88 229 104 808
243 113 227 104 808
283 85 235 105 809
429 144 230 105 809
612 101 225 105 809
283 86 227 106 810
612 102 221 106 810
630 90 226 106 810
243 115 221 107 811
429 146 229 107 811
283 87 230 107 811
253 125 223 107 811
612 103 235 107 811
630 91 233 107 811
283 88 233 108 812
253 126 225 108 812
683 65 223 108 812
612 104 223 108 812
48 104 222 108 812
630 92 236 108 812
243 117 223 109 813
429 148 238 109 813
283 89 237 109 813
253 127 229 109 813
683 66 221 109 813
612 105 221 109 813
630 93 235 109 813
145 116 222 109 813
283 90 239 110 814
253 128 225 110 814
272 126 221 110 814
612 106 222 110 814
630 94 231 110 814
145 117 226 110 814
283 91 230 111 815
429 150 230 111 815
253 129 227 111 815
775 118 231 111 815
272 127 229 111 815
48 107 223 111 815
630 95 229 111 815
145 118 225 111 815
243 120 225 111 815
59 25 230 112 816
429 151 239 112 816
630 96 231 112 816
145 119 221 112 816
243 121 227 113 817
59 26 222 113 817
429 152 227 113 817
283 93 235 113 817
775 120 221 113 817
253 131 222 113 817
612 109 221 113 817
429 153 240 114 818
283 95 245 115 819
429 154 221 115 819
283 96 227 116 820
429 156 237 117 821
283 97 245 117 821
283 98 232 118 822
429 158 240 119 823
283 99 229 119 823
78 120 223 119 823
429 159 244 120 824
283 100 250 120 824
429 160 223 121 825
283 101 237 121 825
283 102 244 122 826
429 161 221 122 826
283 103 225 123 827
429 162 237 123 827
283 104 229 124 828
429 163 239 124 828
429 164 227 125 829
283 105 254 125 829
429 165 244 126 830
283 106 227 126 830
630 110 224 126 830
429 166 245 127 831
283 107 239 127 831
429 167 241 128 832
253 146 226 128 832
272 144 221 128 832
775 135 223 128 832
612 124 223 128 832
630 112 222 128 832
243 137 225 128 832
145 135 241 129 833
283 109 223 129 833
253 147 227 129 833
48 125 222 129 833
775 136 235 129 833
612 125 235 129 833
683 5 225 129 833
243 138 226 129 833
145 136 225 129 833
283 110 229 130 834
253 148 253 130 834
48 126 243 130 834
775 137 233 130 834
630 114 223 130 834
612 126 238 130 834
683 6 227 130 834
243 139 234 130 834
145 137 235 131 835
59 44 227 131 835
429 170 226 131 835
283 111 236 131 835
253 149 242 131 835
48 127 239 131 835
775 138 230 131 835
630 115 233 131 835
612 127 247 131 835
683 7 221 131 835
243 140 222 131 835
283 112 233 132 836
253 150 221 132 836
272 148 223 132 836
243 142 222 133 837
429 173 231 134 838
283 114 233 134 838
253 152 223 134 838
683 10 231 134 838
243 143 227 134 838
429 174 224 135 839
283 115 225 135 839
253 153 224 135 839
612 131 221 135 839
630 119 225 135 839
283 116 225 136 840
630 120 221 136 840
283 117 233 137 841
283 118 228 138 842
272 154 223 138 842
612 134 223 138 842
429 178 221 139 843
283 119 233 139 843
272 155 225 139 843
612 135 223 139 843
630 123 223 139 843
145 146 222 139 843
243 148 223 139 843
283 120 241 140 844
272 156 222 140 844
630 124 222 140 844
612 136 224 140 844
283 121 235 141 845
145 148 221 141 845
429 181 223 142 846
272 158 224 142 846
612 138 232 142 846
243 151 221 142 846
429 182 221 143 847
253 161 223 143 847
283 123 221 143 847
272 159 223 143 847
612 139 235 143 847
272 160 222 144 848
630 128 221 144 848
612 140 234 144 848
429 184 227 145 849
283 125 223 145 849
612 141 235 145 849
243 154 221 145 849
429 185 227 146 850
283 126 227 146 850
612 142 221 146 850
243 155 221 146 850
429 186 228 147 851
283 127 235 147 851
630 131 221 147 851
612 143 225 147 851
429 187 228 148 852
283 128 230 148 852
612 144 221 148 852
283 129 227 149 853
612 145 223 149 853
429 189 229 150 854
145 157 221 150 854
283 131 228 151 855
612 147 226 151 855
243 160 223 151 855
283 132 227 152 856
630 136 221 152 856
612 148 223 152 856
243 161 223 152 856
283 133 235 153 857
612 149 221 153 857
283 134 233 154 858
612 150 225 154 858
429 194 227 155 859
283 135 237 155 859
612 151 232 155 859
429 195 227 156 860
283 136 239 156 860
612 152 227 156 860
683 32 221 156 860
243 165 221 156 860
429 196 233 157 861
283 137 235 157 861
612 153 227 157 861
429 197 221 158 862
253 176 221 158 862
283 138 233 158 862
612 154 227 158 862
429 198 231 159 863
612 155 228 159 863
429 199 232 160 864
283 140 229 160 864
612 156 229 160 864
243 169 224 160 864
429 200 225 161 865
283 141 221 161 865
612 157 229 161 865
283 142 226 162 866
272 178 223 162 866
612 158 226 162 866
272 179 221 163 867
612 159 228 163 867
243 172 222 163 867
429 203 227 164 868
272 180 226 164 868
283 144 223 164 868
612 160 226 164 868
243 173 225 164 868
429 204 223 165 869
272 181 223 165 869
283 145 231 165 869
612 161 227 165 869
429 205 221 166 870
283 146 223 166 870
272 182 226 166 870
612 162 228 166 870
283 147 233 167 871
612 163 227 167 871
429 207 225 168 872
283 148 233 168 872
272 184 221 168 872
612 164 227 168 872
283 149 226 169 873
272 185 223 169 873
612 165 226 169 873
272 186 226 170 874
612 166 227 170 874
283 151 231 171 875
272 187 223 171 875
612 167 230 171 875
283 152 231 172 876
272 188 223 172 876
612 168 225 172 876
283 153 229 173 877
612 169 223 173 877
429 213 226 174 878
283 154 233 174 878
612 170 221 174 878
429 214 221 175 879
283 155 237 175 879
429 215 230 176 880
283 156 235 176 880
429 216 223 177 881
283 157 230 177 881
630 161 221 177 881
145 184 221 177 881
429 217 224 178 882
429 218 224 179 883
253 198 222 180 884
630 164 223 180 884
59 94 226 181 885
429 220 232 181 885
253 199 227 181 885
612 177 227 181 885
630 165 223 181 885
243 190 221 181 885
145 188 222 181 885
429 221 228 182 886
253 200 226 182 886
283 162 239 182 886
48 178 227 182 886
612 178 229 182 886
630 166 221 182 886
243 191 226 182 886
145 189 223 182 886
429 222 229 183 887
48 179 227 183 887
272 199 242 183 887
683 59 224 183 887
243 192 223 183 887
429 223 233 184 888
59 97 222 184 888
283 164 231 184 888
48 180 224 184 888
272 200 241 184 888
775 191 226 184 888
283 165 239 185 889
272 201 223 185 889
775 192 231 185 889
630 169 223 185 889
283 166 240 186 890
612 182 235 186 890
272 202 231 186 890
630 170 228 186 890
429 226 225 187 891
283 167 227 187 891
612 183 233 187 891
243 196 223 187 891
429 227 222 188 892
283 168 227 188 892
272 204 229 188 892
145 195 223 188 892
272 205 236 189 893
775 196 221 189 893
683 65 221 189 893
253 208 224 190 894
283 170 231 190 894
612 186 226 190 894
272 206 231 190 894
283 171 228 191 895
429 231 225 192 896
283 172 230 192 896
272 208 225 192 896
429 232 221 192 896
283 173 225 193 897
612 189 221 193 897
630 177 224 193 897
683 69 221 193 897
145 200 221 193 897
283 174 222 194 898
612 190 225 194 898
429 234 223 195 899
283 175 223 195 899
612 191 227 195 899
630 179 221 195 899
272 212 221 196 900
612 192 225 196 900
612 193 228 197 901
429 237 227 198 902
253 216 222 198 902
283 178 230 198 902
145 205 233 198 902
429 238 221 199 903
253 217 229 199 903
283 179 225 199 903
272 215 233 199 903
48 195 223 199 903
775 206 223 199 903
145 206 233 199 903
253 218 225 200 904
283 180 235 200 904
272 216 224 200 904
48 196 224 200 904
775 207 229 200 904
243 209 224 200 904
145 207 231 200 904
253 219 225 201 905
283 181 225 201 905
272 217 227 201 905
775 208 222 201 905
243 210 221 201 905
145 208 225 201 905
429 241 223 202 906
283 182 222 202 906
253 220 231 202 906
48 198 225 202 906
272 218 229 202 906
775 209 225 202 906
683 78 221 202 906
145 209 221 202 906
429 242 221 203 907
253 221 224 203 907
283 183 221 203 907
48 199 229 203 907
272 219 235 203 907
630 187 226 203 907
283 184 225 204 908
253 222 224 204 908
48 200 224 204 908
775 211 223 204 908
243 213 223 204 908
253 223 222 205 909
48 202 224 206 910
272 222 229 206 910
775 213 224 206 910
283 187 225 207 911
48 203 221 207 911
272 223 223 207 911
429 247 223 208 912
283 188 224 208 912
253 226 221 208 912
48 204 227 208 912
630 192 225 208 912
59 122 222 208 912
283 189 229 209 913
683 85 221 209 913
630 193 225 209 913
243 218 225 209 913
59 123 227 209 913
429 249 233 210 914
283 190 226 210 914
253 228 224 210 914
630 194 223 210 914
429 250 223 211 915
283 191 229 211 915
48 207 221 211 915
272 227 224 211 915
253 1 221 211 915
59 125 223 211 915
429 251 229 212 916
683 88 224 212 916
243 221 221 212 916
59 126 222 212 916
429 252 225 213 917
272 229 226 213 917
683 89 227 213 917
253 3 221 213 917
272 230 221 214 918
59 128 223 214 918
683 91 230 215 919
630 199 227 215 919
59 129 230 215 919
272 232 230 216 920
630 200 221 216 920
59 130 226 216 920
429 256 225 216 920
283 197 221 217 921
272 233 226 217 921
283 198 227 218 922
272 235 225 219 923
283 200 223 220 924
272 236 225 220 924
272 238 223 222 926
272 239 221 223 927
283 204 223 224 928
31 237 221 224 928
429 264 221 224 928
283 205 221 225 929
429 265 225 226 930
429 267 221 228 932
283 208 230 228 932
272 244 221 228 932
283 209 227 229 933
253 5 223 229 933
48 225 221 229 933
145 236 226 229 933
283 210 224 230 934
272 246 224 230 934
775 237 224 230 934
283 211 224 231 935
272 247 221 231 935
283 212 236 232 936
48 228 221 232 936
429 272 230 233 937
283 213 231 233 937
243 242 221 233 937
429 273 227 234 938
48 230 228 234 938
272 250 231 234 938
429 274 224 235 939
283 215 221 235 939
48 231 225 235 939
272 251 225 235 939
243 244 221 235 939
253 12 225 236 940
272 252 225 236 940
283 217 228 237 941
630 221 227 237 941
283 218 233 238 942
283 220 228 240 944
243 249 223 240 944
630 224 225 240 944
283 221 229 241 945
630 225 223 241 945
283 222 226 242 946
630 226 225 242 946
145 249 223 242 946
429 282 225 243 947
283 223 223 243 947
272 259 225 243 947
630 227 221 243 947
145 250 225 243 947
283 224 225 244 948
243 253 223 244 948
630 229 226 245 949
243 254 223 245 949
283 226 227 246 950
612 242 221 246 950
272 262 221 246 950
243 255 223 246 950
272 263 233 247 951
243 256 222 247 951
429 287 225 248 952
283 228 225 248 952
612 244 223 248 952
272 264 225 248 952
630 232 221 248 952
243 257 222 248 952
59 162 221 248 952
429 288 223 249 953
272 265 229 249 953
243 258 223 249 953
429 289 222 250 954
283 230 226 250 954
612 246 235 250 954
272 266 225 250 954
253 7 222 250 954
429 290 227 251 955
272 267 231 251 955
253 8 224 251 955
283 232 221 252 956
272 268 233 252 956
243 261 227 252 956
145 259 221 252 956
283 233 227 253 957
272 269 221 253 957
630 237 223 253 957
243 262 229 253 957
272 270 223 254 958
253 11 225 254 958
429 294 221 255 959
283 235 221 255 959
612 251 221 255 959
283 236 231 256 960
429 296 231 257 961
775 264 225 257 961
630 241 221 257 961
253 14 225 257 961
145 264 221 257 961
775 265 223 258 962
253 15 225 258 962
283 239 221 259 963
775 266 231 259 963
253 16 225 259 963
243 268 221 259 963
775 267 236 260 964
243 269 223 260 964
145 267 225 260 964
775 268 226 261 965
429 301 223 262 966
775 269 227 262 966
253 19 223 262 966
145 269 224 262 966
775 270 223 263 967
253 20 228 263 967
272 280 237 264 968
272 281 226 265 969
272 282 221 266 970
272 283 229 267 971
272 284 227 268 972
272 285 225 269 973
27 273 227 269 973
429 309 237 270 974
272 286 223 270 974
775 277 221 270 974
429 310 222 271 975
283 251 229 271 975
272 287 225 271 975
630 255 221 271 975
283 252 230 272 976
612 268 225 272 976
630 256 224 272 976
283 253 233 273 977
272 289 228 273 977
630 257 223 273 977
429 313 222 274 978
630 258 221 274 978
429 314 229 275 979
283 255 233 275 979
272 291 223 275 979
429 315 223 276 980
283 256 235 276 980
630 260 221 276 980
283 257 232 277 981
272 293 230 277 981
272 294 221 278 982
630 262 221 278 982
253 35 221 278 982
429 318 224 279 983
283 3 221 280 984
429 320 223 281 985
272 297 223 281 985
283 4 223 281 985
272 298 224 282 986
283 5 221 282 986
272 299 223 283 987
429 323 221 284 988
775 10 221 284 988
283 7 223 284 988
429 324 224 285 989
272 301 231 285 989
283 8 223 285 989
429 325 227 286 990
272 302 226 286 990
283 9 233 286 990
272 303 229 287 991
283 10 228 287 991
272 304 224 288 992
283 11 221 288 992
272 305 228 289 993
283 12 228 289 993
272 306 226 290 994
283 13 233 290 994
429 330 223 291 995
283 14 234 291 995
429 331 224 292 996
59 205 223 292 996
48 288 221 292 996
683 168 225 292 996
243 301 223 292 996
283 15 231 292 996
429 332 225 293 997
243 302 223 293 997
253 50 229 293 997
283 16 223 293 997
429 333 225 294 998
48 290 223 294 998
243 303 221 294 998
283 17 221 294 998
48 291 227 295 999
630 279 221 295 999
283 18 230 295 999
429 335 223 296 1000
683 172 221 296 1000
283 19 234 296 1000
429 336 225 297 1001
612 293 223 297 1001
630 281 221 297 1001
145 304 226 297 1001
253 54 235 297 1001
272 314 231 298 1002
272 315 223 299 1003
78 300 225 299 1003
369 308 221 300 1004
429 339 221 300 1004
612 296 224 300 1004
145 307 224 300 1004
612 297 221 301 1005
253 58 223 301 1005
283 3 221 302 1006
429 341 222 302 1006
272 318 227 302 1006
429 342 225 303 1007
272 319 229 303 1007
612 299 223 303 1007
429 343 223 304 1008
612 300 224 304 1008
683 180 223 304 1008
145 311 221 304 1008
59 218 223 305 1009
253 62 225 305 1009
283 7 227 306 1010
429 345 241 306 1010
149 279 223 306 1010
253 63 227 306 1010
283 8 240 307 1011
429 346 222 307 1011
775 33 231 307 1011
272 323 244 307 1011
253 64 222 307 1011
145 314 222 307 1011
371 365 221 308 1012
283 9 241 308 1012
429 347 239 308 1012
59 221 225 308 1012
775 34 233 308 1012
48 304 223 308 1012
272 324 248 308 1012
683 184 227 308 1012
283 10 235 309 1013
283 11 231 310 1014
272 326 233 310 1014
775 37 225 311 1015
272 328 225 312 1016
683 188 223 312 1016
253 70 231 313 1017
379 328 224 315 1019
275 328 233 316 1020
25 294 221 316 1020
174 309 225 316 1020
271 270 227 316 1020
57 320 221 316 1020
268 214 221 316 1020
25 295 237 317 1021
187 319 221 317 1021
606 288 227 317 1021
512 308 233 317 1021
533 7 223 317 1021
271 271 229 317 1021
268 215 221 317 1021
57 321 221 317 1021
512 309 241 318 1022
462 162 223 319 1023
695 336 229 319 1023
174 312 227 319 1023
440 21 231 320 1024
662 175 224 320 1024
577 336 228 320 1024
150 95 221 320 1024
769 302 223 321 1025
206 299 226 321 1025
374 330 221 321 1025
85 14 223 321 1025
723 321 223 321 1025
438 58 223 321 1025
224 236 235 322 1026
733 334 221 322 1026
206 300 233 322 1026
438 59 225 322 1026
224 237 231 323 1027
602 313 224 323 1027
733 335 225 323 1027
206 301 227 323 1027
544 334 236 323 1027
85 16 221 323 1027
638 320 225 324 1028
602 314 223 324 1028
733 336 225 324 1028
206 302 227 324 1028
158 36 227 324 1028
780 345 223 324 1028
544 335 232 324 1028
697 334 225 324 1028
224 239 229 325 1029
206 303 235 325 1029
409 261 227 325 1029
127 352 224 325 1029
438 62 222 325 1029
667 327 226 325 1029
143 314 228 326 1030
224 240 223 326 1030
733 338 224 326 1030
206 304 221 326 1030
730 330 223 326 1030
419 321 223 326 1030
697 336 228 326 1030
544 337 225 326 1030
85 19 221 326 1030
667 328 223 326 1030
143 315 239 327 1031
224 241 228 327 1031
206 305 223 327 1031
544 338 223 327 1031
143 316 225 328 1032
730 332 226 328 1032
438 65 226 329 1033
143 318 229 330 1034
419 325 221 330 1034
638 327 221 331 1035
224 245 226 331 1035
374 340 223 331 1035
648 56 221 331 1035
544 342 221 331 1035
438 68 226 332 1036
143 320 223 332 1036
158 44 221 332 1036
419 327 221 332 1036
697 342 223 332 1036
143 321 235 333 1037
733 345 223 333 1037
780 354 223 333 1037
224 248 227 334 1038
143 322 228 334 1038
224 249 226 335 1039
143 323 221 335 1039
697 345 224 335 1039
544 346 228 335 1039
143 324 231 336 1040
224 250 224 336 1040
143 325 224 337 1041
224 251 222 337 1041
544 348 223 338 1042
723 337 227 338 1042
557 355 221 338 1042
143 326 235 338 1042
544 349 223 339 1043
143 327 235 339 1043
291 341 223 339 1043
578 350 223 339 1043
438 76 227 340 1044
224 254 225 340 1044
143 328 233 340 1044
303 342 221 340 1044
158 52 223 340 1044
578 351 221 340 1044
697 350 231 340 1044
557 358 221 341 1045
438 77 228 341 1045
224 255 222 341 1045
602 331 221 341 1045
206 319 231 341 1045
697 351 223 341 1045
224 256 225 342 1046
438 78 228 342 1046
143 330 226 342 1046
206 320 222 342 1046
438 79 225 343 1047
206 321 237 343 1047
374 352 222 343 1047
438 80 233 344 1048
303 346 223 344 1048
206 322 230 344 1048
723 344 225 345 1049
206 323 237 345 1049
206 324 235 346 1050
158 58 221 346 1050
697 356 221 346 1050
733 359 223 347 1051
206 325 235 347 1051
697 357 235 347 1051
224 262 223 348 1052
143 336 223 348 1052
206 326 233 348 1052
374 358 225 349 1053
780 370 221 349 1053
224 264 225 350 1054
143 338 223 350 1054
733 362 222 350 1054
206 328 228 350 1054
409 286 225 350 1054
544 361 227 350 1054
206 329 227 351 1055
602 341 221 351 1055
409 287 221 351 1055
780 372 221 351 1055
667 353 221 351 1055
544 362 223 351 1055
733 364 223 352 1056
409 288 227 352 1056
374 361 221 352 1056
158 64 221 352 1056
544 363 225 353 1057
224 267 221 353 1057
733 365 227 353 1057
206 331 232 353 1057
158 65 225 353 1057
544 364 225 354 1058
697 363 223 354 1058
224 268 224 354 1058
733 366 221 354 1058
206 332 233 354 1058
409 290 224 354 1058
158 66 221 354 1058
733 367 224 355 1059
206 333 231 355 1059
602 345 221 355 1059
374 364 221 355 1059
544 366 225 356 1060
648 80 222 356 1060
224 270 224 356 1060
206 334 230 356 1060
374 365 223 356 1060
158 68 223 356 1060
697 366 222 357 1061
438 93 221 357 1061
224 271 227 357 1061
127 384 221 357 1061
374 366 224 357 1061
158 69 222 357 1061
544 368 229 358 1062
224 272 221 358 1062
143 346 223 358 1062
733 370 224 358 1062
206 336 222 358 1062
602 348 223 358 1062
544 369 227 359 1063
206 337 226 359 1063
438 96 229 360 1064
224 274 222 360 1064
303 362 223 360 1064
374 369 222 360 1064
438 97 223 361 1065
224 275 227 361 1065
291 363 225 361 1065
143 349 222 361 1065
206 339 221 361 1065
303 363 221 361 1065
438 98 221 362 1066
206 340 224 362 1066
374 371 225 362 1066
697 372 221 363 1067
224 277 223 363 1067
733 375 225 363 1067
206 341 221 363 1067
158 75 221 363 1067
733 376 224 364 1068
206 342 226 364 1068
602 354 223 364 1068
409 300 223 364 1068
667 366 221 364 1068
544 375 223 364 1068
224 279 223 365 1069
303 367 221 365 1069
602 355 221 365 1069
544 376 223 366 1070
224 280 224 366 1070
438 102 221 366 1070
143 354 230 366 1070
303 368 221 366 1070
206 344 226 366 1070
409 302 224 366 1070
224 281 225 367 1071
143 355 233 367 1071
206 345 221 367 1071
409 303 221 367 1071
224 282 229 368 1072
206 346 221 368 1072
409 304 221 368 1072
544 379 230 368 1072
697 378 238 369 1073
143 357 235 369 1073
303 371 221 369 1073
374 378 223 369 1073
667 371 222 369 1073
544 380 228 370 1074
224 284 222 370 1074
143 358 233 370 1074
206 348 227 370 1074
374 379 223 370 1074
544 381 225 371 1075
697 380 221 371 1075
648 95 221 371 1075
438 107 223 371 1075
224 285 225 371 1075
733 383 229 371 1075
143 359 235 371 1075
291 373 222 371 1075
409 307 223 371 1075
578 382 226 372 1076
697 381 226 372 1076
224 286 222 372 1076
143 360 239 372 1076
206 350 223 372 1076
409 308 221 372 1076
158 84 223 372 1076
578 383 221 373 1077
544 383 223 373 1077
697 382 227 373 1077
557 390 226 373 1077
733 385 221 373 1077
303 375 222 373 1077
602 363 223 373 1077
648 98 223 374 1078
438 110 224 374 1078
557 391 227 374 1078
143 362 229 374 1078
206 352 227 374 1078
291 376 221 374 1078
374 383 223 374 1078
409 310 221 374 1078
544 385 227 375 1079
648 99 221 375 1079
557 392 223 375 1079
224 289 226 375 1079
733 387 222 375 1079
206 353 231 375 1079
224 290 223 376 1080
143 364 235 376 1080
303 378 221 376 1080
374 385 225 376 1080
544 387 227 377 1081
557 394 221 377 1081
224 291 221 377 1081
143 365 244 377 1081
374 386 222 377 1081
544 388 224 378 1082
697 387 223 378 1082
224 292 227 378 1082
143 366 231 378 1082
158 90 223 378 1082
224 293 228 379 1083
143 367 236 379 1083
544 390 224 380 1084
224 294 225 380 1084
143 368 236 380 1084
206 358 224 380 1084
780 401 223 380 1084
224 295 225 381 1085
557 399 227 382 1086
206 360 227 382 1086
557 400 221 383 1087
224 297 225 383 1087
143 371 227 383 1087
206 361 225 383 1087
143 373 230 385 1089
224 300 225 386 1090
143 374 227 386 1090
206 364 223 386 1090
224 301 223 387 1091
438 123 221 387 1091
143 375 235 387 1091
206 365 221 387 1091
602 377 223 387 1091
374 396 224 387 1091
224 302 222 388 1092
438 124 221 388 1092
143 377 230 389 1093
780 410 221 389 1093
206 368 223 390 1094
143 378 234 390 1094
602 380 221 390 1094
224 305 227 391 1095
143 379 225 391 1095
206 369 225 391 1095
780 412 221 391 1095
206 370 225 392 1096
143 380 241 392 1096
374 401 227 392 1096
224 307 224 393 1097
206 371 224 393 1097
143 381 241 393 1097
291 395 223 393 1097
780 414 221 393 1097
224 308 225 394 1098
143 382 239 394 1098
780 415 221 394 1098
224 309 233 395 1099
143 383 237 395 1099
224 310 229 396 1100
143 384 235 396 1100
374 406 221 397 1101
780 418 221 397 1101
224 312 227 398 1102
733 410 221 398 1102
206 376 221 398 1102
143 386 235 398 1102
544 409 223 399 1103
733 411 225 399 1103
206 377 241 399 1103
143 387 226 399 1103
638 396 221 400 1104
206 378 223 400 1104
143 388 223 400 1104
206 380 226 402 1106
780 423 222 402 1106
206 381 223 403 1107
206 382 233 404 1108
206 383 230 405 1109
206 384 225 406 1110
438 144 221 408 1112
438 153 223 417 1121
143 408 222 420 1124
544 2 221 421 1125
206 400 221 422 1126
544 3 225 422 1126
374 434 222 425 1129
409 361 230 425 1129
723 425 227 425 1129
224 340 225 426 1130
291 428 224 426 1130
224 341 229 427 1131
224 342 221 428 1132
206 407 222 429 1133
224 344 226 430 1134
206 408 224 430 1134
544 11 221 430 1134
409 368 222 432 1136
544 13 231 432 1136
557 450 221 433 1137
206 411 221 433 1137
291 435 221 433 1137
544 14 228 433 1137
697 443 229 433 1137
224 348 225 433 1137
143 424 223 436 1140
224 351 221 436 1140
733 449 224 437 1141
557 454 227 437 1141
143 425 221 437 1141
544 18 221 437 1141
557 455 222 438 1142
143 426 225 438 1142
733 451 223 439 1143
438 175 225 439 1143
224 354 223 439 1143
224 355 222 440 1144
697 451 221 441 1145
224 356 221 441 1145
206 420 221 442 1146
143 430 224 442 1146
374 451 221 442 1146
206 421 233 443 1147
374 452 222 443 1147
733 456 221 444 1148
578 5 221 444 1148
206 422 230 444 1148
224 359 221 444 1148
206 423 233 445 1149
143 433 225 445 1149
374 454 225 445 1149
206 424 233 446 1150
143 434 226 446 1150
374 455 221 446 1150
733 459 221 447 1151
697 457 221 447 1151
206 426 227 448 1152
143 436 222 448 1152
374 457 221 448 1152
697 458 221 448 1152
206 427 225 449 1153
143 437 239 449 1153
544 30 222 449 1153
143 438 239 450 1154
374 459 224 450 1154
733 463 221 451 1155
206 429 224 451 1155
303 453 221 451 1155
733 464 225 452 1156
143 440 227 452 1156
291 454 221 452 1156
697 462 222 452 1156
291 455 221 453 1157
127 480 221 453 1157
206 432 226 454 1158
127 481 221 454 1158
419 449 221 454 1158
224 369 221 454 1158
557 472 222 455 1159
303 457 221 455 1159
723 455 225 455 1159
733 468 223 455 1159
206 434 232 456 1160
291 458 221 456 1160
303 458 221 456 1160
723 456 227 456 1160
438 193 226 456 1160
143 445 228 457 1161
291 459 223 457 1161
224 372 224 457 1161
206 436 229 458 1162
143 446 225 458 1162
697 468 223 458 1162
224 373 221 458 1162
143 447 223 459 1163
291 461 223 459 1163
224 374 223 459 1163
206 438 225 460 1164
143 448 223 460 1164
291 462 223 460 1164
224 375 225 460 1164
697 470 221 460 1164
206 439 227 461 1165
143 449 223 461 1165
291 463 225 461 1165
224 376 225 461 1165
206 440 224 462 1166
544 43 223 462 1166
224 377 223 462 1166
206 441 221 463 1167
224 386 226 471 1175
206 450 224 472 1176
143 461 227 473 1177
143 464 225 476 1180
143 465 227 477 1181
143 466 227 478 1182
206 457 221 479 1183
143 467 227 479 1183
143 469 237 481 1185
143 470 230 482 1186
697 492 223 483 1187
780 503 221 483 1187
206 461 223 483 1187
143 471 224 483 1187
143 472 232 484 1188
206 463 221 485 1189
143 473 229 485 1189
733 498 223 486 1190
780 506 223 486 1190
206 464 221 486 1190
143 474 229 486 1190
723 486 221 486 1190
638 483 223 486 1190
224 401 225 487 1191
438 223 222 487 1191
143 475 227 487 1191
697 497 223 488 1192
206 466 223 488 1192
143 476 225 488 1192
127 515 223 488 1192
206 467 226 489 1193
143 477 237 489 1193
291 491 221 489 1193
224 404 222 490 1194
438 226 223 490 1194
557 507 221 490 1194
143 478 231 490 1194
733 503 225 491 1195
224 405 223 491 1195
438 227 222 491 1195
206 469 227 491 1195
143 479 229 491 1195
438 228 226 492 1196
578 53 221 492 1196
206 470 225 492 1196
143 480 225 492 1196
697 502 224 493 1197
438 229 224 493 1197
206 471 231 493 1197
206 477 221 499 1203
224 414 223 500 1204
143 488 227 500 1204
224 415 223 501 1205
143 489 224 501 1205
143 490 225 502 1206
438 239 223 503 1207
143 491 228 503 1207
224 418 222 504 1208
143 492 235 504 1208
438 241 222 505 1209
143 493 225 505 1209
438 242 229 506 1210
206 484 223 506 1210
143 494 236 506 1210
438 243 226 507 1211
143 495 224 507 1211
733 520 221 508 1212
206 486 227 508 1212
143 496 233 508 1212
374 517 225 508 1212
438 245 237 509 1213
733 521 223 509 1213
206 487 227 509 1213
143 497 235 509 1213
557 527 221 510 1214
780 530 221 510 1214
143 498 236 510 1214
374 519 221 510 1214
780 531 221 511 1215
557 528 224 511 1215
206 489 225 511 1215
143 499 237 511 1215
438 255 223 518 1222
206 497 226 519 1223
438 256 232 519 1223
224 434 227 520 1224
206 498 226 520 1224
143 508 223 520 1224
291 522 227 520 1224
143 509 225 521 1225
374 531 221 522 1226
206 501 227 523 1227
143 511 225 523 1227
206 502 222 524 1228
143 512 233 524 1228
291 526 227 524 1228
374 533 223 524 1228
206 503 221 525 1229
143 513 237 525 1229
697 535 222 525 1229
733 538 221 526 1230
143 514 234 526 1230
291 528 221 526 1230
427 550 221 526 1230
206 505 236 527 1231
206 506 225 528 1232
291 530 228 528 1232
143 516 229 528 1232
206 507 231 529 1233
578 90 221 529 1233
158 241 221 529 1233
143 517 223 529 1233
438 266 228 529 1233
697 539 224 529 1233
206 508 231 530 1234
291 532 223 530 1234
143 518 235 530 1234
438 267 221 530 1234
224 445 223 531 1235
733 543 222 531 1235
143 519 235 531 1235
127 558 221 531 1235
224 446 223 532 1236
780 552 221 532 1236
206 510 226 532 1236
291 534 221 532 1236
143 520 226 532 1236
697 542 221 532 1236
780 553 223 533 1237
206 511 231 533 1237
143 521 233 533 1237
374 542 221 533 1237
438 271 221 534 1238
206 513 225 535 1239
127 562 224 535 1239
780 556 221 536 1240
224 450 223 536 1240
206 514 225 536 1240
291 538 221 536 1240
127 563 225 536 1240
438 273 223 536 1240
697 546 221 537 1241
224 451 223 537 1241
730 541 223 537 1241
143 525 225 537 1241
127 564 225 537 1241
780 558 221 538 1242
143 526 237 538 1242
127 565 223 538 1242
224 453 222 539 1243
206 517 225 539 1243
127 566 223 539 1243
409 1 223 539 1243
780 560 221 539 1243
224 454 221 540 1244
206 518 231 540 1244
143 528 233 540 1244
291 542 221 540 1244
127 567 222 540 1244
206 519 236 541 1245
143 529 223 541 1245
409 3 225 541 1245
206 520 224 542 1246
165 221 221 542 1246
557 560 221 543 1247
206 521 221 543 1247
409 5 221 543 1247
780 564 222 543 1247
730 548 221 544 1248
206 522 229 544 1248
409 6 221 544 1248
780 567 221 546 1250
224 461 234 546 1250
206 525 235 547 1251
544 128 235 547 1251
224 462 235 547 1251
206 526 238 548 1252
143 536 232 548 1252
85 241 223 548 1252
544 129 228 548 1252
419 543 221 548 1252
190 334 221 548 1252
438 285 221 548 1252
224 463 233 548 1252
733 561 231 549 1253
206 527 247 549 1253
85 242 229 549 1253
224 464 232 549 1253
733 562 223 550 1254
206 528 223 550 1254
578 111 225 550 1254
143 538 225 550 1254
409 12 223 550 1254
419 545 223 550 1254
206 529 227 551 1255
143 539 225 551 1255
205 280 221 551 1255
518 564 225 551 1255
594 4 226 551 1255
224 466 225 551 1255
206 530 228 552 1256
143 540 245 552 1256
484 403 225 552 1256
675 243 221 552 1256
206 531 226 553 1257
612 549 237 553 1257
551 459 231 553 1257
74 571 228 554 1258
408 567 223 554 1258
217 568 221 554 1258
715 473 241 554 1258
206 533 228 555 1259
206 534 223 556 1260
5 568 227 556 1260
207 553 241 556 1260
205 285 232 556 1260
547 570 233 556 1260
715 475 227 557 1261
223 6 227 557 1261
193 556 223 557 1261
214 448 228 557 1261
715 476 229 558 1262
715 478 222 560 1264
752 605 230 561 1265
752 606 228 562 1266
752 607 229 563 1267
78 24 244 567 1271
525 575 233 568 1272
206 546 221 568 1272
207 565 223 568 1272
572 579 223 568 1272
193 567 234 568 1272
206 547 221 569 1273
193 568 248 569 1273
745 582 238 569 1273
78 26 229 569 1273
193 569 225 570 1274
745 583 250 570 1274
78 27 227 570 1274
207 568 221 571 1275
572 582 221 571 1275
474 159 223 571 1275
510 76 221 572 1276
418 583 222 572 1276
745 585 243 572 1276
543 252 235 573 1277
745 586 247 573 1277
715 492 225 574 1278
228 593 224 574 1278
269 590 227 574 1278
721 3 228 574 1278
409 36 225 574 1278
762 9 221 574 1278
202 587 222 574 1278
407 297 225 574 1278
99 316 225 574 1278
12 161 227 575 1279
44 241 221 575 1279
367 259 222 575 1279
745 588 225 575 1279
99 317 221 575 1279
679 166 227 576 1280
107 9 229 576 1280
745 589 242 576 1280
707 533 225 577 1281
669 587 226 577 1281
418 588 221 577 1281
745 590 223 577 1281
783 573 223 578 1282
437 10 229 578 1282
563 592 225 578 1282
679 168 233 578 1282
611 577 223 578 1282
390 584 227 578 1282
333 586 226 578 1282
244 584 221 578 1282
745 591 222 578 1282
715 497 225 579 1283
679 169 233 579 1283
553 583 223 579 1283
715 498 227 580 1284
384 594 222 580 1284
193 579 227 580 1284
745 593 227 580 1284
715 499 233 581 1285
193 580 221 581 1285
745 594 239 581 1285
715 500 231 582 1286
720 559 233 582 1286
679 172 226 582 1286
745 595 227 582 1286
715 501 227 583 1287
720 560 234 583 1287
679 173 233 583 1287
193 582 221 583 1287
78 40 221 583 1287
745 596 222 583 1287
715 502 238 584 1288
720 561 226 584 1288
679 174 229 584 1288
78 41 231 584 1288
715 503 239 585 1289
720 562 229 585 1289
679 175 229 585 1289
193 584 223 585 1289
715 504 228 586 1290
720 563 224 586 1290
679 176 225 586 1290
572 597 227 586 1290
78 43 233 586 1290
193 585 221 586 1290
715 505 229 587 1291
78 44 227 587 1291
745 600 227 587 1291
715 506 223 588 1292
720 565 225 588 1292
679 178 230 588 1292
78 45 224 588 1292
745 601 229 588 1292
715 507 225 589 1293
720 566 224 589 1293
679 179 224 589 1293
193 588 225 589 1293
715 508 233 590 1294
679 180 224 590 1294
78 47 226 590 1294
193 589 230 590 1294
715 509 231 591 1295
720 568 228 591 1295
78 48 226 591 1295
193 590 221 591 1295
745 604 227 591 1295
715 510 225 592 1296
720 569 222 592 1296
437 24 223 592 1296
78 49 237 592 1296
193 591 233 592 1296
745 605 227 592 1296
715 511 229 593 1297
720 570 229 593 1297
679 183 237 593 1297
78 50 233 593 1297
193 592 230 593 1297
745 606 228 593 1297
99 335 226 594 1298
720 571 230 594 1298
679 184 230 594 1298
78 51 222 594 1298
193 593 229 594 1298
745 607 221 594 1298
99 336 233 595 1299
715 513 230 595 1299
720 572 230 595 1299
679 185 222 595 1299
78 52 231 595 1299
193 594 230 595 1299
745 608 223 595 1299
99 337 233 596 1300
715 514 231 596 1300
720 573 227 596 1300
307 609 221 597 1301
255 202 221 597 1301
52 599 229 598 1302
606 569 221 598 1302
201 777 225 599 1303
772 614 227 599 1303
758 603 221 599 1303
464 612 221 599 1303
585 38 227 600 1304
361 614 221 600 1304
439 534 221 600 1304
772 615 227 600 1304
421 613 224 600 1304
418 611 233 600 1304
606 571 231 600 1304
710 572 223 600 1304
639 616 221 600 1304
678 35 227 601 1305
475 136 226 602 1306
446 604 234 603 1307
652 606 225 603 1307
351 423 226 604 1308
577 620 228 604 1308
783 599 223 604 1308
251 609 223 604 1308
321 285 225 604 1308
32 592 237 604 1308
767 614 221 604 1308
437 37 223 605 1309
679 195 224 605 1309
572 616 226 605 1309
193 604 227 605 1309
720 583 233 606 1310
99 347 227 606 1310
679 196 235 606 1310
193 605 223 606 1310
720 584 225 607 1311
99 348 237 607 1311
679 197 243 607 1311
437 39 227 607 1311
330 563 221 607 1311
572 618 229 607 1311
702 620 225 607 1311
193 606 239 607 1311
720 585 233 608 1312
99 349 233 608 1312
679 198 239 608 1312
572 619 225 608 1312
193 607 223 609 1313
720 586 230 609 1313
99 350 233 609 1313
715 527 228 609 1313
679 199 241 609 1313
193 608 227 610 1314
720 587 224 610 1314
99 351 221 610 1314
715 528 233 610 1314
679 200 237 610 1314
193 609 225 610 1314
720 588 239 611 1315
99 352 233 611 1315
715 529 227 611 1315
679 201 241 611 1315
572 622 222 611 1315
600 599 224 611 1315
193 610 233 611 1315
720 589 237 612 1316
99 353 231 612 1316
715 530 233 612 1316
679 202 247 612 1316
437 44 225 612 1316
600 600 245 612 1316
193 611 239 612 1316
720 590 238 613 1317
99 354 235 613 1317
715 531 224 613 1317
679 203 238 613 1317
572 624 224 613 1317
600 601 235 613 1317
720 591 231 614 1318
99 355 231 614 1318
715 532 228 614 1318
679 204 225 614 1318
572 625 223 614 1318
600 602 235 615 1319
193 613 234 615 1319
720 592 239 615 1319
99 356 228 615 1319
514 592 231 615 1319
745 628 225 615 1319
514 593 222 616 1320
715 534 223 616 1320
193 615 221 617 1321
99 358 223 617 1321
525 624 224 617 1321
679 207 239 617 1321
715 537 227 619 1323
715 540 231 622 1326
715 541 233 623 1327
715 549 223 631 1335
715 550 225 632 1336
715 551 224 633 1337
715 552 224 634 1338
715 553 225 635 1339
715 557 231 639 1343
715 563 221 645 1349
679 235 231 645 1349
679 236 223 647 1351
330 606 241 651 1355
208 665 241 651 1355
544 87 231 651 1355
232 180 226 651 1355
330 607 227 652 1356
702 664 223 652 1356
208 666 235 652 1356
544 90 234 654 1358
544 92 233 656 1360
544 93 225 657 1361
679 248 221 659 1363
544 95 223 659 1363
679 249 232 660 1364
544 96 223 660 1364
715 578 225 660 1364
544 97 228 661 1365
544 98 230 662 1366
437 94 233 662 1366
544 99 237 663 1367
678 97 221 663 1367
437 95 247 663 1367
330 619 222 664 1368
437 96 235 664 1368
330 620 223 665 1369
544 101 227 665 1369
678 99 228 665 1369
437 97 244 665 1369
330 621 221 666 1370
544 102 224 666 1370
678 100 225 666 1370
330 622 224 667 1371
544 103 242 667 1371
678 101 229 667 1371
715 585 221 667 1371
437 99 237 667 1371
715 586 221 668 1372
560 680 233 670 1374
715 1 230 670 1374
715 2 230 671 1375
715 3 241 672 1376
544 109 223 673 1377
678 107 230 673 1377
437 105 228 674 1378
330 629 237 674 1378
372 661 231 674 1378
544 110 241 674 1378
437 106 235 675 1379
330 630 239 675 1379
372 662 241 675 1379
679 265 221 676 1380
437 107 241 676 1380
205 404 227 676 1380
330 631 237 676 1380
372 663 247 676 1380
544 112 252 676 1380
679 266 235 677 1381
437 108 238 677 1381
361 691 237 677 1381
715 9 231 678 1382
715 10 235 679 1383
715 11 240 680 1384
715 12 238 681 1385
715 13 230 682 1386
715 14 223 683 1387
715 15 239 684 1388
715 16 241 685 1389
715 17 235 686 1390
715 18 236 687 1391
277 246 223 689 1393
715 20 227 689 1393
205 418 221 690 1394
369 698 224 690 1394
544 127 225 691 1395
377 735 227 691 1395
283 392 225 691 1395
119 668 231 692 1396
205 420 226 692 1396
715 23 222 692 1396
544 128 229 692 1396
678 126 224 693 1397
205 421 235 693 1397
330 648 232 693 1397
553 696 221 693 1397
715 24 221 693 1397
544 129 221 693 1397
679 283 231 693 1397
283 394 237 693 1397
678 127 227 694 1398
119 670 230 694 1398
205 422 229 694 1398
715 25 236 694 1398
544 130 222 694 1398
679 284 228 694 1398
678 128 225 694 1398
119 671 229 695 1399
330 650 235 695 1399
715 26 225 695 1399
678 129 226 695 1399
119 672 223 696 1400
205 424 223 696 1400
330 651 237 696 1400
384 709 224 696 1400
553 699 222 696 1400
715 27 226 696 1400
678 130 231 696 1400
119 673 221 697 1401
544 133 221 697 1401
283 398 223 697 1401
678 131 225 698 1402
384 711 227 698 1402
715 29 223 698 1402
205 427 221 699 1403
119 675 221 699 1403
384 712 226 699 1403
553 702 221 699 1403
369 707 221 699 1403
544 135 223 699 1403
679 289 225 699 1403
544 136 223 700 1404
679 290 221 700 1404
384 714 224 701 1405
715 32 226 701 1405
544 137 223 701 1405
384 715 233 702 1406
544 138 221 702 1406
679 293 221 703 1407
384 717 227 704 1408
544 140 223 704 1408
679 294 223 704 1408
283 405 231 704 1408
715 36 221 705 1409
544 141 222 705 1409
283 406 223 705 1409
119 682 225 706 1410
544 142 222 706 1410
119 683 225 707 1411
384 721 239 708 1412
544 144 221 708 1412
678 142 239 709 1413
205 437 222 709 1413
384 722 234 709 1413
553 712 226 709 1413
715 40 224 709 1413
544 145 223 709 1413
679 299 225 709 1413
678 143 224 710 1414
205 438 225 710 1414
119 686 224 710 1414
330 665 227 710 1414
384 723 225 710 1414
553 713 225 710 1414
715 41 225 710 1414
544 146 221 710 1414
678 144 224 710 1414
119 687 226 711 1415
715 42 223 711 1415
679 301 231 711 1415
678 145 227 711 1415
330 667 225 712 1416
679 302 238 712 1416
205 441 229 713 1417
119 689 227 713 1417
330 668 221 713 1417
679 303 237 713 1417
205 442 226 714 1418
119 690 225 714 1418
553 717 221 714 1418
715 45 221 714 1418
679 304 232 714 1418
715 46 224 715 1419
679 305 228 715 1419
679 306 241 716 1420
715 48 224 717 1421
679 307 233 717 1421
678 151 221 717 1421
205 446 223 718 1422
715 49 221 718 1422
678 152 227 718 1422
205 447 223 719 1423
715 50 221 719 1423
205 448 225 720 1424
384 733 228 720 1424
205 450 221 722 1426
525 729 221 722 1426
715 54 221 723 1427
678 157 221 723 1427
205 452 225 724 1428
553 727 227 724 1428
205 453 223 725 1429
553 728 226 725 1429
678 159 221 725 1429
715 57 221 726 1430
678 160 221 726 1430
205 455 223 727 1431
553 730 227 727 1431
715 58 221 727 1431
678 161 225 727 1431
205 456 235 727 1431
678 162 223 729 1433
205 457 226 729 1433
553 732 230 729 1433
678 163 222 729 1433
553 738 221 735 1439
205 464 221 736 1440
205 465 222 737 1441
553 741 226 738 1442
715 69 221 738 1442
678 172 223 739 1443
384 752 222 739 1443
678 173 222 740 1444
715 71 225 740 1444
679 330 227 740 1444
678 174 223 741 1445
679 331 241 741 1445
678 175 223 742 1446
544 178 221 742 1446
679 332 233 742 1446
715 74 222 743 1447
525 750 223 743 1447
544 179 235 743 1447
679 333 226 743 1447
205 472 227 744 1448
678 177 227 744 1448
384 757 223 744 1448
372 731 221 744 1448
553 747 225 744 1448
205 473 227 745 1449
678 179 221 746 1450
553 749 221 746 1450
715 77 221 746 1450
679 336 227 746 1450
678 180 225 747 1451
205 475 221 747 1451
369 755 222 747 1451
679 337 230 747 1451
678 181 223 748 1452
679 338 221 748 1452
553 752 244 749 1453
205 478 222 750 1454
553 753 225 750 1454
679 340 223 750 1454
119 728 229 752 1456
679 342 227 752 1456
119 729 223 753 1457
553 756 226 753 1457
679 343 226 753 1457
205 482 221 754 1458
119 730 221 754 1458
330 709 222 754 1458
384 767 221 754 1458
544 190 223 754 1458
679 344 224 754 1458
205 483 227 755 1459
679 345 223 755 1459
205 484 226 756 1460
544 192 225 756 1460
205 485 227 757 1461
384 770 225 757 1461
544 193 221 757 1461
205 486 224 757 1461
553 761 227 758 1462
544 194 225 758 1462
678 192 223 758 1462
119 735 222 759 1463
384 772 226 759 1463
679 349 221 759 1463
283 460 227 759 1463
715 5 223 759 1463
205 488 222 759 1463
283 461 223 760 1464
715 6 223 760 1464
544 197 225 761 1465
283 462 226 761 1465
715 7 231 761 1465
678 195 227 761 1465
205 490 227 761 1465
544 198 231 762 1466
679 352 227 762 1466
283 463 235 762 1466
205 491 225 762 1466
544 199 231 763 1467
679 353 227 763 1467
283 464 238 763 1467
715 9 227 763 1467
205 492 227 764 1468
544 200 231 764 1468
679 354 223 764 1468
283 465 236 764 1468
715 10 226 764 1468
679 355 223 765 1469
544 201 231 765 1469
283 466 235 765 1469
384 779 225 766 1470
544 202 229 766 1470
283 467 221 766 1470
544 203 227 767 1471
283 468 223 767 1471
205 496 222 768 1472
544 204 221 768 1472
715 14 221 768 1472
544 205 221 769 1473
715 15 226 769 1473
283 470 223 769 1473
283 471 221 770 1474
715 16 222 770 1474
715 17 223 771 1475
283 473 227 772 1476
715 18 223 772 1476
205 501 221 773 1477
283 474 226 773 1477
715 19 224 773 1477
283 475 227 774 1478
715 20 224 774 1478
283 476 227 775 1479
715 21 221 775 1479
205 504 221 776 1480
283 477 229 776 1480
715 22 225 777 1481
283 478 226 777 1481
715 23 223 778 1482
283 479 223 778 1482
715 24 227 778 1482
678 212 225 779 1483
715 25 223 780 1484
678 213 221 780 1484
283 481 223 780 1484
715 26 221 781 1485
678 214 221 781 1485
283 482 225 781 1485
715 27 222 782 1486
678 215 223 782 1486
283 483 227 782 1486
678 216 227 783 1487
283 484 223 783 1487
715 29 227 784 1488
205 512 227 784 1488
283 485 221 784 1488
715 30 224 785 1489
678 218 221 785 1489
283 486 226 785 1489
715 31 228 786 1490
678 219 221 786 1490
679 376 225 786 1490
715 32 225 787 1491
678 220 222 787 1491
553 790 222 787 1491
679 377 225 787 1491
715 33 225 788 1492
678 221 221 788 1492
553 791 222 788 1492
679 378 223 788 1492
715 34 225 789 1493
678 222 222 789 1493
679 379 223 789 1493
715 35 223 790 1494
715 36 225 791 1495
678 224 221 791 1495
715 37 221 792 1496
678 225 222 792 1496
715 38 221 793 1497
678 226 223 793 1497
553 796 225 793 1497
715 39 223 794 1498
678 227 221 794 1498
330 749 221 794 1498
679 384 223 794 1498
715 40 229 795 1499
283 496 225 795 1499
679 385 223 795 1499
119 772 225 796 1500
715 41 231 796 1500
678 229 221 796 1500
330 751 221 796 1500
715 42 229 797 1501
119 773 221 797 1501
678 230 223 797 1501
330 752 225 797 1501
715 43 227 798 1502
678 231 223 798 1502
119 775 226 799 1503
678 232 225 799 1503
715 44 222 799 1503
119 776 225 800 1504
678 233 221 800 1504
283 509 222 808 1512
715 54 225 809 1513
678 242 221 809 1513
205 537 227 809 1513
715 55 221 810 1514
283 511 221 810 1514
715 56 221 811 1515
283 512 222 811 1515
715 57 221 812 1516
205 540 222 812 1516
283 513 221 812 1516
205 541 225 813 1517
283 514 221 813 1517
205 542 225 814 1518
205 543 223 815 1519
679 405 221 815 1519
678 249 221 816 1520
205 544 225 816 1520
283 517 221 816 1520
678 250 221 817 1521
205 545 223 817 1521
283 518 223 817 1521
205 546 223 818 1522
283 519 221 818 1522
205 547 221 819 1523
678 252 221 819 1523
283 520 221 819 1523
205 548 223 820 1524
678 253 221 820 1524
283 521 221 820 1524
205 549 223 821 1525
678 254 222 821 1525
283 523 230 822 1526
715 68 224 823 1527
205 551 229 823 1527
678 256 221 823 1527
283 524 223 823 1527
205 552 223 824 1528
678 257 221 824 1528
553 827 224 824 1528
283 525 225 824 1528
715 70 221 825 1529
283 526 225 825 1529
205 554 226 826 1530
678 259 221 826 1530
283 527 222 826 1530
283 528 227 827 1531
678 261 222 828 1532
283 529 225 828 1532
715 74 221 829 1533
205 557 225 829 1533
678 262 223 829 1533
283 530 231 829 1533
119 806 227 829 1533
715 75 221 830 1534
678 263 223 830 1534
553 833 221 830 1534
283 531 227 830 1534
119 807 221 830 1534
715 76 221 831 1535
205 559 225 831 1535
678 264 223 831 1535
553 834 221 831 1535
283 532 233 831 1535
119 808 223 831 1535
715 77 222 831 1535
205 560 227 832 1536
678 265 224 832 1536
283 533 222 832 1536
205 561 233 833 1537
679 423 226 833 1537
283 534 222 833 1537
119 810 231 833 1537
715 79 221 834 1538
384 847 229 834 1538
679 424 229 834 1538
283 535 228 834 1538
119 811 222 834 1538
715 80 227 835 1539
553 838 231 835 1539
679 425 225 835 1539
283 536 221 835 1539
715 81 223 836 1540
679 426 223 836 1540
715 82 221 837 1541
384 850 227 837 1541
553 840 223 837 1541
679 427 224 837 1541
283 538 221 837 1541
715 83 222 838 1542
679 428 223 838 1542
283 539 223 838 1542
715 84 223 839 1543
679 429 223 839 1543
283 540 225 839 1543
715 85 223 839 1543
553 843 221 840 1544
679 430 224 840 1544
283 541 224 840 1544
715 86 223 840 1544
679 431 223 841 1545
283 542 225 841 1545
715 87 224 841 1545
679 432 223 842 1546
283 543 225 842 1546
715 88 225 842 1546
384 856 221 843 1547
679 433 224 843 1547
283 544 225 843 1547
715 89 224 843 1547
384 857 227 844 1548
553 847 221 844 1548
679 434 224 844 1548
283 545 224 844 1548
119 821 221 844 1548
715 90 224 844 1548
679 435 225 845 1549
283 546 224 845 1549
715 91 223 845 1549
679 436 225 846 1550
283 547 224 846 1550
715 92 224 846 1550
679 437 224 847 1551
283 548 225 847 1551
119 824 221 847 1551
715 93 225 847 1551
679 438 222 848 1552
283 549 223 848 1552
119 825 221 848 1552
715 94 225 848 1552
679 439 223 849 1553
283 550 223 849 1553
715 95 224 849 1553
679 440 223 850 1554
283 551 222 850 1554
119 827 236 850 1554
679 441 223 851 1555
283 552 221 851 1555
119 828 227 851 1555
715 97 224 851 1555
679 442 224 852 1556
283 553 223 852 1556
119 829 221 852 1556
715 98 225 852 1556
283 554 227 853 1557
679 443 223 853 1557
715 99 225 853 1557
679 444 224 854 1558
283 555 227 854 1558
119 831 222 854 1558
715 100 225 854 1558
679 445 223 855 1559
283 556 225 855 1559
715 101 225 855 1559
679 446 224 856 1560
119 833 223 856 1560
715 102 225 856 1560
679 447 224 857 1561
283 558 223 857 1561
715 103 225 857 1561
679 448 227 858 1562
119 835 221 858 1562
715 104 226 858 1562
283 560 222 859 1563
715 105 224 859 1563
283 561 221 860 1564
679 451 225 861 1565
678 295 223 861 1565
715 107 224 861 1565
384 875 224 862 1566
553 865 226 862 1566
283 563 229 862 1566
119 839 233 862 1566
678 296 225 863 1567
715 108 225 863 1567
679 453 229 863 1567
283 564 225 863 1567
715 109 221 864 1568
283 565 231 864 1568
715 110 223 865 1569
283 566 226 865 1569
678 299 225 865 1569
715 111 227 866 1570
283 567 227 866 1570
119 843 221 866 1570
715 112 233 866 1570
553 870 225 867 1571
119 844 223 867 1571
679 458 221 868 1572
119 845 223 868 1572
678 302 221 868 1572
715 114 224 869 1573
283 570 233 869 1573
715 115 221 870 1574
553 873 221 870 1574
283 571 225 870 1574
678 304 227 870 1574
119 847 223 870 1574
715 116 224 871 1575
553 874 225 871 1575
679 461 225 871 1575
283 572 221 871 1575
283 573 228 872 1576
544 308 223 872 1576
119 849 239 873 1577
361 887 225 873 1577
437 305 227 873 1577
119 850 237 874 1578
683 8 236 874 1578
514 850 223 874 1578
384 887 227 874 1578
361 888 222 874 1578
683 9 235 875 1579
683 12 231 878 1582
384 891 221 878 1582
525 887 221 880 1584
683 15 231 881 1585
514 857 226 881 1585
361 895 222 881 1585
683 16 223 882 1586
683 17 231 883 1587
361 897 222 883 1587
525 890 221 883 1587
683 18 227 884 1588
683 19 228 885 1589
514 861 222 885 1589
384 898 225 885 1589
683 20 228 886 1590
514 862 223 886 1590
683 21 227 887 1591
514 863 223 887 1591
683 22 229 888 1592
683 23 231 889 1593
683 24 227 890 1594
683 25 231 891 1595
683 26 231 892 1596
361 906 221 892 1596
683 27 237 893 1597
683 28 227 894 1598
384 909 228 896 1600
205 625 225 897 1601
384 910 224 897 1601
205 626 223 898 1602
384 911 225 898 1602
372 885 225 898 1602
205 627 224 899 1603
384 912 225 899 1603
372 886 235 899 1603
384 913 225 900 1604
384 916 223 903 1607
384 917 221 904 1608
514 881 221 905 1609
384 918 229 905 1609
525 912 223 905 1609
437 337 221 905 1609
492 160 223 906 1610
372 893 221 906 1610
437 338 222 906 1610
678 340 241 906 1610
313 79 221 907 1611
283 608 235 907 1611
715 153 223 908 1612
205 636 221 908 1612
384 921 237 908 1612
330 863 223 908 1612
679 498 221 908 1612
283 609 227 908 1612
678 342 221 908 1612
384 922 233 909 1613
679 499 230 909 1613
119 886 227 909 1613
544 345 225 909 1613
330 865 247 910 1614
119 887 225 910 1614
544 346 234 911 1615
715 156 241 911 1615
205 639 223 911 1615
330 866 225 911 1615
119 888 221 911 1615
544 347 226 912 1616
205 640 233 912 1616
715 157 237 912 1616
330 867 247 912 1616
544 348 222 913 1617
683 47 221 913 1617
384 926 229 913 1617
679 503 223 913 1617
779 888 233 913 1617
283 614 226 913 1617
119 890 242 913 1617
330 869 223 914 1618
779 889 228 914 1618
553 918 223 915 1619
205 643 221 915 1619
779 890 223 915 1619
283 616 225 915 1619
119 892 227 915 1619
313 88 237 916 1620
205 644 246 916 1620
369 14 229 916 1620
779 891 225 916 1620
205 645 239 917 1621
670 484 221 919 1623
54 919 221 920 1624
247 930 223 920 1624
670 485 225 920 1624
272 936 222 921 1625
762 216 227 921 1625
670 486 227 921 1625
616 740 223 922 1626
276 916 221 923 1627
119 902 221 925 1629
107 255 221 926 1630
119 904 227 927 1631
670 492 232 927 1631
529 381 221 927 1631
119 905 229 928 1632
670 493 227 928 1632
670 494 221 929 1633
776 25 225 930 1634
670 495 230 930 1634
384 944 223 931 1635
283 632 232 931 1635
361 23 241 931 1635
384 945 234 931 1635
56 362 223 931 1635
283 633 223 932 1636
361 24 235 932 1636
782 889 221 932 1636
384 946 221 932 1636
56 363 241 932 1636
283 634 223 933 1637
56 364 225 933 1637
553 938 230 934 1638
361 26 233 934 1638
384 948 225 934 1638
119 912 225 935 1639
670 500 229 935 1639
553 939 235 935 1639
384 949 221 935 1639
54 935 227 935 1639
670 501 221 936 1640
782 893 233 936 1640
384 950 241 936 1640
713 10 223 936 1640
56 367 224 936 1640
553 941 241 937 1641
670 502 225 937 1641
361 29 233 937 1641
196 938 226 937 1641
384 951 223 937 1641
54 937 221 937 1641
119 915 233 938 1642
553 942 225 938 1642
166 79 224 938 1642
782 895 230 938 1642
196 939 233 938 1642
56 369 230 938 1642
670 504 221 939 1643
384 953 224 939 1643
196 940 222 939 1643
56 370 225 939 1643
670 505 221 940 1644
713 14 223 940 1644
56 371 221 940 1644
54 940 222 940 1644
283 642 223 941 1645
119 918 229 941 1645
782 898 221 941 1645
713 15 226 941 1645
54 941 221 941 1645
119 919 222 942 1646
330 7 235 942 1646
782 899 236 942 1646
384 956 227 942 1646
196 943 235 942 1646
56 373 227 942 1646
54 942 221 942 1646
283 644 221 943 1647
119 920 225 943 1647
330 8 225 943 1647
670 508 221 943 1647
553 947 224 943 1647
782 900 235 943 1647
196 944 221 943 1647
283 645 233 944 1648
119 921 225 944 1648
166 85 223 944 1648
782 901 230 944 1648
384 958 231 944 1648
54 944 223 944 1648
283 646 226 945 1649
119 922 229 945 1649
330 10 226 945 1649
166 86 221 945 1649
361 37 225 945 1649
384 959 223 945 1649
713 19 229 945 1649
553 950 225 946 1650
361 38 224 946 1650
782 903 223 946 1650
283 648 221 947 1651
553 951 226 947 1651
361 39 231 947 1651
782 904 223 947 1651
384 961 231 947 1651
196 948 226 947 1651
713 21 223 947 1651
56 378 225 947 1651
283 649 221 948 1652
119 925 233 948 1652
553 952 224 948 1652
361 40 222 948 1652
54 948 225 948 1652
119 926 223 949 1653
553 953 225 949 1653
361 41 223 949 1653
782 906 228 949 1653
196 950 221 949 1653
283 651 226 950 1654
119 927 225 950 1654
553 954 227 950 1654
361 42 221 950 1654
782 907 223 950 1654
56 381 223 950 1654
283 652 224 951 1655
119 928 224 951 1655
330 16 224 951 1655
553 955 222 951 1655
782 908 230 951 1655
384 965 227 951 1655
713 25 221 951 1655
54 951 225 951 1655
119 929 234 952 1656
553 956 228 952 1656
782 909 227 952 1656
283 654 225 953 1657
119 930 233 953 1657
330 18 224 953 1657
361 45 223 953 1657
384 967 223 953 1657
196 954 221 953 1657
283 655 223 954 1658
119 931 225 954 1658
361 46 223 954 1658
56 385 222 954 1658
54 954 225 954 1658
283 656 228 955 1659
119 932 225 955 1659
330 20 225 955 1659
570 441 227 955 1659
361 47 230 955 1659
782 912 227 955 1659
384 969 225 955 1659
54 955 223 955 1659
119 933 234 956 1660
553 960 230 956 1660
670 521 223 956 1660
166 97 223 956 1660
570 442 223 956 1660
361 48 231 956 1660
782 913 228 956 1660
196 957 224 956 1660
713 30 221 956 1660
56 387 227 956 1660
54 956 223 956 1660
283 658 225 957 1661
119 934 240 957 1661
330 22 225 957 1661
553 961 234 957 1661
361 49 229 957 1661
782 914 227 957 1661
384 971 229 957 1661
196 958 221 957 1661
54 957 227 957 1661
119 935 239 958 1662
553 962 229 958 1662
361 50 229 958 1662
384 972 223 958 1662
119 936 225 959 1663
54 959 221 959 1663
119 937 233 960 1664
119 939 231 962 1666
570 448 221 962 1666
361 54 223 962 1666
384 976 232 962 1666
713 36 222 962 1666
56 393 224 962 1666
54 962 221 962 1666
283 664 231 963 1667
119 940 234 963 1667
553 967 228 963 1667
670 528 223 963 1667
782 920 226 963 1667
361 55 237 963 1667
570 449 235 963 1667
196 964 227 963 1667
713 37 226 963 1667
54 963 223 963 1667
283 665 224 964 1668
553 968 233 964 1668
119 941 241 964 1668
330 29 223 964 1668
670 529 221 964 1668
247 974 235 964 1668
782 921 225 964 1668
361 56 223 964 1668
570 450 223 964 1668
196 965 229 964 1668
713 38 227 964 1668
56 395 222 964 1668
283 666 225 965 1669
119 942 243 965 1669
570 451 223 965 1669
361 57 226 965 1669
330 1 233 965 1669
196 966 222 965 1669
384 979 227 965 1669
713 39 227 965 1669
54 965 221 965 1669
119 943 239 966 1670
553 970 227 966 1670
247 976 223 966 1670
361 58 226 966 1670
570 452 226 966 1670
330 2 227 966 1670
196 967 221 966 1670
384 980 225 966 1670
56 397 222 966 1670
54 966 231 966 1670
119 944 233 967 1671
553 971 227 967 1671
247 977 238 967 1671
166 108 224 967 1671
361 59 226 967 1671
330 3 229 967 1671
54 967 225 967 1671
119 945 238 968 1672
553 972 233 968 1672
247 978 227 968 1672
361 60 232 968 1672
570 454 221 968 1672
330 4 227 968 1672
384 982 223 968 1672
283 670 225 969 1673
119 946 240 969 1673
553 973 229 969 1673
166 110 222 969 1673
782 926 221 969 1673
570 455 224 969 1673
361 61 224 969 1673
196 970 223 969 1673
384 983 227 969 1673
713 43 223 969 1673
119 947 235 970 1674
553 974 235 970 1674
247 980 225 970 1674
361 62 222 970 1674
196 971 221 970 1674
384 984 222 970 1674
330 6 229 970 1674
670 536 225 971 1675
119 948 231 971 1675
553 975 221 971 1675
570 457 221 971 1675
361 63 228 971 1675
330 7 226 971 1675
56 402 221 971 1675
54 971 225 972 1676
283 673 221 972 1676
119 949 230 972 1676
553 976 228 972 1676
361 64 233 972 1676
570 458 223 972 1676
384 986 225 972 1676
330 8 227 972 1676
54 972 232 973 1677
670 538 231 973 1677
283 674 225 973 1677
119 950 230 973 1677
553 977 225 973 1677
782 930 223 973 1677
570 459 221 973 1677
361 65 225 973 1677
384 987 222 973 1677
330 9 222 973 1677
54 973 227 974 1678
119 951 230 974 1678
553 978 225 974 1678
247 984 240 974 1678
782 931 224 974 1678
570 460 225 974 1678
384 988 229 974 1678
196 975 224 974 1678
330 10 226 974 1678
713 48 223 974 1678
54 974 227 975 1679
283 676 223 975 1679
119 952 232 975 1679
553 979 226 975 1679
361 67 233 975 1679
570 461 225 975 1679
196 976 225 975 1679
330 11 226 975 1679
713 49 223 975 1679
54 975 225 976 1680
553 980 230 976 1680
247 986 224 976 1680
782 933 226 976 1680
361 68 227 976 1680
570 462 223 976 1680
196 977 225 976 1680
384 990 222 976 1680
56 407 221 976 1680
713 50 223 976 1680
54 976 226 977 1681
670 542 226 977 1681
283 678 223 977 1681
553 981 223 977 1681
119 954 227 977 1681
361 69 221 977 1681
570 463 227 977 1681
384 991 223 977 1681
330 13 226 977 1681
54 977 223 978 1682
553 982 233 978 1682
119 955 238 978 1682
782 935 226 978 1682
361 70 235 978 1682
570 464 227 978 1682
330 14 229 978 1682
713 52 225 978 1682
54 978 226 978 1682
670 544 223 979 1683
119 956 239 979 1683
553 983 233 979 1683
782 936 225 979 1683
361 71 225 979 1683
196 980 224 979 1683
570 465 225 979 1683
330 15 225 979 1683
713 53 223 979 1683
56 410 221 979 1683
54 979 225 979 1683
670 545 221 980 1684
283 681 227 980 1684
553 984 235 980 1684
119 957 233 980 1684
247 990 224 980 1684
782 937 223 980 1684
361 72 229 980 1684
196 981 226 980 1684
330 16 231 980 1684
56 411 223 980 1684
54 980 231 980 1684
670 546 224 981 1685
119 958 224 981 1685
553 985 225 981 1685
166 122 221 981 1685
361 73 233 981 1685
196 982 231 981 1685
384 995 223 981 1685
570 467 223 981 1685
330 17 233 981 1685
56 412 225 981 1685
54 981 223 981 1685
119 959 234 982 1686
553 986 232 982 1686
166 123 223 982 1686
361 74 227 982 1686
196 983 225 982 1686
330 18 222 982 1686
54 982 231 983 1687
670 548 225 983 1687
283 684 224 983 1687
119 960 235 983 1687
553 987 235 983 1687
166 124 221 983 1687
196 984 229 983 1687
361 75 231 983 1687
330 19 231 983 1687
713 57 224 983 1687
56 414 225 983 1687
54 983 233 984 1688
119 961 226 984 1688
553 988 235 984 1688
361 76 229 984 1688
196 985 228 984 1688
384 998 224 984 1688
570 470 224 984 1688
713 58 227 984 1688
54 984 229 985 1689
119 962 227 985 1689
553 989 223 985 1689
247 995 227 985 1689
782 942 223 985 1689
361 77 225 985 1689
384 999 229 985 1689
713 59 225 985 1689
570 471 225 985 1689
330 21 230 985 1689
56 416 224 985 1689
54 985 227 986 1690
119 963 223 986 1690
553 990 236 986 1690
247 996 224 986 1690
782 943 224 986 1690
196 987 223 986 1690
570 472 221 986 1690
54 986 224 987 1691
553 991 231 987 1691
119 964 223 987 1691
247 997 223 987 1691
361 79 229 987 1691
196 988 242 987 1691
570 473 222 987 1691
330 23 227 987 1691
54 987 227 988 1692
670 553 230 988 1692
166 129 221 988 1692
782 945 222 988 1692
361 80 226 988 1692
196 989 225 988 1692
570 474 225 988 1692
330 24 227 988 1692
54 988 225 989 1693
670 554 221 989 1693
283 690 221 989 1693
553 993 225 989 1693
166 130 224 989 1693
361 81 223 989 1693
196 990 235 989 1693
56 420 221 989 1693
330 25 234 989 1693
670 555 221 990 1694
119 967 222 990 1694
166 131 223 990 1694
782 947 223 990 1694
361 82 226 990 1694
56 421 221 990 1694
54 990 221 991 1695
553 995 225 991 1695
247 1001 221 991 1695
196 992 241 991 1695
56 422 221 991 1695
570 477 226 991 1695
384 1005 222 991 1695
330 27 226 991 1695
54 991 233 992 1696
670 557 223 992 1696
553 996 221 992 1696
119 969 223 992 1696
166 133 221 992 1696
361 84 223 992 1696
196 993 229 992 1696
330 28 222 992 1696
54 992 233 993 1697
119 970 221 993 1697
553 997 227 993 1697
361 85 226 993 1697
196 994 227 993 1697
54 993 229 994 1698
553 998 223 994 1698
166 135 221 994 1698
247 1004 221 994 1698
361 86 233 994 1698
196 995 237 994 1698
56 425 221 994 1698
384 1008 224 994 1698
713 68 223 994 1698
54 994 235 995 1699
670 560 225 995 1699
553 999 223 995 1699
119 972 223 995 1699
247 1005 225 995 1699
361 87 233 995 1699
196 996 235 995 1699
713 69 221 995 1699
670 561 231 996 1700
54 995 233 996 1700
283 697 223 996 1700
119 973 229 996 1700
553 1000 235 996 1700
166 137 225 996 1700
247 1006 226 996 1700
361 88 229 996 1700
196 997 239 996 1700
330 32 221 996 1700
713 70 226 996 1700
570 482 225 996 1700
670 562 223 997 1701
119 974 231 997 1701
361 89 224 997 1701
196 998 226 997 1701
570 483 227 997 1701
54 997 225 998 1702
670 563 224 998 1702
553 1002 235 998 1702
119 975 223 998 1702
247 1008 223 998 1702
782 955 221 998 1702
361 90 233 998 1702
196 999 237 998 1702
330 34 227 998 1702
713 72 221 998 1702
570 484 222 998 1702
54 998 236 999 1703
670 564 228 999 1703
553 1003 227 999 1703
119 976 237 999 1703
247 1009 225 999 1703
361 91 231 999 1703
196 1000 235 999 1703
56 430 221 999 1703
54 999 227 1000 1704
670 565 232 1000 1704
119 977 227 1000 1704
553 1004 221 1000 1704
166 141 225 1000 1704
361 92 225 1000 1704
196 1001 232 1000 1704
330 36 225 1000 1704
56 431 224 1000 1704
670 566 227 1001 1705
119 978 233 1001 1705
553 1005 237 1001 1705
166 142 233 1001 1705
247 1011 222 1001 1705
782 958 224 1001 1705
196 1002 239 1001 1705
384 1015 231 1001 1705
56 432 229 1001 1705
330 37 235 1001 1705
570 487 226 1001 1705
713 75 225 1001 1705
54 1001 231 1002 1706
670 567 223 1002 1706
283 703 225 1002 1706
119 979 231 1002 1706
553 1006 245 1002 1706
166 143 228 1002 1706
247 1012 229 1002 1706
782 959 225 1002 1706
361 94 222 1002 1706
196 1003 233 1002 1706
384 1016 228 1002 1706
330 38 234 1002 1706
56 433 221 1002 1706
713 76 233 1002 1706
570 488 221 1002 1706
54 1002 226 1003 1707
670 568 229 1003 1707
283 704 224 1003 1707
553 1007 235 1003 1707
166 144 227 1003 1707
247 1013 224 1003 1707
782 960 227 1003 1707
361 95 225 1003 1707
196 1004 226 1003 1707
384 1017 223 1003 1707
330 39 227 1003 1707
56 434 224 1003 1707
670 569 225 1004 1708
283 705 226 1004 1708
119 981 227 1004 1708
553 1008 237 1004 1708
166 145 225 1004 1708
782 961 223 1004 1708
196 1005 227 1004 1708
361 96 221 1004 1708
384 1018 229 1004 1708
330 40 231 1004 1708
570 490 223 1004 1708
713 78 229 1004 1708
283 706 223 1005 1709
166 146 229 1005 1709
119 982 233 1005 1709
553 1009 241 1005 1709
782 962 229 1005 1709
196 1006 241 1005 1709
361 97 233 1005 1709
384 1019 229 1005 1709
330 41 229 1005 1709
570 491 233 1005 1709
56 436 224 1005 1709
713 79 223 1005 1709
54 1005 235 1006 1710
119 983 223 1006 1710
166 147 227 1006 1710
553 1010 228 1006 1710
782 963 226 1006 1710
196 1007 224 1006 1710
384 1020 223 1006 1710
330 42 224 1006 1710
570 492 223 1006 1710
713 80 221 1006 1710
56 437 222 1006 1710
54 1006 227 1007 1711
670 572 224 1007 1711
119 984 222 1007 1711
553 1011 224 1007 1711
361 99 233 1007 1711
196 1008 240 1007 1711
384 1021 223 1007 1711
330 43 229 1007 1711
713 81 221 1007 1711
56 438 221 1007 1711
54 1007 225 1008 1712
553 1012 235 1008 1712
119 985 226 1008 1712
166 149 221 1008 1712
361 100 227 1008 1712
196 1009 229 1008 1712
384 1022 227 1008 1712
330 44 221 1008 1712
713 82 225 1008 1712
570 494 225 1008 1712
54 1008 221 1009 1713
670 574 227 1009 1713
283 710 223 1009 1713
119 986 229 1009 1713
553 1013 229 1009 1713
782 966 226 1009 1713
196 1010 247 1009 1713
361 101 229 1009 1713
670 576 221 1011 1715
283 712 223 1011 1715
553 1015 228 1011 1715
361 103 221 1011 1715
196 1012 229 1011 1715
283 713 222 1012 1716
553 1016 230 1012 1716
166 153 221 1012 1716
196 1013 229 1012 1716
54 1012 221 1013 1717
283 714 221 1013 1717
196 1014 223 1013 1717
330 49 221 1013 1717
384 1028 221 1014 1718
670 580 221 1015 1719
283 716 223 1015 1719
553 1019 221 1015 1719
670 581 225 1016 1720
553 1020 221 1016 1720
330 52 223 1016 1720
670 582 221 1017 1721
553 1021 233 1017 1721
553 1022 229 1018 1722
196 1019 236 1018 1722
283 720 223 1019 1723
553 1023 233 1019 1723
196 1020 223 1019 1723
361 111 223 1019 1723
330 55 224 1019 1723
384 1033 224 1019 1723
570 505 226 1019 1723
713 93 223 1019 1723
56 450 221 1019 1723
54 1019 231 1020 1724
670 585 229 1020 1724
283 721 233 1020 1724
553 1024 241 1020 1724
361 112 229 1020 1724
196 1021 226 1020 1724
330 56 227 1020 1724
782 977 225 1020 1724
570 506 225 1020 1724
361 113 223 1021 1725
196 1022 236 1021 1725
553 1026 225 1022 1726
119 999 223 1022 1726
361 114 225 1022 1726
196 1023 234 1022 1726
54 1022 228 1023 1727
553 1027 223 1023 1727
361 115 221 1023 1727
196 1024 237 1023 1727
54 1023 221 1024 1728
553 1028 225 1024 1728
196 1025 234 1024 1728
384 1038 221 1024 1728
54 1024 223 1025 1729
553 1029 223 1025 1729
166 166 223 1025 1729
361 117 225 1025 1729
196 1026 237 1025 1729
54 1025 224 1026 1730
670 591 221 1026 1730
553 1030 231 1026 1730
361 118 221 1026 1730
196 1027 237 1026 1730
330 62 221 1026 1730
570 512 222 1026 1730
54 1026 227 1027 1731
553 1031 225 1027 1731
166 168 222 1027 1731
196 1028 235 1027 1731
782 984 221 1027 1731
570 513 223 1027 1731
119 1005 221 1028 1732
196 1029 227 1028 1732
54 1028 223 1029 1733
553 1033 226 1029 1733
119 1006 221 1029 1733
196 1030 233 1029 1733
782 986 223 1029 1733
330 65 226 1029 1733
166 171 221 1030 1734
361 122 221 1030 1734
196 1031 223 1030 1734
570 516 222 1030 1734
119 1008 225 1031 1735
570 517 226 1031 1735
56 462 221 1031 1735
119 1009 223 1032 1736
196 1033 229 1032 1736
570 518 221 1032 1736
553 1037 229 1033 1737
166 174 223 1033 1737
196 1034 227 1033 1737
713 107 221 1033 1737
570 519 226 1033 1737
54 1033 225 1033 1737
553 1038 227 1034 1738
196 1035 233 1034 1738
570 520 223 1034 1738
384 7 222 1034 1738
54 1034 231 1034 1738
553 1039 228 1035 1739
361 127 223 1035 1739
196 1036 233 1035 1739
570 521 226 1035 1739
384 8 227 1035 1739
54 1035 226 1035 1739
670 601 221 1036 1740
553 1040 223 1036 1740
361 128 225 1036 1740
196 1037 239 1036 1740
713 110 221 1036 1740
384 9 225 1036 1740
54 1036 229 1036 1740
553 1041 227 1037 1741
119 1014 223 1037 1741
361 129 227 1037 1741
196 1038 223 1037 1741
384 10 225 1037 1741
670 603 222 1038 1742
553 1042 229 1038 1742
166 179 223 1038 1742
361 130 223 1038 1742
196 1039 239 1038 1742
56 469 221 1038 1742
384 11 221 1038 1742
54 1038 227 1039 1743
283 740 231 1039 1743
553 1043 229 1039 1743
361 131 230 1039 1743
196 1040 237 1039 1743
330 75 221 1039 1743
384 12 223 1039 1743
283 741 226 1040 1744
553 1044 226 1040 1744
361 132 227 1040 1744
196 1041 239 1040 1744
384 13 224 1040 1744
54 1040 221 1040 1744
283 742 227 1041 1745
553 1045 225 1041 1745
119 1018 224 1041 1745
361 133 227 1041 1745
196 1042 239 1041 1745
384 14 227 1041 1745
54 1041 225 1041 1745
283 743 227 1042 1746
670 607 221 1042 1746
553 1046 224 1042 1746
361 134 224 1042 1746
196 1043 237 1042 1746
384 15 223 1042 1746
54 1042 227 1042 1746
570 528 225 1042 1746
553 1047 225 1043 1747
361 135 227 1043 1747
196 1044 233 1043 1747
54 1043 223 1043 1747
283 745 223 1044 1748
553 1048 223 1044 1748
361 136 226 1044 1748
196 1045 237 1044 1748
54 1044 231 1044 1748
570 530 223 1045 1749
670 610 227 1045 1749
553 1049 223 1045 1749
166 186 224 1045 1749
361 137 231 1045 1749
196 1046 237 1045 1749
384 18 223 1045 1749
54 1045 225 1045 1749
330 3 234 1045 1749
570 531 221 1046 1750
283 747 221 1046 1750
670 611 221 1046 1750
553 1050 224 1046 1750
196 1047 226 1046 1750
330 4 229 1046 1750
670 612 223 1047 1751
119 1024 225 1047 1751
196 1048 223 1047 1751
782 1004 223 1047 1751
56 478 221 1047 1751
570 533 221 1048 1752
670 613 222 1048 1752
553 1052 229 1048 1752
119 1025 224 1048 1752
196 1049 231 1048 1752
330 6 223 1049 1753
570 534 223 1049 1753
283 750 225 1049 1753
553 1053 229 1049 1753
119 1026 225 1049 1753
361 141 222 1049 1753
570 535 227 1050 1754
283 751 224 1050 1754
119 1027 221 1050 1754
361 142 229 1050 1754
196 1051 230 1050 1754
56 481 221 1050 1754
330 8 221 1051 1755
570 536 229 1051 1755
553 1055 241 1051 1755
361 143 223 1051 1755
196 1052 221 1051 1755
56 482 222 1051 1755
670 617 225 1052 1756
570 537 230 1052 1756
553 1056 233 1052 1756
166 193 221 1052 1756
196 1053 223 1052 1756
56 483 224 1052 1756
283 754 227 1053 1757
570 538 227 1053 1757
553 1057 234 1053 1757
196 1054 226 1053 1757
330 11 222 1054 1758
283 755 225 1054 1758
570 539 226 1054 1758
553 1058 231 1054 1758
782 1011 221 1054 1758
196 1055 231 1054 1758
54 1054 225 1054 1758
56 485 223 1054 1758
330 12 229 1055 1759
283 756 226 1055 1759
570 540 227 1055 1759
553 1059 232 1055 1759
361 147 229 1055 1759
196 1056 233 1055 1759
782 1012 227 1055 1759
713 129 227 1055 1759
54 1055 221 1055 1759
384 28 223 1055 1759
330 13 238 1056 1760
283 757 232 1056 1760
670 621 227 1056 1760
553 1060 237 1056 1760
119 1033 227 1056 1760
361 148 228 1056 1760
196 1057 238 1056 1760
782 1013 224 1056 1760
713 130 221 1056 1760
54 1056 229 1056 1760
384 29 222 1056 1760
330 14 221 1057 1761
283 758 224 1057 1761
670 622 224 1057 1761
570 542 225 1057 1761
553 1061 236 1057 1761
166 198 236 1057 1761
119 1034 229 1057 1761
361 149 234 1057 1761
54 1057 233 1057 1761
196 1059 223 1058 1762
782 1015 227 1058 1762
54 1058 226 1058 1762
361 151 237 1059 1763
196 1060 240 1059 1763
782 1016 222 1059 1763
713 133 231 1059 1763
56 490 225 1059 1763
384 32 227 1059 1763
670 625 221 1060 1764
570 545 224 1060 1764
553 1064 227 1060 1764
166 201 221 1060 1764
196 1061 227 1060 1764
54 1060 224 1060 1764
56 491 221 1060 1764
283 762 224 1061 1765
553 1065 228 1061 1765
119 1038 228 1061 1765
361 153 235 1061 1765
196 1062 229 1061 1765
54 1061 230 1061 1765
283 763 230 1062 1766
553 1066 227 1062 1766
119 1039 227 1062 1766
361 154 230 1062 1766
196 1063 229 1062 1766
782 1019 229 1062 1766
713 136 223 1062 1766
54 1062 223 1062 1766
384 35 223 1063 1767
330 20 225 1063 1767
553 1067 231 1063 1767
166 204 232 1063 1767
361 155 223 1063 1767
196 1064 231 1063 1767
782 1020 221 1063 1767
56 494 223 1063 1767
670 629 222 1064 1768
570 549 228 1064 1768
553 1068 231 1064 1768
166 205 221 1064 1768
361 156 221 1064 1768
196 1065 228 1064 1768
782 1021 229 1064 1768
330 22 222 1065 1769
283 766 227 1065 1769
670 630 224 1065 1769
553 1069 229 1065 1769
196 1066 229 1065 1769
283 767 224 1066 1770
670 631 223 1066 1770
570 551 223 1066 1770
166 207 224 1066 1770
361 158 221 1066 1770
196 1067 223 1066 1770
782 1023 223 1066 1770
54 1066 225 1066 1770
56 497 221 1067 1771
384 39 221 1067 1771
283 768 231 1067 1771
330 24 227 1067 1771
670 632 223 1067 1771
570 552 231 1067 1771
553 1071 223 1067 1771
166 208 224 1067 1771
361 159 227 1067 1771
196 1068 231 1067 1771
782 1024 224 1067 1771
56 498 221 1068 1772
330 25 224 1068 1772
283 769 223 1068 1772
553 1072 235 1068 1772
166 209 221 1068 1772
196 1069 227 1068 1772
713 142 224 1068 1772
670 634 225 1069 1773
384 41 225 1069 1773
330 26 225 1069 1773
570 554 232 1069 1773
553 1073 237 1069 1773
166 210 225 1069 1773
361 161 224 1069 1773
54 1069 222 1069 1773
56 500 221 1069 1773
670 635 225 1070 1774
570 555 224 1070 1774
283 771 222 1070 1774
553 1074 229 1070 1774
782 1027 223 1070 1774
54 1070 223 1070 1774
713 144 225 1070 1774
330 28 222 1071 1775
570 556 222 1071 1775
670 636 223 1071 1775
553 1075 241 1071 1775
166 212 224 1071 1775
782 1028 222 1071 1775
713 145 221 1071 1775
330 29 238 1072 1776
283 773 226 1072 1776
570 557 223 1072 1776
670 637 228 1072 1776
553 1076 239 1072 1776
119 1049 223 1072 1776
361 164 223 1072 1776
196 1073 237 1072 1776
782 1029 224 1072 1776
54 1072 229 1072 1776
713 146 223 1072 1776
330 30 223 1072 1776
570 558 224 1073 1777
553 1077 229 1073 1777
119 1050 223 1073 1777
361 165 223 1073 1777
196 1074 235 1073 1777
782 1030 221 1073 1777
54 1073 223 1073 1777
330 31 221 1073 1777
570 559 221 1074 1778
553 1078 229 1074 1778
361 166 221 1074 1778
54 1074 225 1074 1778
713 148 225 1074 1778
330 32 227 1074 1778
384 47 222 1075 1779
670 640 225 1075 1779
570 560 233 1075 1779
283 776 224 1075 1779
196 1076 231 1075 1779
713 149 223 1075 1779
330 33 225 1076 1780
283 777 221 1076 1780
570 561 221 1076 1780
196 1077 222 1076 1780
782 1033 221 1076 1780
713 150 223 1076 1780
670 642 222 1077 1781
570 562 221 1077 1781
553 1081 221 1077 1781
553 1082 228 1078 1782
196 1079 221 1078 1782
670 644 224 1078 1782
283 780 228 1079 1783
570 564 221 1079 1783
553 1083 222 1079 1783
166 220 224 1079 1783
196 1080 221 1079 1783
330 37 223 1080 1784
283 781 221 1080 1784
570 565 221 1080 1784
553 1084 225 1080 1784
196 1081 224 1080 1784
330 38 221 1081 1785
283 782 225 1081 1785
553 1085 232 1081 1785
713 155 221 1081 1785
330 39 222 1082 1786
196 1083 226 1082 1786
570 568 221 1083 1787
553 1087 224 1083 1787
196 1084 227 1083 1787
713 157 221 1083 1787
330 41 224 1084 1788
283 785 221 1084 1788
570 569 223 1084 1788
553 1088 233 1084 1788
166 225 225 1084 1788
196 1085 223 1084 1788
670 650 223 1084 1788
330 42 234 1085 1789
384 57 221 1085 1789
570 570 223 1085 1789
119 1062 221 1085 1789
782 1042 223 1085 1789
384 58 223 1086 1790
570 571 233 1086 1790
553 1090 229 1086 1790
166 227 229 1086 1790
196 1087 235 1086 1790
782 1043 227 1086 1790
54 1086 227 1086 1790
330 44 233 1087 1791
570 572 224 1087 1791
166 228 221 1087 1791
196 1088 229 1087 1791
782 1044 221 1087 1791
54 1087 233 1087 1791
713 161 221 1087 1791
553 1092 223 1088 1792
166 229 222 1088 1792
196 1089 226 1088 1792
54 1088 227 1088 1792
330 46 229 1089 1793
553 1093 233 1089 1793
166 230 221 1089 1793
361 181 222 1089 1793
196 1090 235 1089 1793
782 1046 227 1089 1793
54 1089 223 1089 1793
670 655 222 1090 1794
330 47 221 1090 1794
553 1094 229 1090 1794
166 231 226 1090 1794
196 1091 225 1090 1794
54 1090 225 1090 1794
330 48 227 1091 1795
283 792 229 1091 1795
570 576 221 1091 1795
361 183 224 1091 1795
196 1092 236 1091 1795
782 1048 223 1091 1795
54 1091 230 1091 1795
384 64 221 1092 1796
283 793 221 1092 1796
553 1096 227 1092 1796
361 184 222 1092 1796
196 1093 230 1092 1796
782 1049 223 1092 1796
54 1092 226 1092 1796
330 50 223 1093 1797
670 658 221 1093 1797
384 65 221 1093 1797
553 1097 228 1093 1797
570 578 223 1093 1797
361 185 221 1093 1797
196 1094 232 1093 1797
54 1093 227 1093 1797
670 659 221 1094 1798
283 795 221 1094 1798
553 1098 224 1094 1798
166 235 226 1094 1798
361 186 224 1094 1798
782 1051 221 1094 1798
54 1094 223 1094 1798
553 1099 225 1095 1799
570 580 225 1095 1799
166 236 221 1095 1799
361 187 223 1095 1799
196 1096 233 1095 1799
54 1095 228 1095 1799
713 169 227 1096 1800
283 797 226 1096 1800
553 1100 229 1096 1800
570 581 231 1096 1800
166 237 226 1096 1800
361 188 221 1096 1800
196 1097 232 1096 1800
782 1053 223 1096 1800
54 1096 228 1096 1800
384 69 222 1097 1801
570 582 223 1097 1801
553 1101 227 1097 1801
166 238 223 1097 1801
361 189 224 1097 1801
196 1098 227 1097 1801
54 1097 225 1097 1801
283 799 221 1098 1802
570 583 221 1098 1802
553 1102 229 1098 1802
166 239 225 1098 1802
361 190 221 1098 1802
196 1099 221 1098 1802
54 1098 227 1098 1802
283 800 226 1099 1803
166 240 223 1099 1803
361 191 227 1099 1803
54 1099 223 1099 1803
782 1056 221 1099 1803
330 57 222 1099 1803
713 173 223 1100 1804
384 72 223 1100 1804
283 801 227 1100 1804
570 585 227 1100 1804
553 1104 230 1100 1804
361 192 225 1100 1804
196 1101 229 1100 1804
54 1100 223 1100 1804
330 58 223 1100 1804
283 802 229 1101 1805
553 1105 227 1101 1805
166 242 222 1101 1805
361 193 224 1101 1805
196 1102 232 1101 1805
54 1101 227 1101 1805
670 667 223 1102 1806
384 74 221 1102 1806
283 803 226 1102 1806
56 532 221 1102 1806
553 1106 229 1102 1806
570 587 223 1102 1806
166 243 223 1102 1806
361 194 227 1102 1806
196 1103 234 1102 1806
713 176 222 1103 1807
384 75 226 1103 1807
570 588 221 1103 1807
553 1107 226 1103 1807
166 244 229 1103 1807
361 195 226 1103 1807
196 1104 233 1103 1807
54 1103 227 1103 1807
782 1060 225 1103 1807
330 61 225 1104 1808
713 177 221 1104 1808
570 589 222 1104 1808
166 245 223 1104 1808
361 196 223 1104 1808
196 1105 233 1104 1808
54 1104 221 1104 1808
330 62 225 1105 1809
570 590 221 1105 1809
553 1109 224 1105 1809
166 246 224 1105 1809
361 197 224 1105 1809
196 1106 230 1105 1809
54 1105 227 1105 1809
384 78 221 1106 1810
570 591 221 1106 1810
553 1110 225 1106 1810
166 247 223 1106 1810
361 198 223 1106 1810
196 1107 224 1106 1810
54 1106 222 1106 1810
553 1111 231 1107 1811
166 248 224 1107 1811
54 1107 223 1107 1811
330 65 221 1108 1812
166 249 223 1108 1812
361 200 224 1108 1812
196 1109 225 1108 1812
54 1108 226 1108 1812
384 81 223 1109 1813
553 1113 224 1109 1813
570 594 223 1109 1813
196 1110 235 1109 1813
54 1109 225 1109 1813
330 67 224 1110 1814
384 82 223 1110 1814
553 1114 227 1110 1814
570 595 231 1110 1814
166 251 227 1110 1814
119 1087 221 1110 1814
361 202 222 1110 1814
196 1111 241 1110 1814
54 1110 231 1110 1814
713 184 224 1110 1814
330 68 222 1110 1814
670 676 225 1111 1815
384 83 221 1111 1815
283 812 221 1111 1815
570 596 222 1111 1815
166 252 224 1111 1815
361 203 225 1111 1815
196 1112 235 1111 1815
54 1111 230 1111 1815
670 677 225 1112 1816
384 84 223 1112 1816
553 1116 229 1112 1816
166 253 223 1112 1816
361 204 227 1112 1816
196 1113 233 1112 1816
54 1112 227 1112 1816
713 186 223 1112 1816
330 70 231 1112 1816
384 85 225 1113 1817
670 678 225 1113 1817
553 1117 225 1113 1817
166 254 237 1113 1817
119 1090 223 1113 1817
361 205 226 1113 1817
196 1114 231 1113 1817
713 187 224 1113 1817
330 71 227 1113 1817
384 86 225 1114 1818
670 679 225 1114 1818
283 815 224 1114 1818
553 1118 225 1114 1818
570 599 229 1114 1818
166 255 229 1114 1818
119 1091 224 1114 1818
361 206 223 1114 1818
196 1115 231 1114 1818
782 1071 233 1114 1818
54 1114 226 1114 1818
713 188 225 1114 1818
330 72 225 1114 1818
384 87 227 1115 1819
553 1119 223 1115 1819
570 600 223 1115 1819
166 256 222 1115 1819
361 207 229 1115 1819
782 1072 231 1115 1819
54 1115 233 1115 1819
713 189 225 1115 1819
330 73 233 1115 1819
553 1120 227 1116 1820
570 601 225 1116 1820
119 1093 221 1116 1820
361 208 227 1116 1820
196 1117 239 1116 1820
782 1073 226 1116 1820
54 1116 225 1116 1820
330 74 223 1116 1820
384 89 222 1116 1820
283 818 221 1117 1821
166 258 235 1117 1821
723 32 221 1117 1821
119 1094 221 1117 1821
196 1118 237 1117 1821
782 1074 227 1117 1821
54 1117 223 1117 1821
713 191 227 1117 1821
330 75 235 1117 1821
670 683 222 1117 1821
283 819 227 1118 1822
553 1122 225 1118 1822
570 603 221 1118 1822
166 259 235 1118 1822
119 1095 225 1118 1822
723 33 225 1118 1822
361 210 229 1118 1822
196 1119 237 1118 1822
782 1075 225 1118 1822
54 1118 230 1118 1822
330 76 225 1118 1822
713 192 223 1118 1822
384 91 227 1118 1822
283 820 235 1119 1823
553 1123 233 1119 1823
570 604 233 1119 1823
166 260 227 1119 1823
119 1096 225 1119 1823
361 211 223 1119 1823
196 1120 223 1119 1823
782 1076 225 1119 1823
54 1119 225 1119 1823
330 77 230 1119 1823
713 193 229 1119 1823
384 92 222 1119 1823
56 550 221 1120 1824
283 821 229 1120 1824
553 1124 225 1120 1824
570 605 225 1120 1824
166 261 233 1120 1824
723 35 221 1120 1824
119 1097 225 1120 1824
361 212 228 1120 1824
196 1121 237 1120 1824
782 1077 221 1120 1824
54 1120 226 1120 1824
330 78 223 1120 1824
713 194 222 1120 1824
670 686 225 1120 1824
384 93 231 1120 1824
283 822 224 1121 1825
166 262 229 1121 1825
119 1098 227 1121 1825
361 213 227 1121 1825
196 1122 233 1121 1825
782 1078 224 1121 1825
54 1121 227 1121 1825
330 79 234 1121 1825
670 687 223 1121 1825
384 94 225 1121 1825
283 823 226 1122 1826
56 552 223 1122 1826
553 1126 238 1122 1826
570 607 225 1122 1826
166 263 229 1122 1826
723 37 225 1122 1826
119 1099 235 1122 1826
361 214 226 1122 1826
196 1123 227 1122 1826
782 1079 225 1122 1826
54 1122 227 1122 1826
670 688 223 1122 1826
330 80 223 1122 1826
713 196 233 1122 1826
283 824 222 1123 1827
553 1127 235 1123 1827
166 264 233 1123 1827
570 608 229 1123 1827
723 38 224 1123 1827
119 1100 221 1123 1827
361 215 230 1123 1827
196 1124 227 1123 1827
782 1080 225 1123 1827
54 1123 228 1123 1827
670 689 221 1123 1827
330 81 223 1123 1827
713 197 223 1123 1827
384 96 227 1123 1827
283 825 227 1124 1828
166 265 232 1124 1828
570 609 225 1124 1828
361 216 224 1124 1828
196 1125 229 1124 1828
782 1081 223 1124 1828
54 1124 233 1124 1828
670 690 223 1124 1828
713 198 226 1124 1828
384 97 229 1124 1828
283 826 221 1125 1829
553 1129 229 1125 1829
56 555 221 1125 1829
166 266 229 1125 1829
723 41 225 1126 1830
119 1103 239 1126 1830
361 218 227 1126 1830
670 692 221 1126 1830
384 99 224 1126 1830
553 1131 234 1127 1831
384 100 222 1127 1831
553 1132 223 1128 1832
119 1105 233 1128 1832
330 86 233 1128 1832
384 101 229 1128 1832
283 830 235 1129 1833
553 1133 237 1129 1833
570 614 221 1129 1833
361 221 224 1129 1833
54 1129 225 1129 1833
384 102 222 1129 1833
330 87 223 1129 1833
553 1134 227 1130 1834
119 1107 227 1130 1834
361 222 223 1130 1834
54 1130 225 1130 1834
384 103 222 1130 1834
330 88 221 1130 1834
713 204 221 1130 1834
283 832 230 1131 1835
553 1135 233 1131 1835
119 1108 223 1131 1835
361 223 227 1131 1835
782 1088 223 1131 1835
384 104 223 1131 1835
283 833 223 1132 1836
553 1136 225 1132 1836
570 617 227 1132 1836
119 1109 225 1132 1836
361 224 226 1132 1836
196 1133 221 1132 1836
54 1132 222 1132 1836
330 90 223 1132 1836
713 206 225 1132 1836
283 834 224 1133 1837
553 1137 233 1133 1837
570 618 228 1133 1837
119 1110 229 1133 1837
361 225 226 1133 1837
330 91 227 1133 1837
713 207 221 1133 1837
384 106 223 1133 1837
553 1138 231 1134 1838
119 1111 223 1134 1838
361 226 237 1134 1838
196 1135 223 1134 1838
330 92 223 1134 1838
553 1139 228 1135 1839
361 227 226 1135 1839
119 1112 225 1135 1839
782 1092 221 1135 1839
330 93 224 1135 1839
670 701 223 1135 1839
384 108 222 1135 1839
553 1140 224 1136 1840
570 621 221 1136 1840
119 1113 221 1136 1840
361 228 223 1136 1840
782 1093 225 1136 1840
283 838 225 1136 1840
553 1141 227 1137 1841
570 622 227 1137 1841
361 229 230 1137 1841
119 1114 229 1137 1841
54 1137 227 1137 1841
283 839 223 1137 1841
553 1142 224 1138 1842
570 623 224 1138 1842
361 230 227 1138 1842
119 1115 231 1138 1842
283 840 221 1138 1842
553 1143 237 1139 1843
570 624 227 1139 1843
361 231 229 1139 1843
119 1116 222 1139 1843
54 1139 223 1139 1843
782 1096 223 1139 1843
283 841 226 1140 1844
553 1144 223 1140 1844
570 625 226 1140 1844
361 232 233 1140 1844
119 1117 223 1140 1844
330 98 229 1140 1844
670 706 221 1140 1844
283 842 227 1140 1844
553 1145 225 1141 1845
361 233 223 1141 1845
119 1118 230 1141 1845
54 1141 221 1141 1845
553 1146 229 1141 1845
570 627 224 1142 1846
361 234 227 1142 1846
119 1119 227 1142 1846
553 1147 225 1142 1846
56 573 221 1143 1847
570 628 229 1143 1847
361 235 229 1143 1847
119 1120 224 1143 1847
782 1100 221 1143 1847
384 116 224 1143 1847
283 845 224 1143 1847
553 1148 234 1143 1847
570 629 230 1144 1848
361 236 237 1144 1848
119 1121 226 1144 1848
782 1101 221 1144 1848
384 117 223 1144 1848
713 218 229 1144 1848
283 846 225 1144 1848
553 1149 222 1144 1848
56 575 221 1145 1849
570 630 229 1145 1849
361 237 238 1145 1849
119 1122 224 1145 1849
54 1145 225 1145 1849
330 103 221 1145 1849
384 118 223 1145 1849
553 1150 222 1145 1849
570 631 229 1146 1850
361 238 229 1146 1850
119 1123 237 1146 1850
54 1146 225 1146 1850
553 1151 229 1147 1851
570 632 222 1147 1851
361 239 229 1147 1851
119 1124 236 1147 1851
196 1148 223 1147 1851
54 1147 237 1147 1851
330 105 223 1147 1851
782 1104 229 1147 1851
570 633 225 1148 1852
119 1125 221 1148 1852
553 1154 223 1150 1854
670 716 221 1150 1854
713 224 222 1150 1854
283 852 229 1150 1854
384 123 225 1150 1854
553 1155 222 1151 1855
570 636 227 1151 1855
119 1128 233 1151 1855
713 225 221 1151 1855
196 1153 221 1152 1856
782 1109 235 1152 1856
783 1148 224 1153 1857
330 111 221 1153 1857
553 1158 222 1153 1857
678 590 224 1156 1860
372 214 221 1156 1860
358 11 221 1156 1860
104 1163 233 1156 1860
218 235 239 1157 1861
143 409 223 1157 1861
644 162 237 1157 1861
104 1164 231 1157 1861
218 236 229 1158 1862
143 410 225 1158 1862
372 216 231 1158 1862
644 163 222 1158 1862
313 331 223 1158 1862
143 411 223 1159 1863
358 14 232 1159 1863
644 164 247 1159 1863
104 1166 228 1159 1863
143 412 226 1160 1864
358 15 242 1160 1864
644 165 241 1160 1864
104 1167 221 1160 1864
129 1180 228 1161 1865
749 849 223 1161 1865
644 166 239 1161 1865
104 1168 223 1161 1865
600 1149 232 1161 1865
129 1181 229 1162 1866
644 167 242 1162 1866
78 619 241 1162 1866
104 1169 241 1162 1866
600 1150 222 1162 1866
129 1182 232 1163 1867
358 18 237 1163 1867
644 168 244 1163 1867
78 620 237 1163 1867
104 1170 228 1163 1867
600 1151 221 1163 1867
129 1183 227 1164 1868
358 19 222 1164 1868
644 169 244 1164 1868
104 1171 246 1164 1868
32 1153 226 1165 1869
104 1172 235 1165 1869
143 418 221 1166 1870
104 1173 233 1166 1870
600 1154 233 1166 1870
143 419 227 1167 1871
32 1155 237 1167 1871
749 855 235 1167 1871
104 1175 228 1168 1872
600 1156 222 1168 1872
224 1083 237 1168 1872
104 1176 228 1169 1873
600 1157 225 1169 1873
644 175 244 1169 1873
224 1084 226 1169 1873
143 2 225 1170 1874
104 1178 235 1171 1875
600 1159 244 1171 1875
129 1191 225 1171 1875
104 1179 227 1172 1876
339 1166 227 1172 1876
600 1160 224 1172 1876
129 1192 225 1172 1876
644 178 223 1172 1876
104 1180 223 1173 1877
600 1161 236 1173 1877
644 179 223 1173 1877
104 1181 226 1174 1878
129 1194 241 1174 1878
644 180 226 1174 1878
