1 119 224 1 691
1 121 223 3 693
716 1 223 4 694
716 2 225 4 694
1 123 222 5 695
716 3 235 5 695
364 3 227 6 696
1 124 233 6 696
716 4 231 6 696
335 3 235 7 697
364 4 221 7 697
1 125 221 7 697
716 5 229 7 697
335 4 225 8 698
275 6 225 8 698
364 5 229 8 698
716 6 221 8 698
275 7 223 9 699
364 6 227 9 699
325 3 224 9 699
716 7 224 10 700
325 4 221 10 700
335 7 229 10 700
275 9 225 10 700
716 8 223 10 700
364 8 225 11 701
716 9 225 11 701
275 11 225 12 702
716 10 233 13 703
364 10 225 13 703
325 7 221 13 703
1 131 221 13 703
275 12 221 13 703
325 8 221 14 704
716 12 227 15 705
716 13 228 16 706
364 13 228 16 706
716 15 226 18 708
325 12 225 18 708
716 16 229 19 709
275 18 228 20 710
716 17 233 20 710
364 17 231 20 710
325 14 223 20 710
275 19 225 20 710
335 17 226 21 711
716 18 237 21 711
364 18 221 21 711
325 15 225 21 711
275 20 227 22 712
1 139 225 22 712
716 19 223 22 712
364 19 223 22 712
686 1 221 22 712
325 16 223 22 712
275 21 223 23 713
1 140 223 23 713
716 20 237 23 713
364 20 227 23 713
686 2 232 23 713
325 17 225 23 713
275 22 223 24 714
716 21 226 24 714
364 21 224 24 714
364 22 231 25 715
325 20 231 26 716
275 25 223 26 716
1 144 224 27 717
716 24 223 27 717
325 21 224 27 717
275 26 223 28 718
1 145 224 28 718
325 22 227 28 718
1 146 225 29 719
716 26 221 29 719
364 26 242 29 719
325 23 222 29 719
1 147 222 30 720
716 27 225 30 720
686 9 228 30 720
364 28 223 31 721
325 25 222 31 721
716 29 225 32 722
364 29 236 32 722
686 11 225 32 722
716 30 221 33 723
364 30 222 33 723
686 12 223 33 723
716 31 227 34 724
1 151 221 34 724
325 28 227 34 724
716 32 225 35 725
1 152 222 35 725
686 14 222 35 725
325 29 230 35 725
716 33 227 36 726
364 33 231 36 726
335 33 226 37 727
364 34 223 37 727
275 38 223 40 730
716 37 225 40 730
686 19 221 40 730
325 34 221 40 730
275 39 222 41 731
716 39 225 42 732
716 42 221 45 735
325 39 223 45 735
335 43 221 47 737
716 44 221 47 737
325 41 221 47 737
335 44 221 47 737
716 45 221 48 738
275 46 224 48 738
364 45 223 48 738
325 42 228 48 738
335 45 222 48 738
716 46 230 49 739
325 43 226 49 739
716 47 224 50 740
686 29 222 50 740
335 47 227 51 741
686 30 222 51 741
325 45 231 51 741
335 48 223 52 742
716 49 222 52 742
686 31 221 52 742
335 49 221 53 743
686 32 224 53 743
716 52 222 55 745
364 52 221 55 745
686 34 221 55 745
325 49 223 55 745
335 52 225 56 746
716 53 223 56 746
686 35 222 56 746
716 54 221 57 747
364 54 222 57 747
686 37 221 58 748
716 56 222 59 749
325 54 223 60 750
275 59 225 61 751
275 60 221 61 751
716 59 224 62 752
325 56 224 62 752
275 61 221 62 752
716 60 223 63 753
335 60 224 63 753
364 61 222 64 754
335 61 221 64 754
325 58 228 64 754
1 182 223 65 755
335 62 221 65 755
325 59 229 65 755
716 63 221 66 756
364 63 221 66 756
335 63 225 66 756
325 60 222 66 756
716 64 234 67 757
364 64 225 67 757
686 46 221 67 757
335 64 230 67 757
275 66 227 67 757
716 65 225 68 758
716 67 227 70 760
325 65 227 71 761
325 66 225 72 762
325 67 225 73 763
325 68 222 74 764
335 71 223 74 764
325 69 233 75 765
716 73 227 76 766
325 70 231 76 766
716 75 222 78 768
335 76 235 79 769
716 77 221 80 770
325 74 223 80 770
335 77 227 80 770
335 78 230 81 771
335 79 227 82 772
275 81 223 83 773
325 77 225 83 773
335 80 235 83 773
716 81 231 84 774
325 78 228 84 774
275 83 231 85 775
275 84 221 86 776
691 73 225 87 777
193 71 221 87 777
168 69 229 87 777
610 11 223 87 777
247 83 230 87 777
158 32 233 87 777
311 1 223 88 778
409 9 223 88 778
538 69 226 88 778
589 93 231 88 778
591 78 237 88 778
734 1 232 88 778
565 85 224 88 778
176 33 243 89 779
596 81 233 89 779
571 73 235 90 780
734 4 221 91 781
430 84 231 91 781
47 82 223 91 781
666 87 233 92 782
734 5 223 92 782
247 88 229 92 782
47 83 226 92 782
430 87 223 94 784
734 7 224 94 784
666 90 222 95 785
40 65 225 95 785
666 91 236 96 786
40 66 223 96 786
734 9 222 96 786
247 92 223 96 786
734 10 221 97 787
247 93 221 97 787
666 93 224 98 788
187 86 227 98 788
734 11 223 98 788
767 94 227 98 788
666 94 223 99 789
734 12 223 99 789
767 95 229 99 789
40 70 222 100 790
734 13 223 100 790
677 41 233 100 790
715 5 225 100 790
666 96 221 101 791
40 71 225 101 791
187 89 227 101 791
767 97 222 101 791
677 42 228 101 791
715 6 226 101 791
288 97 222 101 791
666 97 229 102 792
779 64 226 102 792
187 90 222 102 792
677 43 247 102 792
757 73 223 103 793
187 91 222 103 793
767 99 223 103 793
715 8 223 103 793
288 99 225 103 793
40 74 221 104 794
187 92 221 104 794
677 45 246 104 794
288 100 231 104 794
666 100 229 105 795
40 75 221 105 795
247 101 221 105 795
537 87 221 105 795
677 46 241 105 795
288 101 234 105 795
757 76 223 106 796
779 68 228 106 796
677 47 238 106 796
715 11 221 106 796
779 69 227 107 797
677 48 237 107 797
666 103 226 108 798
97 24 231 108 798
537 90 223 108 798
666 104 223 109 799
187 97 223 109 799
779 71 221 109 799
199 105 223 110 800
187 98 229 110 800
97 26 223 110 800
677 51 241 110 800
40 81 224 111 801
430 10 223 111 801
187 99 227 111 801
677 52 235 111 801
666 107 223 112 802
187 100 223 112 802
677 53 228 112 802
677 54 232 113 803
757 84 221 114 804
187 102 223 114 804
767 110 225 114 804
677 55 222 114 804
97 32 221 116 806
40 87 221 117 807
430 16 221 117 807
187 105 222 117 807
430 17 223 118 808
187 106 224 118 808
767 114 224 118 808
677 60 230 119 809
187 108 223 120 810
677 61 224 120 810
430 20 221 121 811
187 109 221 121 811
677 62 225 121 811
677 63 233 122 812
537 104 221 122 812
551 15 221 122 812
734 35 225 122 812
288 118 225 122 812
666 118 227 123 813
779 85 221 123 813
199 119 223 124 814
551 17 221 124 814
677 66 223 125 815
734 38 228 125 815
677 67 222 126 816
757 97 222 127 817
430 26 225 127 817
677 68 221 127 817
757 98 221 128 818
677 69 225 128 818
187 117 221 129 819
97 45 241 129 819
677 70 229 129 819
199 126 223 131 821
677 1 222 131 821
187 120 221 132 822
187 121 221 133 823
247 129 221 133 823
666 129 221 134 824
40 104 221 134 824
666 130 222 135 825
677 5 226 135 825
666 131 225 136 826
677 6 240 136 826
40 106 221 136 826
734 49 225 136 826
199 132 223 137 827
666 132 229 137 827
677 7 239 137 827
40 107 221 137 827
187 125 222 137 827
677 8 235 138 828
187 126 225 138 828
666 134 223 139 829
757 109 221 139 829
677 9 235 139 829
551 32 221 139 829
199 135 223 140 830
677 10 237 140 830
666 136 223 141 831
677 11 225 141 831
779 103 221 141 831
187 129 227 141 831
757 112 226 142 832
677 12 227 142 832
187 130 221 142 832
199 138 223 143 833
677 13 233 143 833
677 14 236 144 834
677 15 235 145 835
677 16 229 146 836
666 142 221 147 837
677 17 233 147 837
666 143 222 148 838
677 18 235 148 838
677 19 236 149 839
666 145 225 150 840
677 20 238 150 840
666 146 224 151 841
757 121 222 151 841
677 21 239 151 841
666 147 227 152 842
677 22 238 152 842
666 148 222 153 843
677 23 237 153 843
666 149 223 154 844
677 24 234 154 844
666 150 221 155 845
677 25 235 155 845
187 143 222 155 845
677 26 237 156 846
677 27 239 157 847
734 70 223 157 847
199 153 221 158 848
677 28 238 158 848
187 146 221 158 848
734 71 222 158 848
677 29 231 159 849
187 147 221 159 849
666 155 229 160 850
677 30 225 160 850
187 148 230 160 850
199 156 223 161 851
677 31 227 161 851
187 149 230 161 851
199 157 223 162 852
757 132 223 162 852
677 32 226 162 852
537 144 221 162 852
199 158 225 163 853
757 133 225 163 853
677 33 228 163 853
187 151 221 163 853
767 159 222 163 853
199 159 227 164 854
666 159 225 164 854
757 134 225 164 854
677 34 225 164 854
677 35 232 165 855
677 36 231 166 856
677 37 224 167 857
187 155 226 167 857
779 129 224 167 857
537 149 224 167 857
677 38 232 168 858
779 130 221 168 858
187 156 228 168 858
537 150 221 168 858
199 164 221 169 859
666 164 222 169 859
677 39 241 169 859
187 157 227 169 859
677 40 239 170 860
187 158 223 170 860
677 41 235 171 861
187 159 224 171 861
677 42 237 172 862
779 134 221 172 862
187 160 225 172 862
537 154 221 172 862
677 43 237 173 863
187 161 221 173 863
677 44 236 174 864
666 170 225 175 865
677 45 237 175 865
666 171 229 176 866
757 146 221 176 866
677 46 229 176 866
40 146 221 176 866
734 89 221 176 866
551 69 224 176 866
715 81 223 177 867
199 172 222 177 867
757 147 221 177 867
677 47 233 177 867
551 70 223 177 867
199 173 222 178 868
666 173 227 178 868
757 148 221 178 868
677 48 229 178 868
779 140 221 178 868
734 91 226 178 868
187 167 222 179 869
734 92 224 179 869
677 50 224 180 870
430 79 221 180 870
187 168 221 180 870
734 93 225 180 870
666 176 223 181 871
187 169 224 181 871
779 143 221 181 871
537 163 221 181 871
677 52 233 182 872
187 170 225 182 872
734 95 225 182 872
677 53 235 183 873
779 145 221 183 873
734 96 221 183 873
677 54 241 184 874
734 97 222 184 874
199 180 223 185 875
677 55 235 185 875
187 173 225 185 875
199 181 223 186 876
677 56 230 186 876
199 182 221 187 877
677 57 225 187 877
187 175 221 187 877
767 183 221 187 877
677 58 230 188 878
767 184 221 188 878
677 59 225 189 879
677 60 231 190 880
677 61 232 191 881
734 104 221 191 881
537 173 221 191 881
677 62 227 192 882
757 162 223 192 882
734 105 225 192 882
551 85 223 192 882
666 188 222 193 883
677 63 229 193 883
40 163 227 193 883
757 163 223 193 883
187 181 227 193 883
734 106 227 193 883
677 64 227 194 884
757 164 221 194 884
187 182 225 194 884
734 107 226 194 884
677 65 222 195 885
677 66 224 196 886
677 67 232 197 887
677 68 237 198 888
187 186 222 198 888
677 69 235 199 889
187 187 221 199 889
199 195 222 199 889
677 70 228 200 890
677 71 235 201 891
757 171 221 201 891
767 197 223 201 891
677 72 228 202 892
757 172 225 202 892
187 191 221 203 893
677 74 224 204 894
757 174 228 204 894
187 192 224 204 894
666 200 225 205 895
677 75 221 205 895
757 175 227 205 895
187 193 222 205 895
666 201 228 206 896
677 76 227 206 896
757 176 223 206 896
187 194 222 206 896
779 168 222 206 896
551 99 223 206 896
537 188 223 206 896
199 202 229 206 896
666 202 225 207 897
677 77 223 207 897
187 195 225 207 897
767 203 223 207 897
199 203 227 207 897
666 203 227 208 898
677 78 225 208 898
187 196 225 208 898
767 204 223 208 898
288 204 221 208 898
551 101 224 208 898
199 204 223 208 898
666 204 231 209 899
677 79 224 209 899
666 205 222 210 900
430 109 221 210 900
551 103 221 210 900
666 206 232 211 901
97 21 221 211 901
187 199 223 211 901
199 207 223 212 902
666 207 225 212 902
677 82 227 212 902
97 22 222 212 902
430 111 235 212 902
187 200 222 212 902
677 83 223 213 903
757 183 225 213 903
677 84 227 214 904
187 202 222 214 904
199 210 221 214 904
677 85 229 215 905
666 211 221 216 906
677 86 231 216 906
677 88 233 218 908
187 206 226 218 908
677 89 223 219 909
757 189 223 219 909
734 132 223 219 909
199 215 224 220 910
666 215 223 220 910
677 90 225 220 910
187 208 226 220 910
666 216 226 221 911
677 91 228 221 911
430 120 223 221 911
40 191 221 221 911
187 209 221 221 911
288 217 223 221 911
666 217 227 222 912
551 114 221 222 912
677 92 233 222 912
40 192 223 222 912
187 210 224 222 912
288 218 224 222 912
551 115 225 223 913
734 136 221 223 913
677 94 235 224 914
40 194 221 224 914
734 137 227 224 914
199 220 225 225 915
715 129 223 225 915
677 95 239 225 915
430 124 223 225 915
734 138 225 225 915
666 221 223 226 916
199 221 223 226 916
715 130 223 226 916
677 96 239 226 916
430 125 223 226 916
187 214 223 226 916
199 222 223 227 917
715 131 225 227 917
677 97 239 227 917
430 126 222 227 917
199 223 222 228 918
715 132 225 228 918
677 98 243 228 918
97 38 225 228 918
430 127 223 228 918
187 216 222 228 918
288 224 223 228 918
734 141 223 228 918
715 133 224 229 919
199 224 222 229 919
677 99 234 229 919
97 39 223 229 919
430 128 221 229 919
187 217 221 229 919
715 134 225 230 920
551 122 221 230 920
677 100 231 230 920
97 40 221 230 920
430 129 222 230 920
187 218 221 230 920
734 143 222 230 920
199 226 225 231 921
551 123 221 231 921
715 135 222 231 921
677 101 237 231 921
97 41 221 231 921
199 227 225 232 922
677 102 235 232 922
97 42 221 232 922
187 220 221 232 922
734 145 227 233 923
199 228 223 233 923
715 137 223 233 923
677 103 231 233 923
97 43 222 233 923
187 221 224 233 923
734 146 224 233 923
537 215 221 234 924
715 138 221 234 924
677 104 228 234 924
187 222 223 234 924
40 204 225 234 924
677 105 229 235 925
187 223 221 235 925
677 106 230 236 926
187 224 224 236 926
199 232 221 237 927
757 207 223 237 927
40 207 226 237 927
666 233 227 238 928
677 108 221 238 928
187 226 226 238 928
677 109 231 239 929
677 110 244 240 930
757 210 221 240 930
187 228 223 240 930
677 111 238 241 931
767 237 221 241 931
199 237 227 242 932
677 112 239 242 932
187 230 222 242 932
767 238 221 242 932
199 238 226 243 933
677 113 246 243 933
199 239 227 244 934
187 232 229 244 934
734 157 221 245 935
199 240 226 245 935
715 149 221 245 935
677 115 222 245 935
677 116 235 246 936
187 234 223 246 936
537 228 222 247 937
199 242 221 247 937
715 151 221 247 937
187 235 223 247 937
779 209 221 248 938
551 140 223 248 938
199 243 223 248 938
677 118 236 248 938
551 141 225 249 939
677 119 237 249 939
715 153 225 249 939
40 219 223 249 939
537 231 222 250 940
551 142 221 250 940
677 120 230 250 940
715 154 223 250 940
430 149 222 250 940
187 238 226 250 940
734 163 225 251 941
537 232 221 251 941
288 246 223 251 941
779 212 223 251 941
199 246 227 251 941
677 121 226 251 941
430 150 225 251 941
757 221 221 251 941
734 164 225 252 942
288 247 222 252 942
537 233 225 252 942
779 213 226 252 942
199 247 225 252 942
677 122 233 252 942
97 62 221 252 942
715 156 221 252 942
187 240 233 252 942
734 165 235 252 942
288 248 221 253 943
537 234 221 253 943
779 214 226 253 943
199 248 223 253 943
677 123 226 253 943
97 63 223 253 943
715 157 221 253 943
187 241 223 253 943
734 166 226 253 943
288 249 221 254 944
537 235 225 254 944
779 215 224 254 944
199 249 229 254 944
677 124 233 254 944
187 242 224 254 944
247 250 225 254 944
537 236 223 255 945
779 216 223 255 945
199 250 227 255 945
677 125 229 255 945
97 65 221 255 945
757 225 222 255 945
187 243 233 255 945
247 251 225 255 945
537 237 225 256 946
779 217 223 256 946
199 251 223 256 946
677 126 240 256 946
715 160 222 256 946
666 252 227 257 947
779 218 225 257 947
551 149 221 257 947
677 127 232 257 947
757 227 224 257 947
247 253 227 257 947
779 219 222 258 948
199 253 221 258 948
677 128 226 258 948
757 228 231 258 948
40 228 222 258 948
247 254 233 258 948
666 254 227 259 949
199 254 223 259 949
551 151 222 259 949
677 129 223 259 949
40 229 221 259 949
187 247 221 259 949
677 130 227 260 950
677 131 231 261 951
187 249 223 261 951
199 257 225 262 952
677 132 229 262 952
537 244 223 263 953
199 258 222 263 953
677 133 222 263 953
430 162 221 263 953
757 233 223 263 953
677 134 228 264 954
757 234 226 264 954
247 260 227 264 954
537 246 223 265 955
288 260 222 265 955
199 260 232 265 955
97 75 223 265 955
677 135 235 265 955
247 261 223 265 955
537 247 223 266 956
734 178 226 266 956
551 158 221 266 956
199 261 223 266 956
677 136 231 266 956
757 236 223 266 956
247 262 221 266 956
537 248 226 267 957
734 179 231 267 957
199 262 221 267 957
677 137 233 267 957
288 263 223 267 957
666 263 223 268 958
734 180 230 268 958
199 263 235 268 958
677 138 231 268 958
97 78 221 268 958
757 238 223 268 958
187 256 223 268 958
537 250 221 268 958
666 264 225 268 958
734 181 225 269 959
199 264 230 269 959
715 173 221 269 959
767 265 221 269 959
734 182 223 270 960
199 265 225 270 960
187 258 223 270 960
666 266 222 270 960
734 183 222 271 961
199 266 223 271 961
187 259 225 271 961
666 267 222 271 961
187 260 221 272 962
677 143 233 273 963
734 186 229 274 964
199 269 224 274 964
677 144 223 274 964
187 262 225 274 964
677 145 221 275 965
734 188 233 275 965
551 168 223 276 966
199 271 224 276 966
757 246 225 276 966
187 264 233 276 966
666 272 221 276 966
247 272 230 276 966
288 272 226 277 967
199 272 233 277 967
430 176 225 277 967
40 247 222 277 967
187 265 227 277 967
767 273 221 277 967
666 273 226 278 968
677 148 225 278 968
666 274 227 278 968
187 267 226 279 969
666 275 231 280 970
779 241 223 280 970
551 172 225 280 970
199 275 225 280 970
430 179 226 280 970
677 150 231 280 970
199 276 221 281 971
537 263 222 282 972
199 277 223 282 972
677 152 221 282 972
537 264 223 283 973
199 278 223 283 973
677 153 224 283 973
187 271 221 283 973
666 279 221 283 973
199 279 223 284 974
677 154 231 284 974
187 272 228 284 974
247 280 227 284 974
666 280 225 284 974
537 266 221 285 975
734 197 221 285 975
551 177 225 285 975
199 280 226 285 975
97 95 224 285 975
677 155 234 285 975
187 273 227 285 975
247 281 228 285 975
666 281 223 286 976
551 178 223 286 976
199 281 229 286 976
97 96 228 286 976
715 190 223 286 976
677 156 227 286 976
767 282 221 286 976
247 282 227 286 976
199 282 229 287 977
97 97 227 287 977
677 157 231 287 977
757 257 223 287 977
247 283 224 287 977
187 276 225 288 978
187 277 221 289 979
666 285 223 290 980
199 285 221 290 980
199 286 223 291 981
97 101 231 291 981
430 190 223 291 981
288 287 224 291 981
537 273 225 292 982
677 162 221 292 982
666 288 221 292 982
199 288 233 293 983
430 192 221 293 983
551 186 223 294 984
199 290 221 295 985
677 168 221 298 988
288 295 223 299 989
199 295 222 300 990
430 199 221 300 990
734 213 221 301 991
734 214 227 302 992
734 215 221 303 993
199 298 221 303 993
677 173 222 303 993
757 274 223 304 994
734 217 221 305 995
757 276 221 306 996
677 177 222 307 997
40 277 221 307 997
677 178 227 308 998
779 270 225 309 999
199 304 221 309 999
677 179 229 309 999
757 279 222 309 999
187 297 224 309 999
551 202 223 310 1000
757 280 223 310 1000
187 298 222 310 1000
288 306 222 310 1000
666 306 223 310 1000
199 306 229 311 1001
551 203 223 311 1001
97 121 221 311 1001
757 281 229 311 1001
187 299 223 311 1001
288 307 221 311 1001
666 307 223 311 1001
199 307 225 312 1002
757 282 227 312 1002
187 300 222 312 1002
288 308 221 312 1002
247 308 227 312 1002
677 183 226 313 1003
757 283 221 313 1003
187 301 225 313 1003
666 309 221 313 1003
247 309 225 313 1003
734 226 226 314 1004
199 309 224 314 1004
97 124 221 314 1004
767 310 221 314 1004
199 310 228 315 1005
551 207 223 315 1005
430 214 225 315 1005
187 303 224 315 1005
551 208 223 316 1006
199 311 227 316 1006
677 186 222 316 1006
187 304 223 316 1006
677 187 231 317 1007
187 305 221 317 1007
537 299 223 317 1007
247 313 222 317 1007
199 313 223 318 1008
677 188 222 318 1008
430 217 223 318 1008
666 314 227 318 1008
247 314 221 318 1008
199 314 227 319 1009
551 211 225 319 1009
430 218 224 319 1009
187 307 221 319 1009
247 315 225 319 1009
666 315 223 319 1009
199 315 227 320 1010
677 190 227 320 1010
199 316 221 321 1011
551 213 226 321 1011
187 309 221 321 1011
551 214 223 322 1012
199 317 225 322 1012
677 192 228 322 1012
97 132 221 322 1012
288 318 223 322 1012
551 215 228 323 1013
199 318 222 323 1013
187 311 227 323 1013
247 319 223 323 1013
537 305 221 323 1013
734 236 222 324 1014
551 216 223 324 1014
199 319 225 324 1014
715 228 222 324 1014
40 294 222 324 1014
247 320 231 324 1014
288 320 225 324 1014
677 195 231 325 1015
715 229 222 325 1015
757 295 227 325 1015
40 295 225 325 1015
187 313 229 325 1015
666 321 226 325 1015
199 321 223 326 1016
552 320 221 326 1016
757 297 232 327 1017
17 40 226 327 1017
551 220 227 328 1018
50 312 224 328 1018
533 4 221 328 1018
12 102 235 329 1019
18 316 223 329 1019
308 278 224 329 1019
202 328 221 329 1019
660 315 221 329 1019
281 134 221 330 1020
732 278 234 330 1020
754 324 229 331 1021
657 328 223 332 1022
185 331 221 332 1022
427 341 232 332 1022
29 332 230 333 1023
119 297 223 333 1023
529 206 226 334 1024
24 185 223 334 1024
529 208 221 336 1026
691 16 225 337 1027
633 319 225 338 1028
691 18 236 339 1029
500 315 221 340 1030
728 170 221 340 1030
614 329 224 340 1030
262 187 221 340 1030
28 330 231 340 1030
428 343 227 341 1031
709 331 228 341 1031
500 316 226 341 1031
262 188 222 341 1031
659 339 225 342 1032
709 332 225 342 1032
500 317 223 342 1032
262 189 228 342 1032
28 332 229 343 1033
133 349 233 343 1033
428 345 221 343 1033
72 192 221 343 1033
709 333 224 343 1033
262 190 225 343 1033
614 332 223 343 1033
235 18 224 344 1034
133 350 231 344 1034
659 341 222 344 1034
743 255 235 344 1034
614 333 221 344 1034
262 191 225 344 1034
133 351 232 345 1035
235 19 222 345 1035
428 347 221 345 1035
659 342 225 345 1035
709 335 223 345 1035
743 256 237 345 1035
262 192 225 345 1035
28 335 224 346 1036
235 20 228 346 1036
133 352 222 346 1036
659 343 227 346 1036
604 334 223 346 1036
743 257 233 346 1036
614 335 225 346 1036
28 336 233 347 1037
133 353 225 347 1037
604 335 223 347 1037
743 258 243 347 1037
721 331 221 347 1037
268 231 223 348 1038
235 22 225 348 1038
133 354 223 348 1038
659 345 222 348 1038
709 338 225 348 1038
743 259 233 348 1038
262 195 232 348 1038
28 338 227 349 1039
133 355 221 349 1039
709 339 233 349 1039
743 260 233 349 1039
614 338 221 349 1039
262 196 229 349 1039
28 339 223 350 1040
133 356 221 350 1040
235 24 222 350 1040
659 347 226 350 1040
743 261 226 350 1040
133 357 226 351 1041
268 234 222 351 1041
743 262 237 351 1041
614 340 221 351 1041
262 198 225 351 1041
709 342 227 352 1042
614 341 227 352 1042
743 263 237 352 1042
28 342 223 353 1043
604 341 221 353 1043
614 342 221 353 1043
743 264 240 353 1043
428 356 224 354 1044
659 351 223 354 1044
709 344 237 354 1044
743 265 232 354 1044
218 103 221 355 1045
659 352 228 355 1045
709 345 235 355 1045
262 202 222 355 1045
743 266 237 355 1045
235 30 221 356 1046
218 104 222 356 1046
659 353 227 356 1046
604 344 223 356 1046
721 340 222 356 1046
262 203 223 356 1046
743 267 238 356 1046
218 105 224 357 1047
659 354 221 357 1047
709 347 229 357 1047
500 332 221 357 1047
721 341 221 357 1047
614 346 223 357 1047
743 268 235 357 1047
262 204 221 357 1047
709 348 231 358 1048
743 269 232 358 1048
218 107 222 359 1049
709 349 228 359 1049
659 356 224 359 1049
604 347 225 359 1049
721 343 223 359 1049
614 348 223 359 1049
262 206 222 359 1049
743 270 227 359 1049
268 243 223 360 1050
709 350 234 360 1050
604 348 221 360 1050
743 271 231 360 1050
262 207 221 360 1050
709 351 225 361 1051
614 350 222 361 1051
743 272 235 361 1051
428 364 221 362 1052
709 352 223 362 1052
614 351 224 362 1052
743 273 236 362 1052
428 365 221 363 1053
268 246 221 363 1053
709 353 230 363 1053
743 274 235 363 1053
709 354 225 364 1054
614 353 224 364 1054
743 275 227 364 1054
268 248 222 365 1055
218 113 223 365 1055
709 355 228 365 1055
614 354 221 365 1055
743 276 223 365 1055
262 212 224 365 1055
428 368 226 366 1056
218 114 229 366 1056
709 356 223 366 1056
614 355 221 366 1056
262 213 221 366 1056
428 369 221 367 1057
268 250 221 367 1057
218 115 221 367 1057
709 357 223 367 1057
659 364 221 367 1057
614 356 221 367 1057
743 278 235 367 1057
262 214 227 367 1057
428 370 221 368 1058
268 251 222 368 1058
133 374 221 368 1058
218 116 221 368 1058
709 358 231 368 1058
659 365 221 368 1058
743 279 238 368 1058
262 215 225 368 1058
428 371 226 369 1059
133 375 222 369 1059
218 117 231 369 1059
709 359 232 369 1059
500 344 226 369 1059
614 358 225 369 1059
721 353 223 369 1059
743 280 234 369 1059
262 216 226 369 1059
428 372 225 369 1059
268 253 221 370 1060
218 118 223 370 1060
659 367 222 370 1060
709 360 227 370 1060
500 345 225 370 1060
614 359 225 370 1060
743 281 240 370 1060
262 217 225 370 1060
133 377 221 371 1061
709 361 227 371 1061
604 359 221 371 1061
614 360 225 371 1061
743 282 241 371 1061
262 218 221 371 1061
428 374 223 371 1061
133 378 221 372 1062
709 362 231 372 1062
500 347 225 372 1062
614 361 226 372 1062
721 356 226 372 1062
743 283 239 372 1062
428 375 227 372 1062
604 361 222 373 1063
614 362 226 373 1063
743 284 238 373 1063
262 220 223 373 1063
634 371 222 374 1064
709 364 227 374 1064
500 349 222 374 1064
604 362 223 374 1064
614 363 231 374 1064
743 285 224 374 1064
262 221 223 374 1064
614 364 223 375 1065
743 286 232 375 1065
262 222 221 375 1065
709 366 221 376 1066
500 351 221 376 1066
743 287 237 376 1066
428 379 221 376 1066
500 352 223 377 1067
743 288 231 377 1067
743 289 239 378 1068
709 369 227 379 1069
743 290 231 379 1069
604 368 223 380 1070
743 291 223 380 1070
709 371 223 381 1071
500 356 222 381 1071
604 369 222 381 1071
721 365 221 381 1071
743 292 231 381 1071
235 56 221 381 1071
709 372 223 382 1072
500 357 222 382 1072
721 366 223 382 1072
743 293 231 382 1072
709 373 223 383 1073
614 372 223 383 1073
721 367 222 383 1073
743 294 240 383 1073
235 58 221 383 1073
709 374 223 384 1074
743 295 239 384 1074
28 374 221 384 1074
500 360 223 385 1075
614 374 225 385 1075
743 296 235 385 1075
262 232 221 385 1075
709 376 226 386 1076
500 361 222 386 1076
604 374 221 386 1076
743 297 237 386 1076
262 233 221 386 1076
709 377 221 387 1077
614 376 225 387 1077
721 371 225 387 1077
743 298 241 387 1077
28 377 224 387 1077
268 271 221 387 1077
614 377 226 388 1078
743 299 242 388 1078
709 379 221 389 1079
743 300 248 389 1079
709 380 226 390 1080
500 365 221 390 1080
743 301 225 390 1080
262 237 223 391 1081
709 381 229 391 1081
614 380 223 391 1081
743 302 243 391 1081
709 382 223 392 1082
659 389 226 392 1082
604 380 222 392 1082
614 381 223 392 1082
743 303 240 392 1082
709 383 225 393 1083
614 382 222 393 1083
743 304 227 393 1083
28 383 221 393 1083
428 396 221 393 1083
262 242 221 396 1086
743 311 221 400 1090
709 391 224 401 1091
28 392 228 402 1092
743 314 223 403 1093
709 394 223 404 1094
28 395 221 405 1095
709 397 221 407 1097
604 395 223 407 1097
743 318 230 407 1097
268 291 221 407 1097
709 398 222 408 1098
743 319 228 408 1098
709 399 222 409 1099
614 398 223 409 1099
743 320 227 409 1099
262 256 223 409 1099
709 400 225 410 1100
614 399 222 410 1100
743 321 231 410 1100
614 400 223 411 1101
743 322 231 411 1101
262 258 222 411 1101
428 415 223 412 1102
604 401 221 413 1103
743 324 229 413 1103
743 325 225 414 1104
743 327 229 416 1106
28 406 227 416 1106
743 328 224 417 1107
28 407 224 417 1107
743 329 225 418 1108
743 333 223 422 1112
743 339 225 428 1118
28 422 225 432 1122
709 423 224 433 1123
268 317 222 433 1123
709 424 225 434 1124
743 345 225 434 1124
743 346 226 435 1125
28 425 222 435 1125
743 347 236 436 1126
709 427 223 437 1127
743 348 232 437 1127
218 186 221 438 1128
709 428 227 438 1128
743 349 231 438 1128
721 422 235 438 1128
28 428 231 438 1128
709 430 225 440 1130
709 431 227 441 1131
743 352 227 441 1131
743 353 234 442 1132
235 1 227 442 1132
709 433 223 443 1133
743 354 221 443 1133
709 434 224 444 1134
709 435 225 445 1135
743 356 229 445 1135
721 429 221 445 1135
709 436 230 446 1136
743 357 232 446 1136
721 430 225 446 1136
709 437 225 447 1137
709 438 229 448 1138
28 438 221 448 1138
428 451 232 448 1138
262 20 223 449 1139
709 439 223 449 1139
743 360 231 449 1139
28 439 222 449 1139
262 21 225 450 1140
709 440 223 450 1140
721 434 221 450 1140
743 361 235 450 1140
428 453 222 450 1140
262 22 227 451 1141
500 426 221 451 1141
709 441 228 451 1141
743 362 229 451 1141
709 444 225 454 1144
262 26 221 455 1145
709 445 229 455 1145
262 27 221 456 1146
428 460 225 457 1147
268 341 221 457 1147
743 369 228 458 1148
721 442 221 458 1148
709 452 221 462 1152
743 374 221 463 1153
28 454 221 464 1154
709 456 222 466 1156
709 458 225 468 1158
709 459 222 469 1159
709 460 225 470 1160
743 384 232 473 1163
28 464 227 474 1164
743 386 222 475 1165
28 465 228 475 1165
500 451 222 476 1166
28 466 225 476 1166
743 388 221 477 1167
28 467 223 477 1167
721 462 221 478 1168
28 468 225 478 1168
262 50 224 479 1169
709 469 221 479 1169
743 390 223 479 1169
721 463 222 479 1169
428 482 222 479 1169
28 469 233 479 1169
743 391 223 480 1170
28 470 227 480 1170
709 471 225 481 1171
743 392 222 481 1171
428 484 221 481 1171
28 471 232 481 1171
709 472 223 482 1172
28 472 225 482 1172
709 473 232 483 1173
743 394 221 483 1173
28 473 237 483 1173
709 474 224 484 1174
743 395 222 484 1174
28 474 229 484 1174
28 475 227 485 1175
709 476 221 486 1176
743 397 221 486 1176
28 476 223 486 1176
743 398 227 487 1177
743 399 227 488 1178
28 478 221 488 1178
743 400 236 489 1179
28 479 221 489 1179
743 401 233 490 1180
709 481 222 491 1181
743 402 236 491 1181
28 481 226 491 1181
743 403 225 492 1182
28 482 221 492 1182
235 53 223 494 1184
743 405 231 494 1184
743 406 234 495 1185
743 407 232 496 1186
28 486 221 496 1186
743 410 227 499 1189
743 411 221 500 1190
743 413 221 502 1192
28 492 223 502 1192
604 491 222 503 1193
743 414 227 503 1193
743 415 222 504 1194
743 416 229 505 1195
634 503 225 506 1196
500 481 222 506 1196
604 494 222 506 1196
709 496 221 506 1196
268 390 223 506 1196
28 496 225 506 1196
743 418 229 507 1197
28 497 221 507 1197
743 419 228 508 1198
743 420 234 509 1199
709 499 221 509 1199
28 499 227 509 1199
743 421 228 510 1200
28 500 228 510 1200
743 422 227 511 1201
28 501 222 511 1201
743 423 231 512 1202
28 502 223 512 1202
743 424 229 513 1203
28 503 233 513 1203
133 520 225 514 1204
28 504 227 514 1204
743 426 223 515 1205
721 499 222 515 1205
743 427 233 516 1206
709 506 223 516 1206
218 265 221 517 1207
604 505 221 517 1207
500 492 221 517 1207
743 428 235 517 1207
709 507 221 517 1207
268 401 227 517 1207
235 77 222 518 1208
614 507 222 518 1208
743 429 232 518 1208
268 402 225 518 1208
634 516 224 519 1209
604 507 222 519 1209
614 508 221 519 1209
743 430 233 519 1209
721 503 224 519 1209
28 509 223 519 1209
634 517 222 519 1209
659 517 223 520 1210
218 268 221 520 1210
743 431 227 520 1210
721 504 221 520 1210
634 518 223 520 1210
743 432 225 521 1211
634 519 221 521 1211
634 520 224 523 1213
721 507 235 523 1213
634 521 227 523 1213
262 95 223 524 1214
500 499 221 524 1214
743 435 227 524 1214
709 514 225 524 1214
721 508 221 524 1214
428 527 221 524 1214
28 514 221 524 1214
235 84 223 525 1215
743 436 231 525 1215
709 515 222 525 1215
262 97 224 526 1216
743 437 231 526 1216
709 516 223 526 1216
428 529 221 526 1216
262 98 221 527 1217
743 438 226 527 1217
743 439 225 528 1218
709 518 223 528 1218
743 440 227 529 1219
743 441 227 530 1220
721 514 225 530 1220
235 90 223 531 1221
743 442 225 531 1221
743 443 236 532 1222
709 522 223 532 1222
743 444 228 533 1223
743 445 231 534 1224
709 524 222 534 1224
743 446 221 535 1225
743 447 225 536 1226
743 448 221 537 1227
743 449 234 538 1228
743 450 231 539 1229
743 451 231 540 1230
743 452 232 541 1231
743 453 224 542 1232
709 533 225 543 1233
428 546 221 543 1233
659 541 221 543 1233
28 533 234 543 1233
743 455 223 544 1234
743 456 228 545 1235
743 460 223 549 1239
743 461 222 550 1240
743 462 225 551 1241
604 540 221 552 1242
743 466 221 555 1245
500 531 221 556 1246
743 467 233 556 1246
634 554 223 556 1246
28 546 221 556 1246
743 468 229 557 1247
634 555 222 557 1247
28 547 223 557 1247
743 469 229 558 1248
634 556 229 558 1248
218 307 221 559 1249
428 562 221 559 1249
634 557 233 559 1249
28 549 227 559 1249
614 549 221 560 1250
743 471 225 560 1250
634 558 225 560 1250
28 550 225 560 1250
743 472 232 561 1251
428 564 222 561 1251
634 559 224 561 1251
659 559 222 561 1251
28 551 226 561 1251
743 473 233 562 1252
721 546 225 562 1252
634 560 221 562 1252
28 552 229 562 1252
743 474 227 563 1253
709 553 223 563 1253
428 566 228 563 1253
634 561 221 563 1253
28 553 230 563 1253
262 16 221 563 1253
743 475 226 564 1254
709 554 233 564 1254
604 552 227 564 1254
268 448 223 564 1254
428 567 224 564 1254
218 313 222 565 1255
235 124 223 565 1255
614 554 225 565 1255
743 476 239 565 1255
709 555 230 565 1255
500 540 221 565 1255
604 553 225 565 1255
721 549 227 565 1255
268 449 227 565 1255
428 568 223 565 1255
659 563 222 565 1255
133 572 222 565 1255
262 18 224 565 1255
218 314 221 566 1256
604 554 232 566 1256
268 450 233 566 1256
428 569 223 566 1256
659 564 221 566 1256
262 19 221 567 1257
614 556 227 567 1257
743 478 222 567 1257
38 27 225 567 1257
81 552 227 567 1257
255 158 232 567 1257
380 503 231 567 1257
283 255 224 567 1257
28 557 224 567 1257
46 557 225 568 1258
550 425 225 568 1258
676 566 224 568 1258
271 508 235 568 1258
775 281 228 569 1259
584 480 221 572 1262
237 567 235 572 1262
326 577 233 575 1265
272 577 221 575 1265
166 544 221 575 1265
726 138 221 575 1265
663 571 227 576 1266
411 465 224 576 1266
601 577 230 576 1266
522 257 221 577 1267
663 573 226 578 1268
775 290 221 578 1268
502 523 224 578 1268
210 563 229 578 1268
419 559 229 578 1268
730 569 224 579 1269
251 570 227 579 1269
91 13 230 579 1269
632 117 238 579 1269
693 102 222 579 1269
660 565 221 579 1269
290 580 231 579 1269
679 156 221 580 1270
756 5 223 581 1271
715 485 225 581 1271
439 501 233 581 1271
507 476 222 581 1271
595 265 221 582 1272
439 502 231 582 1272
439 503 234 583 1273
239 576 221 583 1273
439 504 230 584 1274
718 488 231 584 1274
439 505 235 585 1275
439 506 231 586 1276
717 583 227 586 1276
439 507 233 587 1277
718 491 239 587 1277
439 508 237 588 1278
718 492 248 588 1278
718 493 242 589 1279
439 510 241 590 1280
718 494 245 590 1280
439 511 239 591 1281
768 645 221 591 1281
718 495 239 591 1281
290 592 225 591 1281
439 512 221 592 1282
718 496 245 592 1282
290 593 227 592 1282
439 513 227 593 1283
718 497 245 593 1283
290 594 225 593 1283
439 514 223 594 1284
703 575 227 594 1284
205 309 227 594 1284
372 568 222 594 1284
555 584 221 595 1285
85 275 228 596 1286
384 596 231 596 1286
751 28 221 597 1287
372 571 221 597 1287
369 592 245 597 1287
290 598 225 597 1287
718 502 223 598 1288
743 510 223 599 1289
258 600 225 599 1289
678 20 221 599 1289
369 595 225 600 1290
290 601 223 600 1290
617 221 223 601 1291
775 313 221 601 1291
205 316 222 601 1291
488 596 238 601 1291
617 222 233 602 1292
571 585 223 602 1292
205 317 227 602 1292
107 21 222 602 1292
488 597 239 602 1292
48 585 221 603 1293
718 507 227 603 1293
369 598 227 603 1293
356 279 224 604 1294
439 524 227 604 1294
690 539 224 604 1294
718 508 224 604 1294
290 605 235 604 1294
439 525 239 605 1295
690 540 227 605 1295
718 509 227 605 1295
290 606 227 605 1295
439 526 234 606 1296
718 510 239 606 1296
290 607 227 606 1296
439 527 241 607 1297
690 542 223 607 1297
718 511 235 607 1297
290 608 233 607 1297
439 528 238 608 1298
177 150 222 608 1298
632 146 227 608 1298
718 512 238 608 1298
369 603 225 608 1298
290 609 231 608 1298
439 529 239 609 1299
718 513 234 609 1299
369 604 233 609 1299
290 610 235 609 1299
439 530 237 610 1300
718 514 232 610 1300
369 605 236 610 1300
75 28 221 611 1301
439 531 236 611 1301
718 515 229 611 1301
369 606 232 611 1301
290 612 240 611 1301
718 516 222 612 1302
369 607 235 612 1302
290 613 227 612 1302
439 533 237 613 1303
369 608 232 613 1303
290 614 223 613 1303
439 534 239 614 1304
718 518 221 614 1304
369 609 235 614 1304
290 615 232 614 1304
439 535 223 615 1305
718 519 231 615 1305
369 610 236 615 1305
290 616 231 615 1305
439 536 223 616 1306
718 520 228 616 1306
369 611 227 616 1306
290 617 241 616 1306
439 537 228 617 1307
718 521 227 617 1307
369 612 225 617 1307
439 538 223 618 1308
718 522 235 618 1308
369 613 231 618 1308
439 539 227 619 1309
718 523 237 619 1309
315 295 223 620 1310
718 524 239 620 1310
290 621 225 620 1310
718 525 232 621 1311
369 616 227 621 1311
439 542 231 622 1312
718 526 231 622 1312
369 617 229 622 1312
290 623 225 623 1313
439 543 231 623 1313
718 527 226 623 1313
369 618 234 623 1313
439 544 229 624 1314
718 528 231 624 1314
369 619 223 624 1314
329 556 221 624 1314
10 128 221 624 1314
290 625 231 625 1315
439 545 221 625 1315
718 529 239 625 1315
369 620 221 625 1315
329 557 230 625 1315
290 626 225 626 1316
718 530 231 626 1316
369 621 226 626 1316
290 627 232 627 1317
439 547 230 627 1317
718 531 225 627 1317
369 622 233 627 1317
252 59 222 627 1317
290 628 233 628 1318
439 548 236 628 1318
718 532 236 628 1318
369 623 225 628 1318
290 629 229 629 1319
718 533 230 629 1319
369 624 221 629 1319
439 550 229 630 1320
718 534 235 630 1320
605 177 223 630 1320
290 631 240 631 1321
439 551 230 631 1321
718 535 239 631 1321
588 622 221 631 1321
369 626 223 632 1322
290 632 240 632 1322
439 552 222 632 1322
718 536 231 632 1322
369 627 227 632 1322
290 633 225 633 1323
718 537 225 633 1323
369 628 223 633 1323
252 65 222 633 1323
290 634 229 634 1324
439 554 226 634 1324
718 538 232 634 1324
369 629 224 634 1324
290 635 233 635 1325
439 555 223 635 1325
775 347 222 635 1325
718 539 234 635 1325
290 636 233 636 1326
718 540 234 636 1326
369 631 223 636 1326
290 637 222 637 1327
439 557 235 637 1327
718 541 231 637 1327
290 638 227 638 1328
439 558 235 638 1328
718 542 235 638 1328
290 639 226 639 1329
439 559 223 639 1329
718 543 234 639 1329
290 640 227 640 1330
439 560 233 640 1330
718 544 233 640 1330
252 72 224 641 1331
290 641 228 641 1331
439 561 224 641 1331
718 545 235 641 1331
439 562 235 642 1332
718 546 239 642 1332
369 637 227 642 1332
252 74 221 643 1333
439 563 229 643 1333
718 547 237 643 1333
554 640 221 643 1333
369 638 226 643 1333
290 644 225 644 1334
439 564 234 644 1334
718 548 224 644 1334
369 639 224 644 1334
290 645 229 645 1335
439 565 232 645 1335
718 549 229 645 1335
369 640 232 645 1335
290 646 232 645 1335
439 566 241 646 1336
690 581 223 646 1336
718 550 236 646 1336
369 641 232 646 1336
290 647 227 646 1336
439 567 247 647 1337
170 630 223 647 1337
690 582 221 647 1337
718 551 229 647 1337
369 642 221 647 1337
290 648 232 647 1337
252 79 221 648 1338
439 568 227 648 1338
718 552 232 648 1338
369 643 233 648 1338
290 649 232 648 1338
439 569 236 649 1339
170 632 221 649 1339
718 553 237 649 1339
290 650 234 649 1339
439 570 233 650 1340
718 554 234 650 1340
290 651 235 650 1340
439 571 221 651 1341
718 555 231 651 1341
369 646 223 651 1341
290 652 232 651 1341
439 572 227 652 1342
718 556 225 652 1342
369 647 223 652 1342
290 653 231 653 1343
439 573 236 653 1343
718 557 223 653 1343
290 654 227 654 1344
439 574 239 654 1344
718 558 225 654 1344
718 559 225 655 1345
290 656 235 656 1346
369 650 227 656 1346
439 576 227 656 1346
290 657 227 657 1347
369 651 221 657 1347
439 577 225 657 1347
718 561 225 657 1347
290 658 233 658 1348
439 578 231 658 1348
718 562 222 658 1348
290 659 233 659 1349
369 653 225 659 1349
290 660 228 660 1350
439 580 231 660 1350
690 595 222 660 1350
290 661 232 660 1350
439 581 227 661 1351
718 565 221 661 1351
290 662 235 661 1351
439 582 226 662 1352
290 663 241 662 1352
439 583 232 663 1353
718 567 235 663 1353
290 664 223 663 1353
369 658 225 664 1354
439 584 236 664 1354
718 568 233 664 1354
290 665 231 664 1354
369 659 223 665 1355
439 585 237 665 1355
718 569 229 665 1355
290 666 226 665 1355
369 660 225 665 1355
439 586 229 666 1356
372 640 221 666 1356
718 570 224 666 1356
290 667 230 666 1356
369 661 228 666 1356
439 587 237 667 1357
718 571 231 667 1357
369 662 227 667 1357
439 588 237 668 1358
718 572 235 668 1358
290 669 231 668 1358
369 663 232 668 1358
439 589 238 669 1359
718 573 235 669 1359
439 590 233 670 1360
718 574 234 670 1360
369 665 235 670 1360
439 591 237 671 1361
718 575 229 671 1361
290 672 227 671 1361
369 666 223 671 1361
439 592 235 672 1362
718 576 225 672 1362
290 673 233 672 1362
369 667 228 672 1362
439 593 233 673 1363
718 577 231 673 1363
290 674 232 673 1363
369 668 223 673 1363
439 594 237 674 1364
718 578 233 674 1364
369 669 224 674 1364
439 595 236 675 1365
718 579 229 675 1365
290 676 231 675 1365
369 670 231 675 1365
439 596 235 676 1366
718 580 231 676 1366
290 677 227 676 1366
369 671 235 676 1366
439 597 234 677 1367
718 581 228 677 1367
369 672 229 677 1367
290 678 223 677 1367
439 598 235 678 1368
718 582 233 678 1368
67 611 222 678 1368
369 673 243 678 1368
290 679 235 678 1368
439 599 237 679 1369
718 583 236 679 1369
369 674 239 679 1369
439 600 235 680 1370
718 584 233 680 1370
369 675 237 680 1370
439 601 235 681 1371
718 585 221 681 1371
369 676 239 681 1371
290 682 222 682 1372
439 602 237 682 1372
369 677 227 682 1372
290 683 242 682 1372
439 603 234 683 1373
369 678 227 683 1373
290 684 241 683 1373
439 604 229 684 1374
514 649 229 686 1376
384 687 240 687 1377
120 182 226 687 1377
218 13 224 687 1377
384 688 239 688 1378
384 689 227 689 1379
525 683 232 690 1380
94 58 221 690 1380
437 108 221 690 1380
330 632 234 690 1380
384 690 232 690 1380
372 664 221 690 1380
715 8 231 690 1380
678 111 221 691 1381
437 109 231 691 1381
437 110 233 692 1382
525 686 228 693 1383
437 111 221 693 1383
525 687 231 694 1384
377 724 227 694 1384
437 112 235 694 1384
377 725 225 695 1385
437 113 243 695 1385
525 689 230 695 1385
437 114 241 696 1386
525 690 237 697 1387
377 727 226 697 1387
437 115 247 697 1387
525 691 226 697 1387
683 4 221 698 1388
437 116 247 698 1388
492 626 222 698 1388
525 692 224 698 1388
377 729 235 699 1389
514 662 229 699 1389
437 117 240 699 1389
525 693 224 699 1389
377 730 226 700 1390
683 6 221 700 1390
514 663 227 700 1390
437 118 228 700 1390
492 628 225 700 1390
377 731 226 701 1391
514 664 233 701 1391
437 119 247 701 1391
525 695 229 701 1391
377 732 227 702 1392
437 120 239 702 1392
372 676 222 702 1392
525 696 226 703 1393
514 666 221 703 1393
492 631 226 703 1393
372 677 221 703 1393
525 697 225 704 1394
377 734 224 704 1394
437 122 237 704 1394
492 632 229 704 1394
372 678 235 704 1394
377 735 233 705 1395
514 668 223 705 1395
437 123 245 705 1395
525 699 227 706 1396
437 124 237 706 1396
492 634 227 706 1396
525 700 227 707 1397
437 125 226 707 1397
492 635 224 707 1397
372 681 225 707 1397
525 701 237 708 1398
514 671 223 708 1398
372 682 221 708 1398
525 702 234 709 1399
377 739 223 709 1399
437 127 227 709 1399
525 703 225 710 1400
437 128 223 710 1400
514 673 223 710 1400
492 638 221 710 1400
525 704 221 711 1401
377 741 227 711 1401
514 674 225 711 1401
492 639 222 711 1401
372 685 223 711 1401
525 705 236 712 1402
437 130 223 712 1402
683 18 227 712 1402
514 675 226 712 1402
372 686 223 712 1402
525 706 230 713 1403
377 743 222 713 1403
514 676 227 713 1403
492 641 223 713 1403
525 707 231 714 1404
683 20 221 714 1404
437 132 233 714 1404
525 708 223 715 1405
377 745 221 715 1405
437 133 231 715 1405
492 643 225 715 1405
372 689 228 715 1405
525 709 232 716 1406
437 134 236 716 1406
514 679 223 716 1406
377 747 223 717 1407
437 135 241 717 1407
514 680 228 717 1407
525 711 235 718 1408
437 136 231 718 1408
514 681 223 718 1408
492 646 225 718 1408
372 692 227 718 1408
525 712 227 718 1408
437 137 234 719 1409
514 682 223 719 1409
525 713 227 719 1409
437 138 230 720 1410
683 26 224 720 1410
514 683 223 720 1410
372 695 222 721 1411
372 696 221 722 1412
372 698 221 724 1414
525 718 224 724 1414
377 762 222 732 1422
437 152 221 734 1424
437 153 221 735 1425
372 709 222 735 1425
437 154 221 736 1426
377 766 221 736 1426
377 778 222 748 1438
377 781 222 751 1441
377 782 225 752 1442
525 748 221 755 1445
437 173 227 755 1445
377 785 227 755 1445
377 786 227 756 1446
525 750 224 757 1447
372 731 243 757 1447
525 751 228 758 1448
437 176 246 758 1448
372 732 233 758 1448
525 752 235 759 1449
437 177 248 759 1449
377 789 227 759 1449
372 735 231 761 1451
372 736 235 762 1452
372 738 247 764 1454
372 739 222 765 1455
372 740 239 766 1456
372 741 221 767 1457
372 742 236 768 1458
372 743 237 769 1459
372 744 229 770 1460
372 746 228 772 1462
372 747 241 773 1463
372 748 239 774 1464
372 749 238 775 1465
372 750 242 776 1466
372 751 234 777 1467
372 752 239 778 1468
372 753 223 779 1469
372 754 225 780 1470
372 755 229 781 1471
372 756 227 782 1472
372 757 229 783 1473
372 758 237 784 1474
372 759 232 785 1475
372 760 235 786 1476
372 761 233 787 1477
372 762 241 788 1478
437 207 241 789 1479
437 208 235 790 1480
372 764 238 790 1480
525 784 233 791 1481
119 754 221 791 1481
437 209 231 791 1481
372 765 236 791 1481
525 785 235 792 1482
678 212 221 792 1482
492 33 221 792 1482
437 210 230 792 1482
437 211 227 793 1483
437 212 243 794 1484
437 214 241 796 1486
437 215 238 797 1487
437 216 231 798 1488
437 217 241 799 1489
437 218 230 800 1490
437 219 239 801 1491
437 220 237 802 1492
437 221 242 803 1493
437 222 239 804 1494
437 224 233 806 1496
437 225 229 807 1497
437 226 236 808 1498
437 227 233 809 1499
437 228 239 810 1500
437 229 238 811 1501
437 230 241 812 1502
437 233 245 815 1505
437 234 243 816 1506
437 235 229 817 1507
437 236 241 818 1508
437 237 243 819 1509
377 849 237 819 1509
437 239 239 821 1511
437 240 241 822 1512
492 63 225 822 1512
372 796 223 822 1512
437 241 242 823 1513
492 64 222 823 1513
437 242 238 824 1514
437 243 240 825 1515
372 799 221 825 1515
437 244 254 826 1516
514 789 223 826 1516
372 800 223 826 1516
437 245 241 827 1517
377 857 226 827 1517
437 246 247 828 1518
492 69 227 828 1518
437 247 232 829 1519
437 248 233 830 1520
437 249 234 831 1521
514 794 227 831 1521
437 250 233 832 1522
492 73 222 832 1522
437 251 231 833 1523
437 252 223 834 1524
437 253 221 835 1525
437 254 226 836 1526
437 255 225 837 1527
514 800 222 837 1527
437 256 221 838 1528
514 801 223 838 1528
437 257 235 839 1529
492 80 224 839 1529
514 802 225 839 1529
492 81 223 840 1530
437 259 224 841 1531
492 82 225 841 1531
437 260 233 842 1532
377 872 224 842 1532
492 83 223 842 1532
437 261 223 843 1533
492 84 222 843 1533
437 262 235 844 1534
492 85 221 844 1534
514 807 222 844 1534
437 263 225 845 1535
492 86 221 845 1535
437 264 221 846 1536
492 88 221 847 1537
437 266 225 848 1538
514 811 223 848 1538
205 563 222 848 1538
544 271 224 849 1539
437 268 232 850 1540
492 91 223 850 1540
514 813 221 850 1540
437 270 225 852 1542
544 274 221 852 1542
544 276 221 854 1544
437 274 225 856 1546
205 571 221 856 1546
372 830 225 857 1547
544 279 223 857 1547
437 276 221 858 1548
544 280 221 858 1548
205 573 222 858 1548
544 281 221 859 1549
437 277 223 859 1549
372 833 221 860 1550
437 278 222 860 1550
544 282 221 860 1550
205 575 223 860 1550
205 576 224 861 1551
437 282 241 864 1554
544 286 223 864 1554
372 838 223 865 1555
437 283 237 865 1555
514 828 226 865 1555
437 284 241 866 1556
377 896 221 866 1556
514 829 225 866 1556
437 285 229 867 1557
514 830 224 867 1557
437 286 234 868 1558
683 65 221 868 1558
514 831 225 868 1558
437 287 229 869 1559
683 66 221 869 1559
514 832 226 869 1559
437 288 225 870 1560
377 900 224 870 1560
514 833 224 870 1560
437 289 223 871 1561
377 901 223 871 1561
514 834 227 871 1561
437 290 238 872 1562
683 70 223 873 1563
514 836 221 873 1563
492 114 223 873 1563
372 847 223 873 1563
525 867 223 874 1564
437 292 227 874 1564
683 71 223 874 1564
205 589 223 874 1564
492 115 223 874 1564
372 848 221 874 1564
437 293 223 875 1565
544 297 226 875 1565
683 72 228 875 1565
437 294 222 876 1566
544 299 231 877 1567
377 907 224 877 1567
683 74 221 877 1567
437 296 224 878 1568
544 300 229 878 1568
678 298 223 878 1568
683 75 224 878 1568
492 119 224 878 1568
437 297 228 879 1569
544 301 225 879 1569
437 298 230 880 1570
544 302 225 880 1570
437 299 231 881 1571
544 303 227 881 1571
514 844 224 881 1571
492 122 227 881 1571
372 855 221 881 1571
437 300 230 882 1572
544 304 221 882 1572
514 845 222 882 1572
492 123 227 882 1572
437 301 223 883 1573
544 305 227 883 1573
514 846 225 883 1573
492 124 226 883 1573
372 857 221 883 1573
437 302 221 884 1574
544 306 226 884 1574
514 847 221 884 1574
492 125 222 884 1574
372 858 223 884 1574
437 303 224 885 1575
544 307 225 885 1575
514 848 226 885 1575
330 827 231 885 1575
525 879 225 886 1576
437 304 221 886 1576
525 880 225 887 1577
437 305 224 887 1577
94 255 223 887 1577
119 850 233 887 1577
683 8 224 887 1577
119 851 222 888 1578
437 307 221 889 1579
683 10 221 889 1579
119 852 221 889 1579
525 883 227 890 1580
683 11 225 890 1580
119 853 221 890 1580
683 13 224 892 1582
205 607 221 892 1582
683 14 224 893 1583
525 887 221 894 1584
683 16 223 895 1585
372 869 223 896 1586
683 17 224 896 1586
683 18 224 897 1587
683 19 223 898 1588
683 20 223 899 1589
372 873 221 900 1590
94 268 221 900 1590
525 895 225 902 1592
683 23 222 902 1592
525 896 231 903 1593
683 24 223 903 1593
525 897 226 904 1594
683 25 224 904 1594
683 26 225 905 1595
683 27 225 906 1596
525 900 229 907 1597
372 881 222 908 1598
678 328 223 908 1598
384 908 221 908 1598
372 882 227 909 1599
205 624 228 909 1599
514 872 229 909 1599
372 883 225 910 1600
514 873 225 910 1600
384 910 221 910 1600
372 884 238 910 1600
372 885 234 911 1601
377 942 225 912 1602
514 875 221 912 1602
384 912 223 912 1602
372 886 223 912 1602
437 331 229 913 1603
94 281 222 913 1603
377 943 221 913 1603
514 876 222 913 1603
372 887 225 913 1603
437 332 227 914 1604
372 888 231 914 1604
678 335 221 915 1605
384 915 223 915 1605
372 889 232 915 1605
437 334 223 916 1606
384 916 225 916 1606
372 890 246 916 1606
372 891 243 917 1607
678 338 221 918 1608
735 552 221 923 1613
295 891 224 923 1613
153 7 223 924 1614
455 267 225 924 1614
7 909 229 924 1614
607 887 224 925 1615
468 921 227 925 1615
773 847 223 925 1615
56 342 221 926 1616
190 105 226 927 1617
549 917 231 929 1619
399 166 222 930 1620
549 918 227 930 1620
154 16 223 931 1621
366 4 221 931 1621
633 912 225 931 1621
56 348 227 932 1622
345 601 221 932 1622
354 819 223 932 1622
414 929 227 932 1622
633 913 222 932 1622
56 349 233 933 1623
54 918 222 933 1623
56 351 247 935 1625
272 936 221 935 1625
196 922 224 936 1626
56 352 222 936 1626
283 623 221 936 1626
330 878 221 937 1627
56 353 247 937 1627
196 924 226 938 1628
56 354 245 938 1628
54 923 226 938 1628
283 625 231 938 1628
782 881 225 939 1629
56 355 244 939 1629
54 924 227 939 1629
713 933 223 940 1630
196 926 225 940 1630
330 881 222 940 1630
56 356 234 940 1630
54 925 227 940 1630
553 930 225 940 1630
469 321 227 940 1630
56 357 239 941 1631
298 868 223 941 1631
384 941 235 942 1632
56 358 229 942 1632
384 942 223 943 1633
56 359 228 943 1633
384 943 221 944 1634
196 930 226 944 1634
56 360 245 944 1634
54 929 221 944 1634
373 38 223 944 1634
119 907 231 944 1634
553 934 225 944 1634
56 361 241 945 1635
283 632 222 945 1635
670 496 221 945 1635
196 932 221 946 1636
384 945 240 946 1636
56 362 247 946 1636
94 1 231 946 1636
283 633 221 946 1636
384 946 235 947 1637
330 888 223 947 1637
56 363 240 947 1637
94 2 226 947 1637
283 634 235 947 1637
196 934 225 948 1638
330 889 221 948 1638
56 364 241 948 1638
54 933 221 948 1638
94 3 222 948 1638
670 499 224 948 1638
553 938 229 948 1638
384 948 233 949 1639
713 8 224 949 1639
56 365 234 949 1639
119 912 232 949 1639
196 936 237 950 1640
713 9 225 950 1640
54 935 227 950 1640
119 913 227 950 1640
670 501 222 950 1640
56 367 222 951 1641
119 914 235 951 1641
553 941 223 951 1641
670 502 223 951 1641
166 78 221 951 1641
782 894 226 951 1641
196 938 222 952 1642
384 951 223 952 1642
713 11 227 952 1642
283 639 226 952 1642
330 3 225 952 1642
166 79 221 952 1642
56 369 221 953 1643
54 938 225 953 1643
283 640 230 953 1643
119 916 221 953 1643
384 953 225 954 1644
196 940 228 954 1644
54 939 235 954 1644
119 917 221 954 1644
670 505 228 954 1644
166 81 225 954 1644
384 954 234 955 1645
54 940 237 955 1645
94 10 222 955 1645
119 918 227 955 1645
553 945 225 955 1645
782 898 223 956 1646
196 942 221 956 1646
54 941 223 956 1646
94 11 221 956 1646
283 643 227 956 1646
670 507 227 956 1646
782 899 232 957 1647
384 956 235 957 1647
196 943 226 957 1647
54 942 223 957 1647
283 644 235 957 1647
119 920 235 957 1647
330 8 223 957 1647
670 508 234 957 1647
166 84 228 957 1647
782 900 226 958 1648
570 429 225 958 1648
384 957 237 958 1648
196 944 231 958 1648
56 374 221 958 1648
283 645 235 958 1648
119 921 226 958 1648
330 9 222 958 1648
553 948 229 958 1648
166 85 221 958 1648
782 901 233 959 1649
384 958 231 959 1649
196 945 225 959 1649
94 14 231 959 1649
283 646 221 959 1649
119 922 237 959 1649
553 949 222 959 1649
670 510 223 959 1649
384 959 223 960 1650
713 19 225 960 1650
56 376 225 960 1650
54 945 233 960 1650
283 647 221 960 1650
119 923 227 960 1650
330 11 223 960 1650
553 950 223 960 1650
570 432 223 961 1651
782 903 232 961 1651
384 960 224 961 1651
713 20 225 961 1651
54 946 231 961 1651
283 648 225 961 1651
119 924 228 961 1651
782 904 227 962 1652
570 433 227 962 1652
384 961 223 962 1652
196 948 226 962 1652
713 21 224 962 1652
56 378 225 962 1652
54 947 231 962 1652
119 925 221 962 1652
330 13 228 962 1652
782 905 231 963 1653
570 434 227 963 1653
713 22 224 963 1653
56 379 228 963 1653
54 948 233 963 1653
94 18 226 963 1653
283 650 223 963 1653
670 514 221 963 1653
166 90 224 963 1653
782 906 227 964 1654
570 435 225 964 1654
384 963 221 964 1654
54 949 224 964 1654
94 19 221 964 1654
283 651 221 964 1654
166 91 225 964 1654
782 907 223 965 1655
570 436 221 965 1655
56 381 221 965 1655
54 950 227 965 1655
94 20 232 965 1655
283 652 228 965 1655
119 928 229 965 1655
330 16 226 965 1655
553 955 228 965 1655
670 516 225 965 1655
166 92 222 965 1655
570 437 223 966 1656
782 908 231 966 1656
196 952 221 966 1656
384 965 222 966 1656
713 25 221 966 1656
54 951 225 966 1656
283 653 227 966 1656
119 929 232 966 1656
330 17 227 966 1656
553 956 227 966 1656
670 517 221 966 1656
166 93 223 966 1656
570 438 224 967 1657
713 26 225 967 1657
56 383 227 967 1657
94 22 229 967 1657
283 654 223 967 1657
119 930 227 967 1657
330 18 224 967 1657
166 94 223 967 1657
570 439 227 968 1658
782 910 226 968 1658
94 23 223 968 1658
283 655 227 968 1658
119 931 235 968 1658
330 19 223 968 1658
553 958 224 968 1658
166 95 221 968 1658
570 440 223 969 1659
782 911 223 969 1659
384 968 221 969 1659
713 28 223 969 1659
54 954 233 969 1659
94 24 232 969 1659
283 656 226 969 1659
119 932 222 969 1659
330 20 231 969 1659
553 959 224 969 1659
166 96 226 969 1659
570 441 225 969 1659
782 912 227 970 1660
56 386 225 970 1660
54 955 225 970 1660
94 25 232 970 1660
119 933 229 970 1660
553 960 221 970 1660
570 442 224 970 1660
782 913 226 971 1661
713 30 226 971 1661
56 387 225 971 1661
54 956 223 971 1661
94 26 227 971 1661
283 658 223 971 1661
119 934 237 971 1661
330 22 228 971 1661
553 961 221 971 1661
670 522 221 971 1661
570 443 222 971 1661
782 914 225 972 1662
196 958 225 972 1662
713 31 221 972 1662
56 388 224 972 1662
54 957 223 972 1662
94 27 231 972 1662
119 935 235 972 1662
330 23 232 972 1662
553 962 233 972 1662
166 99 223 972 1662
570 444 225 972 1662
782 915 227 972 1662
196 959 221 973 1663
54 958 224 973 1663
54 959 228 974 1664
94 29 223 974 1664
119 937 225 974 1664
54 960 233 975 1665
384 976 227 977 1667
713 36 222 977 1667
56 393 223 977 1667
54 962 231 977 1667
94 32 237 977 1667
283 664 234 977 1667
119 940 228 977 1667
553 967 231 977 1667
166 104 227 977 1667
570 449 226 978 1668
54 963 226 978 1668
553 968 231 978 1668
119 941 227 978 1668
330 29 228 978 1668
247 974 229 978 1668
166 105 223 978 1668
570 450 221 979 1669
196 965 231 979 1669
384 978 226 979 1669
54 964 232 979 1669
94 34 222 979 1669
283 666 226 979 1669
119 942 235 979 1669
247 975 225 979 1669
166 106 224 979 1669
782 922 223 979 1669
570 451 227 979 1669
196 966 225 980 1670
384 979 226 980 1670
713 39 225 980 1670
54 965 243 980 1670
94 35 227 980 1670
283 667 227 980 1670
553 970 223 980 1670
247 976 230 980 1670
166 107 221 980 1670
330 2 231 981 1671
196 967 224 981 1671
713 40 227 981 1671
384 980 226 981 1671
56 397 221 981 1671
54 966 236 981 1671
94 36 221 981 1671
283 668 225 981 1671
119 944 224 981 1671
553 971 232 981 1671
247 977 231 981 1671
166 108 228 981 1671
570 453 229 982 1672
330 3 231 982 1672
196 968 226 982 1672
713 41 227 982 1672
384 981 225 982 1672
56 398 225 982 1672
54 967 235 982 1672
94 37 231 982 1672
283 669 223 982 1672
553 972 225 982 1672
166 109 225 982 1672
570 454 227 983 1673
330 4 231 983 1673
196 969 223 983 1673
384 982 227 983 1673
713 42 228 983 1673
94 38 223 983 1673
283 670 225 983 1673
166 110 226 983 1673
782 926 222 983 1673
570 455 225 983 1673
196 970 229 984 1674
330 5 234 984 1674
384 983 223 984 1674
713 43 227 984 1674
54 969 225 984 1674
94 39 231 984 1674
119 947 232 984 1674
553 974 221 984 1674
166 111 224 984 1674
570 456 223 984 1674
196 971 223 985 1675
330 6 232 985 1675
713 44 227 985 1675
56 401 222 985 1675
54 970 222 985 1675
166 112 221 985 1675
570 457 221 985 1675
196 972 225 986 1676
384 985 226 986 1676
330 7 231 986 1676
713 45 227 986 1676
94 41 235 986 1676
54 971 223 986 1676
283 673 221 986 1676
119 949 234 986 1676
553 976 227 986 1676
166 113 221 986 1676
782 929 223 986 1676
196 973 225 987 1677
384 986 225 987 1677
330 8 224 987 1677
713 46 227 987 1677
56 403 221 987 1677
94 42 229 987 1677
54 972 222 987 1677
283 674 229 987 1677
119 950 228 987 1677
553 977 227 987 1677
782 930 226 987 1677
570 459 221 987 1677
196 974 224 988 1678
384 987 227 988 1678
713 47 221 988 1678
94 43 231 988 1678
54 973 229 988 1678
670 539 223 988 1678
119 951 237 988 1678
553 978 231 988 1678
247 984 225 988 1678
166 115 225 988 1678
782 931 222 988 1678
570 460 231 989 1679
384 988 223 989 1679
196 975 222 989 1679
330 10 230 989 1679
713 48 227 989 1679
94 44 234 989 1679
54 974 221 989 1679
283 676 232 989 1679
119 952 229 989 1679
553 979 222 989 1679
166 116 226 989 1679
782 932 223 989 1679
570 461 227 990 1680
384 989 225 990 1680
196 976 222 990 1680
330 11 221 990 1680
56 406 225 990 1680
94 45 227 990 1680
283 677 221 990 1680
119 953 236 990 1680
553 980 226 990 1680
166 117 225 990 1680
247 986 230 990 1680
570 462 225 991 1681
196 977 224 991 1681
384 990 227 991 1681
330 12 233 991 1681
56 407 223 991 1681
94 46 236 991 1681
54 976 230 991 1681
283 678 227 991 1681
553 981 227 991 1681
119 954 233 991 1681
166 118 226 991 1681
196 978 229 992 1682
570 463 223 992 1682
384 991 223 992 1682
330 13 233 992 1682
56 408 225 992 1682
713 51 227 992 1682
94 47 222 992 1682
54 977 229 992 1682
119 955 237 992 1682
166 119 222 992 1682
196 979 225 993 1683
570 464 227 993 1683
384 992 222 993 1683
54 978 223 993 1683
94 48 235 993 1683
670 544 226 993 1683
283 680 225 993 1683
119 956 236 993 1683
553 983 224 993 1683
166 120 224 993 1683
247 989 227 993 1683
384 993 221 994 1684
330 15 226 994 1684
54 979 233 994 1684
94 49 231 994 1684
670 545 222 994 1684
283 681 225 994 1684
553 984 221 994 1684
119 957 235 994 1684
166 121 223 994 1684
247 990 221 994 1684
196 981 225 995 1685
384 994 227 995 1685
570 466 223 995 1685
713 54 223 995 1685
54 980 225 995 1685
94 50 232 995 1685
283 682 225 995 1685
119 958 226 995 1685
166 122 223 995 1685
384 995 230 996 1686
570 467 226 996 1686
330 17 231 996 1686
713 55 223 996 1686
56 412 225 996 1686
54 981 231 996 1686
94 51 229 996 1686
670 547 221 996 1686
119 959 223 996 1686
553 986 225 996 1686
782 939 221 996 1686
196 983 224 997 1687
384 996 223 997 1687
570 468 221 997 1687
713 56 229 997 1687
94 52 227 997 1687
54 982 225 997 1687
283 684 227 997 1687
119 960 234 997 1687
553 987 228 997 1687
166 124 223 997 1687
196 984 225 997 1687
570 469 227 998 1688
384 997 227 998 1688
713 57 222 998 1688
94 53 229 998 1688
283 685 221 998 1688
119 961 233 998 1688
553 988 227 998 1688
166 125 223 998 1688
782 941 223 998 1688
196 985 226 999 1689
384 998 225 999 1689
570 470 224 999 1689
330 20 225 999 1689
94 54 238 999 1689
54 984 225 999 1689
119 962 231 999 1689
553 989 224 999 1689
166 126 227 999 1689
782 942 222 999 1689
196 986 227 1000 1690
384 999 225 1000 1690
713 59 222 1000 1690
570 471 221 1000 1690
330 21 221 1000 1690
283 687 227 1000 1690
119 963 239 1000 1690
553 990 231 1000 1690
166 127 237 1000 1690
196 987 239 1001 1691
570 472 227 1001 1691
330 22 229 1001 1691
94 56 223 1001 1691
54 986 223 1001 1691
119 964 223 1001 1691
247 997 222 1001 1691
782 944 222 1001 1691
196 988 231 1002 1692
713 61 225 1002 1692
330 23 232 1002 1692
94 57 228 1002 1692
54 987 239 1002 1692
670 553 225 1002 1692
283 689 227 1002 1692
119 965 231 1002 1692
553 992 232 1002 1692
247 998 230 1002 1692
196 989 238 1003 1693
570 474 223 1003 1693
56 419 227 1003 1693
384 1002 224 1003 1693
713 62 231 1003 1693
330 24 223 1003 1693
94 58 231 1003 1693
54 988 237 1003 1693
283 690 225 1003 1693
553 993 223 1003 1693
119 966 237 1003 1693
166 130 227 1003 1693
196 990 223 1004 1694
570 475 221 1004 1694
56 420 225 1004 1694
713 63 221 1004 1694
330 25 222 1004 1694
94 59 225 1004 1694
54 989 237 1004 1694
283 691 226 1004 1694
553 994 229 1004 1694
119 967 232 1004 1694
166 131 225 1004 1694
247 1000 227 1004 1694
196 991 228 1005 1695
56 421 227 1005 1695
570 476 223 1005 1695
713 64 228 1005 1695
330 26 224 1005 1695
94 60 225 1005 1695
54 990 240 1005 1695
283 692 221 1005 1695
553 995 223 1005 1695
119 968 231 1005 1695
166 132 223 1005 1695
782 948 221 1005 1695
247 1001 225 1005 1695
196 992 233 1006 1696
56 422 227 1006 1696
570 477 227 1006 1696
384 1005 221 1006 1696
330 27 225 1006 1696
713 65 227 1006 1696
94 61 227 1006 1696
54 991 242 1006 1696
670 557 223 1006 1696
553 996 230 1006 1696
119 969 231 1006 1696
166 133 231 1006 1696
782 949 223 1006 1696
56 423 227 1007 1697
196 993 231 1007 1697
570 478 231 1007 1697
330 28 223 1007 1697
94 62 231 1007 1697
54 992 248 1007 1697
119 970 231 1007 1697
553 997 227 1007 1697
166 134 222 1007 1697
247 1003 224 1007 1697
196 994 236 1008 1698
56 424 226 1008 1698
330 29 226 1008 1698
570 479 228 1008 1698
384 1007 221 1008 1698
713 67 228 1008 1698
94 63 226 1008 1698
54 993 245 1008 1698
670 559 221 1008 1698
553 998 231 1008 1698
119 971 229 1008 1698
166 135 227 1008 1698
247 1004 236 1008 1698
782 951 223 1008 1698
196 995 236 1009 1699
330 30 222 1009 1699
56 425 231 1009 1699
570 480 230 1009 1699
713 68 227 1009 1699
94 64 227 1009 1699
54 994 243 1009 1699
670 560 223 1009 1699
283 696 221 1009 1699
553 999 231 1009 1699
119 972 221 1009 1699
166 136 227 1009 1699
247 1005 223 1009 1699
782 952 224 1009 1699
196 996 235 1010 1700
570 481 232 1010 1700
94 65 231 1010 1700
54 995 239 1010 1700
283 697 227 1010 1700
119 973 235 1010 1700
553 1000 226 1010 1700
166 137 229 1010 1700
196 997 237 1011 1701
330 32 223 1011 1701
713 70 221 1011 1701
56 427 226 1011 1701
570 482 224 1011 1701
94 66 227 1011 1701
54 996 233 1011 1701
283 698 227 1011 1701
119 974 231 1011 1701
553 1001 225 1011 1701
166 138 226 1011 1701
247 1007 227 1011 1701
196 998 237 1012 1702
384 1011 223 1012 1702
330 33 227 1012 1702
56 428 225 1012 1702
570 483 226 1012 1702
94 67 231 1012 1702
54 997 236 1012 1702
283 699 223 1012 1702
553 1002 231 1012 1702
119 975 227 1012 1702
166 139 225 1012 1702
247 1008 231 1012 1702
196 999 239 1013 1703
330 34 225 1013 1703
384 1012 224 1013 1703
56 429 225 1013 1703
570 484 225 1013 1703
94 68 226 1013 1703
54 998 239 1013 1703
670 564 223 1013 1703
283 700 224 1013 1703
553 1003 227 1013 1703
119 976 224 1013 1703
247 1009 221 1013 1703
782 956 225 1013 1703
196 1000 234 1014 1704
384 1013 221 1014 1704
330 35 227 1014 1704
56 430 226 1014 1704
570 485 224 1014 1704
713 73 225 1014 1704
94 69 228 1014 1704
54 999 239 1014 1704
670 565 222 1014 1704
283 701 224 1014 1704
119 977 236 1014 1704
247 1010 224 1014 1704
782 957 223 1014 1704
196 1001 232 1015 1705
330 36 225 1015 1705
56 431 221 1015 1705
570 486 221 1015 1705
54 1000 238 1015 1705
670 566 224 1015 1705
283 702 223 1015 1705
119 978 233 1015 1705
553 1005 229 1015 1705
166 142 225 1015 1705
247 1011 225 1015 1705
196 1002 228 1016 1706
384 1015 225 1016 1706
56 432 227 1016 1706
330 37 225 1016 1706
570 487 221 1016 1706
713 75 222 1016 1706
94 71 227 1016 1706
54 1001 235 1016 1706
670 567 221 1016 1706
283 703 223 1016 1706
119 979 226 1016 1706
553 1006 229 1016 1706
166 143 225 1016 1706
196 1003 235 1017 1707
384 1016 223 1017 1707
330 38 230 1017 1707
713 76 223 1017 1707
570 488 225 1017 1707
94 72 227 1017 1707
54 1002 225 1017 1707
670 568 223 1017 1707
119 980 227 1017 1707
553 1007 226 1017 1707
196 1004 233 1018 1708
384 1017 226 1018 1708
330 39 221 1018 1708
713 77 222 1018 1708
570 489 225 1018 1708
94 73 227 1018 1708
54 1003 237 1018 1708
283 705 227 1018 1708
119 981 227 1018 1708
553 1008 224 1018 1708
166 145 231 1018 1708
782 961 222 1018 1708
196 1005 239 1018 1708
384 1018 227 1019 1709
330 40 231 1019 1709
56 435 225 1019 1709
570 490 228 1019 1709
713 78 225 1019 1709
94 74 225 1019 1709
54 1004 237 1019 1709
166 146 229 1019 1709
119 982 225 1019 1709
553 1009 227 1019 1709
782 962 221 1019 1709
196 1006 233 1020 1710
384 1019 221 1020 1710
330 41 230 1020 1710
570 491 234 1020 1710
94 75 237 1020 1710
54 1005 237 1020 1710
283 707 224 1020 1710
119 983 227 1020 1710
166 147 227 1020 1710
553 1010 224 1020 1710
196 1007 242 1021 1711
384 1020 222 1021 1711
330 42 231 1021 1711
713 80 226 1021 1711
94 76 237 1021 1711
54 1006 240 1021 1711
283 708 225 1021 1711
119 984 229 1021 1711
553 1011 226 1021 1711
782 964 221 1021 1711
196 1008 230 1022 1712
384 1021 221 1022 1712
330 43 225 1022 1712
713 81 226 1022 1712
94 77 236 1022 1712
54 1007 230 1022 1712
283 709 225 1022 1712
553 1012 228 1022 1712
119 985 233 1022 1712
166 149 225 1022 1712
196 1009 231 1023 1713
384 1022 226 1023 1713
330 44 227 1023 1713
713 82 223 1023 1713
570 494 223 1023 1713
54 1008 230 1023 1713
670 574 223 1023 1713
553 1013 228 1023 1713
166 150 227 1023 1713
782 966 221 1023 1713
196 1010 229 1023 1713
384 1023 223 1024 1714
330 45 227 1024 1714
713 83 227 1024 1714
56 440 222 1024 1714
94 79 225 1024 1714
54 1009 227 1024 1714
670 575 225 1024 1714
119 987 223 1024 1714
553 1014 227 1024 1714
283 711 227 1024 1714
166 151 227 1024 1714
384 1024 227 1025 1715
713 84 237 1025 1715
54 1010 225 1025 1715
283 712 221 1025 1715
553 1015 224 1025 1715
119 988 222 1025 1715
330 47 229 1026 1716
384 1025 223 1026 1716
713 85 226 1026 1716
94 81 223 1026 1716
670 577 221 1026 1716
283 713 231 1026 1716
166 153 225 1026 1716
713 86 227 1027 1717
283 714 225 1027 1717
553 1017 231 1027 1717
166 154 229 1027 1717
782 970 222 1027 1717
330 49 223 1028 1718
94 83 221 1028 1718
54 1013 223 1028 1718
670 579 222 1028 1718
283 715 229 1028 1718
553 1018 234 1028 1718
166 155 233 1028 1718
384 1028 221 1029 1719
713 88 221 1029 1719
54 1014 222 1029 1719
283 716 229 1029 1719
553 1019 221 1029 1719
782 972 223 1029 1719
330 51 223 1030 1720
384 1029 226 1030 1720
54 1015 223 1030 1720
283 717 223 1030 1720
553 1020 227 1030 1720
330 52 223 1031 1721
330 53 221 1032 1722
196 1020 234 1033 1723
330 55 228 1034 1724
384 1033 223 1034 1724
570 505 234 1034 1724
713 93 224 1034 1724
56 450 228 1034 1724
94 89 224 1034 1724
54 1019 227 1034 1724
670 585 223 1034 1724
283 721 227 1034 1724
553 1024 233 1034 1724
119 997 234 1034 1724
196 1021 235 1035 1725
384 1034 227 1035 1725
713 94 221 1035 1725
94 90 229 1035 1725
54 1020 235 1035 1725
553 1025 229 1035 1725
119 998 222 1035 1725
196 1022 236 1036 1726
330 57 229 1036 1726
782 978 222 1036 1726
384 1035 223 1036 1726
570 507 225 1036 1726
94 91 226 1036 1726
54 1021 235 1036 1726
553 1026 233 1036 1726
166 163 233 1036 1726
196 1023 235 1037 1727
330 58 226 1037 1727
570 508 227 1037 1727
94 92 226 1037 1727
54 1022 229 1037 1727
553 1027 232 1037 1727
166 164 232 1037 1727
196 1024 240 1038 1728
330 59 235 1038 1728
782 980 221 1038 1728
384 1037 223 1038 1728
570 509 232 1038 1728
94 93 225 1038 1728
553 1028 225 1038 1728
166 165 226 1038 1728
196 1025 237 1039 1729
330 60 230 1039 1729
384 1038 221 1039 1729
570 510 227 1039 1729
54 1024 223 1039 1729
553 1029 221 1039 1729
119 1002 222 1039 1729
166 166 231 1039 1729
196 1026 237 1040 1730
330 61 231 1040 1730
570 511 233 1040 1730
94 95 225 1040 1730
54 1025 221 1040 1730
553 1030 232 1040 1730
119 1003 221 1040 1730
166 167 231 1040 1730
196 1027 237 1041 1731
330 62 235 1041 1731
570 512 227 1041 1731
94 96 221 1041 1731
54 1026 229 1041 1731
553 1031 232 1041 1731
119 1004 228 1041 1731
166 168 234 1041 1731
196 1028 227 1042 1732
330 63 234 1042 1732
570 513 233 1042 1732
56 458 225 1042 1732
94 97 224 1042 1732
553 1032 227 1042 1732
119 1005 223 1042 1732
166 169 231 1042 1732
196 1029 238 1043 1733
330 64 229 1043 1733
713 102 227 1043 1733
56 459 221 1043 1733
670 594 225 1043 1733
553 1033 224 1043 1733
196 1030 235 1044 1734
782 986 222 1044 1734
713 103 222 1044 1734
713 104 221 1045 1735
330 67 226 1046 1736
670 598 222 1047 1737
553 1037 227 1047 1737
166 174 227 1047 1737
196 1034 231 1048 1738
570 519 229 1048 1738
56 464 223 1048 1738
54 1033 232 1048 1738
94 103 222 1048 1738
670 599 222 1048 1738
166 175 221 1048 1738
196 1035 235 1049 1739
54 1034 221 1049 1739
94 104 223 1049 1739
166 176 233 1049 1739
119 1012 225 1049 1739
196 1036 237 1050 1740
782 992 222 1050 1740
713 109 225 1050 1740
570 521 229 1050 1740
56 466 224 1050 1740
54 1035 231 1050 1740
94 105 225 1050 1740
670 601 222 1050 1740
553 1040 226 1050 1740
166 177 224 1050 1740
119 1013 231 1050 1740
196 1037 235 1051 1741
570 522 227 1051 1741
56 467 226 1051 1741
54 1036 226 1051 1741
670 602 225 1051 1741
553 1041 224 1051 1741
166 178 225 1051 1741
119 1014 225 1051 1741
713 111 222 1052 1742
570 523 237 1052 1742
54 1037 225 1052 1742
94 107 227 1052 1742
553 1042 224 1052 1742
166 179 231 1052 1742
119 1015 225 1052 1742
196 1039 239 1053 1743
570 524 222 1053 1743
94 108 228 1053 1743
54 1038 232 1053 1743
283 740 228 1053 1743
166 180 228 1053 1743
119 1016 223 1053 1743
196 1040 240 1054 1744
713 113 221 1054 1744
94 109 225 1054 1744
670 605 223 1054 1744
166 181 221 1054 1744
119 1017 221 1054 1744
196 1041 235 1055 1745
56 471 222 1055 1745
54 1040 224 1055 1745
94 110 228 1055 1745
570 526 226 1055 1745
283 742 228 1055 1745
670 606 224 1055 1745
196 1042 241 1056 1746
782 998 221 1056 1746
713 115 226 1056 1746
56 472 221 1056 1746
384 14 224 1056 1746
54 1041 227 1056 1746
94 111 224 1056 1746
570 527 226 1056 1746
166 183 224 1056 1746
119 1019 224 1056 1746
196 1043 235 1057 1747
384 15 223 1057 1747
54 1042 227 1057 1747
553 1047 222 1057 1747
166 184 235 1057 1747
196 1044 234 1058 1748
384 16 227 1058 1748
330 1 223 1058 1748
54 1043 225 1058 1748
94 113 223 1058 1748
283 745 221 1058 1748
553 1048 228 1058 1748
196 1045 238 1059 1749
782 1001 221 1059 1749
56 475 221 1059 1749
54 1044 223 1059 1749
330 2 221 1059 1749
94 114 224 1059 1749
283 746 223 1059 1749
553 1049 225 1059 1749
166 186 225 1059 1749
196 1046 235 1060 1750
54 1045 231 1060 1750
330 3 228 1060 1750
94 115 239 1060 1750
283 747 224 1060 1750
94 117 225 1062 1752
553 1052 221 1062 1752
166 189 221 1062 1752
283 750 221 1063 1753
196 1050 225 1064 1754
94 119 231 1064 1754
330 7 221 1064 1754
94 120 222 1065 1755
330 8 224 1065 1755
283 752 222 1065 1755
553 1055 227 1065 1755
166 192 221 1065 1755
94 121 224 1066 1756
94 122 221 1067 1757
166 195 223 1068 1758
54 1054 225 1069 1759
119 1032 222 1069 1759
196 1056 231 1070 1760
713 129 224 1070 1760
54 1055 235 1070 1760
384 28 223 1070 1760
94 125 229 1070 1760
283 757 232 1070 1760
670 621 225 1070 1760
553 1060 221 1070 1760
166 197 223 1070 1760
119 1033 227 1070 1760
196 1057 231 1071 1761
782 1013 221 1071 1761
54 1056 231 1071 1761
56 487 225 1071 1761
384 29 222 1071 1761
94 126 224 1071 1761
330 14 231 1071 1761
283 758 221 1071 1761
570 542 231 1071 1761
553 1061 228 1071 1761
166 198 229 1071 1761
119 1034 228 1071 1761
196 1058 237 1072 1762
713 131 233 1072 1762
54 1057 227 1072 1762
330 15 225 1072 1762
570 543 226 1072 1762
166 199 225 1072 1762
119 1035 227 1072 1762
196 1059 233 1073 1763
54 1058 225 1073 1763
384 31 227 1073 1763
330 16 225 1073 1763
553 1063 231 1073 1763
166 200 225 1073 1763
119 1036 233 1073 1763
196 1060 236 1074 1764
56 490 223 1074 1764
94 129 233 1074 1764
330 17 223 1074 1764
570 545 228 1074 1764
553 1064 227 1074 1764
166 201 231 1074 1764
119 1037 233 1074 1764
196 1061 227 1075 1765
54 1060 227 1075 1765
94 130 231 1075 1765
283 762 228 1075 1765
570 546 223 1075 1765
553 1065 235 1075 1765
166 202 235 1075 1765
119 1038 226 1075 1765
196 1062 239 1076 1766
782 1018 226 1076 1766
54 1061 225 1076 1766
94 131 235 1076 1766
384 34 224 1076 1766
330 19 226 1076 1766
283 763 221 1076 1766
570 547 222 1076 1766
553 1066 229 1076 1766
166 203 230 1076 1766
119 1039 231 1076 1766
196 1063 235 1077 1767
782 1019 223 1077 1767
713 136 227 1077 1767
54 1062 221 1077 1767
94 132 224 1077 1767
384 35 223 1077 1767
330 20 223 1077 1767
670 628 221 1077 1767
283 764 225 1077 1767
570 548 234 1077 1767
166 204 234 1077 1767
119 1040 232 1077 1767
196 1064 237 1078 1768
782 1020 224 1078 1768
713 137 223 1078 1768
54 1063 233 1078 1768
94 133 225 1078 1768
670 629 222 1078 1768
570 549 226 1078 1768
553 1068 224 1078 1768
166 205 222 1078 1768
119 1041 234 1078 1768
196 1065 225 1079 1769
54 1064 226 1079 1769
54 1065 225 1080 1770
166 207 223 1080 1770
119 1043 225 1080 1770
94 136 225 1081 1771
166 208 222 1081 1771
119 1044 228 1081 1771
94 137 223 1082 1772
54 1069 232 1084 1774
94 139 227 1084 1774
119 1047 225 1084 1774
54 1070 227 1085 1775
713 144 224 1085 1775
94 140 223 1085 1775
330 28 221 1085 1775
119 1048 225 1085 1775
94 141 223 1086 1776
330 29 225 1086 1776
384 44 224 1086 1776
570 557 223 1086 1776
166 213 227 1086 1776
119 1049 224 1086 1776
196 1073 238 1087 1777
782 1029 227 1087 1777
54 1072 235 1087 1777
330 30 233 1087 1777
94 142 224 1087 1777
283 774 221 1087 1777
570 558 225 1087 1777
553 1077 227 1087 1777
166 214 227 1087 1777
119 1050 231 1087 1777
196 1074 227 1088 1778
782 1030 224 1088 1778
54 1073 231 1088 1778
713 147 224 1088 1778
330 31 225 1088 1778
384 46 221 1088 1778
94 143 231 1088 1778
553 1078 222 1088 1778
166 215 232 1088 1778
119 1051 228 1088 1778
54 1074 224 1089 1779
94 144 222 1089 1779
570 560 226 1089 1779
283 776 222 1089 1779
196 1076 221 1090 1780
94 145 223 1090 1780
570 561 223 1090 1780
54 1076 227 1091 1781
283 778 223 1091 1781
570 562 225 1091 1781
166 218 221 1091 1781
119 1054 221 1091 1781
54 1077 221 1092 1782
670 643 221 1092 1782
570 563 221 1092 1782
166 219 222 1092 1782
54 1078 223 1093 1783
670 644 221 1093 1783
54 1079 237 1094 1784
54 1080 235 1095 1785
54 1081 235 1096 1786
330 39 222 1096 1786
54 1082 231 1097 1787
54 1083 229 1098 1788
54 1084 232 1099 1789
54 1085 223 1100 1790
94 155 225 1100 1790
330 43 221 1100 1790
283 787 225 1100 1790
570 571 230 1100 1790
553 1090 231 1100 1790
166 227 228 1100 1790
119 1063 227 1100 1790
196 1087 231 1101 1791
782 1043 225 1101 1791
54 1086 237 1101 1791
713 160 224 1101 1791
94 156 227 1101 1791
330 44 227 1101 1791
384 59 221 1101 1791
570 572 225 1101 1791
553 1091 223 1101 1791
166 228 227 1101 1791
119 1064 225 1101 1791
196 1088 235 1102 1792
782 1044 222 1102 1792
54 1087 239 1102 1792
330 45 227 1102 1792
283 789 223 1102 1792
570 573 222 1102 1792
553 1092 227 1102 1792
166 229 231 1102 1792
196 1089 233 1103 1793
54 1088 239 1103 1793
713 162 225 1103 1793
94 158 221 1103 1793
670 654 222 1103 1793
330 46 222 1103 1793
570 574 228 1103 1793
166 230 227 1103 1793
196 1090 229 1104 1794
782 1046 223 1104 1794
54 1089 223 1104 1794
94 159 221 1104 1794
330 47 221 1104 1794
283 791 221 1104 1794
570 575 227 1104 1794
553 1094 233 1104 1794
166 231 226 1104 1794
196 1091 232 1105 1795
54 1090 240 1105 1795
713 164 226 1105 1795
330 48 231 1105 1795
570 576 221 1105 1795
553 1095 227 1105 1795
196 1092 231 1106 1796
54 1091 247 1106 1796
713 165 223 1106 1796
553 1096 228 1106 1796
166 233 227 1106 1796
196 1093 237 1107 1797
330 50 231 1107 1797
283 794 227 1107 1797
553 1097 229 1107 1797
570 578 225 1107 1797
166 234 233 1107 1797
119 1070 233 1107 1797
196 1094 234 1108 1798
54 1093 235 1108 1798
713 167 223 1108 1798
330 51 224 1108 1798
553 1098 223 1108 1798
166 235 226 1108 1798
119 1071 224 1108 1798
196 1095 235 1109 1799
54 1094 225 1109 1799
94 164 221 1109 1799
330 52 235 1109 1799
670 660 227 1109 1799
384 67 227 1109 1799
56 525 222 1109 1799
553 1099 231 1109 1799
570 580 233 1109 1799
166 236 231 1109 1799
119 1072 225 1109 1799
196 1096 227 1110 1800
782 1052 227 1110 1800
54 1095 229 1110 1800
94 165 236 1110 1800
713 169 222 1110 1800
330 53 222 1110 1800
553 1100 223 1110 1800
166 237 229 1110 1800
119 1073 232 1110 1800
196 1097 231 1111 1801
782 1053 227 1111 1801
54 1096 233 1111 1801
94 166 221 1111 1801
570 582 227 1111 1801
553 1101 227 1111 1801
166 238 233 1111 1801
196 1098 236 1112 1802
54 1097 228 1112 1802
782 1054 223 1112 1802
94 167 225 1112 1802
713 171 224 1112 1802
670 663 223 1112 1802
384 70 222 1112 1802
56 528 222 1112 1802
570 583 227 1112 1802
166 239 227 1112 1802
119 1075 225 1112 1802
196 1099 227 1113 1803
54 1098 235 1113 1803
330 56 227 1113 1803
570 584 230 1113 1803
553 1103 226 1113 1803
166 240 227 1113 1803
196 1100 231 1114 1804
54 1099 241 1114 1804
94 169 221 1114 1804
713 173 223 1114 1804
384 72 221 1114 1804
570 585 233 1114 1804
553 1104 224 1114 1804
166 241 232 1114 1804
196 1101 237 1115 1805
54 1100 227 1115 1805
782 1057 222 1115 1805
94 170 224 1115 1805
670 666 225 1115 1805
570 586 227 1115 1805
553 1105 224 1115 1805
166 242 229 1115 1805
196 1102 237 1116 1806
54 1101 233 1116 1806
670 667 223 1116 1806
283 803 221 1116 1806
553 1106 227 1116 1806
166 243 231 1116 1806
196 1103 233 1117 1807
54 1102 234 1117 1807
94 172 227 1117 1807
330 60 224 1117 1807
384 75 222 1117 1807
570 588 227 1117 1807
553 1107 224 1117 1807
166 244 231 1117 1807
119 1080 224 1117 1807
723 18 224 1117 1807
196 1104 235 1118 1808
54 1103 236 1118 1808
330 61 227 1118 1808
713 177 221 1118 1808
384 76 227 1118 1808
553 1108 231 1118 1808
166 245 233 1118 1808
196 1105 228 1119 1809
54 1104 234 1119 1809
94 174 223 1119 1809
330 62 224 1119 1809
713 178 222 1119 1809
283 806 225 1119 1809
166 246 234 1119 1809
196 1106 232 1120 1810
54 1105 243 1120 1810
782 1062 225 1120 1810
94 175 223 1120 1810
384 78 224 1120 1810
56 536 227 1120 1810
570 591 227 1120 1810
553 1110 223 1120 1810
166 247 234 1120 1810
119 1083 227 1120 1810
196 1107 239 1121 1811
782 1063 221 1121 1811
54 1106 247 1121 1811
94 176 224 1121 1811
330 64 227 1121 1811
553 1111 223 1121 1811
570 592 221 1121 1811
166 248 231 1121 1811
54 1107 243 1122 1812
283 809 221 1122 1812
56 538 223 1122 1812
553 1112 228 1122 1812
570 593 226 1122 1812
166 249 233 1122 1812
119 1085 229 1122 1812
196 1109 226 1123 1813
782 1065 223 1123 1813
54 1108 241 1123 1813
330 66 222 1123 1813
283 810 223 1123 1813
553 1113 227 1123 1813
166 250 228 1123 1813
119 1086 230 1123 1813
196 1110 229 1124 1814
54 1109 227 1124 1814
94 179 223 1124 1814
330 67 225 1124 1814
713 183 223 1124 1814
670 675 226 1124 1814
283 811 223 1124 1814
56 540 223 1124 1814
553 1114 224 1124 1814
570 595 233 1124 1814
166 251 231 1124 1814
119 1087 226 1124 1814
196 1111 239 1125 1815
54 1110 240 1125 1815
782 1067 228 1125 1815
56 541 224 1125 1815
166 252 231 1125 1815
119 1088 227 1125 1815
782 1068 225 1126 1816
54 1111 237 1126 1816
94 181 225 1126 1816
56 542 221 1126 1816
553 1116 231 1126 1816
570 597 222 1126 1816
196 1113 237 1127 1817
54 1112 246 1127 1817
713 186 223 1127 1817
330 70 225 1127 1817
94 182 222 1127 1817
670 678 221 1127 1817
283 814 223 1127 1817
196 1114 235 1128 1818
54 1113 235 1128 1818
94 183 225 1128 1818
283 815 221 1128 1818
553 1118 225 1128 1818
570 599 223 1128 1818
166 255 228 1128 1818
119 1091 227 1128 1818
196 1115 225 1129 1819
782 1071 225 1129 1819
54 1114 242 1129 1819
330 72 225 1129 1819
94 184 221 1129 1819
553 1119 227 1129 1819
570 600 227 1129 1819
196 1116 227 1130 1820
54 1115 242 1130 1820
713 189 226 1130 1820
94 185 234 1130 1820
283 817 225 1130 1820
166 257 221 1130 1820
119 1093 223 1130 1820
196 1117 234 1131 1821
54 1116 234 1131 1821
330 74 227 1131 1821
384 89 225 1131 1821
670 682 221 1131 1821
94 186 223 1131 1821
570 602 225 1131 1821
166 258 227 1131 1821
119 1094 231 1131 1821
196 1118 226 1132 1822
782 1074 221 1132 1822
54 1117 236 1132 1822
330 75 229 1132 1822
94 187 230 1132 1822
553 1122 229 1132 1822
570 603 228 1132 1822
166 259 225 1132 1822
196 1119 235 1133 1823
54 1118 221 1133 1823
330 76 224 1133 1823
670 684 225 1133 1823
384 91 221 1133 1823
94 188 232 1133 1823
553 1123 223 1133 1823
570 604 231 1133 1823
166 260 225 1133 1823
119 1096 233 1133 1823
196 1120 227 1134 1824
782 1076 225 1134 1824
54 1119 241 1134 1824
330 77 224 1134 1824
713 193 223 1134 1824
94 189 232 1134 1824
56 550 221 1134 1824
553 1124 224 1134 1824
119 1097 226 1134 1824
196 1121 231 1135 1825
782 1077 221 1135 1825
54 1120 239 1135 1825
330 78 227 1135 1825
713 194 225 1135 1825
94 190 226 1135 1825
283 822 222 1135 1825
570 606 231 1135 1825
166 262 221 1135 1825
119 1098 233 1135 1825
196 1122 227 1136 1826
54 1121 240 1136 1826
330 79 233 1136 1826
670 687 223 1136 1826
713 195 223 1136 1826
94 191 221 1136 1826
283 823 223 1136 1826
553 1126 231 1136 1826
570 607 222 1136 1826
119 1099 241 1136 1826
196 1123 227 1137 1827
54 1122 241 1137 1827
330 80 223 1137 1827
713 196 221 1137 1827
94 192 229 1137 1827
56 553 226 1137 1827
553 1127 231 1137 1827
119 1100 227 1137 1827
196 1124 233 1138 1828
54 1123 235 1138 1828
713 197 225 1138 1828
94 193 231 1138 1828
166 265 232 1138 1828
570 609 229 1138 1828
119 1101 233 1138 1828
196 1125 221 1139 1829
782 1081 221 1139 1829
54 1124 242 1139 1829
713 198 227 1139 1829
56 555 223 1139 1829
166 266 231 1139 1829
119 1102 226 1139 1829
196 1126 223 1140 1830
54 1125 236 1140 1830
782 1082 225 1140 1830
670 691 222 1140 1830
713 199 222 1140 1830
56 556 223 1140 1830
119 1103 231 1140 1830
330 84 221 1141 1831
384 99 221 1141 1831
713 200 227 1141 1831
553 1131 225 1141 1831
570 613 224 1142 1832
119 1105 237 1142 1832
782 1085 226 1143 1833
330 86 225 1143 1833
670 694 223 1143 1833
384 101 224 1143 1833
713 202 221 1143 1833
94 198 233 1143 1833
283 830 233 1143 1833
553 1133 229 1143 1833
119 1106 221 1143 1833
782 1086 226 1144 1834
384 102 224 1144 1834
330 87 231 1144 1834
94 199 221 1144 1834
283 831 222 1144 1834
553 1134 227 1144 1834
119 1107 221 1144 1834
196 1131 231 1145 1835
54 1130 222 1145 1835
782 1087 224 1145 1835
384 103 223 1145 1835
330 88 231 1145 1835
713 204 227 1145 1835
94 200 235 1145 1835
283 832 226 1145 1835
553 1135 230 1145 1835
56 561 223 1145 1835
570 616 225 1145 1835
119 1108 221 1145 1835
196 1132 227 1146 1836
54 1131 222 1146 1836
782 1088 224 1146 1836
330 89 231 1146 1836
384 104 227 1146 1836
94 201 232 1146 1836
283 833 225 1146 1836
553 1136 227 1146 1836
570 617 227 1146 1836
196 1133 231 1147 1837
54 1132 231 1147 1837
782 1089 221 1147 1837
330 90 235 1147 1837
713 206 229 1147 1837
384 105 225 1147 1837
570 618 230 1147 1837
119 1110 222 1147 1837
196 1134 225 1148 1838
54 1133 223 1148 1838
330 91 235 1148 1838
713 207 227 1148 1838
670 699 225 1148 1838
384 106 230 1148 1838
94 203 227 1148 1838
283 835 221 1148 1838
553 1138 227 1148 1838
166 275 221 1148 1838
570 619 223 1148 1838
469 529 221 1148 1838
119 1111 228 1148 1838
196 1135 231 1149 1839
330 92 221 1149 1839
384 107 224 1149 1839
94 204 233 1149 1839
283 836 231 1149 1839
553 1139 225 1149 1839
56 565 224 1149 1839
119 1112 225 1150 1840
782 1092 222 1150 1840
330 93 235 1150 1840
384 108 221 1150 1840
94 205 223 1150 1840
283 837 227 1150 1840
553 1140 224 1150 1840
56 566 221 1150 1840
570 621 234 1150 1840
119 1113 227 1150 1840
330 94 237 1151 1841
782 1093 222 1151 1841
283 838 227 1151 1841
94 206 225 1151 1841
553 1141 227 1151 1841
56 567 225 1151 1841
166 278 223 1151 1841
570 622 225 1151 1841
54 1137 234 1152 1842
330 95 235 1152 1842
283 839 231 1152 1842
94 207 225 1152 1842
553 1142 224 1152 1842
570 623 235 1152 1842
119 1115 227 1153 1843
54 1138 231 1153 1843
330 96 232 1153 1843
782 1095 225 1153 1843
283 840 231 1153 1843
94 208 232 1153 1843
553 1143 227 1153 1843
570 624 223 1153 1843
119 1116 225 1154 1844
54 1139 234 1154 1844
330 97 227 1154 1844
94 209 229 1154 1844
283 841 227 1154 1844
56 570 223 1154 1844
570 625 227 1154 1844
469 535 221 1155 1845
119 1117 221 1155 1845
54 1140 234 1155 1845
330 98 224 1155 1845
384 113 222 1155 1845
283 842 223 1155 1845
94 210 235 1155 1845
56 571 223 1155 1845
166 282 221 1155 1845
54 1141 233 1156 1846
330 99 235 1156 1846
283 843 223 1156 1846
553 1146 223 1156 1846
56 572 222 1156 1846
570 627 233 1156 1846
119 1119 228 1157 1847
54 1142 227 1157 1847
330 100 235 1157 1847
283 844 228 1157 1847
553 1147 221 1157 1847
94 212 229 1157 1847
570 628 228 1157 1847
119 1120 227 1158 1848
54 1143 221 1158 1848
330 101 227 1158 1848
283 845 225 1158 1848
553 1148 226 1158 1848
94 213 237 1158 1848
570 629 231 1158 1848
119 1121 225 1159 1849
54 1144 221 1159 1849
330 102 237 1159 1849
713 218 223 1159 1849
283 846 227 1159 1849
553 1149 222 1159 1849
94 214 227 1159 1849
56 575 222 1159 1849
570 630 226 1159 1849
119 1122 227 1160 1850
54 1145 231 1160 1850
330 103 228 1160 1850
553 1150 223 1160 1850
94 215 241 1160 1850
56 576 228 1160 1850
570 631 231 1161 1851
119 1123 231 1161 1851
330 104 238 1161 1851
283 848 227 1161 1851
94 216 235 1161 1851
553 1151 233 1161 1851
56 577 234 1161 1851
119 1124 225 1162 1852
54 1147 231 1162 1852
330 105 228 1162 1852
782 1104 225 1162 1852
384 120 223 1162 1852
283 849 232 1162 1852
553 1152 229 1162 1852
94 217 225 1162 1852
166 289 221 1162 1852
570 633 237 1162 1852
196 1149 227 1163 1853
56 579 225 1163 1853
570 634 235 1163 1853
196 1150 225 1164 1854
330 107 238 1164 1854
713 223 229 1164 1854
283 851 222 1164 1854
166 291 221 1164 1854
196 1151 223 1165 1855
54 1150 227 1165 1855
54 1151 223 1166 1856
283 853 226 1166 1856
56 582 243 1166 1856
56 583 243 1167 1857
493 1148 221 1167 1857
469 548 223 1168 1858
607 1130 224 1168 1858
56 584 227 1168 1858
769 165 224 1169 1859
326 1170 226 1169 1859
247 1164 221 1169 1859
593 15 225 1169 1859
172 1167 225 1169 1859
297 346 235 1170 1860
265 1174 223 1170 1860
685 10 223 1170 1860
56 586 227 1170 1860
775 882 222 1170 1860
56 587 247 1171 1861
452 994 222 1172 1862
759 1157 231 1172 1862
56 589 231 1173 1863
481 111 225 1173 1863
703 1154 223 1174 1864
646 1152 239 1174 1864
268 1057 224 1174 1864
56 590 247 1174 1864
658 1173 225 1174 1864
618 3 243 1175 1865
577 535 243 1175 1865
56 591 248 1175 1865
470 1088 226 1176 1866
767 1172 223 1176 1866
772 48 223 1177 1867
772 49 226 1178 1868
315 9 221 1179 1869
34 3 223 1179 1869
315 10 230 1180 1870
34 4 221 1180 1870
315 11 224 1181 1871
772 52 229 1181 1871
315 12 234 1182 1872
772 53 226 1182 1872
605 180 223 1182 1872
666 27 229 1182 1872
315 13 240 1183 1873
772 54 231 1183 1873
34 7 222 1183 1873
666 28 233 1183 1873
233 1184 221 1184 1874
629 3 223 1184 1874
451 1185 241 1184 1874
225 1102 221 1184 1874
666 29 223 1184 1874
233 1185 221 1185 1875
315 15 225 1185 1875
470 1097 221 1185 1875
225 1103 226 1185 1875
767 1181 223 1185 1875
666 30 233 1185 1875
233 1186 224 1186 1876
315 16 225 1186 1876
666 31 229 1186 1876
315 17 233 1187 1877
772 58 223 1187 1877
34 11 221 1187 1877
666 32 230 1187 1877
335 10 235 1188 1878
666 33 227 1188 1878
335 11 221 1189 1879
666 34 235 1189 1879
233 1190 225 1190 1880
629 9 222 1190 1880
335 12 225 1190 1880
605 188 221 1190 1880
666 35 222 1190 1880
233 1191 222 1191 1881
315 21 227 1191 1881
629 10 227 1191 1881
470 1103 221 1191 1881
225 1109 225 1191 1881
605 189 223 1191 1881
666 36 221 1191 1881
666 37 226 1192 1882
233 1193 227 1193 1883
335 15 221 1193 1883
34 17 221 1193 1883
666 39 221 1194 1884
666 41 226 1196 1886
225 1123 222 1205 1895
233 1207 221 1207 1897
233 1212 223 1212 1902
233 1213 221 1213 1903
233 1214 221 1214 1904
233 1216 225 1216 1906
233 1217 222 1217 1907
233 1218 224 1217 1907
233 1219 224 1219 1909
233 1221 224 1221 1911
233 1222 221 1222 1912
233 1223 221 1223 1913
233 1224 223 1224 1914
233 1225 223 1225 1915
233 1234 225 1233 1923
233 1235 224 1234 1924
470 1148 224 1236 1926
470 1149 231 1237 1927
233 1238 228 1237 1927
470 1151 225 1239 1929
470 1152 225 1240 1930
470 1153 225 1241 1931
470 1154 227 1242 1932
470 1155 226 1243 1933
470 1156 225 1244 1934
772 118 221 1247 1937
470 1167 224 1255 1945
772 126 227 1255 1945
451 1256 221 1255 1945
629 48 221 1255 1945
233 1260 221 1259 1949
470 1172 223 1260 1950
233 1261 221 1260 1950
451 1263 225 1262 1952
225 1180 221 1262 1952
470 1175 225 1263 1953
451 1265 221 1264 1954
757 704 221 1265 1955
470 1177 226 1265 1955
451 1266 223 1265 1955
335 88 228 1266 1956
335 89 225 1267 1957
767 1263 221 1267 1957
335 90 221 1268 1958
335 91 225 1269 1959
767 1265 222 1269 1959
335 93 228 1271 1961
34 95 227 1271 1961
757 711 221 1272 1962
470 1184 223 1272 1962
335 94 226 1272 1962
772 143 224 1272 1962
629 65 221 1272 1962
451 1273 226 1272 1962
34 96 229 1272 1962
335 95 221 1273 1963
34 97 221 1273 1963
315 104 223 1274 1964
335 96 227 1274 1964
451 1275 222 1274 1964
767 1270 224 1274 1964
757 714 226 1274 1964
315 105 223 1275 1965
335 97 225 1275 1965
772 146 224 1275 1965
34 99 223 1275 1965
767 1271 227 1275 1965
335 98 226 1276 1966
34 100 225 1276 1966
767 1272 221 1276 1966
34 101 231 1277 1967
767 1273 223 1277 1967
757 717 223 1277 1967
233 1278 223 1278 1968
470 1190 221 1278 1968
772 149 221 1278 1968
225 1196 223 1278 1968
233 1279 231 1278 1968
315 109 223 1279 1969
772 150 221 1279 1969
34 103 231 1279 1969
470 1192 226 1280 1970
34 104 223 1280 1970
470 1193 233 1281 1971
772 152 225 1281 1971
335 103 228 1281 1971
34 105 231 1281 1971
767 1277 221 1281 1971
233 1282 223 1282 1972
772 153 228 1282 1972
629 75 224 1282 1972
335 104 232 1282 1972
34 106 226 1282 1972
225 1200 222 1282 1972
757 722 223 1283 1973
233 1283 223 1283 1973
315 113 232 1283 1973
629 76 226 1283 1973
335 105 235 1283 1973
34 107 236 1283 1973
233 1284 221 1284 1974
757 723 226 1284 1974
315 114 223 1284 1974
629 77 226 1284 1974
335 106 223 1284 1974
34 108 234 1284 1974
772 155 238 1284 1974
767 1280 229 1284 1974
315 115 225 1285 1975
335 107 225 1285 1975
34 109 236 1285 1975
772 156 231 1285 1975
225 1203 226 1285 1975
767 1281 233 1285 1975
757 725 225 1286 1976
315 116 226 1286 1976
34 110 227 1286 1976
629 79 231 1286 1976
772 157 231 1286 1976
666 24 223 1286 1976
767 1282 226 1286 1976
315 117 226 1287 1977
470 1199 223 1287 1977
629 80 225 1287 1977
451 1288 227 1287 1977
772 158 228 1287 1977
225 1205 231 1287 1977
757 727 221 1287 1977
335 110 224 1288 1978
629 81 224 1288 1978
451 1289 227 1288 1978
772 159 237 1288 1978
225 1206 228 1288 1978
757 728 233 1288 1978
233 1289 222 1288 1978
315 119 223 1289 1979
470 1201 227 1289 1979
34 113 222 1289 1979
451 1290 224 1289 1979
225 1207 225 1289 1979
757 729 226 1289 1979
315 120 222 1290 1980
470 1202 227 1290 1980
629 83 227 1290 1980
34 114 227 1290 1980
757 730 226 1290 1980
470 1203 226 1291 1981
629 84 227 1291 1981
34 115 227 1291 1981
772 1 225 1291 1981
757 731 226 1291 1981
470 1204 226 1292 1982
629 85 226 1292 1982
34 116 227 1292 1982
772 2 225 1292 1982
757 732 225 1292 1982
315 123 221 1293 1983
470 1205 225 1293 1983
629 86 225 1293 1983
34 117 223 1293 1983
451 1294 222 1293 1983
335 116 224 1294 1984
629 87 227 1294 1984
451 1295 232 1294 1984
772 4 232 1294 1984
470 1207 231 1295 1985
34 119 221 1295 1985
225 1213 223 1295 1985
772 5 223 1295 1985
233 1296 233 1295 1985
315 126 231 1296 1986
629 89 226 1296 1986
225 1214 225 1296 1986
451 1297 231 1296 1986
772 6 223 1296 1986
629 90 227 1297 1987
34 121 231 1297 1987
225 1215 229 1297 1987
315 1 233 1297 1987
772 7 231 1297 1987
666 35 227 1297 1987
757 737 232 1297 1987
233 1298 228 1297 1987
470 1210 223 1298 1988
335 120 226 1298 1988
629 91 229 1298 1988
34 122 221 1298 1988
772 8 224 1298 1988
666 36 227 1298 1988
767 1294 230 1298 1988
757 738 224 1298 1988
233 1299 225 1298 1988
470 1211 232 1299 1989
629 92 225 1299 1989
34 123 228 1299 1989
225 1217 228 1299 1989
315 3 221 1299 1989
772 9 228 1299 1989
666 37 224 1299 1989
757 739 222 1299 1989
233 1300 225 1299 1989
470 1212 234 1300 1990
335 122 223 1300 1990
629 93 225 1300 1990
225 1218 224 1300 1990
315 4 234 1300 1990
772 10 229 1300 1990
666 38 222 1300 1990
757 740 225 1300 1990
470 1213 239 1301 1991
335 123 221 1301 1991
629 94 223 1301 1991
34 125 225 1301 1991
225 1219 237 1301 1991
772 11 235 1301 1991
666 39 232 1301 1991
233 1302 224 1301 1991
335 124 231 1302 1992
629 95 221 1302 1992
34 126 236 1302 1992
225 1220 223 1302 1992
315 6 234 1302 1992
451 1303 224 1302 1992
772 12 229 1302 1992
666 40 223 1302 1992
767 1298 221 1302 1992
757 742 225 1302 1992
470 1215 223 1303 1993
629 96 223 1303 1993
315 7 227 1303 1993
666 41 222 1303 1993
470 1216 223 1304 1994
629 97 225 1304 1994
34 128 229 1304 1994
225 1222 230 1304 1994
772 14 223 1304 1994
767 1300 231 1304 1994
233 1305 221 1304 1994
757 744 224 1304 1994
451 1306 223 1305 1995
233 1306 221 1305 1995
757 745 234 1305 1995
629 99 221 1306 1996
315 10 227 1306 1996
233 1307 221 1306 1996
423 1295 225 1308 1998
