161 3 229 0 726
340 4 235 0 726
501 3 221 1 727
161 4 227 1 727
219 5 225 2 728
501 4 223 2 728
340 7 230 3 729
340 8 226 4 730
219 8 221 5 731
501 7 221 5 731
161 8 229 5 731
161 9 222 6 732
219 10 223 7 733
161 10 225 7 733
219 12 224 9 735
161 14 226 11 737
219 15 221 12 738
219 16 223 13 739
219 17 223 14 740
769 19 221 16 742
769 23 221 20 746
161 24 231 21 747
161 25 233 22 748
161 26 227 23 749
769 27 225 24 750
161 27 227 24 750
769 29 221 26 752
501 28 235 26 752
105 32 233 26 752
769 30 223 27 753
105 34 221 28 754
219 32 221 29 755
769 32 221 29 755
105 36 225 30 756
769 34 223 31 757
105 37 227 31 757
219 35 221 32 758
219 36 221 33 759
769 36 221 33 759
161 36 221 33 759
219 37 225 34 760
769 40 221 37 763
501 39 221 37 763
531 52 221 41 767
105 50 221 44 770
769 48 223 45 771
501 47 223 45 771
161 48 221 45 771
219 50 221 47 773
340 51 221 47 773
340 52 221 48 774
161 53 222 50 776
340 55 223 51 777
340 58 223 54 780
161 57 221 54 780
219 61 231 58 784
105 65 231 60 786
153 81 225 60 786
105 66 237 61 787
105 67 229 62 788
105 68 225 63 789
268 109 225 77 803
379 113 228 77 803
769 81 221 78 804
611 99 233 78 804
57 104 225 78 804
769 82 225 79 805
218 71 226 79 805
611 100 223 79 805
57 105 237 79 805
769 83 223 80 806
611 101 233 80 806
452 35 224 80 806
218 73 229 81 807
611 102 239 81 807
502 62 235 81 807
729 46 223 81 807
675 117 225 81 807
751 68 229 82 808
756 95 227 82 808
611 103 245 82 808
502 63 223 82 808
751 69 235 83 809
611 104 235 83 809
502 64 223 83 809
268 3 221 83 809
452 38 233 83 809
611 105 234 84 810
598 120 221 84 810
57 110 226 84 810
502 65 225 84 810
729 49 224 84 810
452 39 227 84 810
751 71 225 85 811
598 121 221 85 811
57 112 239 86 812
452 41 233 86 812
756 100 223 87 813
611 108 233 87 813
57 113 237 87 813
769 91 225 87 813
379 123 229 87 813
452 42 222 87 813
611 109 241 88 814
611 110 237 89 815
598 125 222 89 815
611 111 223 90 816
502 71 223 90 816
268 10 223 90 816
675 126 222 90 816
379 126 225 90 816
751 77 226 91 817
611 112 243 91 817
268 11 224 91 817
769 95 225 91 817
751 78 225 92 818
218 84 224 92 818
611 113 223 92 818
502 73 221 92 818
769 96 222 92 818
452 47 223 92 818
218 85 221 93 819
611 114 235 93 819
57 119 237 93 819
598 129 221 93 819
502 74 221 93 819
769 97 223 93 819
452 48 223 94 820
57 120 228 94 820
611 116 224 95 821
729 60 228 95 821
379 131 224 95 821
218 88 221 96 822
328 124 223 96 822
611 117 231 96 822
379 132 225 96 822
218 89 221 97 823
611 118 233 97 823
57 123 231 97 823
640 26 221 97 823
729 62 229 97 823
218 90 221 98 824
611 119 230 98 824
379 134 226 98 824
769 102 226 98 824
611 120 244 99 825
57 125 233 99 825
502 80 223 99 825
379 135 225 99 825
452 54 230 99 825
611 121 237 100 826
57 126 227 100 826
409 58 221 100 826
729 65 223 100 826
751 87 227 100 826
379 136 233 100 826
756 114 223 101 827
611 122 243 101 827
57 127 229 101 827
502 82 224 101 827
379 137 223 101 827
751 88 221 101 827
611 123 247 102 828
57 128 225 102 828
502 83 221 102 828
379 138 224 102 828
611 124 241 103 829
57 129 233 103 829
502 84 235 103 829
379 139 225 103 829
218 96 221 104 830
611 125 244 104 830
729 3 223 104 830
57 130 221 104 830
268 24 223 104 830
379 140 225 104 830
751 91 221 104 830
611 126 233 105 831
57 131 223 105 831
218 98 231 106 832
611 127 235 106 832
57 132 221 106 832
729 5 231 106 832
268 26 227 106 832
769 110 225 107 833
218 99 224 107 833
611 128 244 107 833
268 27 223 107 833
611 129 228 108 834
57 134 226 108 834
452 63 221 108 834
769 112 228 109 835
756 122 229 109 835
611 130 237 109 835
57 135 221 109 835
751 96 223 109 835
611 131 224 110 836
268 30 223 110 836
769 114 225 111 837
756 124 225 111 837
57 137 221 111 837
452 66 221 111 837
751 98 221 111 837
756 125 228 112 838
611 133 246 112 838
57 138 221 112 838
729 11 226 112 838
769 116 221 113 839
756 126 225 113 839
611 134 237 113 839
452 68 223 113 839
769 117 221 114 840
611 135 230 114 840
502 95 224 114 840
379 150 233 114 840
452 69 225 114 840
611 136 239 115 841
268 35 224 115 841
502 96 236 115 841
611 137 233 116 842
57 142 225 116 842
268 36 235 116 842
611 138 229 117 843
452 72 221 117 843
611 139 239 118 844
218 110 223 118 844
268 38 223 118 844
502 99 244 118 844
611 140 241 119 845
57 145 221 119 845
452 74 225 119 845
611 141 231 120 846
502 101 225 120 846
611 142 241 121 847
502 102 222 121 847
611 143 240 122 848
611 144 230 123 849
268 43 221 123 849
611 145 240 124 850
502 105 225 124 850
769 128 223 125 851
611 146 237 125 851
611 147 226 126 852
502 107 221 126 852
611 148 237 127 853
502 108 221 127 853
675 163 227 127 853
769 131 227 128 854
611 149 223 128 854
611 150 235 129 855
268 50 229 130 856
611 152 237 131 857
611 153 241 132 858
218 125 221 133 859
611 154 240 133 859
756 147 223 134 860
611 155 235 134 860
611 156 241 135 861
611 157 233 136 862
611 158 239 137 863
452 92 221 137 863
611 159 245 138 864
57 164 221 138 864
611 160 233 139 865
611 161 237 140 866
379 176 223 140 866
611 162 240 141 867
452 1 221 141 867
611 163 235 142 868
611 164 242 143 869
452 3 231 143 869
611 165 241 144 870
675 180 224 145 871
611 166 231 145 871
268 65 221 145 871
502 126 221 145 871
675 181 223 146 872
611 167 235 146 872
268 66 221 146 872
611 168 235 147 873
502 128 223 147 873
611 169 227 148 874
452 8 221 148 874
268 68 225 148 874
611 170 225 149 875
452 9 225 149 875
268 69 221 149 875
452 10 224 150 876
268 70 227 150 876
611 172 237 151 877
611 173 244 152 878
452 12 221 152 878
268 72 224 152 878
611 174 246 153 879
452 13 221 153 879
379 189 221 153 879
611 175 225 154 880
57 180 226 154 880
502 135 221 154 880
379 190 221 155 881
611 176 241 155 881
268 75 223 155 881
751 142 225 155 881
729 18 231 156 882
611 177 233 156 882
268 76 237 156 882
769 160 221 156 882
611 178 248 157 883
452 17 227 157 883
502 138 223 157 883
268 78 242 158 884
502 139 221 158 884
611 180 246 159 885
452 19 225 159 885
268 79 225 159 885
611 181 227 160 886
452 20 223 160 886
57 186 221 160 886
611 182 233 161 887
268 81 221 161 887
611 183 233 162 888
452 22 221 162 888
502 143 223 162 888
769 166 231 162 888
611 184 241 163 889
611 185 231 164 890
328 192 227 164 890
452 24 223 164 890
268 84 224 164 890
502 145 221 164 890
611 186 237 165 891
452 25 221 165 891
268 85 230 165 891
502 146 223 165 891
611 187 221 166 892
268 86 222 166 892
502 147 221 166 892
769 170 227 166 892
611 188 241 167 893
502 148 223 167 893
611 189 246 168 894
452 28 221 168 894
502 149 221 168 894
611 190 243 169 895
452 29 225 169 895
611 191 245 170 896
452 30 221 170 896
502 151 221 170 896
611 192 239 171 897
268 91 221 171 897
769 175 223 171 897
611 193 242 172 898
769 176 227 172 898
611 194 243 173 899
328 201 223 173 899
452 33 225 173 899
452 34 221 174 900
502 155 223 174 900
611 196 249 175 901
268 95 221 175 901
218 168 227 176 902
611 197 239 176 902
452 36 233 176 902
611 198 239 177 903
611 199 242 178 904
452 38 223 178 904
57 204 225 178 904
218 171 225 179 905
611 200 237 179 905
452 39 221 179 905
268 99 226 179 905
502 160 231 179 905
611 201 236 180 906
502 161 224 180 906
729 22 223 180 906
611 202 235 181 907
268 101 225 181 907
729 23 221 181 907
611 203 238 182 908
218 175 221 183 909
611 204 233 183 909
57 209 221 183 909
729 25 223 183 909
611 205 233 184 910
751 171 223 184 910
218 177 223 185 911
611 206 225 185 911
675 7 223 185 911
611 207 221 186 912
611 208 228 187 913
268 107 221 187 913
57 213 223 187 913
611 209 233 188 914
268 108 229 188 914
57 214 221 188 914
268 109 227 189 915
611 211 224 190 916
675 12 221 190 916
502 171 223 190 916
611 212 222 191 917
268 111 226 191 917
611 213 225 192 918
268 112 224 192 918
611 214 230 193 919
328 221 221 193 919
218 5 221 193 919
268 113 221 193 919
769 197 226 193 919
611 215 234 194 920
268 114 221 194 920
57 220 228 194 920
611 216 223 195 921
611 217 243 196 922
611 218 247 197 923
268 117 221 197 923
57 223 223 197 923
729 39 222 197 923
611 219 245 198 924
57 224 231 198 924
611 220 221 199 925
268 119 221 199 925
611 221 221 200 926
452 60 224 200 926
268 120 221 200 926
675 22 223 200 926
611 222 239 201 927
452 61 221 201 927
502 182 221 201 927
751 188 223 201 927
611 223 239 202 928
268 122 223 202 928
502 183 221 202 928
751 189 225 202 928
611 224 244 203 929
675 25 223 203 929
268 123 225 203 929
729 45 223 203 929
452 64 235 204 930
675 26 221 204 930
57 230 240 204 930
751 191 223 204 930
611 226 251 205 931
268 125 223 205 931
611 227 244 206 932
452 66 223 206 932
268 126 225 206 932
611 228 232 207 933
611 229 223 208 934
268 128 221 208 934
57 234 223 208 934
502 190 235 209 935
611 231 223 210 936
769 214 235 210 936
611 232 235 211 937
268 131 229 211 937
751 198 221 212 938
452 72 223 212 938
268 132 223 212 938
57 238 227 212 938
769 216 221 213 939
751 199 223 213 939
756 226 228 213 939
611 234 235 213 939
268 133 224 213 939
751 200 223 214 940
756 227 221 214 940
611 235 239 214 940
729 9 221 214 940
611 236 239 215 941
729 10 231 215 941
452 75 221 215 941
268 135 231 215 941
611 237 225 216 942
268 136 233 216 942
611 238 221 217 943
452 77 221 217 943
268 137 237 217 943
502 198 221 217 943
611 239 229 218 944
379 254 223 218 944
751 205 226 218 944
218 3 221 218 944
611 240 225 219 945
268 139 227 219 945
611 241 229 220 946
452 80 225 220 946
268 140 229 220 946
218 5 221 220 946
611 242 237 221 947
452 81 223 221 947
502 202 226 221 947
611 243 237 222 948
268 142 221 222 948
502 203 225 222 948
769 226 222 222 948
268 143 223 223 949
611 245 232 224 950
57 250 223 224 950
611 246 237 225 951
452 85 221 225 951
611 247 235 226 952
452 86 223 226 952
379 262 229 226 952
756 240 227 227 953
611 248 233 227 953
611 249 223 228 954
452 88 224 228 954
611 250 233 229 955
611 252 227 231 957
452 91 223 231 957
611 253 229 232 958
57 258 223 232 958
611 254 222 233 959
598 269 223 233 959
379 269 221 233 959
769 237 226 234 960
611 255 226 234 960
268 154 227 234 960
611 256 237 235 961
452 95 225 235 961
379 271 222 235 961
218 20 223 235 961
611 257 231 236 962
611 258 233 237 963
452 97 222 237 963
611 259 224 238 964
169 265 235 238 964
57 265 221 239 965
379 275 241 239 965
169 266 233 239 965
611 261 227 240 966
502 221 226 240 966
611 262 224 241 967
452 101 221 241 967
502 222 223 241 967
611 263 227 242 968
452 102 226 242 968
502 223 224 242 968
751 229 221 243 969
611 264 233 243 969
452 103 237 243 969
57 269 223 243 969
611 265 225 244 970
452 104 221 244 970
611 266 231 245 971
452 105 221 245 971
57 272 221 246 972
611 268 237 247 973
611 269 237 248 974
452 108 221 248 974
611 270 242 249 975
328 277 223 249 975
452 109 221 249 975
268 169 221 249 975
611 271 227 250 976
218 35 228 250 976
611 272 221 251 977
502 232 221 251 977
452 111 226 251 977
611 273 224 252 978
268 172 223 252 978
756 266 223 253 979
57 279 223 253 979
268 173 223 253 979
611 275 229 254 980
452 114 227 254 980
611 276 233 255 981
502 236 223 255 981
57 281 221 255 981
268 175 233 255 981
611 277 231 256 982
452 116 223 256 982
611 278 227 257 983
756 270 223 257 983
452 117 223 257 983
57 283 221 257 983
268 177 223 257 983
611 279 233 258 984
502 239 222 258 984
611 280 229 259 985
452 119 223 259 985
611 281 241 260 986
452 120 224 260 986
268 180 222 260 986
611 282 225 261 987
452 121 226 261 987
379 297 224 261 987
611 283 221 262 988
452 122 227 262 988
611 285 230 264 990
57 290 221 264 990
769 268 223 265 991
611 286 239 265 991
452 125 225 265 991
268 185 223 265 991
57 292 224 266 992
268 186 223 266 992
502 248 221 267 993
379 303 223 267 993
756 281 222 268 994
611 289 233 268 994
452 128 233 268 994
611 290 227 269 995
611 291 236 270 996
611 292 225 271 997
611 293 250 272 998
268 192 221 272 998
611 294 253 273 999
611 295 238 274 1000
611 296 246 275 1001
268 195 223 275 1001
452 135 221 275 1001
611 297 244 276 1002
769 280 221 277 1003
268 200 233 280 1006
611 302 237 281 1007
268 202 223 282 1008
611 304 224 283 1009
57 309 239 283 1009
218 68 227 283 1009
769 287 226 284 1010
611 305 221 284 1010
769 288 227 284 1010
611 306 227 285 1011
502 266 223 285 1011
268 205 223 285 1011
452 145 225 285 1011
769 289 221 286 1012
611 307 240 286 1012
502 267 231 286 1012
769 290 224 286 1012
57 313 228 287 1013
268 207 226 287 1013
769 291 223 287 1013
218 73 227 288 1014
751 275 221 289 1015
268 211 221 291 1017
61 333 221 293 1019
549 318 223 293 1019
174 309 229 294 1020
268 214 221 294 1020
362 326 223 294 1020
187 319 223 295 1021
606 288 233 295 1021
512 308 221 295 1021
533 7 225 295 1021
155 321 221 295 1021
518 330 232 295 1021
448 331 229 295 1021
161 298 221 295 1021
152 328 221 296 1022
460 46 227 296 1022
366 265 248 296 1022
567 285 233 297 1023
366 266 239 297 1023
215 242 224 297 1023
518 332 249 297 1023
594 332 223 298 1024
176 64 222 298 1024
366 267 237 298 1024
518 333 237 298 1024
474 14 235 299 1025
518 334 233 299 1025
366 269 233 300 1026
518 335 231 300 1026
291 328 221 304 1030
10 282 237 304 1030
470 254 241 305 1031
509 294 227 306 1032
528 310 221 306 1032
277 43 225 306 1032
750 340 227 306 1032
57 332 221 306 1032
431 46 234 306 1032
518 343 227 308 1034
382 335 223 309 1035
518 344 235 309 1035
518 345 233 310 1036
518 346 240 311 1037
518 348 239 313 1039
518 350 225 315 1041
518 351 227 316 1042
518 352 250 317 1043
518 353 229 318 1044
518 354 226 319 1045
518 355 225 320 1046
518 358 239 323 1049
518 360 231 325 1051
518 361 241 326 1052
518 362 229 327 1053
518 363 221 328 1054
518 364 231 329 1055
518 365 229 330 1056
518 366 227 331 1057
518 367 231 332 1058
518 368 235 333 1059
518 370 221 335 1061
518 371 238 336 1062
518 372 242 337 1063
518 373 229 338 1064
518 374 233 339 1065
518 375 233 340 1066
518 376 229 341 1067
518 377 237 342 1068
518 378 229 343 1069
518 379 225 344 1070
518 380 236 345 1071
518 381 237 346 1072
518 382 238 347 1073
518 383 241 348 1074
518 384 237 349 1075
518 385 228 350 1076
518 387 233 352 1078
291 377 221 353 1079
518 388 242 353 1079
518 389 221 354 1080
518 390 233 355 1081
518 391 237 356 1082
602 374 223 362 1088
518 397 227 362 1088
518 399 221 364 1090
518 400 231 365 1091
518 404 229 369 1095
518 407 226 372 1098
518 408 226 373 1099
518 413 223 378 1104
518 416 225 381 1107
518 423 226 388 1114
518 425 221 390 1116
518 426 221 391 1117
518 428 227 393 1119
518 429 227 394 1120
518 430 222 395 1121
518 431 231 396 1122
518 433 223 398 1124
518 434 225 399 1125
518 435 227 400 1126
518 450 223 415 1141
518 451 223 416 1142
518 452 228 417 1143
518 454 225 419 1145
518 457 222 422 1148
518 458 223 423 1149
518 459 223 424 1150
602 449 223 437 1163
518 474 221 439 1165
518 475 221 440 1166
518 476 229 441 1167
518 479 243 444 1170
518 480 237 445 1171
518 481 235 446 1172
518 482 221 447 1173
518 483 244 448 1174
518 484 225 449 1175
518 485 225 450 1176
518 486 223 451 1177
518 488 235 453 1179
518 489 231 454 1180
518 490 231 455 1181
518 491 235 456 1182
518 492 235 457 1183
518 493 226 458 1184
518 496 233 461 1187
518 497 228 462 1188
518 498 221 463 1189
518 499 229 464 1190
518 500 223 465 1191
518 501 237 466 1192
518 502 221 467 1193
518 503 222 468 1194
518 504 225 469 1195
518 505 230 470 1196
518 506 231 471 1197
518 507 243 472 1198
518 508 231 473 1199
518 510 225 475 1201
518 512 226 477 1203
518 513 225 478 1204
518 514 237 479 1205
518 515 221 480 1206
518 516 229 481 1207
518 517 221 482 1208
518 518 235 483 1209
518 519 221 484 1210
518 520 223 485 1211
518 521 221 486 1212
518 522 223 487 1213
518 524 226 489 1215
518 525 242 490 1216
518 527 221 492 1218
105 498 233 492 1218
105 499 228 493 1219
518 529 227 494 1220
105 501 233 495 1221
518 531 222 496 1222
105 502 223 496 1222
105 503 228 497 1223
159 244 230 498 1224
105 504 227 498 1224
518 534 227 499 1225
518 535 226 500 1226
105 506 233 500 1226
518 536 229 501 1227
518 537 231 502 1228
105 508 227 502 1228
518 538 238 503 1229
518 540 229 505 1231
518 541 237 506 1232
518 542 235 507 1233
518 543 235 508 1234
518 544 241 509 1235
518 546 221 511 1237
518 547 225 512 1238
518 548 230 513 1239
518 549 226 514 1240
518 550 224 515 1241
518 551 223 516 1242
192 226 221 517 1243
518 554 221 519 1245
518 555 227 520 1246
408 557 231 522 1248
518 558 221 523 1249
408 559 230 524 1250
594 558 233 524 1250
518 559 227 524 1250
594 559 221 525 1251
408 561 230 526 1252
518 561 227 526 1252
408 562 226 527 1253
518 562 237 527 1253
594 2 221 527 1253
408 563 221 528 1254
518 563 221 528 1254
409 13 227 529 1255
110 555 225 530 1256
675 247 225 534 1260
769 538 224 534 1260
611 556 226 535 1261
563 571 229 535 1261
771 442 221 541 1267
133 589 221 546 1272
520 580 223 547 1273
606 541 221 548 1274
264 237 221 548 1274
123 563 221 549 1275
646 564 222 549 1275
567 538 235 549 1275
212 2 224 550 1276
567 539 235 550 1276
725 25 221 551 1277
323 508 221 551 1277
567 540 239 551 1277
725 26 222 552 1278
216 519 223 552 1278
123 566 225 552 1278
567 541 227 553 1279
323 510 225 553 1279
567 542 229 554 1280
700 444 221 554 1280
646 569 221 554 1280
567 543 227 555 1281
323 512 221 555 1281
123 569 227 555 1281
567 544 239 556 1282
700 447 221 557 1283
567 545 239 557 1283
323 514 223 557 1283
700 448 225 558 1284
567 546 223 558 1284
700 449 223 559 1285
700 450 223 560 1286
567 548 225 560 1286
567 549 225 561 1287
323 518 221 561 1287
567 550 231 562 1288
646 577 223 562 1288
567 551 245 563 1289
700 455 225 565 1291
646 580 223 565 1291
567 554 235 566 1292
646 581 221 566 1292
567 555 232 567 1293
567 556 227 568 1294
646 583 227 568 1294
567 557 231 569 1295
646 584 221 569 1295
567 558 242 570 1296
646 585 221 570 1296
700 461 223 571 1297
567 559 237 571 1297
567 560 237 572 1298
567 561 239 573 1299
567 562 234 574 1300
567 563 227 575 1301
567 564 235 576 1302
216 543 221 576 1302
700 467 221 577 1303
567 565 235 577 1303
216 544 221 577 1303
700 468 221 578 1304
567 566 229 578 1304
646 593 222 578 1304
700 469 221 579 1305
567 567 229 579 1305
700 470 225 579 1305
567 568 231 580 1306
646 595 221 580 1306
700 471 223 580 1306
567 569 235 581 1307
323 538 223 581 1307
123 595 222 581 1307
646 596 221 581 1307
313 525 227 581 1307
700 472 223 581 1307
567 570 231 582 1308
123 596 221 582 1308
313 526 221 582 1308
700 473 224 582 1308
567 571 223 583 1309
323 540 226 583 1309
646 598 226 583 1309
567 572 231 584 1310
323 541 225 584 1310
646 599 227 584 1310
313 528 221 584 1310
323 542 223 585 1311
646 600 225 585 1311
313 529 221 585 1311
700 476 227 585 1311
567 574 227 586 1312
323 543 223 586 1312
646 601 225 586 1312
313 530 221 586 1312
700 477 227 586 1312
567 575 231 587 1313
323 544 224 587 1313
646 602 226 587 1313
313 531 221 587 1313
700 478 231 588 1314
567 576 231 588 1314
123 602 221 588 1314
646 603 225 588 1314
700 479 228 589 1315
567 577 225 589 1315
567 578 229 590 1316
646 605 225 590 1316
700 481 223 591 1317
646 606 225 591 1317
646 607 221 592 1318
567 581 233 593 1319
700 484 221 594 1320
567 582 237 594 1320
646 609 225 594 1320
567 583 222 595 1321
646 610 223 595 1321
567 584 223 596 1322
646 611 223 596 1322
567 585 225 597 1323
567 587 223 599 1325
567 588 223 600 1326
567 589 223 601 1327
567 590 225 602 1328
567 592 221 604 1330
646 619 231 604 1330
567 593 229 605 1331
567 594 233 606 1332
567 595 221 607 1333
646 622 231 607 1333
700 498 221 608 1334
567 596 229 608 1334
646 623 227 608 1334
567 597 223 609 1335
567 598 237 610 1336
646 625 221 610 1336
700 501 225 611 1337
567 599 231 611 1337
646 626 223 611 1337
700 502 223 612 1338
567 600 237 612 1338
547 648 225 612 1338
646 627 223 612 1338
700 503 228 613 1339
567 601 233 613 1339
646 628 227 613 1339
567 602 235 614 1340
646 629 231 614 1340
700 505 225 615 1341
567 603 237 615 1341
646 630 226 615 1341
700 506 223 616 1342
567 604 239 616 1342
646 631 226 616 1342
567 605 240 617 1343
646 632 225 617 1343
700 508 221 618 1344
567 606 235 618 1344
646 633 222 618 1344
567 607 235 619 1345
646 634 227 619 1345
567 608 239 620 1346
700 511 221 620 1346
567 609 236 621 1347
646 636 224 621 1347
567 610 227 622 1348
700 513 223 622 1348
567 611 239 623 1349
313 567 222 623 1349
700 514 232 623 1349
567 612 233 624 1350
700 515 221 624 1350
567 613 223 625 1351
567 614 229 626 1352
567 615 226 627 1353
700 518 222 627 1353
567 616 237 628 1354
567 617 231 629 1355
567 618 233 630 1356
567 619 223 631 1357
725 105 221 631 1357
567 620 226 632 1358
567 621 237 633 1359
567 622 235 634 1360
567 623 238 635 1361
700 526 225 635 1361
567 624 239 636 1362
646 651 223 636 1362
700 527 225 636 1362
567 625 239 637 1363
700 528 223 637 1363
567 626 237 638 1364
646 653 223 638 1364
313 582 221 638 1364
700 529 221 638 1364
567 627 237 639 1365
700 530 223 639 1365
567 628 237 640 1366
547 676 221 640 1366
646 655 223 640 1366
700 531 225 640 1366
567 629 229 641 1367
646 656 221 641 1367
567 630 237 642 1368
646 657 224 642 1368
700 533 227 642 1368
567 631 245 643 1369
700 534 229 643 1369
567 632 246 644 1370
646 659 223 644 1370
700 535 221 644 1370
567 633 246 645 1371
700 536 225 645 1371
567 634 245 646 1372
646 661 223 646 1372
700 537 221 646 1372
567 635 249 647 1373
567 636 244 648 1374
646 663 222 648 1374
567 637 249 649 1375
725 123 221 649 1375
646 664 221 649 1375
567 638 248 650 1376
567 639 245 651 1377
646 666 221 651 1377
567 640 251 652 1378
123 666 221 652 1378
700 543 227 652 1378
567 641 243 653 1379
567 642 251 654 1380
725 128 221 654 1380
567 643 249 655 1381
567 644 247 656 1382
212 108 223 656 1382
646 671 221 656 1382
567 645 248 657 1383
567 646 248 658 1384
700 549 225 658 1384
567 647 247 659 1385
567 648 239 660 1386
700 551 221 660 1386
567 649 237 661 1387
123 675 221 661 1387
567 650 235 662 1388
567 651 241 663 1389
646 678 221 663 1389
700 554 225 663 1389
567 652 237 664 1390
646 679 225 664 1390
700 555 221 664 1390
567 653 239 665 1391
323 622 223 665 1391
567 654 242 666 1392
567 655 225 667 1393
700 558 224 667 1393
567 656 223 668 1394
646 683 223 668 1394
567 657 227 669 1395
323 626 221 669 1395
646 684 223 669 1395
567 658 229 670 1396
646 685 221 670 1396
700 561 223 670 1396
567 659 237 671 1397
700 562 222 671 1397
567 660 224 672 1398
216 639 223 672 1398
646 687 221 672 1398
700 563 221 672 1398
567 661 221 673 1399
700 564 223 673 1399
567 662 226 674 1400
123 688 224 674 1400
567 663 230 675 1401
123 689 225 675 1401
567 664 227 676 1402
123 690 223 676 1402
646 692 221 677 1403
700 568 221 677 1403
567 666 225 678 1404
216 645 223 678 1404
646 693 231 678 1404
264 367 221 678 1404
700 569 225 678 1404
567 667 225 679 1405
216 646 227 679 1405
212 131 221 679 1405
646 694 223 679 1405
700 570 223 679 1405
725 154 221 679 1405
216 647 229 680 1406
646 695 234 680 1406
567 669 227 680 1406
646 696 233 681 1407
700 572 221 681 1407
567 670 231 681 1407
646 697 222 682 1408
700 573 223 682 1408
567 671 227 682 1408
700 574 221 683 1409
646 699 223 684 1410
567 673 227 684 1410
123 699 224 685 1411
646 700 227 685 1411
700 576 224 685 1411
123 700 227 686 1412
646 701 221 686 1412
700 577 226 686 1412
323 644 221 687 1413
123 701 226 687 1413
646 702 231 687 1413
700 578 221 687 1413
567 676 226 687 1413
123 702 226 688 1414
646 703 226 688 1414
700 579 231 688 1414
123 703 226 689 1415
646 704 221 689 1415
700 580 223 689 1415
567 678 229 689 1415
123 704 227 690 1416
646 705 227 690 1416
123 705 221 691 1417
646 706 225 691 1417
567 680 226 691 1417
567 681 237 692 1418
567 682 239 693 1419
646 709 221 694 1420
567 683 224 694 1420
567 684 236 695 1421
547 732 223 696 1422
700 587 225 696 1422
567 685 228 696 1422
646 712 221 697 1423
700 588 223 697 1423
212 150 221 698 1424
567 687 224 698 1424
725 173 227 698 1424
619 702 221 699 1425
725 174 224 699 1425
567 689 226 700 1426
567 690 233 701 1427
567 695 227 706 1432
567 696 221 707 1433
567 698 225 709 1435
700 601 221 710 1436
567 700 221 712 1438
323 671 223 714 1440
212 166 221 714 1440
323 672 221 715 1441
725 189 221 715 1441
323 673 223 716 1442
646 731 223 716 1442
700 607 224 716 1442
725 191 227 717 1443
567 705 222 717 1443
646 732 226 717 1443
725 192 221 718 1444
323 675 223 718 1444
567 706 225 718 1444
646 733 223 718 1444
323 676 221 719 1445
567 707 225 719 1445
216 686 222 719 1445
646 734 225 719 1445
567 711 224 723 1449
567 712 225 724 1450
313 668 223 724 1450
567 713 227 725 1451
567 714 225 726 1452
313 670 221 726 1452
725 201 221 727 1453
567 715 228 727 1453
216 694 221 727 1453
313 671 221 727 1453
646 742 227 727 1453
567 716 225 728 1454
123 742 235 728 1454
547 764 233 728 1454
700 619 223 728 1454
567 717 233 729 1455
323 687 228 730 1456
453 201 221 730 1456
619 733 227 730 1456
243 3 229 730 1456
700 621 235 730 1456
567 719 249 731 1457
725 205 226 731 1457
243 4 223 731 1457
567 720 227 732 1458
725 206 221 732 1458
243 5 225 732 1458
547 768 221 732 1458
700 623 223 732 1458
725 208 221 734 1460
619 737 221 734 1460
212 186 223 734 1460
123 749 223 735 1461
725 210 221 736 1462
567 725 235 737 1463
216 704 224 737 1463
567 726 231 738 1464
216 705 223 738 1464
567 727 231 739 1465
567 728 225 740 1466
313 684 221 740 1466
567 729 221 741 1467
646 756 223 741 1467
567 730 229 742 1468
547 778 221 742 1468
646 757 231 742 1468
567 731 233 743 1469
567 732 225 744 1470
216 712 223 745 1471
547 781 223 745 1471
646 760 224 745 1471
700 639 221 748 1474
123 762 221 748 1474
646 763 225 748 1474
216 716 221 749 1475
243 22 221 749 1475
646 764 221 749 1475
264 438 221 749 1475
216 717 225 750 1476
243 23 221 750 1476
700 641 223 750 1476
646 765 227 750 1476
243 24 224 751 1477
567 740 244 752 1478
243 25 224 752 1478
700 643 223 752 1478
646 767 221 752 1478
567 741 235 753 1479
547 789 223 753 1479
567 742 235 754 1480
216 721 224 754 1480
547 790 222 754 1480
567 743 227 755 1481
567 744 235 756 1482
567 745 225 757 1483
216 724 221 757 1483
216 725 221 758 1484
567 747 227 759 1485
216 726 224 759 1485
567 748 229 760 1486
212 212 223 760 1486
646 775 225 760 1486
567 749 223 761 1487
567 750 229 762 1488
646 777 225 762 1488
567 751 237 763 1489
216 730 221 763 1489
243 37 221 764 1490
567 753 236 765 1491
725 239 221 765 1491
567 754 247 766 1492
725 240 221 766 1492
567 755 242 767 1493
216 734 224 767 1493
243 40 223 767 1493
313 711 229 767 1493
567 756 235 768 1494
725 242 221 768 1494
323 726 223 768 1494
725 243 221 769 1495
453 240 224 769 1495
216 736 227 769 1495
700 660 243 769 1495
243 43 233 770 1496
646 785 231 770 1496
323 728 225 770 1496
216 738 223 771 1497
243 44 245 771 1497
700 662 241 771 1497
646 786 225 771 1497
323 729 221 771 1497
216 739 236 772 1498
243 45 239 772 1498
646 787 223 772 1498
323 730 233 772 1498
243 46 229 773 1499
74 814 228 774 1500
604 799 235 775 1501
366 1 247 777 1503
518 813 233 777 1503
366 2 221 778 1504
518 814 247 778 1504
331 150 221 778 1504
196 802 225 779 1505
302 817 222 779 1505
396 294 221 779 1505
735 446 235 780 1506
482 955 223 780 1506
625 1 231 780 1506
322 802 237 780 1506
381 153 221 780 1506
587 806 226 780 1506
70 21 221 780 1506
396 295 221 780 1506
358 475 221 781 1507
476 272 221 781 1507
366 1 244 781 1507
445 802 227 781 1507
160 807 225 781 1507
231 227 233 781 1507
431 522 225 782 1508
394 810 225 782 1508
735 448 239 782 1508
168 801 224 782 1508
498 392 226 782 1508
642 27 221 782 1508
190 590 228 782 1508
468 816 233 783 1509
498 393 226 783 1509
642 28 221 783 1509
383 813 233 783 1509
578 367 222 783 1509
733 818 225 783 1509
431 524 223 783 1509
629 733 221 784 1510
625 5 221 784 1510
651 817 232 784 1510
776 671 227 784 1510
201 985 222 784 1510
785 808 230 784 1510
420 672 223 784 1510
421 38 226 784 1510
692 754 230 784 1510
521 85 225 784 1510
629 734 235 784 1510
651 818 231 785 1511
785 809 233 785 1511
391 743 226 785 1511
421 39 232 785 1511
209 666 227 785 1511
60 827 237 785 1511
537 804 221 786 1512
157 828 237 786 1512
638 805 227 786 1512
141 207 223 786 1512
725 261 224 786 1512
426 12 224 787 1513
161 312 237 788 1514
788 785 227 788 1514
88 791 239 788 1514
366 2 221 788 1514
530 82 230 788 1514
518 824 227 788 1514
533 97 221 788 1514
121 45 221 789 1515
366 3 237 789 1515
518 825 241 789 1515
424 831 225 790 1516
433 3 223 790 1516
518 826 225 790 1516
518 827 233 791 1517
366 2 238 791 1517
121 48 222 792 1518
518 828 231 792 1518
366 3 243 792 1518
518 829 221 793 1519
366 4 239 793 1519
262 67 227 793 1519
284 830 221 794 1520
604 19 227 794 1520
578 378 221 794 1520
518 830 226 794 1520
366 5 241 794 1520
262 68 231 794 1520
589 837 221 795 1521
604 20 221 795 1521
518 831 221 795 1521
366 6 238 795 1521
262 69 233 795 1521
6 28 221 795 1521
112 813 221 796 1522
217 832 223 796 1522
166 801 221 796 1522
121 52 221 796 1522
604 21 233 796 1522
518 832 227 796 1522
366 7 227 796 1522
567 785 234 796 1522
604 22 231 797 1523
518 833 227 797 1523
366 8 233 797 1523
567 786 227 797 1523
604 23 229 798 1524
518 834 229 798 1524
366 9 233 798 1524
567 787 233 798 1524
604 24 233 799 1525
518 835 227 799 1525
567 788 228 799 1525
604 25 235 800 1526
366 11 221 800 1526
262 74 229 800 1526
567 789 222 800 1526
604 26 235 801 1527
262 75 231 801 1527
366 12 227 801 1527
567 791 225 802 1528
366 13 235 802 1528
518 839 237 803 1529
262 77 228 803 1529
567 792 227 803 1529
424 845 221 804 1530
604 29 237 804 1530
518 840 233 804 1530
567 793 222 804 1530
366 15 233 804 1530
604 30 229 805 1531
518 841 239 805 1531
567 794 227 805 1531
262 79 223 805 1531
366 16 235 805 1531
424 847 221 806 1532
121 62 225 806 1532
604 31 223 806 1532
692 776 221 806 1532
518 842 234 806 1532
567 795 228 806 1532
262 80 227 806 1532
366 17 238 806 1532
272 845 224 807 1533
450 840 225 807 1533
692 777 221 807 1533
518 843 227 807 1533
567 796 235 807 1533
366 18 239 807 1533
272 846 226 808 1534
518 1 227 809 1535
112 826 225 809 1535
121 65 222 809 1535
567 798 227 809 1535
518 2 227 810 1536
604 35 223 810 1536
567 799 228 810 1536
578 394 225 810 1536
366 21 239 810 1536
589 853 221 811 1537
567 800 231 811 1537
366 22 241 811 1537
518 4 225 812 1538
604 37 221 812 1538
593 527 223 812 1538
567 801 225 812 1538
366 23 237 812 1538
518 5 233 813 1539
217 849 221 813 1539
589 855 221 813 1539
604 38 223 813 1539
692 783 221 813 1539
567 802 221 813 1539
366 24 239 813 1539
518 6 221 814 1540
604 39 227 814 1540
567 803 223 814 1540
366 25 235 814 1540
518 7 227 815 1541
567 804 225 815 1541
366 26 223 815 1541
518 8 225 816 1542
366 27 221 816 1542
518 9 225 817 1543
112 834 223 817 1543
604 42 225 817 1543
567 806 227 817 1543
366 28 231 817 1543
518 10 228 818 1544
604 43 233 818 1544
567 807 225 818 1544
366 29 225 818 1544
518 11 225 819 1545
604 44 228 819 1545
692 789 224 819 1545
567 808 223 819 1545
366 30 231 819 1545
112 837 221 820 1546
366 31 227 820 1546
518 13 227 821 1547
112 838 223 821 1547
567 810 224 821 1547
366 32 237 821 1547
272 860 221 822 1548
166 827 224 822 1548
692 792 222 822 1548
366 33 228 822 1548
518 15 225 823 1549
272 861 221 823 1549
166 828 231 823 1549
567 812 225 823 1549
668 860 223 823 1549
366 34 227 823 1549
6 56 225 823 1549
518 16 233 824 1550
102 852 223 824 1550
604 49 221 824 1550
490 792 235 824 1550
366 35 243 824 1550
608 281 231 824 1550
518 17 229 825 1551
692 795 221 825 1551
366 36 241 825 1551
334 790 223 826 1552
692 796 225 826 1552
366 37 252 826 1552
157 869 221 826 1552
629 776 223 826 1552
518 19 225 827 1553
567 816 223 827 1553
366 38 223 827 1553
518 20 227 828 1554
787 549 221 828 1554
366 39 223 828 1554
366 40 227 829 1555
567 818 221 829 1555
334 794 221 830 1556
593 545 223 830 1556
366 41 241 830 1556
625 52 221 831 1557
366 42 235 831 1557
518 24 225 832 1558
366 43 233 832 1558
608 289 221 832 1558
518 25 225 833 1559
586 867 223 833 1559
735 499 222 833 1559
366 44 235 833 1559
567 823 227 834 1560
366 45 223 834 1560
518 27 227 835 1561
586 869 223 835 1561
735 501 226 835 1561
567 824 223 835 1561
366 46 227 835 1561
586 870 222 836 1562
567 825 221 836 1562
518 2 227 837 1563
567 826 223 837 1563
366 48 223 837 1563
366 49 237 838 1564
567 828 223 839 1565
366 50 239 839 1565
518 5 231 840 1566
366 51 235 840 1566
672 861 226 840 1566
518 6 225 841 1567
567 830 224 841 1567
366 52 240 841 1567
157 884 224 841 1567
518 7 223 842 1568
209 723 221 842 1568
567 831 225 842 1568
366 53 235 842 1568
567 832 226 843 1569
366 54 227 843 1569
567 833 226 844 1570
366 56 232 845 1571
518 11 224 846 1572
567 835 221 846 1572
518 12 227 847 1573
251 875 233 847 1573
366 58 225 847 1573
567 837 221 848 1574
251 876 225 848 1574
366 59 227 848 1574
518 14 225 849 1575
567 838 226 849 1575
366 60 239 849 1575
518 15 227 850 1576
567 839 227 850 1576
366 61 233 850 1576
366 62 246 851 1577
518 17 233 852 1578
366 63 250 852 1578
373 14 221 853 1579
518 18 231 853 1579
366 64 221 853 1579
518 19 233 854 1580
666 887 222 854 1580
750 432 221 854 1580
366 65 221 854 1580
518 20 230 855 1581
366 66 225 855 1581
518 21 233 856 1582
518 22 229 857 1583
518 23 225 858 1584
366 69 223 858 1584
518 24 233 859 1585
366 70 223 859 1585
518 25 229 860 1586
608 317 221 860 1586
518 26 233 861 1587
518 27 226 862 1588
366 73 232 862 1588
518 28 229 863 1589
366 74 227 863 1589
518 29 223 864 1590
366 75 243 864 1590
672 22 223 866 1592
518 31 234 866 1592
126 546 231 867 1593
425 777 225 867 1593
230 880 225 867 1593
706 50 221 868 1594
230 881 221 868 1594
366 4 227 869 1595
518 35 230 870 1596
366 5 221 870 1596
518 36 231 871 1597
209 752 225 871 1597
242 197 223 871 1597
518 37 227 872 1598
597 333 225 872 1598
651 906 221 873 1599
518 38 221 873 1599
366 1 235 874 1600
185 86 221 874 1600
498 42 235 874 1600
657 30 221 874 1600
366 2 235 875 1601
468 908 221 875 1601
518 40 231 875 1601
185 87 221 875 1601
235 51 231 875 1601
133 918 223 875 1601
89 913 235 875 1601
763 317 233 875 1601
7 897 227 875 1601
733 30 221 875 1601
518 41 231 876 1602
235 52 235 876 1602
520 910 221 876 1602
7 898 221 876 1602
105 882 229 876 1602
112 7 222 876 1602
150 85 226 876 1602
789 902 237 877 1603
88 880 223 877 1603
366 1 227 877 1603
89 915 235 877 1603
435 790 223 877 1603
533 54 224 877 1603
562 198 222 878 1604
789 903 237 878 1604
235 54 227 878 1604
604 103 235 878 1604
242 204 223 878 1604
251 906 235 878 1604
366 3 231 879 1605
357 2 223 879 1605
604 104 241 879 1605
190 94 222 879 1605
763 4 233 879 1605
251 907 229 879 1605
476 371 221 879 1605
161 404 229 879 1605
562 200 225 880 1606
688 305 229 880 1606
497 911 221 880 1606
604 105 238 880 1606
483 344 221 880 1606
763 5 233 880 1606
516 913 223 880 1606
161 405 243 880 1606
562 201 221 881 1607
88 884 221 881 1607
604 106 229 881 1607
763 6 243 881 1607
230 894 221 881 1607
516 914 225 881 1607
161 406 224 881 1607
562 202 223 881 1607
497 913 225 882 1608
604 107 239 882 1608
454 920 227 882 1608
763 7 221 882 1608
497 914 228 883 1609
518 48 238 883 1609
490 851 223 883 1609
604 108 239 883 1609
763 8 228 883 1609
516 916 228 883 1609
161 408 225 883 1609
788 881 228 884 1610
518 49 233 884 1610
604 109 233 884 1610
763 9 233 884 1610
161 409 230 884 1610
788 882 221 885 1611
518 50 223 885 1611
604 110 235 885 1611
773 844 221 885 1611
763 10 249 885 1611
161 410 233 885 1611
788 883 228 886 1612
518 51 228 886 1612
604 111 233 886 1612
454 924 221 886 1612
763 11 240 886 1612
262 160 225 886 1612
294 18 222 887 1613
518 52 221 887 1613
604 112 239 887 1613
161 412 225 887 1613
604 113 235 888 1614
161 413 222 888 1614
788 886 225 889 1615
354 813 221 889 1615
268 809 221 889 1615
518 54 221 889 1615
138 931 235 889 1615
604 114 237 889 1615
160 915 223 889 1615
190 104 221 889 1615
7 911 223 889 1615
161 414 231 889 1615
497 921 224 890 1616
788 887 227 890 1616
604 115 239 890 1616
7 912 221 890 1616
788 888 233 891 1617
789 916 231 891 1617
569 919 231 891 1617
110 3 221 891 1617
518 56 235 891 1617
604 116 254 891 1617
435 804 221 891 1617
345 598 233 892 1618
235 68 223 892 1618
312 913 224 892 1618
604 117 247 892 1618
604 118 235 893 1619
176 1 223 893 1619
110 6 221 894 1620
451 932 221 894 1620
455 274 223 894 1620
147 937 223 895 1621
604 121 225 896 1622
323 854 229 897 1623
235 73 228 897 1623
604 122 243 897 1623
335 931 239 897 1623
604 123 232 898 1624
555 923 225 898 1624
775 647 221 898 1624
238 909 221 898 1624
349 927 221 898 1624
610 5 229 899 1625
173 145 227 899 1625
194 919 239 899 1625
604 124 243 899 1625
749 610 231 899 1625
546 625 235 899 1625
173 146 231 900 1626
604 125 251 900 1626
210 45 223 900 1626
581 308 228 901 1627
487 371 223 901 1627
648 71 223 901 1627
567 891 225 902 1628
665 28 227 903 1629
152 936 225 903 1629
756 256 236 903 1629
567 892 229 903 1629
152 937 223 904 1630
756 257 221 904 1630
567 893 238 904 1630
729 351 221 904 1630
756 258 229 905 1631
567 894 235 905 1631
665 31 222 906 1632
756 259 227 906 1632
567 895 225 906 1632
594 135 227 906 1632
567 896 228 907 1633
756 261 221 908 1634
567 897 227 908 1634
594 137 223 908 1634
331 53 221 908 1634
756 262 227 909 1635
567 898 239 909 1635
594 138 221 909 1635
733 64 229 909 1635
756 263 224 910 1636
567 899 227 910 1636
594 139 221 910 1636
733 65 222 910 1636
567 900 233 911 1637
756 265 221 912 1638
567 901 235 912 1638
594 141 231 912 1638
756 266 221 913 1639
567 902 249 913 1639
665 39 221 914 1640
567 903 250 914 1640
594 143 221 914 1640
665 40 227 915 1641
567 904 250 915 1641
594 144 223 915 1641
665 41 221 916 1642
567 905 245 916 1642
756 270 223 917 1643
594 146 221 917 1643
756 271 223 918 1644
594 147 221 918 1644
756 272 227 919 1645
567 908 251 919 1645
594 148 223 919 1645
8 899 222 919 1645
756 273 222 920 1646
567 909 244 920 1646
695 425 221 920 1646
8 900 224 920 1646
594 149 233 920 1646
331 65 224 920 1646
756 274 227 921 1647
567 910 235 921 1647
594 150 221 921 1647
665 47 223 922 1648
756 275 223 922 1648
567 911 244 922 1648
594 151 227 922 1648
665 48 226 923 1649
756 276 225 923 1649
567 912 243 923 1649
594 152 227 923 1649
665 49 225 924 1650
567 913 244 924 1650
594 153 227 924 1650
665 50 226 925 1651
756 278 235 925 1651
567 914 246 925 1651
695 430 227 925 1651
594 154 227 925 1651
567 915 242 926 1652
594 155 222 926 1652
567 916 245 927 1653
8 907 223 927 1653
594 156 223 927 1653
665 53 223 928 1654
567 917 241 928 1654
567 918 242 929 1655
594 158 221 929 1655
665 55 229 930 1656
567 919 245 930 1656
8 910 223 930 1656
665 56 235 931 1657
567 920 249 931 1657
487 401 221 931 1657
8 911 223 931 1657
665 57 231 932 1658
567 921 235 932 1658
665 58 227 933 1659
756 286 221 933 1659
567 922 235 933 1659
665 59 226 934 1660
567 923 229 934 1660
665 60 231 935 1661
567 924 235 935 1661
733 90 221 936 1662
567 925 234 936 1662
487 406 221 936 1662
8 916 223 936 1662
665 62 221 937 1663
756 290 228 937 1663
567 926 240 937 1663
487 407 221 937 1663
665 63 225 938 1664
567 927 226 938 1664
567 928 227 939 1665
756 293 223 940 1666
567 929 231 940 1666
665 66 225 941 1667
756 294 223 941 1667
567 930 229 941 1667
665 67 223 942 1668
756 295 222 942 1668
567 931 231 942 1668
665 68 221 943 1669
756 296 223 943 1669
665 69 229 944 1670
756 297 221 944 1670
567 934 225 945 1671
567 935 226 946 1672
567 936 226 947 1673
665 73 223 948 1674
756 301 225 948 1674
695 453 221 948 1674
567 937 227 948 1674
756 302 225 949 1675
567 938 227 949 1675
756 303 231 950 1676
567 939 237 950 1676
665 76 223 951 1677
756 304 221 951 1677
567 940 229 951 1677
756 305 227 952 1678
567 941 225 952 1678
567 943 224 954 1680
567 944 221 955 1681
756 309 227 956 1682
567 945 235 956 1682
665 82 221 957 1683
756 310 223 957 1683
567 946 235 957 1683
756 311 223 958 1684
567 947 233 958 1684
567 948 233 959 1685
733 114 221 960 1686
567 949 233 960 1686
567 950 227 961 1687
567 951 225 962 1688
567 952 237 963 1689
665 89 224 964 1690
756 317 221 964 1690
567 953 225 964 1690
567 954 231 965 1691
567 955 227 966 1692
695 472 223 967 1693
594 196 221 967 1693
567 956 232 967 1693
567 957 231 968 1694
695 474 221 969 1695
567 958 233 969 1695
665 95 221 970 1696
695 475 221 970 1696
567 959 235 970 1696
665 96 223 971 1697
695 476 221 971 1697
567 960 235 971 1697
665 97 221 972 1698
756 325 225 972 1698
695 477 221 972 1698
567 961 235 972 1698
665 98 221 973 1699
567 962 233 973 1699
695 479 222 974 1700
567 963 235 974 1700
567 964 233 975 1701
567 965 241 976 1702
567 967 240 978 1704
567 971 225 982 1708
756 336 223 983 1709
567 972 239 984 1710
567 973 234 985 1711
665 110 221 985 1711
756 338 231 985 1711
567 974 221 986 1712
756 339 223 986 1712
567 975 225 987 1713
665 112 229 987 1713
567 976 223 988 1714
665 113 228 988 1714
567 977 224 989 1715
665 114 227 989 1715
567 978 238 990 1716
665 115 223 990 1716
567 979 240 991 1717
665 116 223 991 1717
756 344 223 991 1717
567 980 246 992 1718
665 117 233 992 1718
594 221 223 992 1718
567 981 243 993 1719
665 118 229 993 1719
567 982 236 994 1720
665 119 225 994 1720
567 983 239 995 1721
567 984 241 995 1721
567 985 241 996 1722
665 122 223 997 1723
567 986 243 997 1723
665 123 222 998 1724
756 351 221 998 1724
567 987 239 998 1724
594 227 221 998 1724
665 124 225 999 1725
756 352 223 999 1725
567 988 239 999 1725
665 125 225 1000 1726
567 989 239 1000 1726
665 126 227 1001 1727
567 990 237 1001 1727
665 127 221 1002 1728
567 991 235 1002 1728
567 992 227 1003 1729
567 993 233 1004 1730
665 130 233 1005 1731
756 358 225 1005 1731
567 994 239 1005 1731
756 359 227 1006 1732
567 995 241 1006 1732
665 132 223 1007 1733
756 360 225 1007 1733
567 996 241 1007 1733
665 133 221 1008 1734
567 997 242 1008 1734
665 134 221 1009 1735
756 362 224 1009 1735
567 998 221 1009 1735
756 363 223 1010 1736
567 999 231 1010 1736
567 1000 239 1011 1737
594 240 222 1011 1737
756 365 223 1012 1738
567 1001 233 1012 1738
567 1002 240 1013 1739
665 139 225 1014 1740
756 367 225 1014 1740
567 1003 237 1014 1740
665 140 225 1015 1741
756 368 224 1015 1741
567 1004 229 1015 1741
756 369 223 1016 1742
567 1005 237 1016 1742
665 142 224 1017 1743
756 370 221 1017 1743
567 1006 237 1017 1743
665 143 221 1018 1744
567 1007 235 1018 1744
567 1008 228 1019 1745
567 1009 235 1020 1746
567 1010 235 1021 1747
567 1011 225 1022 1748
567 1012 237 1023 1749
567 1013 235 1025 1751
567 1014 237 1026 1752
567 1016 225 1028 1754
567 1017 227 1029 1755
567 1018 229 1029 1755
567 1019 227 1030 1756
567 1020 229 1031 1757
567 1021 235 1032 1758
567 1022 234 1033 1759
665 159 223 1034 1760
567 1023 240 1034 1760
665 160 221 1035 1761
567 1024 245 1035 1761
567 1025 246 1036 1762
665 162 231 1037 1763
567 1026 245 1037 1763
665 163 238 1038 1764
567 1027 246 1038 1764
665 164 233 1039 1765
567 1028 243 1039 1765
665 165 233 1040 1766
567 1029 247 1040 1766
665 166 225 1041 1767
567 1030 248 1041 1767
665 167 233 1042 1768
567 1031 242 1042 1768
665 168 227 1043 1769
567 1032 242 1043 1769
665 169 226 1044 1770
567 1033 234 1044 1770
665 170 223 1045 1771
567 1034 235 1045 1771
567 1035 239 1046 1772
665 172 224 1047 1773
567 1036 233 1047 1773
665 173 233 1048 1774
567 1037 231 1048 1774
665 174 225 1049 1775
567 1038 233 1049 1775
665 175 223 1050 1776
567 1039 243 1050 1776
665 176 222 1051 1777
567 1040 238 1051 1777
567 1041 239 1052 1778
665 178 221 1053 1779
567 1042 237 1053 1779
567 1043 225 1054 1780
665 180 229 1055 1781
567 1044 235 1055 1781
665 181 223 1056 1782
567 1045 237 1056 1782
665 182 228 1057 1783
567 1046 240 1057 1783
665 183 226 1058 1784
567 1047 237 1058 1784
665 184 227 1059 1785
567 1048 237 1059 1785
665 185 225 1060 1786
567 1049 241 1060 1786
665 186 231 1061 1787
567 1050 239 1061 1787
756 415 224 1062 1788
567 1051 241 1062 1788
665 188 227 1063 1789
567 1052 243 1063 1789
665 189 227 1064 1790
567 1053 237 1064 1790
665 191 227 1066 1792
567 1055 224 1066 1792
567 1056 240 1067 1793
567 1057 243 1068 1794
665 194 223 1069 1795
567 1058 239 1069 1795
567 1059 237 1070 1796
567 1060 239 1071 1797
567 1061 239 1072 1798
567 1062 235 1073 1799
567 1063 237 1074 1800
567 1064 241 1075 1801
567 1065 241 1076 1802
567 1066 241 1077 1803
665 203 223 1078 1804
567 1068 235 1079 1805
567 1069 238 1080 1806
756 434 223 1081 1807
567 1070 237 1081 1807
756 435 222 1082 1808
567 1071 238 1082 1808
756 436 223 1083 1809
567 1072 240 1083 1809
665 209 227 1084 1810
567 1073 238 1084 1810
756 438 225 1085 1811
665 210 221 1085 1811
567 1074 239 1086 1812
665 211 221 1086 1812
567 1075 237 1087 1813
567 1076 233 1088 1814
567 1077 229 1089 1815
665 214 225 1089 1815
567 1078 243 1090 1816
665 215 223 1090 1816
567 1079 241 1091 1817
567 1080 235 1092 1818
567 1081 241 1093 1819
567 1082 237 1094 1820
665 219 223 1094 1820
567 1083 239 1095 1821
567 1084 224 1096 1822
567 1085 225 1097 1823
567 1086 227 1098 1824
567 1087 225 1099 1825
567 1088 223 1100 1826
665 225 223 1100 1826
695 605 221 1100 1826
567 1089 224 1101 1827
665 226 224 1101 1827
567 1090 227 1102 1828
665 227 225 1102 1828
695 607 221 1102 1828
567 1091 230 1103 1829
665 228 229 1103 1829
567 1092 226 1104 1830
665 229 231 1104 1830
567 1093 225 1105 1831
756 458 221 1105 1831
665 230 231 1105 1831
567 1094 229 1106 1832
729 552 221 1106 1832
665 231 227 1106 1832
567 1095 223 1107 1833
665 232 225 1107 1833
567 1096 226 1108 1834
665 233 225 1108 1834
567 1097 237 1109 1835
665 234 225 1109 1835
567 1098 237 1110 1836
665 235 223 1110 1836
567 1099 235 1111 1837
567 1100 224 1112 1838
665 237 226 1112 1838
567 1101 227 1112 1838
665 238 224 1113 1839
567 1102 224 1113 1839
567 1103 223 1114 1840
567 1104 221 1115 1841
567 1105 235 1116 1842
567 1106 230 1117 1843
567 1107 231 1118 1844
665 244 224 1119 1845
567 1108 233 1119 1845
567 1109 233 1120 1846
756 486 227 1133 1859
8 1112 221 1133 1859
756 487 228 1134 1860
756 488 225 1135 1861
665 260 221 1135 1861
756 489 224 1136 1862
665 262 223 1137 1863
625 228 227 1138 1864
388 325 223 1140 1866
388 326 227 1141 1867
388 327 225 1142 1868
522 863 225 1146 1872
87 3 233 1147 1873
771 134 235 1149 1875
56 602 225 1149 1875
159 899 223 1152 1878
32 1164 221 1153 1879
98 1183 221 1154 1880
261 1188 223 1158 1884
346 988 221 1159 1885
15 253 225 1159 1885
776 84 237 1159 1885
65 117 222 1159 1885
221 1192 225 1159 1885
590 324 223 1160 1886
776 85 233 1160 1886
776 86 241 1161 1887
776 87 231 1162 1888
776 88 233 1163 1889
221 1196 221 1163 1889
421 111 225 1163 1889
15 258 223 1164 1890
776 89 231 1164 1890
533 17 221 1164 1890
776 90 231 1165 1891
776 91 237 1166 1892
590 331 223 1166 1892
221 1200 221 1167 1893
776 93 227 1168 1894
590 333 221 1168 1894
776 94 235 1169 1895
776 95 223 1170 1896
65 128 221 1170 1896
15 265 223 1171 1897
776 96 238 1171 1897
421 119 221 1171 1897
776 97 247 1172 1898
533 25 223 1172 1898
776 98 231 1173 1899
533 26 225 1173 1899
346 1003 226 1174 1900
776 99 248 1174 1900
533 27 221 1174 1900
776 100 242 1175 1901
668 25 221 1175 1901
776 101 242 1176 1902
533 29 222 1176 1902
776 102 241 1177 1903
533 30 222 1177 1903
15 272 221 1178 1904
776 103 240 1178 1904
533 31 221 1178 1904
776 104 227 1179 1905
346 1009 225 1180 1906
776 105 235 1180 1906
65 138 222 1180 1906
776 106 241 1181 1907
788 1178 221 1181 1907
776 107 240 1182 1908
776 108 247 1183 1909
776 112 225 1187 1913
65 145 221 1187 1913
776 113 228 1188 1914
776 114 228 1189 1915
17 939 224 1190 1916
776 115 227 1190 1916
242 293 221 1191 1917
776 116 221 1191 1917
421 139 223 1192 1918
776 117 233 1192 1918
17 942 227 1193 1919
65 151 226 1193 1919
421 141 221 1194 1920
17 943 221 1194 1920
776 119 235 1194 1920
776 120 227 1195 1921
776 121 234 1196 1922
776 122 233 1197 1923
776 123 238 1198 1924
598 339 221 1198 1924
261 1228 228 1198 1924
242 301 221 1199 1925
776 124 235 1199 1925
65 157 222 1199 1925
221 1232 223 1199 1925
776 125 227 1200 1926
776 126 229 1201 1927
776 127 227 1202 1928
776 128 233 1203 1929
776 129 231 1204 1930
776 130 233 1205 1931
668 9 221 1206 1932
776 131 234 1206 1932
421 154 221 1207 1933
776 132 223 1207 1933
421 155 223 1207 1933
776 133 238 1208 1934
776 134 226 1209 1935
17 959 221 1210 1936
776 135 235 1210 1936
776 136 221 1211 1937
65 169 225 1211 1937
590 376 221 1211 1937
17 961 228 1212 1938
776 137 225 1212 1938
65 170 228 1212 1938
776 138 233 1213 1939
65 171 223 1213 1939
776 139 227 1214 1940
65 172 221 1214 1940
776 140 226 1215 1941
65 173 227 1215 1941
776 141 225 1216 1942
65 174 223 1216 1942
776 142 225 1217 1943
65 175 227 1217 1943
776 143 223 1218 1944
65 176 229 1218 1944
776 144 221 1219 1945
65 177 225 1219 1945
65 181 224 1223 1949
65 184 223 1226 1952
65 185 221 1227 1953
346 1060 221 1231 1957
776 157 223 1232 1958
134 618 223 1233 1959
776 159 227 1234 1960
770 709 221 1235 1961
65 194 223 1236 1962
776 161 221 1236 1962
65 195 227 1237 1963
346 1067 221 1238 1964
776 163 235 1238 1964
776 164 237 1239 1965
261 1269 221 1239 1965
776 165 237 1240 1966
776 166 242 1241 1967
776 167 228 1242 1968
65 201 223 1243 1969
776 168 241 1243 1969
65 202 225 1244 1970
598 385 221 1244 1970
776 169 242 1244 1970
65 203 223 1245 1971
776 170 241 1245 1971
620 1282 221 1246 1972
598 387 221 1246 1972
776 171 239 1246 1972
598 388 221 1247 1973
776 172 248 1247 1973
598 389 225 1248 1974
776 173 250 1248 1974
134 633 223 1248 1974
598 390 223 1249 1975
776 174 239 1249 1975
65 208 221 1250 1976
598 391 225 1250 1976
776 175 237 1250 1976
598 392 222 1251 1977
776 176 238 1251 1977
346 1081 221 1252 1978
65 210 221 1252 1978
776 177 245 1252 1978
242 355 221 1253 1979
776 178 225 1253 1979
776 182 222 1257 1983
776 183 233 1258 1984
776 184 237 1259 1985
776 185 243 1260 1986
65 219 221 1261 1987
776 186 224 1261 1987
65 220 223 1262 1988
776 187 233 1262 1988
17 1012 228 1263 1989
65 221 221 1263 1989
776 188 235 1263 1989
261 1293 221 1263 1989
346 1093 223 1264 1990
17 1013 223 1264 1990
776 189 237 1264 1990
261 1294 233 1264 1990
134 649 221 1264 1990
776 190 227 1265 1991
221 1299 222 1266 1992
776 192 233 1267 1993
776 193 235 1268 1994
776 194 223 1269 1995
776 196 231 1271 1997
17 1021 223 1272 1998
776 197 229 1272 1998
17 1022 223 1273 1999
776 198 227 1273 1999
776 199 223 1274 2000
221 1307 223 1274 2000
17 1024 223 1275 2001
776 200 228 1275 2001
17 1025 221 1276 2002
270 804 221 1276 2002
776 201 233 1276 2002
776 202 237 1277 2003
17 1027 221 1278 2004
776 203 243 1278 2004
17 1028 227 1279 2005
776 204 243 1279 2005
776 205 243 1280 2006
17 1030 221 1281 2007
776 206 227 1281 2007
17 1031 225 1282 2008
776 207 229 1282 2008
776 208 242 1283 2009
17 1033 225 1284 2010
776 209 229 1284 2010
17 1034 227 1285 2011
776 210 233 1285 2011
776 211 229 1286 2012
776 212 235 1287 2013
776 213 240 1288 2014
776 214 243 1289 2015
134 674 221 1289 2015
15 384 227 1290 2016
776 215 233 1290 2016
590 455 221 1291 2017
17 1040 227 1291 2017
776 216 237 1291 2017
776 217 241 1292 2018
776 218 240 1293 2019
17 1043 223 1294 2020
65 252 230 1294 2020
776 219 237 1294 2020
65 253 221 1295 2021
776 220 243 1295 2021
17 1046 227 1297 2023
533 150 225 1297 2023
221 1330 235 1298 2024
704 1331 223 1298 2024
17 1047 226 1298 2024
15 392 224 1298 2024
264 394 221 1300 2026
546 9 225 1301 2027
84 1333 221 1301 2027
460 415 223 1301 2027
264 395 221 1301 2027
704 1336 237 1303 2029
264 397 221 1303 2029
390 1332 221 1303 2029
704 1337 237 1304 2030
440 212 223 1304 2030
373 435 221 1304 2030
546 13 226 1305 2031
704 1338 233 1305 2031
320 595 236 1309 2035
633 1327 239 1310 2036
285 15 227 1310 2036
450 1347 223 1315 2041
170 1334 223 1315 2041
