291 5 223 0 707
81 2 223 0 707
291 6 223 1 708
81 3 227 1 708
291 7 224 2 709
81 4 223 2 709
81 5 227 3 710
170 4 223 4 711
170 5 223 5 712
81 7 233 5 712
81 8 237 6 713
777 11 221 7 714
81 9 233 7 714
37 6 227 7 714
81 10 223 8 715
633 6 223 8 715
37 7 228 8 715
170 9 225 9 716
81 11 233 9 716
633 7 221 9 716
37 8 233 9 716
81 12 227 10 717
81 13 227 11 718
81 15 231 13 720
633 11 221 13 720
746 10 223 13 720
170 14 221 14 721
81 16 235 14 721
48 13 221 14 721
248 9 221 14 721
633 12 224 14 721
746 11 221 14 721
777 19 226 15 722
63 10 227 15 722
602 8 225 15 722
81 17 226 15 722
248 10 226 15 722
37 14 233 15 722
746 12 221 15 722
777 20 225 16 723
37 15 225 16 723
602 10 221 17 724
81 19 225 17 724
63 13 222 18 725
602 11 223 18 725
81 20 227 18 725
37 17 234 18 725
777 23 223 19 726
63 14 221 19 726
81 21 231 19 726
633 17 229 19 726
777 24 225 20 727
81 22 229 20 727
633 18 233 20 727
777 25 227 21 728
170 21 223 21 728
63 16 223 21 728
174 17 221 21 728
37 20 233 21 728
48 20 223 21 728
777 26 227 22 729
170 22 226 22 729
63 17 221 22 729
602 15 235 22 729
777 27 223 23 730
602 16 221 23 730
81 25 231 23 730
37 22 225 23 730
48 22 223 23 730
633 21 221 23 730
777 28 225 24 731
174 20 221 24 731
81 26 225 24 731
37 23 221 24 731
63 20 223 25 732
37 24 233 25 732
174 21 224 25 732
633 23 235 25 732
746 22 225 25 732
602 19 225 26 733
291 31 223 26 733
37 25 230 26 733
81 28 224 26 733
633 24 228 26 733
777 31 221 27 734
81 29 227 27 734
633 25 226 27 734
746 24 229 27 734
170 28 221 28 735
63 23 227 28 735
37 27 225 28 735
248 23 223 28 735
633 26 223 28 735
170 29 227 29 736
63 24 225 29 736
602 22 240 29 736
37 28 221 29 736
633 27 239 29 736
746 26 228 29 736
170 30 223 30 737
63 25 229 30 737
602 23 247 30 737
37 29 227 30 737
81 32 241 30 737
174 26 233 30 737
248 25 227 30 737
633 28 246 30 737
746 27 225 30 737
63 26 223 31 738
170 31 232 31 738
602 24 241 31 738
248 26 229 31 738
174 27 230 31 738
81 33 246 31 738
633 29 243 31 738
746 28 228 31 738
170 32 228 32 739
63 27 223 32 739
602 25 241 32 739
37 31 229 32 739
81 34 238 32 739
248 27 232 32 739
174 28 231 32 739
633 30 246 32 739
746 29 233 32 739
63 28 228 33 740
170 33 223 33 740
602 26 237 33 740
81 35 243 33 740
248 28 231 33 740
37 32 222 33 740
174 29 247 33 740
633 31 246 33 740
746 30 226 33 740
63 29 230 34 741
170 34 223 34 741
602 27 235 34 741
81 36 237 34 741
37 33 223 34 741
248 29 227 34 741
174 30 225 34 741
48 33 227 34 741
633 32 235 34 741
746 31 233 34 741
63 30 223 35 742
170 35 227 35 742
602 28 241 35 742
81 37 241 35 742
248 30 237 35 742
174 31 240 35 742
633 33 239 35 742
746 32 223 35 742
63 31 237 36 743
170 36 227 36 743
81 38 245 36 743
248 31 231 36 743
174 32 222 36 743
633 34 221 36 743
777 41 221 37 744
63 32 225 37 744
170 37 235 37 744
81 39 221 37 744
248 32 223 37 744
174 33 223 37 744
746 34 225 37 744
63 33 229 38 745
81 40 242 38 745
248 33 237 38 745
48 37 221 38 745
746 35 235 38 745
777 43 221 39 746
63 34 223 39 746
291 44 223 39 746
81 41 225 39 746
248 34 225 39 746
48 38 221 39 746
633 37 221 39 746
63 35 228 40 747
170 40 223 40 747
602 33 221 40 747
291 45 225 40 747
37 39 221 40 747
81 42 229 40 747
633 38 229 40 747
63 36 223 41 748
170 41 222 41 748
63 37 223 42 749
63 38 223 43 750
291 48 229 43 750
63 39 225 44 751
291 49 223 44 751
81 46 223 44 751
433 3 229 45 752
170 45 226 45 752
81 47 227 45 752
170 46 225 46 753
291 51 225 46 753
81 48 223 46 753
291 52 221 47 754
81 49 231 47 754
433 6 230 48 755
777 52 224 48 755
170 48 222 48 755
602 41 224 48 755
291 53 223 48 755
81 50 223 48 755
633 46 221 48 755
81 51 223 49 756
433 8 229 50 757
633 48 223 50 757
633 49 225 51 758
633 50 223 52 759
633 52 223 54 761
81 56 229 54 761
746 51 225 54 761
433 13 221 55 762
633 53 226 55 762
81 57 233 55 762
170 56 223 56 763
633 54 229 56 763
81 58 232 56 763
633 55 231 57 764
633 56 237 58 765
37 57 229 58 765
81 60 227 58 765
170 59 237 59 766
37 58 221 59 766
633 57 229 59 766
81 61 221 59 766
170 60 229 60 767
633 58 231 60 767
81 62 221 60 767
170 61 234 61 768
633 59 223 61 768
170 62 231 62 769
633 60 221 62 769
602 56 223 63 770
633 61 232 63 770
37 62 234 63 770
777 68 221 64 771
602 57 223 64 771
633 62 245 64 771
37 63 233 64 771
63 60 221 65 772
633 63 223 65 772
37 64 227 65 772
81 67 229 65 772
170 66 225 66 773
633 64 235 66 773
37 65 221 66 773
81 68 225 66 773
433 25 225 67 774
170 67 227 67 774
633 65 226 67 774
170 68 233 68 775
81 70 227 68 775
433 27 223 69 776
170 69 222 69 776
81 71 231 69 776
433 28 221 70 777
170 70 233 70 777
81 72 221 70 777
433 29 222 71 778
63 66 221 71 778
174 67 227 71 778
777 76 221 72 779
248 67 223 72 779
291 77 225 72 779
81 74 231 72 779
63 68 231 73 780
433 32 229 74 781
468 89 231 75 782
349 83 221 75 782
660 78 225 75 782
601 94 232 76 783
81 78 224 76 783
171 45 247 76 783
325 87 229 77 784
81 79 223 77 784
737 80 224 78 785
81 80 241 78 785
404 57 227 78 785
81 81 239 79 786
460 59 225 80 787
81 82 238 80 787
611 82 221 80 787
369 92 225 81 788
275 97 231 82 789
619 65 227 82 789
18 86 222 82 789
215 7 225 82 789
81 84 221 82 789
245 103 224 83 790
275 98 239 83 790
619 66 235 83 790
215 8 231 83 790
245 104 227 84 791
619 67 233 84 791
215 9 225 84 791
81 86 231 84 791
207 85 223 85 792
619 68 231 85 792
215 10 232 85 792
229 106 221 85 792
646 81 227 85 792
362 98 223 86 793
619 69 227 86 793
215 11 241 86 793
81 88 235 86 793
229 107 229 86 793
646 82 225 86 793
746 83 237 86 793
72 110 221 87 794
215 12 223 87 794
81 89 227 87 794
646 83 221 87 794
215 13 247 88 795
250 98 223 88 795
81 90 236 88 795
646 84 223 88 795
72 112 224 89 796
215 14 241 89 796
250 99 223 89 796
81 91 241 89 796
229 110 223 89 796
746 86 227 89 796
362 102 223 90 797
215 15 222 90 797
250 100 225 90 797
646 86 221 90 797
215 16 236 91 798
250 101 221 91 798
81 93 235 91 798
229 112 226 91 798
646 87 233 91 798
245 112 221 92 799
362 104 223 92 799
619 75 224 92 799
215 17 234 92 799
81 94 229 92 799
229 113 226 92 799
646 88 221 92 799
362 105 223 93 800
215 18 243 93 800
81 95 223 93 800
746 90 221 93 800
245 114 223 94 801
207 94 222 94 801
619 77 229 94 801
215 19 243 94 801
81 96 222 94 801
229 115 222 94 801
646 90 221 94 801
746 91 225 94 801
245 115 221 95 802
207 95 223 95 802
362 107 223 95 802
215 20 238 95 802
81 97 224 95 802
646 91 227 95 802
72 119 221 96 803
619 79 223 96 803
646 92 225 96 803
215 22 241 97 804
81 99 227 97 804
72 121 225 98 805
619 81 225 98 805
362 110 224 98 805
215 23 229 98 805
81 100 225 98 805
215 24 233 99 806
250 109 227 99 806
81 101 229 99 806
69 45 227 99 806
362 112 222 100 807
619 83 224 100 807
81 102 229 100 807
619 84 225 101 808
207 101 222 101 808
245 122 221 102 809
619 85 223 102 809
215 27 233 102 809
229 123 223 102 809
69 48 221 102 809
229 124 223 103 810
69 49 223 103 810
362 116 223 104 811
215 29 231 104 811
229 125 223 104 811
69 50 221 104 811
215 30 233 105 812
215 31 231 106 813
646 102 223 106 813
619 90 225 107 814
81 109 221 107 814
215 32 229 107 814
619 91 230 108 815
81 110 226 108 815
215 33 221 108 815
229 129 221 108 815
646 104 221 108 815
746 105 221 108 815
81 111 221 109 816
215 34 239 109 816
362 122 223 110 817
215 35 237 110 817
229 131 221 110 817
646 106 221 110 817
619 94 223 111 818
362 123 225 111 818
81 113 221 111 818
215 36 229 111 818
229 132 221 111 818
69 57 227 111 818
746 108 229 111 818
619 95 229 112 819
250 122 221 112 819
646 108 225 112 819
72 136 223 113 820
362 125 228 113 820
619 96 221 113 820
207 113 221 113 820
81 115 239 113 820
215 38 241 113 820
72 137 223 114 821
245 134 221 114 821
362 126 233 114 821
81 116 221 114 821
215 39 235 114 821
250 124 223 114 821
362 127 223 115 822
215 40 227 115 822
250 125 221 115 822
362 128 221 116 823
207 116 233 116 823
215 41 225 116 823
250 126 221 116 823
72 140 221 117 824
245 137 222 117 824
362 129 221 117 824
215 42 223 117 824
81 119 223 117 824
646 113 227 117 824
81 120 237 118 825
215 43 235 118 825
250 128 221 118 825
646 114 225 118 825
245 139 223 119 826
81 121 233 119 826
215 44 228 119 826
619 103 225 120 827
215 45 235 120 827
250 130 226 120 827
619 104 221 121 828
362 133 223 121 828
81 123 221 121 828
215 46 233 121 828
72 145 223 122 829
619 105 227 122 829
362 134 222 122 829
81 124 237 122 829
215 47 229 122 829
229 143 223 122 829
215 48 231 123 830
81 125 230 123 830
362 136 226 124 831
215 49 239 124 831
229 145 221 124 831
69 70 225 124 831
362 137 222 125 832
215 50 237 125 832
69 71 229 125 832
619 109 227 126 833
362 138 225 126 833
81 128 223 126 833
215 51 237 126 833
250 136 221 126 833
69 72 223 126 833
619 110 231 127 834
81 129 221 127 834
215 52 227 127 834
250 137 221 127 834
646 123 221 127 834
619 111 228 128 835
81 130 225 128 835
215 53 238 128 835
362 141 223 129 836
81 131 221 129 836
215 54 235 129 836
619 113 223 130 837
81 132 221 130 837
215 55 227 130 837
646 126 227 130 837
619 114 221 131 838
215 56 221 131 838
619 116 224 133 840
81 139 223 137 844
207 137 221 137 844
362 150 226 138 845
215 63 231 138 845
215 64 225 139 846
215 65 231 140 847
250 150 225 140 847
646 136 221 140 847
81 143 244 141 848
215 66 225 141 848
245 162 223 142 849
81 144 241 142 849
215 67 233 142 849
646 138 223 143 850
81 145 225 143 850
215 68 230 143 850
646 139 225 144 851
619 127 221 144 851
81 146 221 144 851
215 69 231 144 851
81 147 221 145 852
215 70 227 145 852
619 129 224 146 853
81 148 221 146 853
215 71 224 146 853
619 130 230 147 854
81 149 231 147 854
215 72 222 147 854
619 131 237 148 855
81 150 228 148 855
215 73 221 148 855
69 94 224 148 855
81 151 221 149 856
215 74 223 149 856
215 75 223 150 857
81 153 221 151 858
81 154 224 152 859
619 136 221 153 860
81 155 237 153 860
69 99 232 153 860
81 156 225 154 861
619 138 233 155 862
81 157 223 155 862
81 158 221 156 863
215 81 221 156 863
81 159 223 157 864
215 82 221 157 864
215 83 221 158 865
81 161 223 159 866
215 87 223 162 869
215 90 221 165 872
81 168 221 166 873
619 153 223 170 877
215 95 223 170 877
619 154 227 171 878
229 192 221 171 878
215 96 221 171 878
619 155 227 172 879
215 97 223 172 879
619 157 226 174 881
362 186 224 174 881
619 160 221 177 884
81 179 223 177 884
81 180 221 178 885
646 175 225 180 887
646 177 221 182 889
619 166 230 183 890
646 178 223 183 890
215 115 221 190 897
619 176 222 193 900
619 177 223 194 901
81 196 222 194 901
81 197 224 195 902
619 179 223 196 903
362 208 221 196 903
81 198 239 196 903
215 121 226 196 903
619 180 227 197 904
646 192 229 197 904
362 209 223 197 904
81 199 235 197 904
619 181 231 198 905
646 193 230 198 905
362 210 225 198 905
229 219 223 198 905
619 182 233 199 906
646 194 229 199 906
229 220 227 199 906
619 183 231 200 907
646 195 233 200 907
362 212 225 200 907
250 210 223 201 908
619 184 231 201 908
646 196 229 201 908
81 203 225 201 908
229 222 229 201 908
69 147 223 202 909
619 185 235 202 909
646 197 233 202 909
229 223 224 202 909
619 186 229 203 910
646 198 225 203 910
362 215 221 203 910
646 199 230 204 911
362 216 227 204 911
215 129 223 204 911
619 188 223 205 912
646 200 233 205 912
245 225 225 205 912
362 217 227 205 912
81 207 224 205 912
215 130 225 205 912
619 189 235 206 913
646 201 226 206 913
362 218 221 206 913
81 208 229 206 913
229 227 223 206 913
619 190 227 207 914
646 202 226 207 914
81 209 222 207 914
229 228 226 207 914
619 191 221 208 915
646 203 226 208 915
81 210 227 208 915
229 229 227 208 915
250 218 227 209 916
646 204 225 209 916
69 155 245 210 917
646 205 221 210 917
229 231 224 210 917
619 194 227 211 918
245 231 226 211 918
362 223 221 211 918
81 213 221 211 918
215 136 227 211 918
619 195 223 212 919
646 207 221 212 919
215 137 221 212 919
619 196 231 213 920
362 225 224 213 920
81 215 221 213 920
215 141 233 216 923
81 219 235 217 924
619 203 221 220 927
81 222 232 220 927
215 145 223 220 927
619 204 221 221 928
215 152 225 227 934
81 233 222 231 938
72 98 221 232 939
81 234 247 232 939
215 157 221 232 939
229 253 221 232 939
619 216 224 233 940
81 235 241 233 940
215 158 226 233 940
69 179 222 234 941
81 236 243 234 941
215 159 223 234 941
81 238 233 236 943
81 241 222 239 946
215 165 225 240 947
69 186 223 241 948
250 250 231 241 948
619 224 223 241 948
362 253 221 241 948
245 261 227 241 948
81 243 233 241 948
69 187 227 242 949
646 237 222 242 949
81 244 223 242 949
245 263 221 243 950
81 245 227 243 950
215 168 233 243 950
69 189 221 244 951
250 253 224 244 951
619 227 221 244 951
245 264 233 244 951
81 246 228 244 951
215 169 233 244 951
81 247 227 245 952
619 229 222 246 953
245 266 221 246 953
81 248 227 246 953
215 171 235 246 953
81 249 229 247 954
215 172 225 247 954
81 251 225 249 956
72 116 221 250 957
245 270 227 250 957
81 252 225 250 957
215 175 229 250 957
215 176 235 251 958
81 253 223 251 958
215 177 233 252 959
81 254 225 252 959
81 257 227 255 962
81 258 227 256 963
215 182 226 257 964
81 259 227 257 964
215 183 225 258 965
245 279 223 259 966
215 184 221 259 966
81 261 231 259 966
245 280 223 260 967
215 185 221 260 967
81 262 237 260 967
215 186 233 261 968
81 263 227 261 968
250 271 223 262 969
619 245 221 262 969
646 257 225 262 969
215 187 225 262 969
215 188 231 263 970
81 265 231 263 970
619 247 221 264 971
215 189 231 264 971
229 285 221 264 971
619 248 225 265 972
215 190 227 265 972
81 267 231 265 972
619 249 227 266 973
215 191 230 266 973
81 268 230 266 973
619 250 223 267 974
215 192 231 267 974
81 269 234 267 974
619 251 223 268 975
215 193 231 268 975
81 270 235 268 975
619 252 225 269 976
81 271 225 269 976
362 282 222 270 977
81 272 229 270 977
81 273 230 271 978
81 274 229 272 979
81 275 229 273 980
646 269 221 274 981
81 276 226 274 981
245 295 221 275 982
81 277 223 275 982
81 278 229 276 983
215 202 235 277 984
81 279 221 277 984
362 291 223 279 986
215 205 237 280 987
81 282 221 280 987
215 206 237 281 988
81 283 221 281 988
215 207 238 282 989
215 208 235 283 990
81 285 221 283 990
215 209 228 284 991
72 150 235 284 991
81 286 231 284 991
81 287 233 285 992
229 306 221 285 992
215 211 225 286 993
81 288 231 286 993
215 212 225 287 994
81 289 235 287 994
215 213 224 288 995
362 300 223 288 995
646 283 222 288 995
81 290 236 288 995
215 214 221 289 996
81 291 226 289 996
215 215 223 290 997
81 294 223 292 999
215 218 226 293 1000
619 276 222 293 1000
215 219 227 294 1001
619 277 228 294 1001
215 220 228 295 1002
81 297 225 295 1002
619 279 223 296 1003
215 221 232 296 1003
81 298 236 296 1003
215 222 225 297 1004
81 299 222 297 1004
215 223 222 298 1005
81 300 231 298 1005
215 224 223 299 1006
81 301 233 299 1006
215 225 235 300 1007
81 302 237 300 1007
215 226 228 301 1008
81 303 235 301 1008
215 227 223 302 1009
81 304 241 302 1009
215 228 227 303 1010
81 305 241 303 1010
229 324 221 304 1011
646 299 221 304 1011
207 304 225 304 1011
81 306 225 304 1011
215 230 227 305 1012
81 307 225 305 1012
215 231 229 306 1013
81 308 229 306 1013
215 232 221 307 1014
81 309 224 307 1014
69 253 223 308 1015
215 233 238 308 1015
646 303 227 308 1015
245 328 224 308 1015
81 310 231 308 1015
746 305 221 309 1016
619 292 224 309 1016
646 304 233 309 1016
81 311 222 309 1016
250 319 223 310 1017
229 330 227 310 1017
69 255 226 310 1017
619 293 223 310 1017
646 305 229 310 1017
362 322 221 310 1017
656 323 221 311 1018
81 313 223 311 1018
78 315 221 312 1019
281 133 231 312 1019
453 318 223 312 1019
715 233 225 312 1019
662 170 221 312 1019
81 314 223 312 1019
288 325 225 313 1020
418 326 235 313 1020
78 316 226 313 1020
734 242 233 313 1020
452 153 227 313 1020
715 234 225 313 1020
757 300 221 313 1020
81 315 223 314 1021
247 326 233 314 1021
734 243 231 314 1021
703 312 228 314 1021
321 232 227 314 1021
382 321 237 315 1022
549 320 221 315 1022
515 280 223 317 1024
292 190 223 317 1024
583 334 221 317 1024
549 323 225 318 1025
266 74 236 319 1026
213 315 221 319 1026
679 338 226 319 1026
713 330 223 320 1027
196 323 234 320 1027
372 310 221 320 1027
266 75 225 320 1027
213 316 235 320 1027
679 339 227 320 1027
80 338 230 320 1027
259 265 225 320 1027
713 331 223 321 1028
196 324 225 321 1028
266 76 225 321 1028
655 258 225 321 1028
679 340 227 321 1028
80 339 221 321 1028
713 332 221 322 1029
196 325 230 322 1029
281 143 225 322 1029
266 77 231 322 1029
213 318 222 322 1029
655 259 228 322 1029
272 341 225 322 1029
713 333 223 323 1030
372 313 224 323 1030
281 144 247 323 1030
266 78 239 323 1030
213 319 233 323 1030
655 260 221 323 1030
713 334 221 324 1031
196 327 225 324 1031
372 314 226 324 1031
281 145 245 324 1031
266 79 235 324 1031
213 320 237 324 1031
655 261 225 324 1031
713 335 221 325 1032
196 328 228 325 1032
281 146 237 325 1032
266 80 237 325 1032
655 262 223 325 1032
713 336 223 326 1033
253 85 247 326 1033
281 147 225 326 1033
213 322 230 326 1033
266 81 229 326 1033
222 346 222 327 1034
196 330 227 327 1034
253 86 229 327 1034
253 87 225 328 1035
568 344 225 330 1037
80 348 223 330 1037
253 90 238 331 1038
568 345 225 331 1038
655 268 221 331 1038
80 349 221 331 1038
253 91 238 332 1039
80 350 221 332 1039
253 92 238 333 1040
568 347 223 333 1040
213 335 222 339 1046
266 94 227 339 1046
655 276 221 339 1046
679 358 230 339 1046
281 161 225 340 1047
253 99 241 340 1047
213 336 225 340 1047
266 95 233 340 1047
679 359 223 340 1047
372 331 223 341 1048
253 100 235 341 1048
213 337 225 341 1048
266 96 239 341 1048
281 163 223 342 1049
253 101 229 342 1049
266 97 223 342 1049
222 362 221 343 1050
372 333 221 343 1050
281 164 229 343 1050
253 102 227 343 1050
266 98 231 343 1050
253 103 227 344 1051
213 340 230 344 1051
266 99 231 344 1051
80 362 227 344 1051
222 364 221 344 1051
281 166 225 345 1052
213 341 229 345 1052
266 100 234 345 1052
80 363 223 345 1052
281 167 231 346 1053
213 342 225 346 1053
266 101 235 346 1053
80 364 228 346 1053
222 366 229 347 1054
281 168 232 347 1054
253 106 225 347 1054
213 343 233 347 1054
266 102 233 347 1054
272 366 224 347 1054
80 365 227 347 1054
281 169 229 348 1055
253 107 233 348 1055
213 344 225 348 1055
266 103 233 348 1055
272 367 221 348 1055
80 366 226 348 1055
281 170 232 349 1056
196 352 221 349 1056
253 108 237 349 1056
213 345 223 349 1056
266 104 245 349 1056
272 368 225 349 1056
253 109 224 350 1057
266 105 231 350 1057
679 369 221 350 1057
272 369 221 350 1057
80 368 222 350 1057
655 10 221 351 1058
372 341 221 351 1058
281 172 235 351 1058
196 354 223 351 1058
253 110 239 351 1058
266 106 239 351 1058
568 365 221 351 1058
272 370 221 351 1058
713 362 222 352 1059
281 173 229 352 1059
253 111 239 352 1059
213 348 235 352 1059
266 107 233 352 1059
272 371 223 352 1059
80 370 224 352 1059
222 372 227 353 1060
281 174 225 353 1060
253 112 233 353 1060
213 349 222 353 1060
266 108 241 353 1060
253 113 229 354 1061
266 109 237 354 1061
281 176 226 355 1062
253 114 239 355 1062
266 110 233 355 1062
80 373 221 356 1063
222 375 222 356 1063
253 115 227 356 1063
213 352 224 356 1063
80 374 221 356 1063
222 376 221 357 1064
655 16 221 357 1064
253 116 237 357 1064
80 375 233 357 1064
281 179 225 358 1065
253 117 243 358 1065
80 376 230 358 1065
253 118 225 359 1066
630 38 221 360 1067
253 119 239 360 1067
272 379 226 360 1067
80 378 228 360 1067
281 182 233 361 1068
253 120 221 361 1068
80 379 225 361 1068
372 352 221 362 1069
281 183 233 362 1069
196 365 221 362 1069
568 376 221 362 1069
80 380 227 363 1070
253 122 221 363 1070
679 382 221 363 1070
253 123 231 364 1071
80 382 223 364 1071
372 355 223 365 1072
281 186 225 365 1072
253 124 235 365 1072
213 361 224 365 1072
568 379 222 365 1072
80 383 222 365 1072
281 187 223 366 1073
213 362 222 366 1073
80 384 231 366 1073
259 311 221 367 1074
213 363 225 367 1074
80 385 223 367 1074
253 127 223 368 1075
266 11 223 368 1075
80 386 233 368 1075
213 365 223 369 1076
80 387 230 369 1076
213 367 221 371 1078
253 131 241 372 1079
266 15 229 372 1079
281 194 221 373 1080
253 132 241 373 1080
266 16 227 373 1080
213 369 224 373 1080
679 392 229 373 1080
281 195 221 374 1081
253 133 237 374 1081
266 17 222 374 1081
213 370 225 374 1081
679 393 223 374 1081
281 196 223 375 1082
253 134 233 375 1082
213 371 221 375 1082
679 394 226 375 1082
80 393 223 375 1082
253 135 238 376 1083
281 197 221 376 1083
679 395 227 376 1083
80 394 221 376 1083
679 396 231 377 1084
80 395 221 378 1085
222 397 221 378 1085
253 137 236 378 1085
213 374 225 378 1085
679 397 221 378 1085
253 138 243 379 1086
266 22 223 379 1086
213 375 223 379 1086
568 393 221 379 1086
281 201 223 380 1087
266 23 233 380 1087
80 398 225 380 1087
281 202 224 381 1088
253 140 223 381 1088
266 24 232 381 1088
213 377 221 381 1088
679 400 221 381 1088
222 401 223 382 1089
281 203 225 382 1089
253 141 227 382 1089
266 25 231 382 1089
213 378 221 382 1089
80 400 221 382 1089
253 142 235 383 1090
281 204 221 383 1090
266 26 229 383 1090
80 401 221 383 1090
253 143 237 384 1091
266 27 223 384 1091
568 398 223 384 1091
272 403 223 384 1091
253 144 241 385 1092
266 28 233 385 1092
213 381 223 385 1092
253 145 224 386 1093
281 207 223 386 1093
266 29 221 386 1093
272 405 225 386 1093
281 208 225 387 1094
272 406 221 387 1094
80 405 225 387 1094
253 147 229 388 1095
281 209 223 388 1095
266 31 226 388 1095
568 402 221 388 1095
253 148 229 389 1096
281 210 221 389 1096
213 385 231 389 1096
253 149 232 390 1097
281 211 221 390 1097
213 386 221 390 1097
679 409 223 390 1097
80 408 231 391 1098
253 150 239 391 1098
281 212 221 391 1098
679 410 221 391 1098
253 151 226 392 1099
213 388 224 392 1099
679 411 225 392 1099
80 410 223 392 1099
281 214 221 393 1100
213 389 231 393 1100
253 153 224 394 1101
266 37 223 394 1101
213 390 226 394 1101
80 412 223 394 1101
253 154 230 395 1102
213 391 226 395 1102
80 413 228 395 1102
253 155 237 396 1103
281 217 225 396 1103
213 392 225 396 1103
253 156 235 397 1104
213 393 221 397 1104
80 415 229 397 1104
253 157 236 398 1105
266 41 225 398 1105
679 417 221 398 1105
253 158 243 399 1106
253 159 227 400 1107
253 160 235 401 1108
266 44 221 401 1108
80 419 221 402 1109
253 161 232 402 1109
372 393 222 402 1109
253 162 233 403 1110
281 224 224 403 1110
266 46 221 403 1110
80 421 229 403 1110
253 163 238 404 1111
259 348 223 404 1111
272 423 223 404 1111
80 422 231 404 1111
253 164 233 405 1112
266 48 228 405 1112
253 166 221 407 1114
253 167 231 408 1115
266 51 223 408 1115
196 413 221 410 1117
253 169 229 410 1117
266 53 223 410 1117
568 424 224 410 1117
713 421 225 410 1117
679 3 233 410 1117
272 429 229 410 1117
80 428 232 410 1117
253 170 225 411 1118
80 429 224 411 1118
253 171 222 412 1119
253 172 221 413 1120
253 173 225 414 1121
80 432 222 414 1121
694 77 221 415 1122
253 177 229 418 1125
253 178 224 419 1126
80 437 225 419 1126
372 411 221 420 1127
222 440 223 420 1127
80 438 224 420 1127
253 181 223 422 1129
222 442 221 422 1129
80 440 221 422 1129
259 367 222 423 1130
253 182 221 423 1130
80 441 226 423 1130
253 183 225 424 1131
80 442 225 424 1131
694 87 221 425 1132
253 184 223 425 1132
372 416 221 425 1132
80 443 227 425 1132
694 88 223 426 1133
80 444 225 426 1133
253 186 225 427 1134
266 70 221 427 1134
80 445 235 427 1134
694 90 221 428 1135
253 187 228 428 1135
80 446 228 428 1135
196 432 221 429 1136
253 188 227 429 1136
222 449 235 429 1136
372 420 221 429 1136
80 447 230 429 1136
253 189 222 430 1137
266 73 224 430 1137
253 190 226 431 1138
266 74 221 431 1138
222 451 221 431 1138
80 449 229 431 1138
253 191 225 432 1139
266 75 223 432 1139
222 452 229 432 1139
80 450 236 432 1139
196 436 221 433 1140
253 192 227 433 1140
222 453 221 433 1140
80 451 232 433 1140
80 452 229 434 1141
253 194 221 435 1142
372 426 226 435 1142
80 453 233 435 1142
80 454 228 436 1143
80 455 231 437 1144
196 441 221 438 1145
655 97 221 438 1145
253 197 229 438 1145
80 456 230 438 1145
655 98 221 439 1146
80 457 228 439 1146
253 199 224 440 1147
253 200 221 441 1148
253 201 224 442 1149
372 433 223 442 1149
253 202 226 443 1150
372 434 225 443 1150
80 461 226 443 1150
253 203 228 444 1151
80 462 223 445 1152
80 463 233 446 1153
253 205 227 446 1153
80 464 227 447 1154
253 206 233 447 1154
80 465 226 448 1155
253 207 235 448 1155
372 439 223 448 1155
281 270 225 449 1156
253 208 233 449 1156
679 42 223 449 1156
80 467 223 450 1157
253 209 224 450 1157
372 441 229 450 1157
80 468 225 451 1158
253 210 232 451 1158
253 211 224 452 1159
253 212 222 453 1160
80 471 225 454 1161
253 213 225 454 1161
372 445 223 454 1161
80 472 230 455 1162
253 214 228 455 1162
372 446 227 455 1162
80 473 229 456 1163
253 215 231 456 1163
213 453 224 457 1164
266 100 221 457 1164
253 216 227 457 1164
80 475 232 457 1164
253 217 229 458 1165
372 449 226 458 1165
80 476 228 458 1165
281 280 223 459 1166
80 477 234 459 1166
655 119 221 460 1167
372 451 221 460 1167
713 471 223 460 1167
80 478 234 460 1167
655 120 221 461 1168
372 452 221 461 1168
80 479 228 461 1168
713 473 221 462 1169
80 480 230 462 1169
80 481 226 463 1170
655 123 221 464 1171
253 223 225 464 1171
372 455 227 464 1171
80 482 221 464 1171
196 468 221 465 1172
655 124 223 465 1172
266 109 225 466 1173
253 225 229 466 1173
372 457 232 466 1173
196 470 221 467 1174
253 226 239 467 1174
253 227 234 468 1175
372 459 221 468 1175
266 112 221 469 1176
253 228 235 469 1176
713 480 225 469 1176
266 113 221 470 1177
713 481 223 470 1177
266 114 223 471 1178
253 230 234 471 1178
713 482 223 471 1178
266 115 222 472 1179
253 231 224 472 1179
568 38 221 472 1179
80 490 221 472 1179
655 132 222 473 1180
196 476 221 473 1180
266 116 225 473 1180
196 477 225 474 1181
266 117 225 474 1181
253 233 221 474 1181
372 465 223 474 1181
213 471 221 475 1182
655 137 225 477 1184
655 138 225 478 1185
266 122 221 479 1186
253 238 221 479 1186
655 139 225 479 1186
266 123 225 480 1187
253 239 224 480 1187
372 471 224 480 1187
655 140 227 480 1187
655 141 224 481 1188
679 75 221 482 1189
655 142 223 482 1189
253 253 230 494 1201
568 11 221 495 1202
253 255 223 496 1203
253 259 223 500 1207
253 260 224 501 1208
253 261 227 502 1209
253 262 227 503 1210
253 263 225 504 1211
281 327 221 505 1212
80 532 225 514 1221
655 174 223 514 1221
253 274 227 515 1222
568 31 224 515 1222
259 460 229 516 1223
213 512 221 516 1223
253 276 221 517 1224
259 462 221 518 1225
253 277 224 518 1225
80 536 221 518 1225
253 283 225 524 1231
80 542 221 524 1231
253 284 221 525 1232
80 543 221 525 1232
80 544 224 526 1233
213 524 221 528 1235
266 172 221 529 1236
253 288 221 529 1236
266 173 226 530 1237
253 289 223 530 1237
80 548 222 530 1237
266 174 223 531 1238
372 523 235 532 1239
713 543 223 532 1239
222 552 227 532 1239
266 176 235 533 1240
213 529 231 533 1240
253 292 229 533 1240
679 126 225 533 1240
196 537 225 534 1241
213 530 223 534 1241
253 293 235 534 1241
679 127 223 534 1241
372 525 221 534 1241
80 552 221 534 1241
655 194 221 534 1241
266 178 237 535 1242
253 294 237 535 1242
166 521 221 536 1243
266 179 238 536 1243
213 532 221 536 1243
253 295 237 536 1243
222 556 221 536 1243
266 180 231 537 1244
213 533 221 537 1244
253 296 238 537 1244
679 130 225 537 1244
655 197 223 537 1244
196 541 223 538 1245
266 181 237 538 1245
253 297 224 538 1245
281 360 233 538 1245
253 298 237 539 1246
166 525 221 539 1246
253 299 239 540 1247
372 531 221 540 1247
166 526 223 540 1247
568 56 223 541 1248
266 184 237 541 1248
213 537 221 541 1248
253 300 233 541 1248
679 134 225 541 1248
372 532 221 541 1248
166 527 227 541 1248
196 545 227 542 1249
266 185 227 542 1249
253 301 225 542 1249
372 533 223 542 1249
655 202 221 542 1249
266 186 225 543 1250
253 302 241 543 1250
372 534 221 543 1250
80 561 221 543 1250
266 187 233 544 1251
253 303 241 544 1251
281 366 223 544 1251
266 188 233 545 1252
253 304 234 545 1252
166 531 225 546 1253
266 189 221 546 1253
222 566 221 546 1253
266 190 223 547 1254
253 306 235 547 1254
372 538 221 547 1254
166 533 221 548 1255
266 191 225 548 1255
253 307 239 548 1255
281 370 223 548 1255
266 192 229 549 1256
213 545 225 549 1256
253 308 231 549 1256
372 540 227 549 1256
266 193 226 550 1257
253 309 239 550 1257
213 546 223 550 1257
372 541 225 550 1257
80 568 221 550 1257
568 66 225 551 1258
266 194 227 551 1258
253 310 247 551 1258
323 489 221 551 1258
266 195 238 552 1259
213 548 225 552 1259
713 563 231 552 1259
281 374 221 552 1259
698 570 225 553 1260
21 237 223 553 1260
5 569 227 554 1261
223 6 225 554 1261
159 281 223 554 1261
213 551 231 555 1262
288 2 233 555 1262
751 3 225 555 1262
103 577 227 555 1262
213 552 235 556 1263
294 567 226 556 1263
419 554 221 557 1264
213 553 227 557 1264
155 170 239 558 1265
213 554 224 558 1265
288 5 221 558 1265
177 117 237 558 1265
259 503 226 559 1266
483 3 233 559 1266
213 555 237 559 1266
320 18 230 559 1266
497 570 221 559 1266
374 571 223 559 1266
177 118 223 559 1266
732 525 223 560 1267
467 570 223 561 1268
732 527 221 562 1269
261 572 241 562 1269
467 571 235 562 1269
145 572 223 563 1270
732 528 223 563 1270
213 559 227 563 1270
261 573 221 563 1270
732 529 221 564 1271
261 574 221 564 1271
84 577 223 564 1271
467 573 231 564 1271
213 561 224 565 1272
467 574 225 565 1272
284 582 227 565 1272
732 531 225 566 1273
467 575 225 566 1273
284 583 221 566 1273
46 573 225 567 1274
284 584 221 567 1274
145 577 227 568 1275
732 533 221 568 1275
24 15 221 568 1275
261 578 223 568 1275
72 32 233 568 1275
467 577 221 568 1275
46 574 225 568 1275
70 586 225 568 1275
659 583 224 569 1276
784 13 243 569 1276
672 570 221 569 1276
467 578 224 569 1276
46 575 224 569 1276
784 14 222 570 1277
261 580 221 570 1277
672 571 221 570 1277
46 576 221 570 1277
70 588 222 570 1277
784 15 221 571 1278
732 536 221 571 1278
213 567 228 571 1278
46 577 223 571 1278
784 16 221 572 1279
732 537 221 572 1279
24 19 227 572 1279
261 582 232 572 1279
672 573 223 572 1279
72 36 221 572 1279
467 581 245 572 1279
46 578 224 572 1279
284 589 230 572 1279
784 17 224 573 1280
213 569 222 573 1280
401 573 223 573 1280
672 574 221 573 1280
72 37 221 573 1280
467 582 231 573 1280
70 591 221 573 1280
46 579 226 573 1280
732 539 221 574 1281
213 570 221 574 1281
24 21 225 574 1281
672 575 221 574 1281
467 583 227 574 1281
732 540 221 575 1282
24 22 227 575 1282
72 39 225 575 1282
70 593 223 575 1282
467 584 230 575 1282
284 592 239 576 1283
659 590 223 576 1283
145 585 227 576 1283
784 20 221 576 1283
732 541 224 576 1283
213 572 229 576 1283
401 576 222 576 1283
261 586 221 576 1283
24 23 225 576 1283
72 40 225 576 1283
70 594 223 576 1283
467 585 221 576 1283
145 586 229 577 1284
784 21 221 577 1284
732 542 226 577 1284
213 573 225 577 1284
672 578 225 577 1284
72 41 226 577 1284
467 586 238 577 1284
46 583 231 577 1284
145 587 227 578 1285
732 543 235 578 1285
213 574 223 578 1285
261 588 221 578 1285
46 584 223 578 1285
145 588 221 579 1286
24 26 225 579 1286
672 580 227 579 1286
70 597 225 579 1286
467 588 237 579 1286
46 585 230 579 1286
284 596 221 580 1287
784 24 223 580 1287
261 590 244 580 1287
24 27 221 580 1287
467 589 229 580 1287
46 586 223 580 1287
145 590 227 581 1288
784 25 221 581 1288
732 546 221 581 1288
213 577 224 581 1288
261 591 223 581 1288
24 28 232 581 1288
72 45 224 581 1288
46 587 225 581 1288
284 598 227 582 1289
784 26 225 582 1289
261 592 237 582 1289
672 583 226 582 1289
213 579 225 583 1290
401 583 223 583 1290
261 593 242 583 1290
24 30 224 583 1290
72 47 225 583 1290
70 601 221 583 1290
672 584 229 583 1290
284 600 224 584 1291
784 28 223 584 1291
213 580 224 584 1291
261 594 231 584 1291
24 31 223 584 1291
72 48 221 584 1291
261 595 233 585 1292
72 49 221 585 1292
467 594 223 585 1292
46 591 221 585 1292
284 602 225 586 1293
784 30 227 586 1293
261 596 230 586 1293
467 595 221 586 1293
284 603 225 587 1294
213 583 223 587 1294
261 597 225 587 1294
732 553 222 588 1295
261 598 232 588 1295
72 52 226 588 1295
467 597 223 588 1295
46 594 223 588 1295
732 554 224 589 1296
261 599 239 589 1296
46 595 221 589 1296
145 599 227 590 1297
784 34 221 590 1297
284 607 227 591 1298
784 35 223 591 1298
732 556 221 591 1298
261 601 233 591 1298
46 597 221 591 1298
145 601 221 592 1299
784 36 221 592 1299
732 557 224 592 1299
261 602 223 592 1299
467 601 223 592 1299
46 598 221 592 1299
145 602 225 593 1300
784 37 223 593 1300
261 603 227 593 1300
213 590 223 594 1301
261 604 227 594 1301
72 58 221 594 1301
261 605 227 595 1302
72 59 221 595 1302
784 40 221 596 1303
732 561 223 596 1303
261 606 238 596 1303
672 597 221 596 1303
284 613 223 597 1304
732 562 221 597 1304
261 607 231 597 1304
72 61 222 597 1304
46 603 221 597 1304
284 614 227 598 1305
261 608 239 598 1305
72 62 223 598 1305
24 45 221 598 1305
284 615 227 599 1306
145 608 223 599 1306
784 43 221 599 1306
261 609 244 599 1306
70 617 223 599 1306
24 46 224 599 1306
145 609 221 600 1307
261 610 242 600 1307
70 618 221 600 1307
284 617 225 601 1308
261 611 233 601 1308
70 619 224 601 1308
72 65 221 601 1308
24 48 223 601 1308
467 610 223 601 1308
46 607 224 601 1308
284 618 221 602 1309
261 612 227 602 1309
70 620 221 602 1309
659 617 223 603 1310
261 613 244 603 1310
72 67 221 603 1310
732 569 223 604 1311
261 614 233 604 1311
72 68 226 604 1311
70 622 221 604 1311
284 621 227 605 1312
145 614 221 605 1312
732 570 223 605 1312
72 69 223 605 1312
70 623 225 605 1312
46 611 225 605 1312
284 622 224 606 1313
732 571 225 606 1313
261 616 238 606 1313
145 616 225 607 1314
213 603 223 607 1314
732 573 222 608 1315
213 604 221 608 1315
784 52 221 608 1315
261 618 239 608 1315
672 609 223 608 1315
467 617 225 608 1315
46 614 223 608 1315
213 605 225 609 1316
784 53 225 609 1316
261 619 231 609 1316
672 610 221 609 1316
261 620 227 610 1317
24 57 222 610 1317
467 619 223 610 1317
284 627 229 611 1318
213 607 221 611 1318
72 75 225 611 1318
261 621 228 611 1318
672 612 221 611 1318
467 620 221 611 1318
46 617 225 611 1318
732 577 229 612 1319
213 608 229 612 1319
401 612 223 612 1319
261 622 232 612 1319
70 630 223 612 1319
46 618 221 612 1319
732 578 223 613 1320
401 614 221 614 1321
261 624 229 614 1321
467 623 223 614 1321
672 616 221 615 1322
46 621 224 616 1323
284 632 221 616 1323
784 60 223 616 1323
46 622 223 617 1324
145 626 223 617 1324
213 613 229 617 1324
659 631 225 617 1324
672 618 223 617 1324
284 634 231 618 1325
732 583 225 618 1325
145 627 237 618 1325
659 632 231 618 1325
70 636 223 618 1325
24 65 227 618 1325
467 627 223 618 1325
672 619 227 618 1325
46 624 223 619 1326
145 628 221 619 1326
213 615 227 619 1326
659 633 227 619 1326
70 637 225 619 1326
24 66 228 619 1326
672 620 227 619 1326
732 585 225 620 1327
784 64 227 620 1327
659 634 227 620 1327
70 638 231 620 1327
24 67 231 620 1327
46 626 232 621 1328
732 586 223 621 1328
784 65 225 621 1328
70 639 225 621 1328
24 68 227 621 1328
467 630 227 621 1328
672 622 223 621 1328
284 638 223 622 1329
732 587 231 622 1329
72 86 223 622 1329
24 69 225 622 1329
659 1 223 622 1329
672 623 224 622 1329
732 588 235 623 1330
784 67 225 623 1330
401 623 221 623 1330
70 641 223 623 1330
213 620 241 624 1331
261 634 228 624 1331
284 641 223 625 1332
145 634 227 625 1332
213 621 229 625 1332
284 642 225 626 1333
732 591 225 626 1333
145 635 230 626 1333
401 626 221 626 1333
659 5 223 626 1333
145 636 221 627 1334
213 623 225 627 1334
401 627 221 627 1334
72 91 226 627 1334
24 74 223 627 1334
659 6 221 627 1334
145 637 231 628 1335
784 72 223 628 1335
213 624 223 628 1335
401 628 223 628 1335
70 646 227 628 1335
24 75 223 628 1335
659 7 223 628 1335
46 634 224 629 1336
284 645 226 629 1336
732 594 230 629 1336
784 73 223 629 1336
261 639 223 629 1336
70 647 223 629 1336
672 630 221 629 1336
284 646 221 630 1337
213 626 223 630 1337
784 74 221 630 1337
72 94 221 630 1337
145 640 223 631 1338
70 651 223 633 1340
46 639 221 634 1341
72 98 223 634 1341
70 652 225 634 1341
672 635 221 634 1341
46 640 227 635 1342
732 600 226 635 1342
145 644 221 635 1342
784 79 221 635 1342
213 631 223 635 1342
72 99 221 635 1342
659 14 222 635 1342
145 645 221 636 1343
72 100 225 636 1343
261 646 221 636 1343
213 633 227 637 1344
401 637 221 637 1344
72 101 235 637 1344
70 655 223 637 1344
659 16 227 637 1344
46 644 225 638 1345
732 604 221 639 1346
213 635 223 639 1346
401 639 221 639 1346
261 649 224 639 1346
467 648 222 639 1346
672 640 223 639 1346
46 645 222 640 1347
213 636 227 640 1347
784 84 222 640 1347
261 650 237 640 1347
284 657 224 641 1348
72 105 221 641 1348
261 651 223 641 1348
284 658 221 642 1349
732 607 225 642 1349
145 651 224 642 1349
213 638 232 642 1349
784 86 223 642 1349
401 642 223 642 1349
72 106 223 642 1349
261 652 237 642 1349
70 660 227 642 1349
467 651 221 642 1349
784 87 223 643 1350
72 107 222 643 1350
261 653 239 643 1350
732 609 227 644 1351
261 654 223 644 1351
284 661 221 645 1352
732 610 221 645 1352
401 645 227 645 1352
72 109 231 645 1352
261 655 237 645 1352
70 663 221 645 1352
659 24 231 645 1352
672 646 227 645 1352
46 651 232 645 1352
145 655 228 646 1353
784 90 223 646 1353
72 110 221 646 1353
261 656 225 646 1353
467 655 229 646 1353
70 664 223 646 1353
659 25 225 646 1353
24 16 229 646 1353
46 652 221 646 1353
284 663 223 647 1354
732 612 223 647 1354
145 656 225 647 1354
213 643 225 647 1354
72 111 223 647 1354
467 656 231 647 1354
70 665 222 647 1354
672 648 223 647 1354
46 653 225 647 1354
284 664 233 648 1355
732 613 231 648 1355
145 657 221 648 1355
213 644 223 648 1355
784 92 243 648 1355
401 648 221 648 1355
72 112 221 648 1355
261 658 224 648 1355
467 657 222 648 1355
24 18 221 648 1355
672 649 225 648 1355
46 654 229 648 1355
284 665 226 649 1356
732 614 225 649 1356
213 645 229 649 1356
784 93 241 649 1356
401 649 223 649 1356
72 113 227 649 1356
261 659 221 649 1356
467 658 228 649 1356
672 650 227 649 1356
46 655 222 649 1356
145 659 221 650 1357
732 615 231 650 1357
784 94 229 650 1357
401 650 227 650 1357
72 114 235 650 1357
261 660 224 650 1357
70 668 223 650 1357
24 20 223 650 1357
672 651 221 650 1357
46 656 225 650 1357
284 667 225 651 1358
732 616 223 651 1358
213 647 231 651 1358
784 95 243 651 1358
24 21 233 651 1358
672 652 221 651 1358
284 668 229 652 1359
732 617 223 652 1359
784 96 241 652 1359
401 653 225 653 1360
24 23 231 653 1360
672 654 221 653 1360
46 659 223 653 1360
732 619 228 654 1361
784 98 224 654 1361
401 654 221 654 1361
261 664 231 654 1361
70 672 221 654 1361
24 24 227 654 1361
672 655 225 654 1361
732 620 237 655 1362
261 665 237 655 1362
70 673 221 655 1362
24 25 231 655 1362
46 661 223 655 1362
672 656 223 655 1362
732 621 238 656 1363
784 100 227 656 1363
401 656 223 656 1363
261 666 241 656 1363
467 665 221 656 1363
70 674 221 656 1363
24 26 226 656 1363
672 657 231 656 1363
284 673 227 657 1364
213 653 223 657 1364
732 622 239 657 1364
401 657 228 657 1364
261 667 245 657 1364
24 27 227 657 1364
732 623 241 658 1365
784 102 223 658 1365
401 658 223 658 1365
261 668 245 658 1365
659 37 221 658 1365
70 676 221 658 1365
24 28 227 658 1365
46 664 221 658 1365
672 659 225 658 1365
284 675 231 659 1366
732 624 231 659 1366
213 655 223 659 1366
784 103 229 659 1366
72 123 221 659 1366
261 669 245 659 1366
24 29 221 659 1366
672 660 226 659 1366
145 669 221 660 1367
732 625 221 660 1367
401 660 225 660 1367
261 670 233 660 1367
70 678 225 660 1367
672 661 221 660 1367
784 105 221 661 1368
401 661 235 661 1368
72 125 221 661 1368
261 671 254 661 1368
70 679 226 661 1368
145 671 223 662 1369
401 662 231 662 1369
261 672 244 662 1369
70 680 221 662 1369
467 671 225 662 1369
284 679 225 663 1370
401 663 224 663 1370
72 127 229 663 1370
261 673 239 663 1370
70 681 221 663 1370
24 33 224 663 1370
732 629 223 664 1371
72 128 221 664 1371
261 674 235 664 1371
467 673 223 664 1371
70 682 221 664 1371
659 43 223 664 1371
46 670 229 664 1371
145 674 225 665 1372
261 675 247 665 1372
72 129 221 665 1372
467 674 221 665 1372
46 671 223 665 1372
401 666 228 666 1373
261 676 250 666 1373
467 675 222 666 1373
659 45 225 666 1373
46 672 225 666 1373
784 111 221 667 1374
401 667 229 667 1374
261 677 244 667 1374
659 46 222 667 1374
672 668 227 667 1374
213 664 225 668 1375
784 112 221 668 1375
401 668 223 668 1375
261 678 232 668 1375
467 677 226 668 1375
70 686 229 668 1375
659 47 221 668 1375
732 634 223 669 1376
213 665 225 669 1376
401 669 225 669 1376
261 679 243 669 1376
70 687 222 669 1376
467 678 225 669 1376
659 48 224 669 1376
672 670 229 669 1376
732 635 227 670 1377
401 670 227 670 1377
70 688 223 670 1377
659 49 231 670 1377
24 40 221 670 1377
46 676 221 670 1377
732 636 221 671 1378
213 667 225 671 1378
401 671 221 671 1378
72 135 228 671 1378
261 681 221 671 1378
70 689 229 671 1378
467 680 221 671 1378
24 41 221 671 1378
672 672 221 671 1378
732 637 224 672 1379
401 672 224 672 1379
72 136 231 672 1379
70 690 225 672 1379
659 51 222 672 1379
24 42 222 672 1379
46 678 226 672 1379
672 673 227 672 1379
284 689 223 673 1380
732 638 225 673 1380
145 682 237 673 1380
401 673 223 673 1380
261 683 229 673 1380
70 691 224 673 1380
467 682 226 673 1380
784 118 227 674 1381
401 674 227 674 1381
72 138 227 674 1381
261 684 236 674 1381
467 683 221 674 1381
659 53 223 674 1381
24 44 222 674 1381
46 680 224 674 1381
672 675 223 674 1381
732 640 227 675 1382
213 671 223 675 1382
261 685 227 675 1382
659 54 224 675 1382
24 45 221 675 1382
46 681 227 675 1382
672 676 226 675 1382
732 641 233 676 1383
213 672 225 676 1383
784 120 221 676 1383
401 676 227 676 1383
70 694 225 676 1383
261 686 229 676 1383
46 682 235 676 1383
401 677 225 677 1384
72 141 229 677 1384
261 687 237 677 1384
46 683 243 677 1384
732 643 226 678 1385
145 687 224 678 1385
467 2 233 678 1385
401 678 225 678 1385
72 142 230 678 1385
261 688 229 678 1385
70 696 225 678 1385
732 644 229 679 1386
401 679 240 679 1386
261 689 236 679 1386
70 697 221 679 1386
659 58 231 679 1386
24 49 222 679 1386
46 685 221 679 1386
784 124 221 680 1387
401 680 221 680 1387
72 144 221 680 1387
261 690 241 680 1387
70 698 227 680 1387
659 59 231 680 1387
672 681 221 680 1387
213 677 221 681 1388
401 681 227 681 1388
261 691 233 681 1388
70 699 227 681 1388
659 60 230 681 1388
46 687 228 681 1388
467 6 225 682 1389
401 682 233 682 1389
261 692 239 682 1389
72 146 227 682 1389
70 700 229 682 1389
24 52 223 682 1389
46 688 233 682 1389
732 648 229 683 1390
213 679 221 683 1390
467 7 235 683 1390
261 693 239 683 1390
72 147 221 683 1390
70 701 227 683 1390
24 53 241 683 1390
46 689 237 683 1390
672 684 233 683 1390
659 1 227 684 1391
213 680 221 684 1391
784 128 231 684 1391
401 684 229 684 1391
467 8 233 684 1391
46 690 221 684 1391
284 701 227 685 1392
213 681 227 685 1392
24 55 224 685 1392
672 686 221 685 1392
732 651 223 686 1393
467 10 223 686 1393
261 696 221 686 1393
72 150 225 686 1393
24 56 225 686 1393
46 692 227 686 1393
672 687 224 686 1393
213 683 225 687 1394
659 4 224 687 1394
145 696 229 687 1394
261 697 233 687 1394
72 151 225 687 1394
46 693 223 687 1394
284 704 224 688 1395
732 653 226 688 1395
213 684 221 688 1395
261 698 240 688 1395
72 152 225 688 1395
24 58 221 688 1395
46 694 226 688 1395
732 654 227 689 1396
213 685 223 689 1396
261 699 239 689 1396
72 153 238 689 1396
46 695 237 689 1396
564 441 221 690 1397
261 700 241 690 1397
72 154 225 690 1397
564 442 223 690 1397
732 656 222 691 1398
284 707 230 691 1398
659 8 225 691 1398
467 15 221 691 1398
401 691 228 691 1398
261 701 228 691 1398
70 709 227 691 1398
672 692 225 691 1398
732 657 228 692 1399
284 708 221 692 1399
213 688 225 692 1399
261 702 233 692 1399
70 710 221 692 1399
72 156 228 692 1399
46 698 225 692 1399
672 693 227 692 1399
732 658 229 693 1400
284 709 226 693 1400
213 689 221 693 1400
72 157 228 693 1400
46 699 229 693 1400
732 659 221 694 1401
467 18 225 694 1401
401 694 225 694 1401
659 2 221 694 1401
261 704 227 694 1401
72 158 221 694 1401
46 700 222 694 1401
284 711 229 695 1402
213 691 223 695 1402
467 19 225 695 1402
261 705 235 695 1402
70 713 223 695 1402
46 701 233 695 1402
672 696 222 695 1402
732 661 221 696 1403
284 712 223 696 1403
213 692 221 696 1403
467 20 233 696 1403
659 4 223 696 1403
46 702 226 696 1403
24 66 221 696 1403
467 21 225 697 1404
659 5 221 697 1404
70 715 229 697 1404
24 67 231 697 1404
732 663 225 698 1405
784 142 227 698 1405
145 707 225 698 1405
261 708 227 698 1405
72 162 223 698 1405
70 716 226 698 1405
672 699 221 698 1405
732 664 239 699 1406
784 143 234 699 1406
467 23 223 699 1406
261 709 231 699 1406
72 163 225 699 1406
46 705 221 699 1406
732 665 227 700 1407
213 696 223 700 1407
145 709 223 700 1407
401 700 221 700 1407
261 710 221 700 1407
672 701 223 700 1407
24 70 221 700 1407
732 666 237 701 1408
284 717 231 701 1408
784 145 223 701 1408
213 697 221 701 1408
467 25 224 701 1408
659 9 221 701 1408
261 711 223 701 1408
672 702 233 701 1408
24 71 225 701 1408
732 667 230 702 1409
284 718 221 702 1409
784 146 225 702 1409
401 702 223 702 1409
261 712 241 702 1409
70 720 227 702 1409
284 719 227 703 1410
784 147 222 703 1410
213 699 225 703 1410
401 703 221 703 1410
261 713 237 703 1410
70 721 224 703 1410
672 704 224 703 1410
732 669 231 704 1411
261 714 239 704 1411
46 710 221 704 1411
284 721 230 705 1412
401 705 227 705 1412
467 29 229 705 1412
261 715 233 705 1412
672 706 237 705 1412
24 75 233 705 1412
784 150 223 706 1413
401 706 226 706 1413
467 30 223 706 1413
261 716 233 706 1413
672 707 228 706 1413
732 672 241 707 1414
401 707 222 707 1414
659 15 221 707 1414
70 725 221 707 1414
732 673 222 707 1414
284 724 227 708 1415
261 718 227 708 1415
70 727 221 709 1416
261 719 225 709 1416
24 79 227 709 1416
732 675 227 710 1417
784 154 223 710 1417
401 710 225 710 1417
659 18 225 710 1417
261 720 233 710 1417
24 80 225 710 1417
732 676 225 711 1418
284 727 221 711 1418
784 155 222 711 1418
401 711 221 711 1418
467 35 248 711 1418
672 712 223 711 1418
24 81 223 711 1418
732 677 228 712 1419
467 36 244 712 1419
659 20 229 712 1419
72 176 225 712 1419
261 722 229 712 1419
213 709 221 713 1420
261 723 229 713 1420
72 177 235 713 1420
46 719 221 713 1420
261 724 227 714 1421
72 178 237 714 1421
70 732 227 714 1421
401 715 225 715 1422
261 725 232 715 1422
70 733 223 715 1422
732 681 225 715 1422
401 716 221 716 1423
261 726 231 716 1423
72 180 225 716 1423
24 86 221 716 1423
401 717 224 717 1424
467 41 223 717 1424
24 87 227 717 1424
672 718 223 717 1424
732 683 231 717 1424
284 734 223 718 1425
784 162 223 718 1425
213 714 223 718 1425
145 727 223 718 1425
261 728 227 718 1425
70 736 221 718 1425
72 182 231 718 1425
672 719 224 718 1425
24 88 227 718 1425
732 684 223 718 1425
284 735 225 719 1426
784 163 223 719 1426
213 715 226 719 1426
145 728 239 719 1426
659 27 226 719 1426
467 43 225 719 1426
70 737 221 719 1426
672 720 225 719 1426
24 89 226 719 1426
401 720 225 720 1427
70 738 221 720 1427
72 184 225 720 1427
672 721 228 720 1427
24 90 229 720 1427
732 686 225 721 1428
784 165 243 721 1428
213 718 221 722 1429
467 46 221 722 1429
72 186 223 722 1429
46 728 221 722 1429
784 167 221 723 1430
145 732 223 723 1430
70 741 225 723 1430
72 187 228 723 1430
46 729 226 723 1430
784 168 225 724 1431
145 733 230 724 1431
261 734 233 724 1431
72 188 221 724 1431
46 730 226 724 1431
284 741 234 725 1432
784 169 231 725 1432
213 721 229 725 1432
145 734 225 725 1432
261 735 235 725 1432
732 691 221 725 1432
284 742 225 726 1433
784 170 241 726 1433
261 736 231 726 1433
284 743 229 727 1434
784 171 240 727 1434
261 737 231 727 1434
70 745 221 727 1434
46 733 221 727 1434
284 744 223 728 1435
145 2 223 728 1435
784 172 245 728 1435
213 724 225 728 1435
659 36 221 728 1435
467 52 222 728 1435
261 738 244 728 1435
46 734 223 728 1435
24 98 222 728 1435
284 745 223 729 1436
784 173 248 729 1436
213 725 227 729 1436
659 37 221 729 1436
261 739 233 729 1436
72 193 227 729 1436
732 695 223 729 1436
261 740 237 730 1437
72 194 227 730 1437
46 736 227 730 1437
24 100 224 730 1437
732 696 221 731 1438
284 747 221 731 1438
261 741 237 731 1438
72 195 223 731 1438
46 737 227 731 1438
284 748 225 732 1439
261 742 233 732 1439
70 750 223 732 1439
72 196 225 732 1439
284 749 225 733 1440
784 177 227 733 1440
261 743 231 733 1440
284 750 229 734 1441
784 178 225 734 1441
467 58 223 734 1441
261 744 230 734 1441
72 198 227 734 1441
46 740 225 734 1441
213 731 223 735 1442
467 59 227 735 1442
261 745 233 735 1442
72 199 224 735 1442
46 741 229 735 1442
284 752 221 736 1443
732 701 221 736 1443
467 60 227 736 1443
261 746 237 736 1443
72 200 227 736 1443
46 742 226 736 1443
284 753 223 737 1444
261 747 224 737 1444
467 63 225 739 1446
261 750 225 740 1447
72 205 223 741 1448
284 758 227 741 1448
261 752 221 742 1449
213 5 233 742 1449
72 206 225 742 1449
70 760 221 742 1449
284 759 223 742 1449
467 67 223 743 1450
261 753 227 743 1450
72 207 222 743 1450
261 754 224 744 1451
213 7 228 744 1451
70 762 223 744 1451
46 750 223 744 1451
284 761 223 744 1451
467 69 221 745 1452
213 8 226 745 1452
284 762 225 745 1452
213 9 230 746 1453
284 763 231 746 1453
261 757 221 747 1454
213 10 229 747 1454
467 72 223 748 1455
261 758 223 748 1455
213 11 231 748 1455
261 759 221 749 1456
213 12 221 749 1456
72 213 227 749 1456
46 755 221 749 1456
467 74 222 750 1457
284 767 221 751 1458
732 718 222 753 1460
467 78 221 754 1461
261 764 229 754 1461
261 765 229 755 1462
72 219 221 755 1462
145 30 226 756 1463
261 766 229 756 1463
72 220 221 756 1463
261 767 229 757 1464
72 221 227 757 1464
46 763 221 757 1464
145 32 221 758 1465
401 758 221 758 1465
261 768 221 758 1465
72 222 221 758 1465
145 33 231 759 1466
467 83 225 759 1466
145 34 224 760 1467
145 35 223 761 1468
213 24 229 761 1468
72 225 223 761 1468
145 36 227 762 1469
784 206 225 762 1469
261 772 227 762 1469
659 11 225 763 1470
145 37 225 763 1470
213 26 225 763 1470
261 773 235 763 1470
467 87 223 763 1470
70 781 221 763 1470
72 227 225 763 1470
46 769 239 763 1470
672 764 221 763 1470
145 38 221 764 1471
401 764 221 764 1471
213 27 223 764 1471
261 774 232 764 1471
467 88 223 764 1471
46 770 223 764 1471
284 781 229 765 1472
659 13 223 765 1472
145 39 233 765 1472
401 765 221 765 1472
213 28 227 765 1472
261 775 235 765 1472
70 783 221 765 1472
46 771 221 765 1472
672 766 223 765 1472
24 22 221 766 1473
145 40 229 766 1473
213 29 235 766 1473
261 776 234 766 1473
70 784 223 766 1473
46 772 225 766 1473
732 732 223 766 1473
284 783 223 767 1474
213 30 237 767 1474
261 777 235 767 1474
70 785 223 767 1474
145 42 223 767 1474
659 16 230 768 1475
284 784 229 768 1475
213 31 237 768 1475
261 778 227 768 1475
46 774 223 768 1475
672 769 223 768 1475
732 734 225 768 1475
284 785 231 769 1476
213 32 229 769 1476
284 786 225 770 1477
467 94 233 770 1477
72 234 223 770 1477
46 776 221 770 1477
659 19 223 771 1478
684 505 223 771 1478
70 789 221 771 1478
72 235 229 771 1478
46 777 227 771 1478
732 737 221 772 1479
401 772 235 772 1479
784 216 221 772 1479
684 506 223 772 1479
261 782 223 772 1479
72 236 221 772 1479
672 773 221 772 1479
145 47 223 772 1479
24 29 223 773 1480
784 217 223 773 1480
261 783 231 773 1480
70 791 224 773 1480
72 237 233 773 1480
24 30 225 774 1481
261 784 237 774 1481
70 792 221 774 1481
467 98 228 774 1481
72 238 225 774 1481
672 775 222 774 1481
145 49 221 774 1481
24 31 221 775 1482
213 38 231 775 1482
261 785 235 775 1482
467 99 227 775 1482
72 239 227 775 1482
46 781 223 775 1482
401 776 223 776 1483
213 39 221 776 1483
261 786 229 776 1483
467 100 239 776 1483
46 782 225 776 1483
672 777 223 776 1483
145 51 222 776 1483
784 221 223 777 1484
261 787 227 777 1484
72 241 221 777 1484
46 783 231 777 1484
672 778 227 777 1484
145 52 221 777 1484
732 743 225 778 1485
659 26 223 778 1485
784 222 223 778 1485
467 102 233 778 1485
72 242 227 778 1485
46 784 227 778 1485
284 795 221 778 1485
261 789 223 779 1486
24 36 223 780 1487
401 780 227 780 1487
72 244 230 780 1487
70 1 223 780 1487
672 781 222 780 1487
145 55 222 780 1487
261 791 227 781 1488
213 44 223 781 1488
284 798 223 782 1489
261 792 242 782 1489
467 106 223 782 1489
70 3 222 782 1489
284 799 222 783 1490
261 793 239 783 1490
467 107 225 783 1490
72 247 223 783 1490
672 784 223 783 1490
24 40 221 784 1491
261 794 229 784 1491
213 47 227 784 1491
145 59 223 784 1491
24 41 222 785 1492
261 795 233 785 1492
213 48 239 785 1492
72 249 221 785 1492
46 791 231 785 1492
672 786 229 785 1492
284 802 221 786 1493
732 751 228 786 1493
467 1 221 786 1493
320 52 227 786 1493
261 796 229 786 1493
213 49 222 786 1493
46 792 225 786 1493
145 61 227 786 1493
24 43 224 787 1494
320 53 222 787 1494
213 50 226 787 1494
72 251 221 787 1494
24 44 226 788 1495
261 798 237 788 1495
320 54 229 788 1495
213 51 223 788 1495
72 252 223 788 1495
70 9 223 788 1495
145 63 221 788 1495
24 45 227 789 1496
467 4 223 789 1496
261 799 238 789 1496
320 55 223 789 1496
46 795 223 789 1496
659 38 221 789 1496
732 755 225 789 1496
284 806 233 789 1496
24 46 221 790 1497
401 790 221 790 1497
261 800 236 790 1497
320 56 222 790 1497
46 796 223 790 1497
261 801 233 791 1498
46 797 229 791 1498
467 7 225 792 1499
261 802 223 792 1499
784 12 221 792 1499
261 803 239 793 1500
261 804 233 794 1501
784 14 241 794 1501
261 805 242 795 1502
784 15 240 795 1502
261 806 230 796 1503
784 16 233 796 1503
261 807 223 797 1504
784 18 237 798 1505
261 808 222 798 1505
261 809 225 799 1506
261 810 230 800 1507
784 21 229 801 1508
261 811 241 801 1508
261 812 245 802 1509
784 22 225 802 1509
784 23 235 803 1510
261 813 248 803 1510
261 814 235 804 1511
261 815 231 805 1512
784 26 221 806 1513
784 28 227 808 1515
261 818 222 808 1515
784 29 227 809 1516
784 30 224 810 1517
261 824 228 814 1521
261 825 228 815 1522
784 39 227 819 1526
261 830 235 820 1527
261 831 223 821 1528
261 832 227 822 1529
261 834 239 824 1531
261 835 223 825 1532
261 836 226 826 1533
261 837 235 827 1534
782 788 226 828 1535
261 839 227 829 1536
225 764 222 829 1536
603 837 221 829 1536
88 813 230 830 1537
253 589 245 830 1537
273 404 239 830 1537
682 846 233 830 1537
603 838 224 830 1537
633 828 239 830 1537
196 834 223 830 1537
619 814 229 830 1537
782 790 221 831 1538
88 814 225 831 1538
273 405 241 831 1538
261 841 233 831 1538
250 840 227 831 1538
633 829 237 831 1538
619 815 236 831 1538
261 842 235 832 1539
225 767 223 832 1539
261 843 233 833 1540
331 4 221 833 1540
201 1015 231 834 1541
598 260 233 834 1541
211 277 221 834 1541
561 122 223 834 1541
393 595 222 834 1541
114 640 233 834 1541
521 115 233 834 1541
187 840 225 835 1542
211 278 227 835 1542
40 511 223 835 1542
331 6 239 835 1542
7 837 222 835 1542
629 765 221 835 1542
625 37 221 835 1542
335 849 233 835 1542
516 848 235 835 1542
430 752 239 835 1542
535 178 222 836 1543
450 849 223 836 1543
235 412 223 836 1543
7 838 223 836 1543
164 371 223 836 1543
429 879 223 836 1543
410 844 221 837 1544
598 263 227 837 1544
561 125 226 837 1544
576 819 221 837 1544
724 852 221 837 1544
642 63 235 838 1545
667 206 226 838 1545
574 843 225 838 1545
16 527 221 838 1545
598 264 239 838 1545
747 75 225 838 1545
83 288 225 838 1545
383 848 224 838 1545
403 183 226 838 1545
314 518 221 838 1545
105 824 225 838 1545
164 373 221 838 1545
608 275 221 838 1545
415 843 223 838 1545
358 513 233 838 1545
141 240 221 838 1545
313 15 221 839 1546
627 850 223 840 1547
266 43 221 840 1547
682 856 225 840 1547
633 838 240 840 1547
196 844 221 840 1547
627 851 225 841 1548
603 849 221 841 1548
633 839 233 841 1548
627 852 227 841 1548
619 825 238 842 1549
603 850 224 842 1549
633 840 231 842 1549
627 853 221 842 1549
619 826 232 842 1549
261 853 223 843 1550
603 851 231 843 1550
250 852 231 843 1550
633 841 225 843 1550
196 847 221 843 1550
627 854 228 843 1550
253 603 225 844 1551
633 842 239 844 1551
196 848 233 845 1552
619 828 227 845 1552
682 861 221 845 1552
603 853 222 845 1552
633 843 236 845 1552
627 856 221 846 1553
196 849 223 846 1553
603 854 226 846 1553
633 844 239 846 1553
627 857 224 847 1554
253 606 223 847 1554
273 421 229 847 1554
261 857 223 847 1554
682 863 229 847 1554
603 855 227 847 1554
633 845 237 847 1554
627 858 225 848 1555
196 851 223 848 1555
253 607 224 848 1555
273 422 223 848 1555
682 864 229 848 1555
603 856 223 848 1555
633 846 233 848 1555
619 832 227 849 1556
253 608 223 849 1556
682 865 228 849 1556
603 857 225 849 1556
633 847 225 849 1556
196 853 223 850 1557
619 833 239 850 1557
253 609 225 850 1557
682 866 233 850 1557
633 848 225 850 1557
627 861 223 851 1558
682 867 232 851 1558
603 859 221 851 1558
633 849 235 851 1558
627 862 227 851 1558
619 835 223 852 1559
253 611 229 852 1559
603 860 227 852 1559
633 850 233 852 1559
627 863 227 852 1559
196 856 221 852 1559
619 836 226 853 1560
253 612 230 853 1560
261 863 233 853 1560
682 869 223 853 1560
603 861 221 853 1560
633 851 244 853 1560
196 857 232 853 1560
627 864 231 853 1560
619 837 223 854 1561
253 613 235 854 1561
261 864 225 854 1561
682 870 229 854 1561
253 614 227 855 1562
682 871 227 855 1562
633 853 235 855 1562
627 866 227 855 1562
253 615 221 856 1563
682 872 221 856 1563
603 864 224 856 1563
633 854 239 856 1563
627 867 231 856 1563
682 873 231 857 1564
603 865 226 857 1564
633 855 235 857 1564
627 868 221 857 1564
253 617 225 858 1565
682 874 224 858 1565
633 856 226 858 1565
253 618 226 859 1566
682 875 237 859 1566
633 857 231 859 1566
253 619 229 860 1567
682 876 225 860 1567
633 858 237 860 1567
253 620 222 861 1568
633 859 241 861 1568
627 872 225 861 1568
253 621 222 862 1569
261 872 225 862 1569
627 873 221 862 1569
253 622 229 863 1570
261 873 228 863 1570
633 861 222 863 1570
627 874 225 863 1570
633 862 237 864 1571
627 875 237 864 1571
253 624 221 865 1572
682 881 221 865 1572
633 863 233 865 1572
627 876 223 865 1572
633 868 227 870 1577
627 881 221 870 1577
253 630 223 871 1578
261 881 225 871 1578
633 869 225 871 1578
627 882 225 871 1578
185 64 222 872 1579
253 631 226 872 1579
441 823 223 872 1579
79 443 223 872 1579
164 407 225 872 1579
103 894 225 872 1579
627 883 239 872 1579
682 889 230 873 1580
633 871 239 873 1580
627 884 227 873 1580
253 633 239 874 1581
401 874 222 874 1581
682 890 233 874 1581
633 872 221 874 1581
253 634 230 875 1582
261 885 225 875 1582
682 891 227 875 1582
633 873 235 875 1582
253 635 235 876 1583
261 886 230 876 1583
682 892 233 876 1583
633 874 239 876 1583
627 887 221 876 1583
253 636 223 877 1584
261 887 222 877 1584
682 893 238 877 1584
633 875 243 877 1584
627 888 227 877 1584
253 637 227 878 1585
261 888 233 878 1585
682 894 237 878 1585
633 876 244 878 1585
261 889 229 879 1586
682 895 233 879 1586
633 877 244 879 1586
627 890 229 879 1586
253 639 225 880 1587
261 890 227 880 1587
682 896 239 880 1587
633 878 245 880 1587
253 640 225 881 1588
261 891 223 881 1588
682 897 239 881 1588
633 879 239 881 1588
627 892 227 881 1588
95 578 221 882 1589
633 880 237 882 1589
627 893 229 882 1589
253 642 229 883 1590
682 899 230 883 1590
633 881 235 883 1590
627 894 240 883 1590
345 570 222 883 1590
261 894 223 884 1591
682 900 228 884 1591
633 882 241 884 1591
627 895 235 884 1591
261 895 228 885 1592
682 901 223 885 1592
633 883 233 885 1592
627 896 229 885 1592
253 645 223 886 1593
261 896 232 886 1593
309 332 221 886 1593
603 894 221 886 1593
682 902 231 886 1593
633 884 239 886 1593
627 897 226 886 1593
261 897 230 887 1594
253 646 223 887 1594
603 895 223 887 1594
682 903 234 887 1594
633 885 247 887 1594
242 193 226 887 1594
627 898 239 887 1594
261 898 233 888 1595
253 647 221 888 1595
633 886 225 888 1595
785 893 223 888 1595
672 25 223 889 1596
253 648 248 889 1596
646 884 239 889 1596
136 674 221 889 1596
633 887 233 889 1596
230 882 226 889 1596
253 649 235 890 1597
425 780 225 890 1597
482 1046 224 890 1597
253 650 244 891 1598
633 889 225 891 1598
253 651 227 892 1599
633 890 224 892 1599
556 105 221 892 1599
616 714 222 892 1599
253 652 239 893 1600
633 891 223 893 1600
261 904 223 894 1601
160 901 221 895 1602
682 912 241 896 1603
682 913 241 897 1604
682 914 247 898 1605
682 915 239 899 1606
682 916 244 900 1607
682 917 233 901 1608
586 921 224 907 1614
270 416 223 907 1614
761 917 231 907 1614
228 240 223 908 1615
493 906 221 908 1615
737 910 221 908 1615
33 886 223 908 1615
270 417 222 908 1615
713 919 237 908 1615
453 32 223 908 1615
581 296 223 908 1615
286 918 221 908 1615
382 916 243 909 1616
229 929 223 909 1616
434 916 225 910 1617
439 851 225 914 1621
508 837 223 915 1622
299 10 225 915 1622
438 38 221 916 1623
520 930 223 916 1623
439 854 221 917 1624
774 934 229 917 1624
763 22 225 917 1624
10 438 225 917 1624
510 185 224 918 1625
466 428 221 919 1626
658 935 223 919 1626
362 933 221 920 1627
702 936 223 920 1627
510 187 223 920 1627
466 429 232 920 1627
439 858 237 921 1628
702 937 223 921 1628
510 188 227 921 1628
466 430 234 921 1628
510 189 230 922 1629
79 3 225 922 1629
79 4 223 923 1630
79 5 221 924 1631
603 933 221 925 1632
525 935 221 925 1632
525 936 226 926 1633
79 7 232 926 1633
434 933 222 927 1634
462 293 235 933 1640
79 14 227 933 1640
462 294 223 934 1641
462 295 225 935 1642
462 296 226 936 1643
525 948 223 938 1645
510 205 221 938 1645
525 949 223 939 1646
462 306 226 945 1652
525 956 224 946 1653
462 307 223 946 1653
525 957 222 947 1654
453 71 223 947 1654
510 214 227 947 1654
462 308 231 947 1654
79 28 225 947 1654
525 958 223 948 1655
453 72 226 948 1655
510 215 221 948 1655
462 309 223 948 1655
453 73 225 949 1656
525 960 225 950 1657
510 217 225 950 1657
453 74 225 950 1657
453 75 227 951 1658
462 312 229 951 1658
525 962 223 952 1659
453 76 225 952 1659
462 313 229 952 1659
525 963 222 953 1660
453 77 222 953 1660
462 314 233 953 1660
525 964 221 954 1661
510 221 223 954 1661
462 315 225 954 1661
510 222 223 955 1662
453 79 225 955 1662
462 316 227 955 1662
453 80 221 956 1663
453 81 221 957 1664
462 318 233 957 1664
525 968 221 958 1665
510 225 223 958 1665
453 82 223 958 1665
462 319 226 958 1665
462 330 223 969 1676
462 331 226 970 1677
79 60 223 979 1686
510 248 227 981 1688
525 992 228 982 1689
245 1003 226 982 1689
510 249 229 982 1689
525 993 229 983 1690
245 1004 221 983 1690
453 107 227 983 1690
510 250 231 983 1690
79 64 223 983 1690
525 994 227 984 1691
453 108 225 984 1691
510 251 231 984 1691
79 65 225 984 1691
525 995 225 985 1692
453 109 225 985 1692
510 252 226 985 1692
525 996 227 986 1693
453 110 223 986 1693
510 253 227 986 1693
462 347 223 986 1693
525 997 221 987 1694
453 111 222 987 1694
245 1011 226 990 1697
510 257 221 990 1697
245 1012 225 991 1698
245 1013 224 992 1699
510 259 222 992 1699
245 1014 224 993 1700
510 260 223 993 1700
245 1015 225 994 1701
510 261 223 994 1701
245 1016 225 995 1702
510 262 225 995 1702
245 1017 225 996 1703
510 263 223 996 1703
245 1018 224 997 1704
245 1019 223 998 1705
525 1009 222 999 1706
510 266 225 999 1706
510 268 221 1001 1708
510 269 224 1002 1709
510 272 221 1005 1712
510 273 221 1006 1713
525 1027 221 1017 1724
79 103 223 1023 1730
245 1044 225 1023 1730
245 1045 222 1024 1731
510 291 221 1024 1731
462 385 221 1025 1732
510 292 231 1025 1732
510 300 227 1033 1740
245 1055 221 1034 1741
245 1056 223 1035 1742
510 302 223 1035 1742
462 396 225 1036 1743
79 116 225 1036 1743
245 1057 221 1036 1743
462 397 223 1037 1744
79 117 222 1037 1744
462 398 227 1038 1745
79 118 225 1038 1745
466 547 221 1039 1746
462 399 227 1039 1746
245 1060 221 1039 1746
79 120 225 1040 1747
245 1061 223 1040 1747
510 307 229 1040 1747
79 121 221 1041 1748
245 1062 226 1041 1748
510 308 231 1041 1748
245 1063 225 1042 1749
510 309 231 1042 1749
245 1064 225 1043 1750
510 310 231 1043 1750
245 1065 225 1044 1751
603 1052 229 1044 1751
466 553 221 1044 1751
510 311 227 1044 1751
245 1066 230 1045 1752
510 312 225 1045 1752
462 406 221 1046 1753
245 1067 230 1046 1753
466 555 221 1046 1753
510 313 226 1046 1753
462 407 222 1047 1754
245 1068 229 1047 1754
453 171 221 1047 1754
510 314 225 1047 1754
245 1069 221 1048 1755
510 315 224 1048 1755
510 316 225 1049 1756
510 317 223 1050 1757
510 318 225 1051 1758
462 412 221 1052 1759
245 1073 221 1052 1759
510 319 225 1052 1759
462 413 221 1052 1759
510 320 226 1053 1760
510 321 229 1054 1761
245 1076 224 1055 1762
510 322 225 1055 1762
510 323 222 1056 1763
245 1078 227 1057 1764
466 566 221 1057 1764
510 324 233 1058 1765
245 1079 226 1058 1765
453 182 221 1058 1765
322 1061 221 1059 1766
245 1080 229 1059 1766
453 183 223 1059 1766
245 1081 225 1060 1767
453 184 221 1060 1767
462 421 225 1061 1768
510 327 228 1061 1768
245 1082 225 1061 1768
453 185 223 1061 1768
462 422 221 1062 1769
510 328 228 1062 1769
245 1083 225 1062 1769
453 186 223 1062 1769
510 329 227 1063 1770
453 187 221 1063 1770
466 572 221 1063 1770
510 330 227 1064 1771
245 1085 226 1064 1771
510 331 221 1065 1772
245 1086 223 1065 1772
510 332 226 1066 1773
245 1087 223 1066 1773
453 190 221 1066 1773
510 333 225 1067 1774
245 1088 225 1067 1774
245 1089 227 1068 1775
510 337 221 1071 1778
510 346 221 1080 1787
462 440 223 1080 1787
510 364 227 1098 1805
462 458 221 1098 1805
510 365 227 1099 1806
510 366 229 1100 1807
79 180 221 1100 1807
466 609 223 1100 1807
510 367 225 1101 1808
466 610 223 1101 1808
510 368 221 1102 1809
510 369 221 1103 1810
466 612 225 1103 1810
462 464 224 1104 1811
510 372 222 1106 1813
510 373 221 1107 1814
79 188 221 1108 1815
603 1116 229 1108 1815
510 375 223 1109 1816
462 469 223 1109 1816
603 1117 223 1109 1816
462 470 239 1110 1817
434 1116 221 1110 1817
510 377 238 1111 1818
462 471 230 1111 1818
510 383 223 1117 1824
510 384 225 1118 1825
510 385 224 1119 1826
510 389 223 1123 1830
510 390 223 1124 1831
510 391 229 1125 1832
510 392 235 1126 1833
510 393 233 1127 1834
510 394 229 1128 1835
510 395 231 1129 1836
510 396 233 1130 1837
510 397 233 1131 1838
510 398 227 1132 1839
510 399 231 1133 1840
510 400 224 1134 1841
510 401 223 1135 1842
510 402 225 1136 1843
510 404 223 1138 1845
510 410 223 1144 1851
510 412 223 1146 1853
603 1155 221 1147 1854
79 229 226 1149 1856
603 1157 221 1149 1856
466 658 223 1149 1856
462 510 227 1150 1857
79 230 227 1150 1857
603 1158 231 1150 1857
434 1156 233 1150 1857
453 274 231 1150 1857
462 511 225 1150 1857
79 231 233 1151 1858
245 1172 237 1151 1858
439 1088 221 1151 1858
603 1159 235 1151 1858
434 1157 223 1151 1858
525 1161 224 1151 1858
453 275 226 1151 1858
462 512 221 1151 1858
603 1160 237 1152 1859
453 276 237 1152 1859
603 1161 233 1153 1860
453 277 229 1153 1860
603 1162 235 1154 1861
453 278 227 1154 1861
603 1163 243 1155 1862
453 279 230 1155 1862
603 1164 235 1156 1863
603 1165 239 1157 1864
603 1166 221 1158 1865
603 1169 227 1161 1868
603 1170 221 1162 1869
603 1171 227 1163 1870
603 1172 227 1164 1871
603 1175 233 1167 1874
603 1176 235 1168 1875
603 1177 227 1169 1876
603 1178 235 1170 1877
603 1180 223 1172 1879
721 16 226 1173 1880
603 1181 223 1173 1880
721 18 239 1175 1882
603 1184 225 1176 1883
721 19 221 1176 1883
603 1185 225 1177 1884
603 1186 227 1178 1885
603 1188 223 1180 1887
603 1190 221 1182 1889
603 1191 233 1183 1890
603 1192 234 1184 1891
603 1193 222 1185 1892
603 1194 231 1186 1893
603 1195 233 1187 1894
603 1196 231 1188 1895
603 1197 235 1189 1896
603 1198 239 1190 1897
603 1199 239 1191 1898
603 1200 241 1192 1899
603 1201 242 1193 1900
603 1202 242 1194 1901
603 1203 242 1195 1902
603 1204 243 1196 1903
603 1205 240 1197 1904
603 1206 239 1198 1905
603 1207 240 1199 1906
603 1208 239 1200 1907
603 1209 241 1201 1908
603 1210 241 1202 1909
603 1211 241 1203 1910
603 1212 239 1204 1911
603 1213 241 1205 1912
603 1214 241 1206 1913
603 1215 242 1207 1914
603 1216 239 1208 1915
603 1217 241 1209 1916
603 1218 243 1210 1917
603 1219 242 1211 1918
603 1220 241 1212 1919
603 1221 241 1213 1920
603 1222 243 1214 1921
603 1223 243 1215 1922
603 1224 245 1216 1923
603 1225 243 1217 1924
603 1226 241 1218 1925
603 1227 227 1219 1926
603 1228 233 1220 1927
603 1229 237 1221 1928
603 1231 229 1223 1930
603 1232 221 1224 1931
603 1233 225 1225 1932
603 1234 223 1226 1933
603 1235 227 1227 1934
603 1236 224 1228 1935
603 1237 227 1229 1936
603 1238 225 1230 1937
603 1239 224 1231 1938
603 1245 231 1237 1944
603 1246 231 1238 1945
603 1247 222 1239 1946
603 1249 225 1241 1948
603 1258 223 1250 1957
603 1262 224 1254 1961
603 1279 231 1271 1978
603 1291 221 1283 1990
603 1292 224 1284 1991
603 1298 222 1290 1997
603 1299 221 1291 1998
603 1300 222 1292 1999
603 1301 221 1293 2000
603 1302 221 1294 2001
603 1303 223 1295 2002
603 1305 223 1297 2004
603 1307 234 1299 2006
451 1318 223 1300 2007
603 1309 223 1301 2008
451 1322 222 1304 2011
603 1312 231 1304 2011
603 1313 236 1305 2012
603 1314 233 1306 2013
603 1317 225 1309 2016
603 1318 221 1310 2017
603 1320 228 1312 2019
603 1321 223 1313 2020
728 1161 225 1315 2022
603 1323 225 1315 2022
138 243 228 1315 2022
265 1337 223 1316 2023
530 590 221 1316 2023
682 1332 241 1316 2023
603 1324 226 1316 2023
138 244 223 1316 2023
682 1333 231 1317 2024
728 1163 225 1317 2024
603 1325 228 1317 2024
682 1334 233 1318 2025
547 1334 223 1318 2025
682 1335 224 1319 2026
245 156 223 1319 2026
603 1327 221 1319 2026
682 1336 235 1320 2027
551 452 235 1320 2027
603 1328 229 1320 2027
416 470 232 1321 2028
593 184 221 1321 2028
667 689 231 1321 2028
682 1337 223 1321 2028
415 407 223 1321 2028
682 1338 230 1322 2029
72 155 224 1322 2029
607 1302 226 1323 2030
718 1243 243 1323 2030
682 1339 247 1323 2030
295 8 229 1324 2031
583 273 227 1324 2031
749 1015 227 1324 2031
678 762 223 1325 2032
