750 6 233 0 699
695 11 230 0 699
444 13 225 0 699
636 7 246 0 699
750 7 241 1 700
695 12 226 1 700
444 14 233 1 700
636 8 228 1 700
349 1 232 2 701
750 8 231 2 701
444 15 227 2 701
695 13 223 2 701
636 9 222 2 701
349 2 233 3 702
758 1 221 3 702
750 9 233 3 702
444 16 227 3 702
695 14 225 3 702
636 10 230 3 702
349 3 223 4 703
758 2 225 4 703
750 10 223 4 703
444 17 221 4 703
636 11 227 4 703
349 4 223 5 704
750 11 224 5 704
444 18 227 5 704
636 12 236 5 704
750 12 229 6 705
636 13 223 6 705
444 20 221 7 706
695 18 227 7 706
636 14 235 7 706
695 19 224 8 707
636 15 237 8 707
349 8 227 9 708
758 7 229 9 708
750 15 223 9 708
636 16 234 9 708
758 8 223 10 709
636 17 227 10 709
636 18 235 11 710
758 10 234 12 711
444 27 225 14 713
695 25 227 14 713
636 21 236 14 713
444 28 221 15 714
695 26 221 15 714
636 22 231 15 714
349 15 231 15 714
636 23 246 16 715
758 15 223 17 716
444 30 225 17 716
636 24 235 17 716
349 17 223 17 716
758 16 222 18 717
636 25 235 18 717
349 18 222 19 718
758 17 224 19 718
636 26 223 19 718
636 27 227 20 719
444 34 221 21 720
636 28 228 21 720
349 21 227 21 720
444 35 225 22 721
636 29 238 22 721
695 33 223 22 721
444 36 221 23 722
636 30 224 23 722
636 31 221 24 723
636 32 224 25 724
750 32 227 26 725
349 26 221 27 726
750 33 224 27 726
695 38 221 27 726
758 26 231 28 727
349 28 225 29 728
750 35 221 29 728
636 36 228 29 728
695 40 221 29 728
444 42 226 29 728
349 29 224 30 729
750 36 221 30 729
636 37 228 30 729
444 43 233 30 729
444 44 228 31 730
349 31 225 31 730
758 30 237 32 731
695 43 226 32 731
758 31 231 33 732
758 32 237 34 733
636 41 222 34 733
444 48 221 35 734
636 42 228 35 734
349 35 225 35 734
444 49 241 36 735
349 36 222 37 736
444 50 244 37 736
444 51 250 38 737
349 38 223 39 738
444 52 245 39 738
636 46 221 39 738
444 53 247 40 739
444 54 237 41 740
444 55 248 42 741
636 50 221 43 742
444 56 254 43 742
349 43 221 44 743
444 57 243 44 743
636 52 221 45 744
444 58 244 45 744
444 59 246 46 745
444 60 248 47 746
349 47 221 48 747
444 61 243 48 747
349 48 223 49 748
444 62 247 49 748
444 63 248 50 749
444 64 240 51 750
750 58 226 52 751
444 65 240 52 751
444 66 247 53 752
636 60 221 53 752
349 53 226 53 752
444 67 233 54 753
349 54 223 54 753
444 68 251 55 754
444 69 245 56 755
444 71 242 58 757
444 72 240 59 758
444 74 248 61 760
349 61 221 61 760
444 75 230 62 761
444 76 237 63 762
349 63 221 63 762
444 77 235 64 763
349 64 221 64 763
444 78 229 65 764
349 65 224 65 764
444 79 237 66 765
444 80 227 67 766
349 67 223 67 766
758 66 222 68 767
444 81 232 68 767
349 68 225 68 767
444 82 236 69 768
349 69 224 69 768
444 83 237 70 769
758 69 221 71 770
444 84 235 71 770
349 71 229 71 770
444 85 231 72 771
349 72 225 72 771
444 86 233 73 772
636 81 225 74 773
444 87 237 74 773
349 74 226 74 773
349 75 237 75 774
446 72 225 76 775
636 83 223 76 775
444 90 237 77 776
758 76 222 78 777
446 74 230 78 777
444 91 225 78 777
188 30 223 80 779
159 25 221 80 779
193 73 233 80 779
413 74 229 80 779
474 81 221 80 779
466 82 230 80 779
65 30 225 81 780
457 88 224 81 780
395 18 239 81 780
412 33 225 82 781
176 35 226 82 781
72 98 226 83 782
783 72 225 83 782
713 86 221 83 782
487 73 223 83 782
179 73 227 84 783
640 4 227 84 783
277 43 229 84 783
165 62 222 85 784
277 45 244 86 785
702 94 227 87 786
310 82 221 87 786
640 7 223 87 786
444 100 221 87 786
277 46 229 87 786
702 95 222 88 787
740 18 227 88 787
444 101 221 88 787
277 47 227 88 787
31 96 227 88 787
640 9 225 89 788
740 19 231 89 788
745 96 225 89 788
409 19 224 89 788
444 102 225 89 788
277 48 227 89 788
702 97 224 90 789
640 10 230 90 789
740 20 230 90 789
277 49 230 90 789
640 11 230 91 790
544 96 224 91 790
740 21 241 91 790
444 104 221 91 790
277 50 229 91 790
702 99 222 92 791
640 12 223 92 791
745 99 224 92 791
444 105 221 92 791
740 23 236 93 792
277 52 230 93 792
740 24 240 94 793
277 53 225 94 793
640 15 226 95 794
740 25 223 95 794
409 25 221 95 794
277 54 235 95 794
640 16 224 96 795
740 26 231 96 795
277 55 222 96 795
640 17 223 97 796
740 27 227 97 796
79 100 224 98 797
740 28 222 98 797
165 75 229 98 797
750 104 221 98 797
640 19 227 99 798
740 29 237 99 798
702 107 225 100 799
740 30 239 100 799
409 30 221 100 799
277 59 233 100 799
637 60 226 100 799
702 108 221 101 800
740 31 233 101 800
409 31 227 101 800
277 60 225 101 800
640 2 236 101 800
637 61 221 101 800
544 107 221 102 801
740 32 236 102 801
165 79 225 102 801
444 115 223 102 801
409 32 225 102 801
277 61 229 102 801
640 3 235 102 801
544 108 221 103 802
740 33 233 103 802
409 33 223 103 802
277 62 235 103 802
640 4 221 103 802
637 63 221 103 802
740 34 233 104 803
165 81 227 104 803
444 117 225 104 803
277 63 238 104 803
640 5 224 104 803
740 35 223 105 804
409 35 224 105 804
444 118 221 105 804
277 64 237 105 804
637 65 221 105 804
640 6 223 105 804
740 36 227 106 805
409 36 224 106 805
277 65 226 106 805
640 7 223 106 805
740 37 232 107 806
745 114 224 107 806
28 105 222 107 806
277 66 230 107 806
702 115 223 108 807
740 38 235 108 807
28 106 223 108 807
640 9 222 108 807
740 39 235 109 808
409 39 222 109 808
277 68 231 109 808
740 40 234 110 809
165 87 221 110 809
277 69 226 110 809
637 70 225 110 809
488 113 221 110 809
784 91 221 111 810
165 88 224 111 810
409 41 221 111 810
318 112 221 111 810
277 70 227 111 810
206 84 223 112 811
281 33 221 112 811
409 42 223 112 811
252 25 225 112 811
217 121 221 112 811
310 108 221 113 812
165 90 222 113 812
418 119 221 114 813
740 44 239 114 813
740 45 223 115 814
165 93 229 116 815
740 46 239 116 815
281 37 221 116 815
217 125 221 116 815
784 97 223 116 815
174 104 221 117 816
165 94 247 117 816
740 47 228 117 816
745 124 223 117 816
488 120 225 117 816
702 125 222 117 816
17 139 221 118 817
165 95 227 118 817
444 131 227 118 817
409 48 221 118 817
277 77 235 118 817
702 126 228 118 817
544 124 223 119 818
165 96 225 119 818
740 49 235 119 818
277 78 233 119 818
637 79 221 119 818
640 20 221 119 818
488 122 223 119 818
544 125 230 120 819
444 133 223 120 819
740 50 243 120 819
745 127 230 120 819
277 79 225 120 819
637 80 223 120 819
702 128 221 120 819
750 127 237 121 820
165 98 225 121 820
740 51 233 121 820
409 51 227 121 820
277 80 233 121 820
544 127 222 122 821
750 128 224 122 821
740 52 223 122 821
745 129 225 122 821
409 52 224 122 821
277 81 227 122 821
637 82 222 122 821
740 53 247 123 822
637 83 221 123 822
544 129 223 124 823
640 25 221 124 823
702 132 221 124 823
310 120 221 125 824
165 102 223 125 824
740 55 227 125 824
745 132 221 125 824
488 128 221 125 824
702 133 231 125 824
165 103 224 126 825
444 139 229 126 825
740 56 227 126 825
745 133 227 126 825
488 129 232 126 825
544 132 227 127 826
165 104 235 127 826
740 57 248 127 826
444 140 239 127 826
409 57 225 127 826
277 86 221 127 826
640 28 239 127 826
637 87 238 127 826
488 130 224 127 826
702 135 223 127 826
750 134 235 128 827
165 105 239 128 827
745 135 229 128 827
444 141 232 128 827
740 58 225 128 827
277 87 231 128 827
640 29 226 128 827
637 88 237 128 827
488 131 231 128 827
702 136 227 128 827
165 106 225 129 828
444 142 225 129 828
409 59 237 129 828
277 88 235 129 828
640 30 222 129 828
268 21 227 129 828
637 89 235 129 828
488 132 233 129 828
702 137 221 129 828
409 60 223 130 829
640 31 227 130 829
488 133 223 130 829
750 137 229 131 830
165 108 238 131 830
444 144 221 131 830
740 61 226 131 830
277 90 226 131 830
702 139 221 131 830
750 138 229 132 831
17 153 223 132 831
165 109 225 132 831
409 62 221 132 831
740 62 221 132 831
277 91 228 132 831
640 33 222 132 831
637 92 225 132 831
740 63 247 133 832
409 63 222 133 832
277 92 237 133 832
750 140 223 134 833
740 64 237 134 833
277 93 231 134 833
740 65 237 135 834
277 94 226 135 834
640 36 236 135 834
165 113 224 136 835
444 149 224 136 835
740 66 231 136 835
277 95 235 136 835
745 144 222 137 836
444 150 222 137 836
740 67 237 137 836
277 96 245 137 836
544 143 222 138 837
740 68 237 138 837
409 68 224 138 837
544 144 221 139 838
165 116 222 139 838
740 69 227 139 838
277 98 225 139 838
409 70 222 140 839
277 99 235 140 839
640 41 232 140 839
444 154 223 141 840
740 71 224 141 840
277 100 238 141 840
702 149 221 141 840
444 155 223 142 841
740 72 231 142 841
277 101 224 142 841
640 43 225 142 841
740 73 226 143 842
277 102 229 143 842
165 121 223 144 843
740 74 232 144 843
277 103 233 144 843
640 45 224 144 843
740 75 227 145 844
444 158 223 145 844
277 104 230 145 844
444 159 222 146 845
740 76 231 146 845
277 105 225 146 845
740 77 235 147 846
277 106 235 147 846
740 78 236 148 847
277 107 238 148 847
544 154 221 149 848
745 156 221 149 848
409 79 222 149 848
165 126 221 149 848
740 79 235 149 848
544 155 221 150 849
740 80 221 150 849
277 109 226 150 849
79 153 222 150 849
17 172 222 151 850
740 81 222 151 850
277 110 233 151 850
409 82 221 152 851
165 129 226 152 851
740 82 221 152 851
444 165 223 152 851
277 111 229 152 851
702 160 221 152 851
409 83 225 153 852
740 83 227 153 852
444 166 221 153 852
277 112 233 153 852
640 54 231 153 852
183 157 223 154 853
409 84 221 154 853
740 84 237 154 853
277 113 236 154 853
640 55 225 154 853
637 114 223 154 853
740 85 242 155 854
637 115 223 155 854
740 86 232 156 855
277 115 227 156 855
740 87 223 157 856
277 116 227 157 856
409 88 222 158 857
740 88 226 158 857
740 89 227 159 858
277 118 227 159 858
640 60 225 159 858
637 119 223 159 858
740 90 231 160 859
277 119 230 160 859
637 120 221 160 859
740 91 222 161 860
277 120 226 161 860
640 62 221 161 860
740 92 231 162 861
277 121 223 162 861
740 93 228 163 862
165 140 223 163 862
277 122 228 163 862
640 64 225 163 862
740 94 237 164 863
165 141 221 164 863
640 65 223 164 863
488 167 221 164 863
740 95 229 165 864
277 124 240 165 864
28 164 221 166 865
640 67 222 166 865
637 126 239 166 865
488 169 221 166 865
702 174 241 166 865
750 173 224 167 866
740 97 223 167 866
444 180 221 167 866
637 127 231 167 866
640 68 221 167 866
409 98 245 168 867
750 174 227 168 867
745 175 221 168 867
444 181 224 168 867
488 171 227 168 867
409 99 223 169 868
745 176 223 169 868
444 182 245 169 868
488 172 243 169 868
702 177 222 169 868
409 100 241 170 869
745 177 231 170 869
28 168 228 170 869
740 102 233 172 871
745 179 233 172 871
277 131 224 172 871
640 73 226 172 871
702 180 221 172 871
745 180 225 173 872
277 132 222 173 872
702 181 237 173 872
409 104 226 174 873
740 104 227 174 873
745 181 227 174 873
277 133 221 174 873
28 172 222 174 873
637 134 223 174 873
640 75 229 174 873
702 182 223 174 873
544 180 231 175 874
409 105 229 175 874
740 105 235 175 874
745 182 233 175 874
277 134 231 175 874
640 76 230 175 874
740 106 237 176 875
745 183 226 176 875
702 184 226 176 875
409 107 233 177 876
745 184 235 177 876
277 136 221 177 876
409 108 225 178 877
740 108 233 178 877
277 137 237 178 877
533 1 224 178 877
740 109 223 179 878
277 138 233 179 878
533 2 229 179 878
488 182 224 179 878
740 110 237 180 879
444 193 223 180 879
277 139 235 180 879
409 111 221 181 880
740 111 245 181 880
702 189 222 181 880
544 187 240 182 881
409 112 230 182 881
740 112 239 182 881
533 5 227 182 881
740 113 224 183 882
165 160 227 183 882
533 6 223 183 882
488 186 223 183 882
740 114 235 184 883
444 197 225 184 883
533 7 237 184 883
640 85 221 184 883
702 192 225 184 883
409 115 225 185 884
165 162 223 185 884
740 115 232 185 884
277 144 222 185 884
533 8 225 185 884
640 86 221 185 884
740 116 224 186 885
277 145 245 186 885
533 9 227 186 885
750 193 227 187 886
277 146 237 187 886
740 118 254 188 887
740 119 243 189 888
488 192 225 189 888
702 197 230 189 888
740 120 241 190 889
745 197 221 190 889
640 91 225 190 889
740 121 222 191 890
745 198 230 191 890
444 204 231 191 890
533 4 227 191 890
277 150 227 191 890
409 122 222 192 891
277 151 231 192 891
640 93 226 192 891
702 200 224 192 891
745 200 225 193 892
409 124 223 193 892
544 199 223 194 893
745 201 221 194 893
544 200 231 194 893
745 202 225 195 894
165 172 221 195 894
702 203 225 195 894
409 126 222 195 894
165 173 227 196 895
444 209 221 196 895
702 204 227 196 895
31 204 221 196 895
277 156 225 197 896
409 128 230 197 896
740 128 235 198 897
165 175 224 198 897
444 211 227 198 897
640 99 222 198 897
79 201 225 198 897
409 129 225 198 897
544 204 229 199 898
740 129 239 199 898
745 206 221 199 898
165 176 221 199 898
533 12 222 199 898
702 207 225 199 898
409 130 227 199 898
544 205 223 200 899
740 130 241 200 899
745 207 223 200 899
277 159 223 200 899
183 204 223 200 899
409 131 221 200 899
740 131 225 201 900
640 102 231 201 900
740 132 235 202 901
444 215 231 202 901
533 15 225 202 901
640 103 223 202 901
702 210 231 202 901
409 133 225 202 901
444 216 240 203 902
165 180 225 203 902
640 104 226 203 902
702 211 225 203 902
409 134 239 203 902
745 211 227 204 903
165 181 223 204 903
444 217 222 204 903
277 163 223 204 903
533 17 227 204 903
740 135 239 204 903
745 212 226 205 904
277 164 235 205 904
533 18 221 205 904
740 136 227 205 904
745 213 223 206 905
444 219 235 206 905
277 165 226 206 905
533 19 226 206 905
740 137 224 206 905
409 137 223 206 905
277 166 232 207 906
533 20 223 207 906
640 108 223 207 906
702 215 221 207 906
740 138 241 207 906
409 138 221 207 906
544 213 221 208 907
277 167 226 208 907
28 206 224 208 907
533 21 223 208 907
640 109 225 208 907
740 139 227 209 908
544 214 221 209 908
165 186 225 209 908
444 222 221 209 908
277 168 233 209 908
533 22 227 209 908
409 140 223 209 908
740 140 237 210 909
165 187 225 210 909
533 23 221 210 909
740 141 232 211 910
165 188 227 211 910
277 170 226 211 910
533 24 229 211 910
409 142 224 211 910
740 142 228 211 910
277 171 228 212 911
740 143 232 212 911
165 190 221 213 912
277 172 226 213 912
533 26 223 213 912
740 144 240 213 912
277 173 223 214 913
640 115 225 214 913
409 145 221 214 913
740 145 221 214 913
165 192 222 215 914
533 28 221 215 914
588 215 222 215 914
409 146 227 215 914
740 146 230 215 914
745 223 226 216 915
444 229 221 216 915
277 175 221 216 915
409 147 222 216 915
740 147 233 216 915
277 176 223 217 916
640 118 221 217 916
702 225 222 217 916
409 148 221 217 916
740 148 225 217 916
165 195 221 218 917
740 149 231 218 917
533 32 223 219 918
277 178 221 219 918
640 120 228 219 918
409 150 227 219 918
740 150 230 219 918
277 179 225 220 919
28 218 221 220 919
640 121 245 220 919
745 228 222 221 920
277 180 229 221 920
310 217 221 221 920
640 122 222 221 920
409 152 223 221 920
740 152 233 221 920
277 181 224 222 921
740 153 231 223 922
444 236 223 223 922
277 182 221 223 922
409 154 225 223 922
740 154 232 224 923
409 155 221 224 923
740 155 231 224 923
277 184 228 225 924
740 156 238 225 924
277 185 227 226 925
533 39 223 226 925
588 226 222 226 925
740 157 237 226 925
444 240 225 227 926
165 204 221 227 926
277 186 231 227 926
533 40 225 227 926
409 158 223 227 926
740 158 243 228 927
533 41 221 228 927
544 234 222 228 927
740 159 223 229 928
444 242 223 229 928
277 188 223 229 928
28 227 221 229 928
409 160 223 229 928
740 160 238 230 929
702 238 221 230 929
740 161 226 231 930
277 190 226 231 930
740 162 227 232 931
277 191 225 232 931
702 240 225 232 931
409 163 222 232 931
740 163 226 233 932
740 164 230 234 933
28 232 222 234 933
217 243 221 234 933
702 242 223 234 933
409 165 225 234 933
740 165 234 235 934
444 248 222 235 934
409 166 221 235 934
745 243 223 236 935
740 166 237 236 935
740 167 227 237 936
277 196 227 237 936
533 50 225 237 936
409 168 223 237 936
165 215 222 238 937
444 251 225 238 937
277 197 221 238 937
533 51 224 238 937
702 246 225 238 937
409 169 224 238 937
740 169 232 239 938
277 198 234 239 938
640 140 227 239 938
740 170 224 240 939
637 200 221 240 939
533 54 221 241 940
640 142 222 241 940
409 172 232 241 940
745 249 228 242 941
740 172 236 242 941
640 143 222 242 941
740 173 239 243 942
165 220 222 243 942
28 241 223 243 942
444 257 221 244 943
750 250 221 244 943
740 174 237 244 943
533 57 226 244 943
310 240 221 244 943
409 175 231 244 943
444 258 221 245 944
740 175 235 245 944
544 250 237 245 944
740 176 225 246 945
277 205 221 246 945
702 254 225 246 945
409 177 224 246 945
740 177 240 247 946
637 207 221 247 946
740 178 241 248 947
533 61 221 248 947
750 255 221 249 948
740 179 241 249 948
745 256 221 249 948
277 208 222 249 948
533 62 223 249 948
640 150 223 249 948
740 180 240 250 949
277 209 224 250 949
702 258 224 250 949
409 181 225 250 949
750 257 223 251 950
740 181 221 251 950
165 228 229 251 950
544 256 221 251 950
640 152 221 251 950
281 65 225 252 951
740 182 223 252 951
544 257 229 252 951
533 65 221 252 951
702 260 221 252 951
488 255 224 252 951
409 183 223 252 951
165 230 231 253 952
533 66 221 253 952
640 154 223 253 952
409 184 221 253 952
183 257 225 254 953
740 184 222 254 953
745 261 221 254 953
277 213 223 254 953
533 67 233 254 953
28 252 223 254 953
409 185 236 254 953
740 185 230 255 954
544 260 230 255 954
165 232 224 255 954
640 156 232 255 954
183 259 222 256 955
444 269 222 256 955
745 263 223 256 955
165 233 224 256 955
277 215 227 256 955
533 69 222 256 955
28 254 221 256 955
640 157 228 256 955
409 187 222 256 955
740 187 221 257 956
745 264 223 257 956
277 216 222 257 956
28 255 221 257 956
702 265 225 257 956
409 188 225 257 956
444 271 221 258 957
17 279 221 258 957
745 265 234 258 957
28 256 225 258 957
409 189 223 258 957
740 189 235 259 958
277 218 221 259 958
745 266 222 259 958
640 160 230 259 958
702 267 225 259 958
409 190 222 259 958
740 190 241 260 959
745 267 223 260 959
640 161 225 260 959
277 220 221 261 960
745 268 225 261 960
165 238 227 261 960
740 191 235 261 960
409 192 222 261 960
165 239 221 262 961
740 192 233 262 961
745 269 225 262 961
637 222 225 262 961
165 240 225 263 962
745 270 223 263 962
533 76 226 263 962
640 164 225 263 962
637 223 223 263 962
409 194 224 263 962
165 241 223 264 963
740 194 221 264 963
277 223 231 264 963
533 77 246 264 963
409 195 224 264 963
444 278 227 265 964
165 242 229 265 964
740 195 238 265 964
277 224 233 265 964
533 78 226 265 964
640 166 223 265 964
488 268 223 265 964
444 279 230 266 965
165 243 231 266 965
277 225 226 266 965
640 167 223 266 965
409 197 229 266 965
444 280 245 267 966
165 244 239 267 966
740 197 224 267 966
277 226 231 267 966
28 265 225 267 966
640 168 229 267 966
409 198 229 267 966
544 273 221 268 967
745 275 223 268 967
28 266 225 268 967
640 169 224 268 967
637 228 233 268 967
409 199 227 268 967
750 275 221 269 968
544 274 234 269 968
740 199 221 269 968
277 228 225 269 968
28 267 241 269 968
640 170 223 269 968
637 229 225 269 968
488 272 224 269 968
183 273 221 270 969
740 200 221 270 969
533 83 223 270 969
28 268 227 270 969
409 201 223 270 969
544 276 223 271 970
277 230 225 271 970
640 172 227 271 970
444 285 223 272 971
544 277 231 272 971
740 202 246 272 971
277 231 222 272 971
28 270 226 272 971
79 275 222 272 971
409 203 224 272 971
740 203 233 273 972
277 232 221 273 972
533 86 221 273 972
637 233 221 273 972
702 281 227 273 972
409 204 223 273 972
745 281 221 274 973
277 233 230 274 973
28 272 237 274 973
409 205 225 274 973
165 252 222 275 974
750 281 222 275 974
745 282 223 275 974
544 280 222 275 974
740 205 235 275 974
277 234 229 275 974
640 176 225 275 974
165 253 224 275 974
444 289 224 276 975
745 283 223 276 975
277 235 221 276 975
740 206 236 276 975
28 274 223 276 975
488 279 223 276 975
702 284 246 276 975
409 207 229 276 975
165 254 233 276 975
750 283 226 277 976
544 282 227 277 976
409 208 222 277 976
544 283 222 278 977
277 237 224 278 977
409 209 246 278 977
165 256 224 278 977
318 280 221 279 978
745 286 221 279 978
277 238 221 279 978
740 209 238 279 978
640 180 221 279 978
702 287 228 279 978
637 239 222 279 978
409 210 228 279 978
750 286 225 280 979
745 287 223 280 979
277 239 227 280 979
28 279 230 281 980
640 182 224 281 980
750 288 221 282 981
281 95 225 282 981
544 287 221 282 981
277 241 228 282 981
28 280 221 282 981
488 285 224 282 981
702 290 226 282 981
277 242 225 283 982
409 214 223 283 982
444 297 225 284 983
745 291 222 284 983
544 289 235 284 983
740 214 221 284 983
277 243 221 284 983
488 287 237 284 983
409 215 228 284 983
740 215 233 285 984
533 98 226 285 984
640 186 221 285 984
488 288 230 285 984
702 293 221 285 984
409 216 223 285 984
165 263 235 285 984
745 293 225 286 985
277 245 223 286 985
409 217 227 286 985
165 264 223 286 985
17 8 221 287 986
444 300 221 287 986
745 294 238 287 986
544 292 221 287 986
533 100 233 287 986
277 246 234 287 986
28 285 224 287 986
409 218 222 287 986
165 265 225 287 986
745 295 221 288 987
533 101 223 288 987
277 247 225 288 987
740 219 230 289 988
745 296 224 289 988
28 287 223 289 988
277 248 223 289 988
702 297 228 289 988
165 267 221 289 988
444 303 224 290 989
740 220 229 290 989
745 297 223 290 989
533 103 226 290 989
277 249 225 290 989
488 293 227 290 989
409 221 227 290 989
740 221 229 291 990
745 298 223 291 990
544 296 223 291 990
31 300 224 292 991
409 223 226 292 991
277 2 229 293 992
277 3 229 294 993
444 308 221 295 994
750 302 221 295 994
106 86 229 308 1007
441 260 225 317 1016
286 319 222 317 1016
478 327 222 319 1018
455 333 221 325 1024
455 335 246 327 1026
455 336 248 328 1027
455 337 244 329 1028
455 338 241 330 1029
317 336 224 331 1030
455 339 246 331 1030
712 336 229 332 1031
455 340 247 332 1031
767 337 231 332 1031
421 340 241 333 1032
712 338 223 334 1033
657 339 221 334 1033
421 341 228 334 1033
317 339 231 334 1033
455 342 225 334 1033
478 342 221 334 1033
317 340 224 335 1034
712 341 223 337 1036
712 343 223 339 1038
712 349 222 345 1044
317 350 221 345 1044
712 355 221 351 1050
712 361 227 357 1056
478 368 221 360 1059
478 369 228 361 1060
657 367 225 362 1061
767 367 222 362 1061
767 369 222 364 1063
421 372 231 365 1064
767 370 223 365 1064
421 373 235 366 1065
421 374 229 367 1066
421 375 237 368 1067
767 373 221 368 1067
421 376 235 369 1068
421 377 235 370 1069
712 378 225 374 1073
421 381 234 374 1073
317 379 223 374 1073
421 382 237 375 1074
421 383 236 376 1075
421 384 233 377 1076
317 382 221 377 1076
421 385 230 378 1077
317 383 221 378 1077
421 386 225 379 1078
421 387 222 380 1079
421 388 231 381 1080
421 389 242 382 1081
421 390 240 383 1082
478 391 221 383 1082
421 391 236 384 1083
421 392 237 385 1084
421 393 234 386 1085
767 391 221 386 1085
421 394 231 387 1086
455 395 221 387 1086
421 395 234 388 1087
421 396 235 389 1088
455 397 222 389 1088
421 397 233 390 1089
455 398 221 390 1089
421 398 233 391 1090
455 399 221 391 1090
421 399 239 392 1091
421 400 233 393 1092
421 401 233 394 1093
421 402 239 395 1094
712 400 221 395 1094
421 403 235 396 1095
712 401 221 396 1095
421 404 239 397 1096
767 402 222 397 1096
712 402 224 397 1096
421 405 240 398 1097
767 403 221 398 1097
712 403 225 398 1097
421 406 239 399 1098
767 404 222 399 1098
712 404 223 399 1098
421 407 239 400 1099
421 408 222 401 1100
712 406 222 401 1100
421 409 239 402 1101
421 410 239 403 1102
712 408 224 403 1102
421 411 239 404 1103
421 412 239 405 1104
317 410 221 405 1104
421 413 239 406 1105
421 414 233 407 1106
478 415 224 407 1106
421 415 229 408 1107
478 416 224 408 1107
421 416 232 409 1108
657 415 224 410 1109
421 417 221 410 1109
317 415 233 410 1109
767 415 228 410 1109
657 416 229 411 1110
421 418 227 411 1110
712 416 221 411 1110
455 420 230 412 1111
317 417 235 412 1111
657 418 223 413 1112
455 421 221 413 1112
317 418 221 413 1112
767 419 235 414 1113
767 420 227 415 1114
767 421 227 416 1115
317 421 229 416 1115
767 422 227 417 1116
317 422 230 417 1116
317 423 231 418 1117
767 423 229 418 1117
317 424 230 419 1118
767 424 227 419 1118
767 425 228 420 1119
317 425 228 420 1119
767 426 224 421 1120
317 426 229 421 1120
767 427 223 422 1121
317 427 221 422 1121
767 428 226 423 1122
767 429 223 424 1123
767 430 221 425 1124
767 432 222 427 1126
712 432 222 428 1127
767 433 228 428 1127
712 433 222 429 1128
767 434 227 429 1128
421 437 221 430 1129
767 435 223 430 1129
712 435 225 431 1130
421 438 221 431 1130
421 439 225 432 1131
712 442 224 438 1137
455 446 231 438 1137
478 446 222 438 1137
767 443 227 438 1137
421 446 223 439 1138
657 444 235 439 1138
767 444 224 439 1138
317 445 221 440 1139
767 445 224 440 1139
478 449 221 441 1140
767 446 226 441 1140
657 447 222 442 1141
455 450 221 442 1141
767 447 225 442 1141
767 448 223 443 1142
657 449 221 444 1143
478 452 227 444 1143
767 449 236 444 1143
767 450 237 445 1144
478 454 224 446 1145
767 451 234 446 1145
478 455 221 447 1146
767 452 233 447 1146
657 453 224 448 1147
455 456 221 448 1147
478 456 231 448 1147
767 453 235 448 1147
657 454 223 449 1148
455 457 221 449 1148
478 457 225 449 1148
767 454 235 449 1148
657 455 223 450 1149
478 458 225 450 1149
767 455 235 450 1149
657 456 221 451 1150
478 459 225 451 1150
767 456 236 451 1150
478 460 225 452 1151
767 457 236 452 1151
421 460 221 453 1152
767 458 237 453 1152
657 459 221 454 1153
478 462 224 454 1153
767 459 237 454 1153
421 462 221 455 1154
767 460 235 455 1154
657 461 233 456 1155
767 461 223 456 1155
767 462 229 457 1156
421 465 223 458 1157
767 463 231 458 1157
421 466 223 459 1158
767 464 231 460 1159
421 467 223 460 1159
767 465 232 461 1160
421 468 221 461 1160
767 466 231 462 1161
421 469 221 462 1161
767 467 229 462 1161
767 468 231 463 1162
767 469 229 464 1163
712 469 221 465 1164
767 470 227 466 1165
767 471 227 467 1166
767 472 226 468 1167
767 473 227 468 1167
657 475 223 470 1169
767 475 225 470 1169
712 475 223 471 1170
657 476 224 471 1170
767 476 227 471 1170
712 476 222 472 1171
657 477 223 472 1171
767 477 221 472 1171
657 478 225 473 1172
478 481 221 473 1172
317 478 222 473 1172
767 478 223 473 1172
421 481 222 474 1173
657 479 225 474 1173
478 482 222 474 1173
317 479 222 474 1173
767 479 223 475 1174
421 482 225 475 1174
657 480 223 475 1174
317 480 223 475 1174
767 480 222 476 1175
657 481 224 476 1175
478 484 223 476 1175
317 481 222 476 1175
767 481 221 477 1176
657 482 226 477 1176
317 482 221 477 1176
767 482 225 478 1177
767 483 226 479 1178
421 486 221 479 1178
657 484 221 479 1178
767 484 221 479 1178
767 498 234 493 1192
455 502 223 494 1193
767 499 234 494 1193
767 500 234 495 1194
421 503 221 496 1195
455 504 224 496 1195
767 501 233 496 1195
421 504 221 496 1195
712 501 221 497 1196
455 505 223 497 1196
657 502 221 497 1196
767 502 233 497 1196
712 502 221 498 1197
455 506 223 498 1197
657 503 222 498 1197
767 503 235 498 1197
421 506 221 499 1198
712 503 223 499 1198
455 507 223 499 1198
657 504 225 499 1198
767 504 235 499 1198
421 507 222 500 1199
712 504 223 500 1199
455 508 223 500 1199
657 505 224 500 1199
767 505 235 500 1199
421 508 221 501 1200
455 509 223 501 1200
657 506 225 501 1200
767 506 236 501 1200
712 506 223 502 1201
421 509 223 502 1201
455 510 222 502 1201
657 507 226 502 1201
767 507 234 502 1201
421 510 225 503 1202
657 508 227 503 1202
767 508 232 504 1203
712 508 222 504 1203
455 512 223 504 1203
657 509 227 504 1203
767 509 235 505 1204
421 512 221 505 1204
455 513 221 505 1204
657 510 226 505 1204
767 510 235 506 1205
421 513 232 506 1205
712 510 223 506 1205
455 514 221 506 1205
657 511 226 506 1205
767 511 241 507 1206
712 511 224 507 1206
421 515 225 508 1207
767 512 245 508 1207
712 512 226 508 1207
455 516 223 508 1207
657 513 222 508 1207
767 513 235 509 1208
421 516 223 509 1208
421 517 221 510 1209
767 514 235 510 1209
712 514 221 510 1209
421 518 223 511 1210
767 515 235 511 1210
421 519 223 512 1211
455 520 222 512 1211
421 520 227 513 1212
455 521 222 513 1212
421 521 223 513 1212
767 518 225 514 1213
657 519 221 514 1213
455 522 224 514 1213
421 522 223 514 1213
767 519 221 515 1214
455 523 224 515 1214
317 520 223 515 1214
421 523 225 515 1214
767 520 228 516 1215
455 524 225 516 1215
317 521 223 516 1215
767 521 228 516 1215
421 524 221 516 1215
657 522 223 517 1216
455 525 225 517 1216
767 522 231 517 1216
421 525 221 517 1216
455 526 221 518 1217
767 523 228 518 1217
317 524 223 519 1218
767 524 225 519 1218
317 525 225 520 1219
657 526 221 521 1220
455 529 222 521 1220
317 526 224 521 1220
767 526 234 521 1220
657 527 227 522 1221
455 530 223 522 1221
478 7 221 522 1221
421 530 221 522 1221
767 527 233 522 1221
657 528 223 523 1222
455 531 223 523 1222
421 531 223 523 1222
767 528 234 523 1222
455 532 224 524 1223
478 9 221 524 1223
421 532 223 524 1223
767 529 234 524 1223
657 530 223 525 1224
767 530 232 525 1224
657 531 224 526 1225
421 534 221 526 1225
767 531 233 526 1225
657 532 225 527 1226
767 532 233 527 1226
657 533 225 528 1227
478 13 222 528 1227
767 533 233 528 1227
657 534 226 529 1228
478 14 222 529 1228
421 537 226 529 1228
767 534 233 529 1228
657 535 225 530 1229
455 538 221 530 1229
317 535 221 530 1229
478 15 221 530 1229
767 535 235 530 1229
657 536 227 531 1230
455 539 223 531 1230
478 16 225 531 1230
421 539 231 531 1230
767 536 241 531 1230
657 537 229 532 1231
478 17 227 532 1231
421 540 225 532 1231
767 537 239 532 1231
478 18 221 533 1232
421 541 227 533 1232
767 538 239 533 1232
712 538 237 533 1232
767 539 241 534 1233
421 542 225 534 1233
455 543 223 535 1234
767 540 241 535 1234
455 544 222 536 1235
767 541 241 536 1235
455 545 222 537 1236
767 542 241 537 1236
317 543 225 538 1237
767 543 231 538 1237
767 544 229 539 1238
767 545 221 540 1239
767 547 225 542 1241
317 548 223 543 1242
421 551 221 543 1242
767 548 225 543 1242
767 549 222 544 1243
317 550 223 545 1244
421 553 224 545 1244
767 550 234 545 1244
317 551 225 546 1245
421 554 231 546 1245
657 552 223 547 1246
478 32 221 547 1246
712 552 223 547 1246
421 555 227 547 1246
455 556 228 548 1247
478 33 243 548 1247
461 521 231 549 1248
40 217 222 550 1249
736 487 230 551 1250
317 556 223 551 1250
79 118 231 555 1254
440 52 223 555 1254
628 593 225 556 1255
521 733 223 557 1256
778 561 221 557 1256
78 9 233 558 1257
12 139 224 558 1257
677 80 225 558 1257
78 10 221 559 1258
375 482 222 561 1260
409 18 222 561 1260
575 564 227 561 1260
578 118 235 562 1261
454 572 221 562 1261
409 19 229 562 1261
123 549 223 563 1262
165 13 234 564 1263
493 554 222 564 1263
427 582 226 564 1263
85 252 227 564 1263
165 14 238 565 1264
453 8 221 565 1264
759 559 226 565 1264
233 576 231 565 1264
165 15 233 566 1265
30 243 236 566 1265
675 251 221 566 1265
321 242 237 566 1265
165 16 232 567 1266
321 243 224 567 1266
165 17 235 568 1267
321 244 231 568 1267
165 18 235 569 1268
321 245 238 569 1268
165 19 227 570 1269
229 582 222 570 1269
275 577 221 570 1269
321 246 235 570 1269
577 581 221 570 1269
333 573 222 570 1269
165 20 231 571 1270
621 574 225 571 1270
769 547 223 571 1270
321 247 239 571 1270
611 565 223 571 1270
307 578 225 572 1271
165 21 227 572 1271
754 574 222 572 1271
228 586 224 572 1271
321 248 237 572 1271
611 566 242 572 1271
165 22 234 573 1272
611 567 247 573 1272
165 23 231 574 1273
730 573 224 574 1273
321 250 226 574 1273
611 568 241 574 1273
385 40 221 575 1274
321 251 228 575 1274
614 573 224 575 1274
611 569 245 575 1274
360 23 225 576 1275
321 252 223 576 1275
614 574 224 576 1275
577 587 224 576 1275
611 570 245 576 1275
632 123 225 576 1275
251 577 227 577 1276
321 253 235 577 1276
701 581 226 577 1276
614 575 228 577 1276
611 571 241 577 1276
648 297 225 577 1276
713 580 231 577 1276
251 578 221 578 1277
321 254 234 578 1277
291 575 225 578 1277
611 572 240 578 1277
754 581 223 579 1278
487 20 225 579 1278
321 255 231 579 1278
720 551 227 579 1278
611 573 245 579 1278
469 19 223 580 1279
487 21 224 580 1279
321 256 225 580 1279
614 578 224 580 1279
343 570 232 580 1279
59 488 231 580 1279
611 574 233 580 1279
434 579 227 581 1280
754 583 222 581 1280
730 580 225 581 1280
614 579 237 581 1280
321 257 231 581 1280
343 571 227 581 1280
611 575 235 581 1280
269 1 221 582 1281
469 21 221 582 1281
290 591 221 582 1281
251 582 221 582 1281
614 580 237 582 1281
321 258 225 582 1281
119 554 225 582 1281
343 572 227 582 1281
409 39 224 582 1281
611 576 237 582 1281
652 580 221 583 1282
307 589 221 583 1282
754 585 221 583 1282
487 24 221 583 1282
329 523 223 583 1282
614 581 238 583 1282
321 259 222 583 1282
343 573 228 583 1282
563 592 224 583 1282
679 168 226 583 1282
611 577 247 583 1282
333 586 221 584 1283
307 590 223 584 1283
754 586 221 584 1283
614 582 235 584 1283
251 584 221 584 1283
321 260 221 584 1283
669 589 221 584 1283
343 574 221 584 1283
611 578 243 584 1283
581 597 221 584 1283
333 587 221 585 1284
529 33 221 585 1284
469 24 229 585 1284
367 263 222 585 1284
307 591 221 585 1284
754 587 221 585 1284
730 584 221 585 1284
614 583 245 585 1284
321 261 231 585 1284
343 575 221 585 1284
563 594 222 585 1284
611 579 241 585 1284
666 590 221 585 1284
632 132 221 586 1285
461 557 226 586 1285
529 34 221 586 1285
469 25 221 586 1285
329 526 233 586 1285
730 585 221 586 1285
251 586 223 586 1285
614 584 234 586 1285
349 587 224 586 1285
611 580 238 586 1285
469 26 221 587 1286
307 593 223 587 1286
502 540 235 587 1286
419 576 222 587 1286
329 527 233 587 1286
546 285 239 587 1286
614 585 237 587 1286
321 263 235 587 1286
520 593 221 587 1286
343 577 223 587 1286
611 581 238 587 1286
469 27 222 588 1287
754 590 221 588 1287
419 577 225 588 1287
329 528 231 588 1287
144 234 221 588 1287
546 286 225 588 1287
614 586 243 588 1287
321 264 226 588 1287
343 578 228 588 1287
563 597 234 588 1287
611 582 247 588 1287
632 135 224 589 1288
469 28 223 589 1288
419 578 233 589 1288
329 529 224 589 1288
546 287 222 589 1288
614 587 239 589 1288
251 589 221 589 1288
321 265 236 589 1288
520 595 222 589 1288
563 598 226 589 1288
343 579 224 589 1288
611 583 245 589 1288
30 267 225 590 1289
502 543 225 590 1289
329 530 233 590 1289
546 288 229 590 1289
614 588 241 590 1289
321 266 228 590 1289
563 599 226 590 1289
611 584 247 590 1289
632 137 225 591 1290
461 562 227 591 1290
469 30 223 591 1290
367 269 224 591 1290
329 531 223 591 1290
614 589 241 591 1290
321 267 226 591 1290
611 585 249 591 1290
343 581 227 591 1290
713 594 223 592 1291
461 563 223 592 1291
298 528 222 592 1291
307 598 223 592 1291
419 581 225 592 1291
614 590 239 592 1291
321 268 225 592 1291
265 606 223 592 1291
611 586 229 592 1291
419 582 227 593 1292
11 47 227 593 1292
614 591 221 593 1292
251 593 223 593 1292
321 269 223 593 1292
520 599 223 593 1292
333 596 221 593 1292
611 587 232 594 1293
632 140 222 594 1293
614 592 235 594 1293
611 588 223 595 1294
501 569 221 595 1294
419 584 227 595 1294
329 535 224 595 1294
614 593 227 595 1294
251 595 222 595 1294
321 271 229 595 1294
440 92 228 595 1294
563 604 224 596 1295
611 589 236 596 1295
298 532 223 596 1295
329 536 227 596 1295
614 594 233 596 1295
251 596 229 596 1295
520 602 224 596 1295
321 272 225 596 1295
501 571 225 597 1296
611 590 234 597 1296
563 605 221 597 1296
632 143 224 597 1296
298 533 227 597 1296
614 595 235 597 1296
321 273 229 597 1296
611 591 231 598 1297
529 46 225 598 1297
307 604 224 598 1297
419 587 225 598 1297
329 538 221 598 1297
761 600 233 598 1297
614 597 223 599 1298
585 33 224 600 1299
614 598 237 600 1299
769 577 236 601 1300
614 599 240 601 1300
762 31 227 602 1301
117 515 226 602 1301
559 484 223 602 1301
710 568 226 602 1301
539 16 221 602 1301
614 600 227 602 1301
8 554 221 602 1301
84 607 222 603 1302
614 601 244 603 1302
22 556 223 604 1303
559 486 226 604 1303
639 614 221 604 1303
329 544 223 604 1303
614 602 241 604 1303
783 594 221 604 1303
62 543 222 605 1304
614 604 227 606 1305
614 605 232 607 1306
544 39 223 608 1307
614 607 239 609 1308
614 608 247 610 1309
614 609 230 611 1310
614 610 223 612 1311
614 611 221 613 1312
614 612 227 614 1313
297 554 229 615 1314
614 613 243 615 1314
614 614 240 616 1315
614 615 238 617 1316
297 557 223 618 1317
614 616 235 618 1317
217 627 223 618 1317
297 558 221 619 1318
614 617 239 619 1318
349 620 235 619 1318
153 613 221 619 1318
297 559 223 620 1319
614 618 222 620 1319
440 117 225 620 1319
685 606 225 621 1320
614 619 235 621 1320
614 620 223 622 1321
614 621 232 623 1322
329 564 221 624 1323
614 622 227 624 1323
600 607 226 625 1324
614 623 225 625 1324
255 225 225 626 1325
614 624 229 626 1325
614 625 225 627 1326
343 617 223 627 1326
324 375 225 628 1327
614 626 234 628 1327
85 316 229 629 1328
307 635 223 629 1328
614 627 227 629 1328
203 80 223 629 1328
772 639 225 629 1328
555 627 231 630 1329
329 570 224 630 1329
614 628 235 630 1329
650 581 225 631 1330
307 637 227 631 1330
214 516 238 631 1330
529 80 221 632 1331
614 630 235 632 1331
614 631 222 633 1332
614 632 229 634 1333
749 317 221 634 1333
614 633 236 635 1334
495 627 223 635 1334
614 634 223 636 1335
614 635 237 637 1336
614 636 230 638 1337
283 334 226 638 1337
614 637 235 639 1338
614 638 237 640 1339
495 632 221 640 1339
614 639 231 641 1340
495 633 224 641 1340
676 648 221 642 1341
614 640 241 642 1341
676 649 221 643 1342
614 641 239 643 1342
495 635 222 643 1342
598 62 221 644 1343
692 586 221 644 1343
614 642 245 644 1343
495 636 221 644 1343
676 651 221 645 1344
614 643 239 645 1344
614 644 236 646 1345
132 621 223 647 1346
614 645 236 647 1346
642 652 223 647 1346
614 646 237 648 1347
642 653 221 648 1347
614 647 238 649 1348
147 664 222 650 1349
558 639 221 650 1349
617 279 226 650 1349
614 648 237 650 1349
132 625 225 651 1350
614 649 239 651 1350
495 643 222 652 1351
132 626 231 652 1351
614 650 238 652 1351
240 641 225 652 1351
495 644 223 653 1352
132 627 229 653 1352
692 595 221 653 1352
614 651 237 653 1352
132 628 227 654 1353
614 652 239 654 1353
132 629 221 655 1354
614 653 234 655 1354
676 662 221 656 1355
132 630 225 656 1355
614 654 233 656 1355
240 645 222 656 1355
614 655 239 657 1356
676 664 225 658 1357
132 632 226 658 1357
614 656 238 658 1357
240 647 221 658 1357
101 647 222 659 1358
614 657 234 659 1358
132 634 223 660 1359
614 658 235 660 1359
101 649 224 661 1360
614 659 232 661 1360
642 666 226 662 1361
132 636 235 662 1361
614 660 240 662 1361
614 661 239 663 1362
373 657 221 663 1362
240 652 223 663 1362
495 655 225 664 1363
373 658 221 664 1363
614 662 239 664 1363
265 678 223 664 1363
495 656 225 665 1364
632 211 221 665 1364
614 663 235 665 1364
495 657 226 666 1365
614 664 237 666 1365
495 658 227 667 1366
676 673 223 667 1366
614 665 227 667 1366
399 96 221 667 1366
676 674 225 668 1367
495 659 227 668 1367
632 214 221 668 1367
373 662 221 668 1367
614 666 233 668 1367
632 215 221 669 1368
495 660 226 669 1368
614 667 235 669 1368
676 676 221 670 1369
495 661 231 670 1369
614 668 232 670 1369
240 659 224 670 1369
399 99 221 670 1369
676 677 227 671 1370
632 217 222 671 1370
495 662 223 671 1370
563 30 221 671 1370
614 669 235 671 1370
240 660 222 671 1370
119 643 221 672 1371
632 218 223 672 1371
495 663 224 672 1371
614 670 237 672 1371
373 666 223 672 1371
632 219 221 673 1372
495 664 225 673 1372
147 687 223 673 1372
660 667 224 673 1372
614 671 230 673 1372
676 680 225 674 1373
147 688 221 674 1373
614 672 229 674 1373
676 681 227 675 1374
495 666 227 675 1374
683 545 223 675 1374
614 673 233 675 1374
240 664 224 675 1374
495 667 229 676 1375
614 674 231 676 1375
240 665 225 676 1375
495 668 231 677 1376
614 675 231 677 1376
373 672 221 678 1377
614 676 231 678 1377
614 677 231 679 1378
240 668 231 679 1378
614 678 233 680 1379
240 669 226 680 1379
676 687 225 681 1380
614 679 230 681 1380
495 673 222 682 1381
614 680 233 682 1381
558 672 221 683 1382
614 681 231 683 1382
676 690 223 684 1383
495 675 223 684 1383
600 666 222 684 1383
614 682 233 684 1383
495 676 221 685 1384
617 3 227 685 1384
614 683 233 685 1384
642 690 221 686 1385
614 684 230 686 1385
676 693 224 687 1386
403 23 223 687 1386
614 685 231 687 1386
399 116 222 688 1387
614 686 230 688 1387
614 687 235 689 1388
676 696 223 689 1388
614 688 232 690 1389
676 697 222 690 1389
614 689 233 691 1390
614 690 233 692 1391
676 699 222 692 1391
614 691 225 693 1392
676 700 225 693 1392
614 692 230 694 1393
676 701 227 694 1393
97 514 221 695 1394
614 693 231 695 1394
399 124 221 696 1395
614 694 235 696 1395
614 695 233 697 1396
676 704 222 697 1396
614 696 233 698 1397
676 705 223 698 1397
614 697 228 699 1398
614 698 236 700 1399
399 129 223 701 1400
614 699 233 701 1400
614 700 233 702 1401
495 694 221 703 1402
614 701 234 703 1402
666 708 224 704 1403
614 702 226 705 1404
676 711 226 705 1404
666 709 221 705 1404
614 703 233 706 1405
676 712 221 706 1405
614 704 236 707 1406
614 705 235 708 1407
676 714 224 708 1407
614 706 235 709 1408
676 715 227 709 1408
399 137 223 709 1408
614 707 235 710 1409
399 138 223 710 1409
642 714 224 710 1409
614 708 235 711 1410
676 717 221 711 1410
614 709 237 712 1411
676 718 224 712 1411
642 716 226 712 1411
558 701 225 712 1411
399 141 222 713 1412
677 235 222 713 1412
614 711 237 714 1413
598 132 221 714 1413
676 721 225 715 1414
614 712 233 715 1414
386 309 223 715 1414
614 713 227 716 1415
614 715 222 718 1417
642 722 221 718 1417
614 716 226 719 1418
676 726 226 720 1419
614 717 239 720 1419
676 727 227 721 1420
614 718 227 721 1420
676 728 226 722 1421
614 719 233 722 1421
676 729 226 723 1422
614 720 237 723 1422
642 727 222 723 1422
614 721 239 724 1423
676 730 221 724 1423
97 543 221 724 1423
614 722 237 725 1424
676 731 231 725 1424
614 723 237 726 1425
386 320 221 726 1425
614 724 241 727 1426
399 155 223 727 1426
614 725 247 728 1427
399 156 221 728 1427
734 649 224 728 1427
97 547 221 728 1427
386 322 221 728 1427
614 726 247 729 1428
399 157 223 729 1428
97 548 221 729 1428
614 727 247 730 1429
676 736 224 730 1429
399 158 224 730 1429
614 728 247 731 1430
676 737 225 731 1430
97 550 225 731 1430
614 729 241 732 1431
676 738 225 732 1431
399 160 223 732 1431
614 730 230 733 1432
676 739 227 733 1432
614 731 238 734 1433
676 740 227 734 1433
97 553 221 734 1433
614 732 233 735 1434
676 741 225 735 1434
399 163 222 735 1434
614 733 238 735 1434
676 742 221 736 1435
495 727 224 736 1435
614 734 232 736 1435
676 743 221 737 1436
614 735 227 737 1436
676 744 225 738 1437
558 727 231 738 1437
373 732 226 738 1437
97 557 221 738 1437
614 736 236 738 1437
386 332 223 739 1438
676 745 221 739 1438
642 743 221 739 1438
614 737 226 739 1438
614 738 226 740 1439
614 739 225 741 1440
676 748 227 742 1441
676 749 223 743 1442
614 741 223 743 1442
373 738 221 744 1443
614 742 250 744 1443
642 749 221 745 1444
373 739 224 745 1444
614 743 237 745 1444
373 740 225 746 1445
614 744 237 746 1445
386 340 225 747 1446
676 753 227 747 1446
373 741 225 747 1446
614 745 237 747 1446
386 341 223 748 1447
692 690 223 748 1447
373 742 224 748 1447
614 746 241 748 1447
399 3 221 749 1448
386 342 225 749 1448
676 755 222 749 1448
642 753 225 749 1448
373 743 222 749 1448
598 167 221 749 1448
614 747 239 749 1448
386 343 223 750 1449
692 692 222 750 1449
614 748 238 750 1449
386 344 224 750 1449
558 740 221 751 1450
614 749 241 751 1450
386 345 223 751 1450
614 750 240 752 1451
386 346 222 753 1452
676 759 224 753 1452
373 747 221 753 1452
614 751 242 753 1452
386 347 223 753 1452
403 90 223 754 1453
676 760 224 754 1453
642 758 223 754 1453
614 752 245 754 1453
386 348 223 754 1453
403 91 223 755 1454
614 753 238 755 1454
386 349 223 755 1454
676 762 222 756 1455
642 760 222 756 1455
614 754 239 756 1455
386 350 223 757 1456
285 78 221 757 1456
614 755 237 757 1456
386 351 224 758 1457
676 764 223 758 1457
558 747 223 758 1457
614 756 242 759 1458
386 352 223 759 1458
676 765 224 759 1458
614 757 243 760 1459
676 766 223 760 1459
614 758 242 760 1459
386 354 223 761 1460
676 767 226 761 1460
399 6 222 761 1460
558 750 223 761 1460
614 759 243 761 1460
386 355 225 762 1461
676 768 225 762 1461
642 766 225 762 1461
692 704 221 762 1461
614 760 233 763 1462
386 356 223 763 1462
614 761 236 764 1463
386 357 222 764 1463
676 770 221 764 1463
614 762 237 765 1464
386 358 223 765 1464
676 771 223 765 1464
558 754 224 765 1464
614 763 234 766 1465
386 359 222 766 1465
614 764 240 767 1466
386 360 223 767 1466
676 773 221 767 1466
403 103 223 767 1466
614 765 238 768 1467
386 361 223 768 1467
676 774 226 768 1467
614 766 237 769 1468
386 362 222 769 1468
558 758 225 769 1468
614 767 238 770 1469
386 363 221 770 1469
221 775 223 770 1469
614 768 241 771 1470
386 364 223 771 1470
221 776 221 771 1470
558 760 224 771 1470
614 769 240 772 1471
386 365 222 772 1471
614 770 239 773 1472
386 366 223 773 1472
221 778 221 773 1472
614 771 238 774 1473
386 367 222 774 1473
221 779 221 774 1473
558 763 222 774 1473
614 772 238 775 1474
386 368 223 775 1474
399 20 222 775 1474
558 764 224 775 1474
614 773 238 776 1475
386 369 222 776 1475
558 765 225 776 1475
614 774 237 777 1476
386 370 223 777 1476
614 775 236 778 1477
692 719 222 778 1477
386 371 223 778 1477
614 776 239 778 1477
386 372 221 779 1478
614 777 235 779 1478
386 373 222 780 1479
614 778 236 781 1480
386 374 223 781 1480
676 787 223 781 1480
614 779 239 781 1480
386 375 222 782 1481
403 118 224 782 1481
614 780 238 782 1481
386 376 223 783 1482
676 789 221 783 1482
373 777 221 783 1482
614 781 233 783 1482
386 377 221 784 1483
676 790 223 784 1483
614 782 231 784 1483
676 791 223 785 1484
558 774 221 785 1484
614 783 239 785 1484
676 792 223 786 1485
399 31 223 786 1485
558 775 223 786 1485
614 784 237 786 1485
676 793 221 787 1486
399 32 222 787 1486
558 776 225 787 1486
614 785 237 787 1486
676 794 221 788 1487
399 33 221 788 1487
614 786 239 789 1488
558 778 225 789 1488
614 787 238 789 1488
676 796 222 790 1489
558 779 224 790 1489
373 784 223 790 1489
692 732 222 790 1489
614 788 237 790 1489
614 789 240 791 1490
692 733 222 792 1491
101 780 223 792 1491
558 781 225 792 1491
614 790 235 792 1491
558 782 221 793 1492
373 787 227 793 1492
598 211 223 793 1492
614 791 237 793 1492
614 792 234 794 1493
614 794 239 797 1496
614 797 235 800 1499
373 795 224 801 1500
373 796 239 802 1501
630 176 221 803 1502
689 240 229 803 1502
370 807 239 803 1502
311 12 221 803 1502
255 403 225 804 1503
30 482 221 805 1504
484 651 231 806 1505
370 810 221 806 1505
734 730 221 809 1508
614 807 231 810 1509
316 671 221 810 1509
614 808 231 811 1510
316 672 221 811 1510
614 809 235 812 1511
614 810 225 813 1512
614 811 232 814 1513
529 263 221 815 1514
614 812 231 815 1514
509 775 224 815 1514
614 813 229 816 1515
239 817 221 816 1515
614 814 228 817 1516
638 813 222 822 1521
661 698 223 841 1540
636 240 223 846 1545
661 705 223 848 1547
661 706 221 849 1548
270 349 224 849 1548
85 536 224 849 1548
66 792 234 855 1554
549 853 227 857 1556
211 296 234 862 1561
43 868 223 863 1562
43 869 228 864 1563
131 858 221 865 1564
592 41 234 867 1566
590 4 232 867 1566
589 884 231 870 1569
484 24 234 882 1581
123 874 225 888 1587
123 876 227 890 1589
123 877 227 891 1590
123 878 227 892 1591
123 879 224 893 1592
453 10 235 895 1594
123 881 221 895 1594
397 274 228 896 1595
123 885 230 899 1598
420 759 229 899 1598
420 761 227 901 1600
123 889 229 903 1602
568 77 233 903 1602
123 890 223 904 1603
31 913 224 905 1604
123 892 223 906 1605
27 569 233 907 1606
651 913 223 908 1607
123 895 224 909 1608
420 770 221 910 1609
480 354 234 910 1609
573 917 221 911 1610
27 573 227 911 1610
43 917 229 912 1611
27 574 227 912 1611
123 899 224 913 1612
27 575 235 913 1612
506 378 224 914 1613
123 900 231 914 1613
211 350 225 916 1615
335 921 221 916 1615
43 921 231 916 1615
648 57 222 916 1615
404 886 223 916 1615
774 925 222 917 1616
438 31 225 917 1616
508 831 229 918 1617
299 4 229 918 1617
123 904 221 918 1617
31 926 221 918 1617
506 383 232 919 1618
10 431 225 919 1618
37 581 236 919 1618
159 638 222 920 1619
251 919 224 920 1619
638 911 225 920 1619
223 364 221 920 1619
466 421 221 921 1620
86 621 221 921 1620
23 402 223 921 1620
31 929 224 921 1620
652 230 224 921 1620
442 924 230 922 1621
217 930 221 922 1621
109 8 224 922 1621
474 231 221 923 1622
498 62 229 923 1622
543 220 223 923 1622
152 928 223 923 1622
172 930 226 923 1622
31 931 221 923 1622
749 606 227 924 1623
411 295 221 924 1623
712 928 225 924 1623
611 917 227 924 1623
581 303 223 924 1623
653 9 223 924 1623
589 938 231 924 1623
31 932 223 924 1623
770 371 222 925 1624
587 922 233 925 1624
502 232 221 925 1624
606 6 221 925 1624
150 105 223 925 1624
31 933 223 925 1624
263 514 221 926 1625
124 918 225 926 1625
480 370 247 926 1625
31 934 225 926 1625
302 936 223 926 1625
648 69 229 928 1627
513 928 224 930 1629
332 137 226 930 1629
12 511 225 931 1630
498 71 224 932 1631
608 360 237 932 1631
711 115 223 932 1631
464 939 221 932 1631
498 72 221 933 1632
608 361 227 933 1632
516 937 225 933 1632
251 932 221 933 1632
688 330 221 933 1632
562 225 221 933 1632
498 73 224 934 1633
608 362 233 934 1633
409 27 222 934 1633
618 33 225 934 1633
754 203 222 934 1633
688 331 225 934 1633
653 19 221 934 1633
459 922 222 934 1633
464 941 221 934 1633
498 74 225 935 1634
608 363 232 935 1634
409 28 225 935 1634
251 934 221 935 1634
618 34 222 935 1634
562 227 226 935 1634
688 332 227 935 1634
653 20 221 935 1634
459 923 221 935 1634
745 942 225 935 1634
608 364 231 936 1635
516 940 222 936 1635
688 333 224 936 1635
459 924 223 936 1635
513 934 221 936 1635
498 76 221 937 1636
251 936 221 937 1636
608 365 234 937 1636
618 36 225 937 1636
688 334 227 937 1636
444 950 232 937 1636
711 120 225 937 1636
409 31 223 938 1637
608 366 236 938 1637
690 881 222 938 1637
688 335 229 938 1637
444 951 223 938 1637
711 121 223 938 1637
498 78 221 939 1638
608 367 232 939 1638
688 336 223 939 1638
562 231 225 939 1638
711 122 221 939 1638
498 79 227 940 1639
608 368 233 940 1639
618 39 223 940 1639
688 337 221 940 1639
444 953 222 940 1639
498 80 227 941 1640
688 338 225 941 1640
444 954 224 941 1640
153 10 221 941 1640
498 81 224 942 1641
516 946 223 942 1641
444 955 223 942 1641
688 339 225 942 1641
711 125 221 942 1641
618 42 232 943 1642
688 340 225 943 1642
459 931 222 943 1642
562 235 223 943 1642
498 83 222 944 1643
516 948 223 944 1643
618 43 222 944 1643
562 236 223 944 1643
153 13 221 944 1643
618 44 221 945 1644
688 342 232 945 1644
513 943 221 945 1644
618 45 226 946 1645
688 343 229 946 1645
153 15 221 946 1645
688 344 229 947 1646
153 16 221 947 1646
513 945 223 947 1646
618 47 227 948 1647
688 345 231 948 1647
711 131 225 948 1647
513 946 225 948 1647
498 88 221 949 1648
516 953 223 949 1648
618 48 233 949 1648
618 49 235 950 1649
444 963 237 950 1649
562 242 221 950 1649
711 133 223 950 1649
464 957 224 950 1649
557 187 221 951 1650
409 44 223 951 1650
618 50 233 951 1650
444 964 235 951 1650
711 134 225 951 1650
464 958 224 952 1651
498 91 223 952 1651
516 956 224 952 1651
409 45 223 952 1651
618 51 231 952 1651
608 380 221 952 1651
444 965 236 952 1651
459 940 224 952 1651
498 92 231 953 1652
618 52 225 953 1652
444 966 235 953 1652
459 941 224 953 1652
711 136 227 953 1652
464 960 221 954 1653
409 47 222 954 1653
618 53 231 954 1653
444 967 235 954 1653
711 137 225 954 1653
618 54 225 955 1654
409 48 225 955 1654
608 383 227 955 1654
12 10 224 955 1654
444 968 235 955 1654
562 247 224 955 1654
711 138 221 955 1654
498 95 223 956 1655
516 960 224 956 1655
618 55 223 956 1655
608 384 224 956 1655
444 969 235 956 1655
562 248 221 956 1655
580 36 222 956 1655
711 139 221 956 1655
513 954 222 956 1655
464 963 222 957 1656
498 96 227 957 1656
618 56 221 957 1656
409 50 227 957 1656
608 385 227 957 1656
444 970 227 957 1656
562 249 221 957 1656
498 97 237 958 1657
409 51 224 958 1657
608 386 233 958 1657
459 946 223 958 1657
562 250 221 958 1657
498 98 237 959 1658
409 52 224 959 1658
608 387 239 959 1658
459 947 221 959 1658
580 39 223 959 1658
498 99 235 960 1659
409 53 224 960 1659
608 388 238 960 1659
464 967 227 961 1660
498 100 239 961 1660
409 54 225 961 1660
444 974 221 961 1660
608 389 237 961 1660
498 101 237 962 1661
409 55 225 962 1661
444 975 223 962 1661
608 390 237 962 1661
459 950 221 962 1661
580 42 221 962 1661
562 254 221 962 1661
464 969 222 963 1662
498 102 238 963 1662
409 56 226 963 1662
444 976 222 963 1662
608 391 237 963 1662
580 43 221 963 1662
618 63 225 964 1663
409 57 226 964 1663
444 977 223 964 1663
608 392 237 964 1663
562 256 221 964 1663
513 962 221 964 1663
498 104 237 965 1664
618 64 227 965 1664
608 393 237 965 1664
513 963 222 965 1664
464 972 223 965 1664
498 105 237 966 1665
618 65 227 966 1665
409 59 224 966 1665
516 970 221 966 1665
608 394 237 966 1665
754 235 221 966 1665
464 973 221 967 1666
498 106 234 967 1666
409 60 225 967 1666
444 980 223 967 1666
580 47 227 967 1666
464 974 224 967 1666
498 107 230 968 1667
618 67 221 968 1667
409 61 226 968 1667
608 396 225 968 1667
580 48 225 968 1667
562 260 222 968 1667
464 975 221 969 1668
498 108 235 969 1668
618 68 223 969 1668
409 62 225 969 1668
444 982 227 969 1668
580 49 227 969 1668
498 109 235 970 1669
618 69 222 970 1669
409 63 221 970 1669
608 398 224 970 1669
444 983 225 970 1669
580 50 224 970 1669
562 262 225 970 1669
464 977 221 970 1669
498 110 229 971 1670
409 64 221 971 1670
618 70 224 971 1670
608 399 227 971 1670
444 984 223 971 1670
562 263 225 971 1670
498 111 230 972 1671
409 65 226 972 1671
618 71 227 972 1671
608 400 230 972 1671
444 985 222 972 1671
688 369 221 972 1671
562 264 225 972 1671
498 112 230 973 1672
409 66 224 973 1672
618 72 228 973 1672
608 401 228 973 1672
444 986 223 973 1672
580 53 222 973 1672
562 265 225 973 1672
498 113 225 974 1673
409 67 221 974 1673
618 73 225 974 1673
754 243 221 974 1673
608 402 228 974 1673
444 987 225 974 1673
562 266 226 974 1673
498 114 225 975 1674
608 403 225 975 1674
754 244 221 975 1674
444 988 225 975 1674
562 267 222 975 1674
580 55 222 975 1674
464 982 224 975 1674
498 115 228 976 1675
516 980 221 976 1675
608 404 221 976 1675
444 989 226 976 1675
580 56 223 976 1675
464 983 223 976 1675
498 116 229 977 1676
608 405 227 977 1676
444 990 225 977 1676
562 269 227 977 1676
498 117 230 978 1677
754 247 222 978 1677
608 406 231 978 1677
444 991 227 978 1677
688 375 223 978 1677
562 270 225 978 1677
580 58 226 978 1677
498 118 222 979 1678
608 407 238 979 1678
444 992 225 979 1678
562 271 226 979 1678
580 59 222 979 1678
498 119 231 980 1679
409 73 222 980 1679
516 984 225 980 1679
608 408 239 980 1679
618 79 221 980 1679
444 993 224 980 1679
688 377 221 980 1679
580 60 225 980 1679
464 987 224 980 1679
409 74 224 981 1680
498 120 233 981 1680
251 980 221 981 1680
608 409 239 981 1680
618 80 223 981 1680
444 994 222 981 1680
562 273 222 981 1680
464 988 227 981 1680
498 121 225 982 1681
618 81 232 982 1681
608 410 236 982 1681
444 995 223 982 1681
562 274 224 982 1681
580 62 221 982 1681
464 989 229 982 1681
498 122 227 983 1682
608 411 235 983 1682
618 82 228 983 1682
444 996 221 983 1682
688 380 222 983 1682
562 275 223 983 1682
464 990 223 983 1682
498 123 228 984 1683
754 253 223 984 1683
608 412 235 984 1683
444 997 224 984 1683
580 64 223 984 1683
464 991 225 984 1683
498 124 228 985 1684
608 413 234 985 1684
516 989 222 985 1684
444 998 225 985 1684
464 992 227 985 1684
498 125 225 986 1685
608 414 235 986 1685
516 990 221 986 1685
688 383 229 986 1685
580 66 222 986 1685
464 993 221 986 1685
711 169 221 986 1685
498 126 224 987 1686
608 415 235 987 1686
562 279 222 987 1686
464 994 222 987 1686
498 127 221 988 1687
608 416 235 988 1687
13 956 225 988 1687
580 68 223 988 1687
513 986 223 988 1687
464 995 223 988 1687
409 82 224 989 1688
498 128 224 989 1688
608 417 235 989 1688
516 993 225 989 1688
688 386 224 989 1688
580 69 226 989 1688
409 83 225 990 1689
608 418 236 990 1689
516 994 221 990 1689
754 259 221 990 1689
580 70 223 990 1689
562 282 221 990 1689
513 988 223 990 1689
464 997 225 990 1689
498 130 222 991 1690
444 1004 229 991 1690
580 71 221 991 1690
562 283 226 991 1690
711 174 226 991 1690
513 989 222 991 1690
464 998 225 991 1690
12 47 221 992 1691
498 131 223 992 1691
608 420 221 992 1691
444 1005 226 992 1691
580 72 221 992 1691
562 284 226 992 1691
409 86 226 993 1692
498 132 233 993 1692
618 92 225 993 1692
516 997 221 993 1692
754 262 221 993 1692
444 1006 225 993 1692
562 285 222 993 1692
711 176 223 993 1692
464 1000 222 993 1692
409 87 224 994 1693
608 422 223 994 1693
498 133 235 994 1693
618 93 221 994 1693
444 1007 227 994 1693
580 74 221 994 1693
562 286 229 994 1693
12 50 222 995 1694
608 423 223 995 1694
516 999 225 995 1694
498 134 227 995 1694
444 1008 225 995 1694
562 287 225 995 1694
464 1002 221 995 1694
409 89 221 996 1695
516 1000 221 996 1695
608 424 225 996 1695
498 135 235 996 1695
444 1009 222 996 1695
409 90 221 997 1696
754 266 221 997 1696
688 394 223 997 1696
562 289 224 997 1696
754 267 221 998 1697
690 941 223 998 1697
464 1005 222 998 1697
12 54 221 999 1698
618 98 223 999 1698
690 942 223 999 1698
688 396 221 999 1698
580 79 221 999 1698
464 1006 222 999 1698
562 292 227 1000 1699
580 80 221 1000 1699
464 1007 225 1000 1699
409 94 221 1001 1700
498 140 221 1001 1700
562 293 224 1001 1700
498 141 223 1002 1701
608 430 222 1002 1701
251 1001 221 1002 1701
562 294 224 1002 1701
513 1000 223 1002 1701
12 58 221 1003 1702
498 142 221 1003 1702
444 1016 221 1003 1702
562 295 223 1003 1702
513 1001 221 1003 1702
580 83 225 1003 1702
498 143 223 1004 1703
618 103 223 1004 1703
580 84 224 1004 1703
464 1011 222 1004 1703
498 144 235 1005 1704
562 297 221 1005 1704
580 85 227 1005 1704
12 61 222 1006 1705
562 298 221 1006 1705
513 1004 222 1006 1705
562 299 221 1007 1706
608 436 221 1008 1707
498 147 225 1008 1707
562 300 223 1008 1707
580 88 226 1008 1707
464 1015 221 1008 1707
12 64 221 1009 1708
498 148 228 1009 1708
153 78 222 1009 1708
562 301 228 1009 1708
444 1022 223 1009 1708
580 89 221 1009 1708
464 1016 221 1009 1708
513 1007 222 1009 1708
409 103 221 1010 1709
498 149 241 1010 1709
153 79 221 1010 1709
562 302 226 1010 1709
444 1023 224 1010 1709
711 193 223 1011 1710
498 150 230 1011 1710
444 1024 228 1011 1710
562 303 227 1011 1710
464 1018 224 1011 1710
711 194 223 1012 1711
608 440 221 1012 1711
618 111 222 1012 1711
444 1025 229 1012 1711
562 304 227 1012 1711
464 1019 222 1012 1711
513 1010 221 1012 1711
444 1026 225 1013 1712
562 305 224 1013 1712
464 1020 222 1013 1712
618 113 221 1014 1713
444 1027 225 1014 1713
562 306 226 1014 1713
498 154 222 1015 1714
562 307 225 1015 1714
444 1028 223 1015 1714
464 1022 223 1015 1714
12 71 221 1016 1715
754 285 221 1016 1715
562 308 224 1016 1715
444 1029 223 1016 1715
580 96 223 1016 1715
12 72 225 1017 1716
618 116 227 1017 1716
444 1030 223 1017 1716
498 157 223 1018 1717
754 287 221 1018 1717
618 117 221 1018 1717
459 1006 223 1018 1717
498 158 221 1019 1718
618 118 225 1019 1718
444 1032 232 1019 1718
562 311 223 1019 1718
580 99 225 1019 1718
557 256 221 1020 1719
498 159 241 1020 1719
516 1024 221 1020 1719
754 289 222 1020 1719
618 119 223 1020 1719
653 105 221 1020 1719
444 1033 227 1020 1719
562 312 225 1020 1719
444 1034 233 1021 1720
562 313 225 1021 1720
464 1028 225 1021 1720
580 101 224 1021 1720
711 204 221 1022 1721
557 258 226 1022 1721
12 77 221 1022 1721
608 450 224 1022 1721
618 121 221 1022 1721
688 419 224 1022 1721
580 102 227 1023 1722
498 162 224 1023 1722
608 451 225 1023 1722
653 108 223 1023 1722
444 1036 221 1023 1722
464 1030 223 1023 1722
580 103 230 1024 1723
498 163 226 1024 1723
608 452 223 1024 1723
754 293 221 1024 1723
444 1037 222 1024 1723
562 316 231 1024 1723
513 1022 223 1024 1723
688 421 221 1024 1723
580 104 225 1025 1724
608 453 233 1025 1724
618 124 221 1025 1724
444 1038 223 1025 1724
618 125 222 1026 1725
444 1039 224 1026 1725
464 1033 223 1026 1725
688 423 221 1027 1726
580 106 227 1027 1726
498 166 223 1027 1726
618 126 222 1027 1726
653 112 223 1027 1726
444 1040 223 1027 1726
562 319 224 1027 1726
464 1034 225 1027 1726
513 1025 222 1027 1726
580 107 223 1028 1727
608 456 223 1028 1727
498 167 225 1028 1727
653 113 221 1028 1727
459 1016 223 1028 1727
444 1041 223 1028 1727
562 320 222 1028 1727
464 1035 222 1028 1727
498 168 231 1029 1728
608 457 221 1029 1728
618 128 226 1029 1728
444 1042 223 1029 1728
580 109 221 1030 1729
498 169 229 1030 1729
608 458 221 1030 1729
618 129 230 1030 1729
562 322 226 1030 1729
608 459 221 1031 1730
562 323 225 1031 1730
444 1044 223 1031 1730
464 1038 223 1031 1730
498 171 227 1032 1731
516 1036 223 1032 1731
618 131 223 1032 1731
562 324 226 1032 1731
444 1045 231 1032 1731
464 1039 221 1032 1731
688 429 222 1032 1731
580 112 224 1033 1732
498 172 227 1033 1732
608 461 223 1033 1732
516 1037 223 1033 1732
653 118 222 1033 1732
562 325 221 1033 1732
444 1046 228 1033 1732
464 1040 222 1033 1732
688 430 223 1033 1732
711 216 222 1034 1733
12 89 221 1034 1733
608 462 221 1034 1733
516 1038 223 1034 1733
618 133 227 1034 1733
562 326 223 1034 1733
464 1041 223 1034 1733
444 1047 226 1034 1733
557 271 223 1035 1734
516 1039 227 1035 1734
562 327 225 1035 1734
444 1048 229 1035 1734
688 432 221 1035 1734
498 175 223 1036 1735
12 91 221 1036 1735
653 121 221 1036 1735
562 328 227 1036 1735
464 1043 221 1036 1735
444 1049 229 1036 1735
688 433 221 1036 1735
580 116 224 1037 1736
498 176 226 1037 1736
608 465 222 1037 1736
516 1041 224 1037 1736
653 122 222 1037 1736
562 329 223 1037 1736
464 1044 221 1037 1736
444 1050 227 1037 1736
580 117 225 1038 1737
516 1042 222 1038 1737
618 137 224 1038 1737
464 1045 222 1038 1737
444 1051 229 1038 1737
688 435 223 1038 1737
580 118 224 1039 1738
557 275 221 1039 1738
608 467 221 1039 1738
516 1043 225 1039 1738
459 1027 230 1039 1738
562 331 223 1039 1738
464 1046 223 1039 1738
444 1052 227 1039 1738
498 179 225 1040 1739
608 468 222 1040 1739
653 125 222 1040 1739
459 1028 226 1040 1739
562 332 223 1040 1739
464 1047 223 1040 1739
444 1053 227 1040 1739
498 180 224 1041 1740
608 469 225 1041 1740
464 1048 225 1041 1740
444 1054 227 1041 1740
688 438 223 1041 1740
608 470 225 1042 1741
562 334 227 1042 1741
444 1055 229 1042 1741
688 439 223 1042 1741
464 1049 225 1042 1741
557 279 221 1042 1741
711 225 221 1043 1742
653 128 225 1043 1742
444 1056 228 1043 1742
562 335 229 1043 1742
464 1050 227 1043 1742
608 472 223 1044 1743
618 143 225 1044 1743
653 129 222 1044 1743
444 1057 228 1044 1743
562 336 227 1044 1743
464 1051 225 1044 1743
711 227 225 1045 1744
608 473 222 1045 1744
498 184 223 1045 1744
690 988 223 1045 1744
444 1058 230 1045 1744
464 1052 223 1045 1744
557 282 225 1045 1744
711 228 222 1046 1745
444 1059 229 1046 1745
688 443 222 1046 1745
562 338 221 1046 1745
711 229 225 1047 1746
608 475 223 1047 1746
498 186 222 1047 1746
688 444 221 1047 1746
444 1060 231 1047 1746
464 1054 221 1047 1746
562 339 226 1047 1746
711 230 225 1048 1747
444 1061 231 1048 1747
562 340 226 1048 1747
464 1055 221 1048 1747
139 1036 229 1049 1748
711 231 223 1049 1748
498 188 222 1049 1748
618 148 222 1049 1748
653 134 224 1049 1748
444 1062 233 1049 1748
688 446 221 1049 1748
562 341 225 1049 1748
464 1056 223 1049 1748
653 135 222 1050 1749
444 1063 233 1050 1749
688 447 223 1050 1749
562 342 227 1050 1749
464 1057 223 1050 1749
711 233 223 1051 1750
608 479 221 1051 1750
444 1064 229 1051 1750
688 448 227 1051 1750
464 1058 222 1051 1750
711 234 221 1052 1751
608 480 223 1052 1751
498 191 224 1052 1751
153 121 221 1052 1751
459 1040 225 1052 1751
653 137 221 1052 1751
444 1065 230 1052 1751
464 1059 221 1052 1751
557 289 221 1052 1751
711 235 223 1053 1752
139 1040 223 1053 1752
608 481 222 1053 1752
653 138 221 1053 1752
444 1066 231 1053 1752
562 345 222 1053 1752
464 1060 222 1053 1752
711 236 221 1054 1753
608 482 226 1054 1753
498 193 223 1054 1753
516 1058 221 1054 1753
459 1042 223 1054 1753
444 1067 233 1054 1753
562 346 223 1054 1753
464 1061 222 1054 1753
139 1042 223 1055 1754
608 483 224 1055 1754
459 1043 226 1055 1754
653 140 223 1055 1754
178 1065 224 1055 1754
562 347 226 1055 1754
444 1068 234 1055 1754
464 1062 226 1055 1754
608 484 224 1056 1755
459 1044 226 1056 1755
178 1066 221 1056 1755
444 1069 231 1056 1755
562 348 227 1056 1755
464 1063 227 1056 1755
711 239 221 1057 1756
498 196 222 1057 1756
459 1045 226 1057 1756
178 1067 222 1057 1756
653 142 221 1057 1756
444 1070 229 1057 1756
562 349 227 1057 1756
464 1064 223 1057 1756
498 197 222 1058 1757
618 157 222 1058 1757
459 1046 231 1058 1757
444 1071 230 1058 1757
464 1065 225 1058 1757
608 487 221 1059 1758
459 1047 233 1059 1758
178 1069 221 1059 1758
444 1072 231 1059 1758
562 351 227 1059 1758
464 1066 225 1059 1758
711 242 228 1060 1759
498 199 224 1060 1759
459 1048 223 1060 1759
444 1073 221 1060 1759
464 1067 224 1060 1759
562 352 227 1060 1759
711 243 231 1061 1760
498 200 224 1061 1760
618 160 225 1061 1760
459 1049 227 1061 1760
178 1071 223 1061 1760
464 1068 227 1061 1760
562 353 227 1061 1760
139 1049 223 1062 1761
608 490 224 1062 1761
498 201 225 1062 1761
618 161 226 1062 1761
459 1050 227 1062 1761
178 1072 222 1062 1761
444 1075 223 1062 1761
464 1069 227 1062 1761
562 354 227 1062 1761
711 245 225 1063 1762
608 491 223 1063 1762
498 202 225 1063 1762
618 162 221 1063 1762
459 1051 232 1063 1762
444 1076 224 1063 1762
464 1070 223 1063 1762
562 355 227 1063 1762
711 246 223 1064 1763
608 492 223 1064 1763
498 203 225 1064 1763
459 1052 225 1064 1763
653 149 221 1064 1763
444 1077 223 1064 1763
464 1071 221 1064 1763
562 356 229 1064 1763
608 493 225 1065 1764
498 204 225 1065 1764
464 1072 224 1065 1764
562 357 231 1065 1764
711 248 225 1066 1765
498 205 228 1066 1765
464 1073 225 1066 1765
444 1079 224 1066 1765
562 358 235 1066 1765
498 206 231 1067 1766
688 3 225 1067 1766
618 166 221 1067 1766
653 152 222 1067 1766
464 1074 225 1067 1766
562 359 233 1067 1766
444 1080 233 1067 1766
711 250 223 1068 1767
498 207 227 1068 1767
688 4 226 1068 1767
464 1075 225 1068 1767
653 153 221 1068 1767
562 360 231 1068 1767
444 1081 233 1068 1767
688 5 230 1069 1768
464 1076 225 1069 1768
562 361 231 1069 1768
653 154 224 1069 1768
444 1082 233 1069 1768
409 163 221 1070 1769
608 498 222 1070 1769
688 6 231 1070 1769
153 139 221 1070 1769
562 362 232 1070 1769
653 155 223 1070 1769
444 1083 233 1070 1769
498 210 231 1071 1770
688 7 231 1071 1770
153 140 221 1071 1770
562 363 221 1071 1770
464 1078 221 1071 1770
653 156 221 1071 1770
608 500 233 1072 1771
498 211 221 1072 1771
688 8 231 1072 1771
618 171 223 1072 1771
562 364 225 1072 1771
464 1079 222 1072 1771
653 157 221 1072 1771
608 501 225 1073 1772
498 212 223 1073 1772
688 9 225 1073 1772
618 172 221 1073 1772
459 1061 223 1073 1772
562 365 224 1073 1772
464 1080 225 1073 1772
653 158 223 1073 1772
409 167 221 1074 1773
711 256 223 1074 1773
608 502 226 1074 1773
688 10 223 1074 1773
498 213 223 1074 1773
178 1084 222 1074 1773
459 1062 221 1074 1773
562 366 226 1074 1773
444 1087 229 1074 1773
653 159 225 1074 1773
409 168 221 1075 1774
608 503 230 1075 1774
459 1063 222 1075 1774
513 1073 223 1075 1774
562 367 225 1075 1774
464 1082 223 1075 1774
444 1088 227 1075 1774
409 169 221 1076 1775
516 1080 221 1076 1775
459 1064 229 1076 1775
618 175 227 1076 1775
513 1074 223 1076 1775
562 368 223 1076 1775
444 1089 226 1076 1775
409 170 221 1077 1776
711 259 221 1077 1776
608 505 223 1077 1776
688 13 226 1077 1776
498 216 225 1077 1776
464 1084 223 1077 1776
513 1075 224 1077 1776
562 369 230 1077 1776
444 1090 226 1077 1776
653 162 222 1077 1776
409 171 221 1078 1777
608 506 227 1078 1777
688 14 227 1078 1777
498 217 224 1078 1777
459 1066 223 1078 1777
562 370 225 1078 1777
444 1091 234 1078 1777
653 163 221 1078 1777
409 172 223 1079 1778
139 1066 222 1079 1778
608 507 225 1079 1778
688 15 227 1079 1778
498 218 226 1079 1778
562 371 224 1079 1778
444 1092 232 1079 1778
409 173 224 1080 1779
608 508 227 1080 1779
688 16 227 1080 1779
498 219 227 1080 1779
459 1068 222 1080 1779
153 149 223 1080 1779
562 372 226 1080 1779
444 1093 233 1080 1779
409 174 221 1081 1780
711 263 224 1081 1780
608 509 229 1081 1780
688 17 226 1081 1780
498 220 223 1081 1780
562 373 227 1081 1780
23 562 221 1081 1780
444 1094 228 1081 1780
608 510 221 1082 1781
688 18 227 1082 1781
498 221 227 1082 1781
459 1070 229 1082 1781
562 374 227 1082 1781
444 1095 226 1082 1781
608 511 221 1083 1782
688 19 229 1083 1782
498 222 225 1083 1782
459 1071 222 1083 1782
175 1034 221 1083 1782
444 1096 230 1083 1782
557 320 223 1083 1782
711 266 225 1084 1783
608 512 230 1084 1783
688 20 229 1084 1783
498 223 223 1084 1783
459 1072 223 1084 1783
464 1091 221 1084 1783
562 376 222 1084 1783
444 1097 229 1084 1783
23 565 225 1084 1783
653 169 226 1084 1783
608 513 223 1085 1784
688 21 227 1085 1784
459 1073 225 1085 1784
178 1095 227 1085 1784
562 377 221 1085 1784
444 1098 228 1085 1784
653 170 227 1085 1784
688 22 227 1086 1785
459 1074 224 1086 1785
444 1099 227 1086 1785
653 171 226 1086 1785
139 1074 226 1086 1785
711 269 224 1087 1786
608 515 223 1087 1786
688 23 225 1087 1786
459 1075 227 1087 1786
444 1100 226 1087 1786
653 172 227 1087 1786
139 1075 225 1087 1786
608 516 231 1088 1787
688 24 223 1088 1787
459 1076 221 1088 1787
444 1101 231 1088 1787
562 380 225 1088 1787
653 173 227 1088 1787
139 1076 229 1089 1788
608 517 231 1089 1788
688 25 223 1089 1788
459 1077 222 1089 1788
562 381 225 1089 1788
444 1102 231 1089 1788
464 1096 222 1089 1788
653 174 223 1089 1788
608 518 231 1090 1789
688 26 222 1090 1789
459 1078 227 1090 1789
562 382 227 1090 1789
653 175 221 1090 1789
608 519 225 1091 1790
688 27 229 1091 1790
459 1079 224 1091 1790
178 1101 224 1091 1790
562 383 224 1091 1790
653 176 223 1091 1790
498 231 223 1092 1791
459 1080 225 1092 1791
444 1105 227 1092 1791
562 384 225 1092 1791
464 1099 221 1092 1791
653 177 223 1092 1791
139 1080 228 1093 1792
498 232 224 1093 1792
459 1081 225 1093 1792
562 385 226 1093 1792
444 1106 225 1093 1792
464 1100 223 1093 1792
653 178 229 1093 1792
139 1081 223 1094 1793
498 233 226 1094 1793
444 1107 221 1094 1793
464 1101 223 1094 1793
653 179 223 1094 1793
498 234 221 1095 1794
459 1083 223 1095 1794
444 1108 231 1095 1794
562 387 231 1095 1794
464 1102 225 1095 1794
498 235 227 1096 1795
459 1084 221 1096 1795
562 388 229 1096 1795
608 525 229 1097 1796
688 33 221 1097 1796
498 236 229 1097 1796
459 1085 227 1097 1796
562 389 231 1097 1796
464 1104 223 1097 1796
653 182 222 1097 1796
23 578 221 1097 1796
608 526 224 1098 1797
688 34 223 1098 1797
498 237 230 1098 1797
459 1086 225 1098 1797
618 197 223 1098 1797
562 390 231 1098 1797
464 1105 224 1098 1797
653 183 223 1098 1797
23 579 221 1098 1797
139 1086 221 1099 1798
608 527 221 1099 1798
498 238 225 1099 1798
444 1112 228 1099 1798
562 391 227 1099 1798
464 1106 223 1099 1798
653 184 222 1099 1798
139 1087 222 1100 1799
608 528 221 1100 1799
459 1088 226 1100 1799
498 239 227 1100 1799
444 1113 228 1100 1799
178 1110 222 1100 1799
562 392 222 1100 1799
464 1107 223 1100 1799
653 185 222 1100 1799
711 283 221 1101 1800
608 529 221 1101 1800
516 1105 221 1101 1800
498 240 227 1101 1800
459 1089 225 1101 1800
444 1114 229 1101 1800
464 1108 224 1101 1800
562 393 223 1101 1800
653 186 223 1101 1800
608 530 221 1102 1801
12 157 223 1102 1801
498 241 229 1102 1801
459 1090 227 1102 1801
444 1115 228 1102 1801
562 394 223 1102 1801
653 187 221 1102 1801
23 583 225 1102 1801
139 1090 225 1103 1802
608 531 225 1103 1802
498 242 227 1103 1802
459 1091 227 1103 1802
444 1116 230 1103 1802
464 1110 221 1103 1802
653 188 221 1103 1802
139 1091 221 1104 1803
608 532 225 1104 1803
498 243 239 1104 1803
459 1092 227 1104 1803
444 1117 230 1104 1803
562 396 226 1104 1803
464 1111 223 1104 1803
653 189 223 1104 1803
139 1092 223 1105 1804
498 244 241 1105 1804
688 41 221 1105 1804
459 1093 221 1105 1804
444 1118 224 1105 1804
464 1112 223 1105 1804
653 190 225 1105 1804
139 1093 223 1106 1805
498 245 241 1106 1805
459 1094 225 1106 1805
444 1119 221 1106 1805
464 1113 224 1106 1805
653 191 225 1106 1805
139 1094 221 1107 1806
498 246 242 1107 1806
444 1120 230 1107 1806
464 1114 224 1107 1806
653 192 225 1107 1806
139 1095 223 1108 1807
498 247 242 1108 1807
459 1096 226 1108 1807
444 1121 227 1108 1807
464 1115 223 1108 1807
139 1096 224 1109 1808
498 248 242 1109 1808
459 1097 225 1109 1808
444 1122 224 1109 1808
464 1116 225 1109 1808
653 194 222 1109 1808
139 1097 230 1110 1809
688 46 222 1110 1809
498 249 245 1110 1809
444 1123 225 1110 1809
464 1117 224 1110 1809
562 402 223 1110 1809
688 47 223 1111 1810
498 250 241 1111 1810
513 1109 231 1111 1810
444 1124 226 1111 1810
608 540 233 1112 1811
498 251 225 1112 1811
459 1100 222 1112 1811
618 211 222 1112 1811
178 1122 221 1112 1811
444 1125 226 1112 1811
608 541 223 1113 1812
498 252 229 1113 1812
690 1056 221 1113 1812
618 212 221 1113 1812
444 1126 225 1113 1812
557 350 222 1113 1812
608 542 225 1114 1813
498 253 225 1114 1813
690 1057 221 1114 1813
459 1102 225 1114 1813
444 1127 226 1114 1813
557 351 227 1114 1813
608 543 227 1115 1814
498 254 226 1115 1814
459 1103 221 1115 1814
618 214 222 1115 1814
444 1128 226 1115 1814
653 200 226 1115 1814
608 544 225 1116 1815
498 255 225 1116 1815
618 215 221 1116 1815
178 1126 225 1116 1815
444 1129 221 1116 1815
653 201 225 1116 1815
608 545 221 1117 1816
498 256 227 1117 1816
459 1105 227 1117 1816
618 216 223 1117 1816
178 1127 222 1117 1816
444 1130 221 1117 1816
653 202 231 1117 1816
608 546 227 1118 1817
498 257 227 1118 1817
459 1106 223 1118 1817
653 203 225 1118 1817
608 547 223 1119 1818
498 258 227 1119 1818
459 1107 222 1119 1818
653 204 225 1119 1818
608 548 230 1120 1819
498 259 222 1120 1819
178 1130 221 1120 1819
653 205 225 1120 1819
608 549 228 1121 1820
498 260 223 1121 1820
618 220 222 1121 1820
459 1109 221 1121 1820
178 1131 223 1121 1820
653 206 226 1121 1820
139 1109 221 1122 1821
608 550 230 1122 1821
498 261 222 1122 1821
459 1110 227 1122 1821
653 207 225 1122 1821
139 1110 221 1123 1822
608 551 230 1123 1822
498 262 221 1123 1822
459 1111 227 1123 1822
653 208 225 1123 1822
608 552 230 1124 1823
498 263 224 1124 1823
459 1112 223 1124 1823
562 416 221 1124 1823
653 209 224 1124 1823
608 553 222 1125 1824
498 264 223 1125 1824
688 61 222 1125 1824
459 1113 225 1125 1824
562 417 221 1125 1824
745 1132 221 1125 1824
498 265 225 1126 1825
459 1114 227 1126 1825
653 211 223 1126 1825
101 1115 221 1127 1826
498 266 223 1127 1826
459 1115 224 1127 1826
618 226 221 1127 1826
444 1140 223 1127 1826
653 212 225 1127 1826
139 1115 225 1128 1827
608 556 229 1128 1827
498 267 224 1128 1827
690 1071 221 1128 1827
459 1116 229 1128 1827
618 227 221 1128 1827
178 1138 221 1128 1827
444 1141 223 1128 1827
653 213 224 1128 1827
608 557 224 1129 1828
498 268 223 1129 1828
12 184 223 1129 1828
444 1142 224 1129 1828
653 214 227 1129 1828
608 558 222 1130 1829
498 269 222 1130 1829
444 1143 224 1130 1829
153 199 223 1130 1829
653 215 227 1130 1829
608 559 223 1131 1830
498 270 224 1131 1830
12 186 223 1131 1830
444 1144 225 1131 1830
653 216 226 1131 1830
608 560 225 1132 1831
498 271 225 1132 1831
444 1145 225 1132 1831
557 369 223 1132 1831
653 217 226 1132 1831
498 272 222 1133 1832
444 1146 227 1133 1832
153 202 223 1133 1832
653 218 224 1133 1832
608 562 230 1134 1833
498 273 222 1134 1833
178 1144 223 1134 1833
516 1138 221 1134 1833
444 1147 229 1134 1833
153 203 225 1134 1833
409 228 223 1134 1833
608 563 227 1135 1834
498 274 225 1135 1834
178 1145 229 1135 1834
444 1148 227 1135 1834
153 204 221 1135 1834
653 220 223 1135 1834
409 229 221 1135 1834
608 564 231 1136 1835
178 1146 225 1136 1835
444 1149 225 1136 1835
653 221 223 1136 1835
608 565 233 1137 1836
498 276 226 1137 1836
178 1147 223 1137 1836
444 1150 227 1137 1836
608 566 230 1138 1837
618 237 222 1138 1837
444 1151 223 1138 1837
464 1145 221 1138 1837
608 567 229 1139 1838
618 238 225 1139 1838
444 1152 225 1139 1838
562 431 221 1139 1838
711 322 225 1140 1839
608 568 229 1140 1839
153 209 224 1140 1839
711 323 223 1141 1840
608 569 228 1141 1840
513 1139 221 1141 1840
409 235 221 1141 1840
711 324 221 1142 1841
608 570 231 1142 1841
690 1085 221 1142 1841
444 1155 224 1142 1841
653 227 226 1142 1841
608 571 229 1143 1842
688 79 221 1143 1842
444 1156 224 1143 1842
153 212 222 1143 1842
711 326 222 1144 1843
608 572 231 1144 1843
688 80 221 1144 1843
444 1157 225 1144 1843
153 213 221 1144 1843
711 327 223 1145 1844
608 573 229 1145 1844
498 284 223 1145 1844
690 1088 223 1145 1844
444 1158 225 1145 1844
139 1133 221 1146 1845
608 574 229 1146 1845
688 82 222 1146 1845
690 1089 223 1146 1845
444 1159 226 1146 1845
153 215 221 1146 1845
608 575 229 1147 1846
498 286 226 1147 1846
690 1090 222 1147 1846
444 1160 227 1147 1846
153 216 221 1147 1846
562 439 222 1147 1846
409 241 224 1147 1846
23 628 221 1148 1847
608 576 227 1148 1847
444 1161 225 1148 1847
153 217 223 1148 1847
562 440 223 1148 1847
409 242 223 1148 1847
23 629 222 1149 1848
608 577 229 1149 1848
444 1162 227 1149 1848
153 218 222 1149 1848
513 1147 222 1149 1848
562 441 221 1149 1848
409 243 221 1149 1848
711 332 223 1150 1849
608 578 221 1150 1849
444 1163 222 1150 1849
562 442 223 1150 1849
711 333 221 1151 1850
498 290 227 1151 1850
690 1094 227 1151 1850
444 1164 225 1151 1850
562 443 222 1151 1850
23 632 228 1151 1850
498 291 223 1152 1851
444 1165 226 1152 1851
653 237 225 1152 1851
153 221 223 1152 1851
562 444 221 1152 1851
608 581 231 1153 1852
653 238 221 1153 1852
409 247 228 1153 1852
608 582 225 1154 1853
688 90 223 1154 1853
498 293 225 1154 1853
653 239 225 1154 1853
464 1161 223 1154 1853
562 446 227 1154 1853
409 248 223 1154 1853
711 337 224 1155 1854
608 583 225 1155 1854
498 294 241 1155 1854
754 424 223 1155 1854
516 1159 221 1155 1854
444 1168 223 1155 1854
409 249 223 1155 1854
608 584 233 1156 1855
754 425 224 1156 1855
444 1169 224 1156 1855
516 1160 225 1156 1855
653 241 222 1156 1855
464 1163 235 1156 1855
12 17 221 1156 1855
688 1 222 1156 1855
711 339 231 1157 1856
498 296 221 1157 1856
251 137 225 1157 1856
688 2 227 1157 1856
711 340 233 1158 1857
711 341 222 1159 1858
312 1152 223 1159 1858
688 4 233 1159 1858
136 936 225 1160 1859
400 3 222 1160 1859
311 68 237 1160 1859
166 301 224 1166 1865
745 1173 221 1166 1865
763 263 223 1167 1866
677 400 235 1167 1866
413 587 227 1167 1866
763 264 222 1168 1867
413 588 221 1168 1867
520 1174 245 1169 1868
495 1160 222 1169 1868
364 1174 223 1169 1868
229 1181 231 1170 1869
520 1175 239 1170 1869
400 14 227 1171 1870
421 91 223 1172 1871
400 15 225 1172 1871
84 1176 222 1172 1871
262 149 225 1172 1871
678 601 223 1173 1872
699 1073 231 1173 1872
651 1178 222 1173 1872
15 239 223 1173 1872
618 10 223 1173 1872
270 673 225 1173 1872
488 1176 237 1173 1872
764 1112 222 1173 1872
788 1142 246 1173 1872
699 1074 221 1174 1873
618 11 222 1174 1873
270 674 222 1174 1873
488 1177 222 1174 1873
788 1143 227 1174 1873
764 1113 230 1174 1873
421 94 229 1175 1874
678 603 224 1175 1874
319 1182 223 1175 1874
699 1075 225 1175 1874
488 1178 230 1175 1874
788 1144 231 1175 1874
242 250 232 1176 1875
421 95 231 1176 1875
788 1145 235 1176 1875
421 96 221 1177 1876
242 251 232 1177 1876
319 1184 223 1177 1876
174 484 229 1177 1876
270 677 228 1177 1876
788 1146 229 1177 1876
620 1185 227 1177 1876
421 97 225 1178 1877
17 899 223 1178 1877
228 167 221 1178 1877
488 1181 226 1178 1877
788 1147 230 1178 1877
242 253 223 1179 1878
699 1079 221 1179 1878
400 22 224 1179 1878
488 1182 223 1179 1878
788 1148 224 1179 1878
400 23 227 1180 1879
618 17 224 1180 1879
788 1149 230 1180 1879
620 1188 225 1180 1879
242 255 222 1181 1880
678 609 221 1181 1880
174 488 229 1181 1880
488 1184 221 1181 1880
270 681 228 1181 1880
620 1189 225 1181 1880
788 1150 231 1181 1880
242 256 227 1182 1881
678 610 222 1182 1881
400 25 223 1182 1881
488 1185 223 1182 1881
788 1151 238 1182 1881
421 102 224 1183 1882
242 257 225 1183 1882
400 26 228 1183 1882
618 20 227 1183 1882
270 683 221 1183 1882
488 1186 223 1183 1882
788 1152 229 1183 1882
620 1191 226 1183 1882
400 27 225 1184 1883
319 1191 224 1184 1883
174 491 223 1184 1883
618 21 225 1184 1883
788 1153 222 1184 1883
488 1187 225 1184 1883
421 104 228 1185 1884
242 259 227 1185 1884
400 28 221 1185 1884
270 685 231 1185 1884
788 1154 226 1185 1884
488 1188 225 1185 1884
242 260 225 1186 1885
788 1155 232 1186 1885
270 686 228 1186 1885
242 261 223 1187 1886
421 106 235 1187 1886
678 615 222 1187 1886
788 1156 232 1187 1886
764 1126 222 1187 1886
488 1190 221 1187 1886
620 1195 222 1187 1886
421 107 225 1188 1887
678 616 222 1188 1887
400 31 221 1188 1887
618 25 224 1188 1887
788 1157 227 1188 1887
620 1196 225 1188 1887
421 108 224 1189 1888
618 26 226 1189 1888
228 178 221 1189 1888
788 1158 231 1189 1888
764 1128 226 1189 1888
620 1197 224 1189 1888
678 618 221 1190 1889
421 109 226 1190 1889
228 179 222 1190 1889
618 27 225 1190 1889
270 690 223 1190 1889
488 1193 224 1190 1889
242 265 223 1191 1890
678 619 225 1191 1890
618 28 226 1191 1890
788 1160 233 1191 1890
764 1130 221 1191 1890
678 620 224 1192 1891
421 111 235 1192 1891
618 29 226 1192 1891
488 1195 221 1192 1891
788 1161 235 1192 1891
764 1131 223 1192 1891
678 621 224 1193 1892
421 112 227 1193 1892
228 182 221 1193 1892
270 693 221 1193 1892
488 1196 225 1193 1892
788 1162 231 1193 1892
620 1201 222 1193 1892
242 268 221 1194 1893
678 622 221 1194 1893
421 113 227 1194 1893
319 1201 224 1194 1893
488 1197 226 1194 1893
788 1163 225 1194 1893
242 269 224 1195 1894
678 623 222 1195 1894
421 114 227 1195 1894
400 38 225 1195 1894
788 1164 227 1195 1894
242 270 221 1196 1895
421 115 229 1196 1895
618 33 223 1196 1895
270 696 229 1196 1895
421 116 229 1197 1896
400 40 223 1197 1896
270 697 226 1197 1896
620 1205 221 1197 1896
421 117 223 1198 1897
620 1206 221 1198 1897
788 1167 221 1198 1897
242 273 221 1199 1898
678 627 221 1199 1898
421 118 221 1199 1898
400 42 225 1199 1898
270 699 222 1199 1898
421 119 226 1200 1899
678 628 222 1200 1899
174 507 222 1200 1899
678 629 223 1201 1900
421 120 227 1201 1900
319 1208 224 1201 1900
678 630 221 1202 1901
421 121 231 1202 1901
319 1209 222 1202 1901
788 1171 223 1202 1901
421 122 231 1203 1902
15 269 223 1203 1902
618 40 221 1203 1902
421 123 228 1204 1903
400 47 225 1204 1903
488 1207 222 1204 1903
270 704 221 1204 1903
620 1212 225 1204 1903
421 124 231 1205 1904
400 48 226 1205 1904
319 1212 227 1205 1904
764 1144 223 1205 1904
678 634 225 1206 1905
242 280 221 1206 1905
421 125 230 1206 1905
319 1213 223 1206 1905
270 706 221 1206 1905
242 281 222 1207 1906
618 44 223 1207 1906
270 707 222 1207 1906
620 1215 223 1207 1906
678 636 223 1208 1907
400 51 221 1208 1907
242 283 225 1209 1908
421 128 233 1209 1908
699 1109 224 1209 1908
764 1148 221 1209 1908
242 284 222 1210 1909
421 129 227 1210 1909
400 53 223 1210 1909
618 47 224 1210 1909
788 1179 235 1210 1909
421 130 228 1211 1910
174 518 230 1211 1910
270 711 225 1211 1910
242 286 221 1212 1911
421 131 233 1212 1911
174 519 221 1212 1911
270 712 227 1212 1911
764 1151 223 1212 1911
788 1181 222 1212 1911
421 132 223 1213 1912
678 641 221 1213 1912
174 520 222 1213 1912
270 713 224 1213 1912
620 1221 221 1213 1912
764 1152 223 1213 1912
421 133 227 1214 1913
270 714 221 1214 1913
620 1222 223 1214 1913
421 134 233 1215 1914
270 715 221 1215 1914
620 1223 221 1215 1914
788 1184 225 1215 1914
421 135 227 1216 1915
270 716 223 1216 1915
788 1185 223 1216 1915
421 136 227 1217 1916
270 717 225 1217 1916
788 1186 222 1217 1916
421 137 224 1218 1917
270 718 225 1218 1917
788 1187 225 1218 1917
421 138 223 1219 1918
319 1226 221 1219 1918
270 719 224 1219 1918
618 56 221 1219 1918
421 139 228 1220 1919
319 1227 225 1220 1919
776 117 221 1220 1919
788 1189 221 1220 1919
421 140 223 1221 1920
400 64 235 1221 1920
788 1190 231 1221 1920
319 1229 221 1222 1921
400 65 232 1222 1921
788 1191 231 1222 1921
421 142 226 1223 1922
699 1123 222 1223 1922
618 60 221 1223 1922
174 530 221 1223 1922
270 723 223 1223 1922
788 1192 229 1223 1922
421 143 224 1224 1923
174 531 225 1224 1923
788 1193 232 1224 1923
242 299 225 1225 1924
488 1228 221 1225 1924
174 532 221 1225 1924
788 1194 224 1225 1924
421 145 223 1226 1925
270 726 229 1226 1925
788 1195 224 1226 1925
270 727 224 1227 1926
764 1166 221 1227 1926
788 1196 225 1227 1926
678 656 221 1228 1927
400 71 231 1228 1927
242 302 223 1228 1927
788 1197 222 1228 1927
421 148 221 1229 1928
400 72 227 1229 1928
242 303 227 1229 1928
270 729 225 1229 1928
788 1198 222 1229 1928
242 304 227 1230 1929
488 1233 221 1230 1929
270 730 226 1230 1929
788 1199 222 1230 1929
242 305 233 1231 1930
400 74 231 1231 1930
699 1131 222 1231 1930
17 952 224 1231 1930
270 731 231 1231 1930
620 1239 221 1231 1930
788 1200 228 1231 1930
421 151 237 1232 1931
242 306 229 1232 1931
400 75 222 1232 1931
699 1132 224 1232 1931
270 732 221 1232 1931
764 1171 221 1232 1931
620 1240 225 1232 1931
788 1201 238 1232 1931
421 152 222 1233 1932
242 307 223 1233 1932
400 76 227 1233 1932
174 540 223 1233 1932
270 733 227 1233 1932
788 1202 237 1233 1932
421 153 223 1234 1933
242 308 224 1234 1933
400 77 227 1234 1933
488 1237 225 1234 1933
270 734 225 1234 1933
174 541 222 1234 1933
788 1203 231 1234 1933
421 154 233 1235 1934
242 309 227 1235 1934
400 78 231 1235 1934
270 735 227 1235 1934
764 1174 223 1235 1934
620 1243 232 1235 1934
788 1204 231 1235 1934
421 155 232 1236 1935
678 664 222 1236 1935
242 310 224 1236 1935
400 79 225 1236 1935
788 1205 221 1236 1935
421 156 226 1237 1936
242 311 224 1237 1936
400 80 228 1237 1936
488 1240 223 1237 1936
788 1206 239 1237 1936
421 157 229 1238 1937
400 81 235 1238 1937
228 227 223 1238 1937
174 545 225 1238 1937
270 738 227 1238 1937
788 1207 241 1238 1937
421 158 222 1239 1938
242 313 222 1239 1938
400 82 231 1239 1938
270 739 233 1239 1938
620 1247 221 1239 1938
788 1208 238 1239 1938
421 159 221 1240 1939
400 83 225 1240 1939
228 229 221 1240 1939
270 740 233 1240 1939
788 1209 234 1240 1939
242 315 221 1241 1940
400 84 224 1241 1940
174 548 222 1241 1940
270 741 226 1241 1940
788 1210 240 1241 1940
400 85 232 1242 1941
270 742 222 1242 1941
788 1211 237 1242 1941
400 86 232 1243 1942
270 743 229 1243 1942
788 1212 231 1243 1942
788 1213 235 1244 1943
242 319 222 1245 1944
270 745 226 1245 1944
788 1214 233 1245 1944
174 553 235 1246 1945
270 746 231 1246 1945
788 1215 237 1246 1945
17 968 221 1247 1946
270 747 237 1247 1946
788 1216 232 1247 1946
421 167 222 1248 1947
242 322 223 1248 1947
400 91 223 1248 1947
270 748 235 1248 1947
788 1217 239 1248 1947
421 168 223 1249 1948
242 323 223 1249 1948
400 92 225 1249 1948
270 749 235 1249 1948
788 1218 227 1249 1948
242 324 227 1250 1949
174 557 223 1250 1949
270 750 223 1250 1949
400 94 232 1251 1950
174 558 241 1251 1950
270 751 223 1251 1950
788 1220 227 1251 1950
421 171 222 1252 1951
242 326 221 1252 1951
400 95 225 1252 1951
17 973 223 1252 1951
270 752 235 1252 1951
788 1221 229 1252 1951
421 172 226 1253 1952
242 327 221 1253 1952
400 96 221 1253 1952
174 560 231 1253 1952
270 753 233 1253 1952
788 1222 224 1253 1952
421 173 223 1254 1953
242 328 227 1254 1953
400 97 223 1254 1953
270 754 223 1254 1953
788 1223 227 1254 1953
242 329 224 1255 1954
270 755 227 1255 1954
65 185 221 1255 1954
788 1224 221 1255 1954
270 756 227 1256 1955
65 186 221 1256 1955
598 369 221 1256 1955
788 1225 233 1256 1955
242 331 225 1257 1956
400 100 223 1257 1956
270 757 226 1257 1956
421 177 227 1258 1957
242 332 226 1258 1957
400 101 227 1258 1957
270 758 225 1258 1957
620 1266 223 1258 1957
598 371 221 1258 1957
421 178 225 1259 1958
242 333 225 1259 1958
400 102 236 1259 1958
174 566 225 1259 1958
270 759 233 1259 1958
620 1267 229 1259 1958
788 1228 235 1260 1959
270 760 228 1260 1959
618 97 223 1260 1959
620 1268 227 1260 1959
788 1229 239 1261 1960
421 180 231 1261 1960
242 335 221 1261 1960
400 104 223 1261 1960
270 761 228 1261 1960
788 1230 235 1261 1960
421 181 227 1262 1961
400 105 229 1262 1961
270 762 231 1262 1961
788 1231 235 1262 1961
242 337 222 1263 1962
421 182 230 1263 1962
400 106 223 1263 1962
174 570 221 1263 1962
699 1163 224 1263 1962
770 709 221 1263 1962
788 1232 245 1264 1963
242 338 228 1264 1963
421 183 227 1264 1963
270 764 225 1264 1963
788 1233 233 1264 1963
421 184 223 1265 1964
270 765 232 1265 1964
764 1204 223 1265 1964
788 1234 232 1266 1965
242 340 223 1266 1965
421 185 225 1266 1965
270 766 224 1266 1965
788 1235 234 1267 1966
421 186 224 1267 1966
242 342 221 1268 1967
421 187 227 1268 1967
400 111 231 1268 1967
174 575 221 1268 1967
228 257 222 1268 1967
699 1168 221 1268 1967
270 768 227 1268 1967
788 1237 235 1269 1968
421 188 231 1269 1968
242 343 225 1269 1968
270 769 225 1269 1968
788 1238 238 1270 1969
242 344 222 1270 1969
421 189 227 1270 1969
400 113 239 1270 1969
270 770 222 1270 1969
620 1278 224 1270 1969
242 345 227 1271 1970
400 114 233 1271 1970
174 578 221 1271 1970
270 771 229 1271 1970
620 1279 237 1271 1970
788 1240 233 1271 1970
421 191 221 1272 1971
400 115 224 1272 1971
270 772 221 1272 1971
620 1280 251 1272 1971
788 1241 229 1272 1971
421 192 222 1273 1972
400 116 229 1273 1972
270 773 225 1273 1972
620 1281 224 1273 1972
788 1242 231 1273 1972
270 774 224 1274 1973
788 1243 227 1274 1973
174 582 225 1275 1974
270 775 223 1275 1974
788 1244 240 1275 1974
242 350 221 1276 1975
421 195 223 1276 1975
400 119 229 1276 1975
174 583 227 1276 1975
270 776 223 1276 1975
788 1245 231 1276 1975
270 777 237 1277 1976
788 1246 235 1277 1976
421 197 225 1278 1977
174 585 226 1278 1977
270 778 229 1278 1977
620 1286 222 1278 1977
788 1247 237 1278 1977
421 198 227 1279 1978
242 353 225 1279 1978
270 779 231 1279 1978
620 1287 225 1279 1978
788 1248 231 1280 1979
421 199 233 1280 1979
242 354 229 1280 1979
400 123 233 1280 1979
174 587 227 1280 1979
488 1283 221 1280 1979
270 780 225 1280 1979
788 1249 231 1280 1979
421 200 231 1281 1980
242 355 229 1281 1980
174 588 227 1281 1980
228 270 222 1281 1980
270 781 229 1281 1980
620 1289 221 1281 1980
788 1250 221 1281 1980
421 201 231 1282 1981
174 589 229 1282 1981
764 1221 221 1282 1981
270 782 223 1282 1981
788 1251 224 1282 1981
421 202 231 1283 1982
242 357 225 1283 1982
270 783 226 1283 1982
242 358 223 1284 1983
421 203 227 1284 1983
174 591 231 1284 1983
788 1253 225 1284 1983
242 359 222 1285 1984
421 204 231 1285 1984
174 592 226 1285 1984
618 122 222 1285 1984
270 785 225 1285 1984
788 1254 223 1285 1984
242 360 230 1286 1985
421 205 232 1286 1985
174 593 230 1286 1985
699 1186 223 1286 1985
270 786 227 1286 1985
620 1294 222 1286 1985
788 1255 229 1286 1985
242 361 223 1287 1986
421 206 228 1287 1986
174 594 227 1287 1986
270 787 228 1287 1986
620 1295 221 1287 1986
788 1256 232 1288 1987
242 362 230 1288 1987
421 207 221 1288 1987
174 595 227 1288 1987
270 788 221 1288 1987
620 1296 221 1288 1987
788 1257 227 1289 1988
242 363 225 1289 1988
421 208 227 1289 1988
174 596 229 1289 1988
270 789 227 1289 1988
620 1297 224 1289 1988
788 1258 222 1290 1989
242 364 225 1290 1989
421 209 231 1290 1989
620 1298 221 1290 1989
788 1259 233 1291 1990
242 365 225 1291 1990
421 210 231 1291 1990
174 598 223 1291 1990
620 1300 225 1292 1991
270 792 227 1292 1991
788 1261 237 1293 1992
421 212 225 1293 1992
174 600 227 1293 1992
764 1232 221 1293 1992
270 793 225 1293 1992
620 1301 223 1293 1992
788 1262 241 1294 1993
242 368 227 1294 1993
788 1263 230 1295 1994
400 138 225 1295 1994
228 284 221 1295 1994
270 795 225 1295 1994
788 1264 231 1296 1995
678 724 223 1296 1995
242 370 225 1296 1995
421 215 230 1296 1995
400 139 223 1296 1995
788 1265 236 1297 1996
242 371 223 1297 1996
400 140 232 1297 1996
788 1266 235 1298 1997
242 372 227 1298 1997
421 217 227 1298 1997
788 1267 233 1299 1998
242 373 224 1299 1998
764 1238 223 1299 1998
788 1268 233 1300 1999
242 374 231 1300 1999
421 219 225 1300 1999
174 607 222 1300 1999
764 1239 224 1300 1999
788 1269 235 1301 2000
242 375 229 1301 2000
174 608 221 1301 2000
764 1240 225 1301 2000
788 1270 239 1302 2001
242 376 223 1302 2001
174 609 224 1302 2001
788 1271 233 1303 2002
678 731 223 1303 2002
242 377 223 1303 2002
764 1242 221 1303 2002
788 1272 230 1304 2003
242 378 229 1304 2003
764 1243 224 1304 2003
242 379 229 1305 2004
421 224 223 1305 2004
764 1244 227 1305 2004
788 1274 233 1306 2005
242 380 227 1306 2005
421 225 230 1306 2005
764 1245 227 1306 2005
270 806 221 1306 2005
788 1275 229 1307 2006
242 381 230 1307 2006
421 226 223 1307 2006
764 1246 223 1307 2006
270 807 223 1307 2006
788 1276 226 1308 2007
242 382 229 1308 2007
270 808 221 1308 2007
788 1277 225 1309 2008
788 1278 229 1310 2009
421 229 221 1310 2009
270 810 221 1310 2009
788 1279 230 1311 2010
242 385 226 1311 2010
421 230 223 1311 2010
788 1280 231 1312 2011
242 386 226 1312 2011
174 619 223 1312 2011
788 1281 233 1313 2012
242 387 226 1313 2012
788 1282 241 1314 2013
242 388 231 1314 2013
421 233 224 1314 2013
174 621 221 1314 2013
620 1322 225 1314 2013
788 1283 241 1315 2014
242 389 231 1315 2014
421 234 225 1315 2014
620 1323 222 1315 2014
788 1284 241 1316 2015
242 390 229 1316 2015
421 235 225 1316 2015
270 816 227 1316 2015
620 1324 221 1316 2015
788 1285 227 1317 2016
242 391 225 1317 2016
421 236 227 1317 2016
788 1286 227 1318 2017
242 392 221 1318 2017
788 1287 224 1319 2018
242 393 222 1319 2018
788 1288 225 1320 2019
421 239 222 1320 2019
400 163 223 1320 2019
788 1289 229 1321 2020
242 395 227 1321 2020
678 749 221 1321 2020
400 164 223 1321 2020
174 628 227 1321 2020
699 1221 227 1321 2020
488 1324 221 1321 2020
134 678 221 1322 2021
421 241 225 1322 2021
699 1222 222 1322 2021
788 1291 233 1323 2022
319 1330 227 1323 2022
400 166 230 1323 2022
618 160 227 1323 2022
620 1331 221 1323 2022
788 1292 236 1323 2022
431 389 221 1324 2023
421 243 223 1324 2023
676 1330 221 1324 2023
620 1332 225 1324 2023
788 1293 225 1324 2023
368 76 235 1325 2024
788 1294 239 1325 2024
205 24 222 1326 2025
242 400 232 1326 2025
421 245 227 1326 2025
685 175 222 1326 2025
256 1112 225 1327 2026
239 412 235 1328 2027
761 1328 223 1328 2027
20 144 235 1328 2027
383 308 231 1328 2027
532 164 223 1328 2027
368 79 238 1328 2027
490 7 222 1329 2028
571 446 226 1329 2028
641 1313 243 1329 2028
35 1281 234 1330 2029
65 261 225 1331 2030
373 435 227 1333 2032
172 1339 225 1333 2032
