744 81 242 2 654
744 83 246 4 656
744 84 239 5 657
744 88 243 9 661
744 89 241 10 662
744 90 246 11 663
744 91 240 12 664
115 1 231 16 668
115 2 227 17 669
744 100 222 21 673
147 2 235 34 686
579 2 231 35 687
147 3 225 35 687
579 4 231 37 689
536 1 227 37 689
463 2 227 38 690
579 5 233 38 690
536 2 224 38 690
299 3 227 38 690
290 1 226 38 690
536 3 224 39 691
290 2 221 39 691
299 4 231 39 691
463 4 235 40 692
536 4 223 40 692
290 3 239 40 692
299 5 229 40 692
536 5 225 41 693
463 6 232 42 694
579 9 221 42 694
290 5 224 42 694
463 7 231 43 695
579 10 221 43 695
536 7 223 43 695
299 8 230 43 695
463 8 231 44 696
536 8 223 44 696
290 7 223 44 696
299 9 231 44 696
463 9 227 45 697
744 124 223 45 697
536 9 223 45 697
147 13 221 45 697
290 8 221 45 697
299 10 223 45 697
299 11 223 46 698
147 16 221 48 700
290 11 223 48 700
536 13 233 49 701
299 14 221 49 701
290 14 228 51 703
299 16 233 52 704
463 16 229 52 704
696 5 221 52 704
290 15 235 52 704
299 17 225 52 704
536 17 231 53 705
744 132 223 53 705
696 6 221 53 705
299 18 233 53 705
290 16 233 53 705
463 18 233 54 706
536 18 224 54 706
299 19 226 54 706
290 17 233 55 707
463 19 231 55 707
579 22 223 55 707
744 134 222 55 707
299 20 228 55 707
696 8 223 55 707
290 18 233 55 707
463 20 231 56 708
579 23 223 56 708
536 20 226 56 708
299 21 229 56 708
696 9 222 56 708
290 19 227 56 708
299 22 227 57 709
290 20 223 57 709
463 22 225 58 710
299 23 231 58 710
290 21 234 58 710
536 23 223 59 711
299 24 229 59 711
290 22 227 59 711
463 24 228 60 712
579 27 223 60 712
536 24 221 60 712
299 25 225 60 712
290 23 227 60 712
463 25 227 61 713
579 28 221 61 713
536 25 227 61 713
147 29 225 61 713
299 26 227 61 713
290 24 223 61 713
579 29 225 62 714
505 98 226 62 714
744 141 223 62 714
505 99 229 63 715
505 100 223 64 716
536 29 229 65 717
696 18 221 65 717
531 3 223 66 718
536 30 227 66 718
147 34 222 66 718
290 29 237 66 718
696 19 223 66 718
463 31 227 67 719
299 32 226 67 719
531 5 225 68 720
536 32 229 68 720
463 33 224 69 721
531 6 231 69 721
536 33 230 69 721
299 34 223 69 721
290 32 226 69 721
463 34 224 70 722
155 22 221 70 722
536 34 223 70 722
299 35 225 70 722
290 33 221 70 722
536 35 223 71 723
299 36 225 71 723
290 34 222 71 723
536 36 224 72 724
299 37 225 72 724
463 39 225 75 727
536 39 226 75 727
579 44 239 77 729
531 14 222 77 729
536 41 227 77 729
290 40 221 77 729
147 46 222 78 730
299 43 222 78 730
536 43 231 79 731
290 42 231 79 731
299 44 225 79 731
579 47 221 80 732
692 35 223 80 732
536 44 221 80 732
536 45 224 81 733
290 44 231 81 733
299 46 227 81 733
147 50 221 82 734
290 45 221 82 734
579 50 221 83 735
155 35 231 83 735
299 48 228 83 735
290 46 223 83 735
299 49 221 84 736
290 47 232 84 736
290 48 225 85 737
579 53 221 86 738
463 50 223 86 738
536 50 223 86 738
299 51 228 86 738
290 49 225 86 738
696 40 223 87 739
290 50 229 87 739
579 55 223 88 740
463 52 221 88 740
299 53 223 88 740
290 51 227 88 740
463 53 221 89 741
299 54 226 89 741
290 52 223 89 741
463 54 227 90 742
463 55 229 91 743
579 59 227 92 744
463 56 225 92 744
299 57 221 92 744
290 55 225 92 744
463 57 222 93 745
579 61 223 94 746
463 58 227 94 746
536 58 227 94 746
696 47 225 94 746
299 59 225 94 746
290 57 227 94 746
579 62 228 95 747
147 63 223 95 747
536 59 234 95 747
290 58 223 95 747
463 60 231 96 748
147 64 225 96 748
536 60 235 96 748
696 49 223 96 748
463 61 222 97 749
299 1 225 97 749
147 65 231 97 749
536 61 227 97 749
290 60 229 98 750
299 2 233 98 750
147 66 221 98 750
536 62 225 98 750
290 61 231 99 751
299 3 231 99 751
147 67 234 99 751
536 63 221 99 751
290 62 229 100 752
579 67 225 100 752
299 4 231 100 752
147 68 227 100 752
536 64 225 100 752
290 63 233 101 753
579 68 226 101 753
463 65 222 101 753
299 5 223 101 753
147 69 224 101 753
463 66 223 102 754
147 70 224 102 754
290 65 228 102 754
463 67 221 103 755
299 7 225 103 755
531 40 222 103 755
147 71 227 103 755
290 66 225 104 756
579 71 222 104 756
463 68 232 104 756
299 8 222 104 756
501 32 227 104 756
696 57 224 105 757
290 67 225 105 757
579 72 227 105 757
463 69 232 105 757
501 33 223 105 757
290 68 225 105 757
579 73 225 106 758
299 10 221 106 758
501 34 223 106 758
147 74 231 106 758
744 185 222 106 758
290 69 222 106 758
579 74 221 107 759
463 71 229 107 759
299 11 222 107 759
147 75 231 107 759
290 70 231 107 759
696 60 222 108 760
579 75 223 108 760
463 72 233 108 760
299 12 221 108 760
147 76 229 108 760
290 71 231 108 760
579 76 221 109 761
696 61 223 109 761
463 73 235 109 761
299 13 229 109 761
536 73 221 109 761
290 72 227 109 761
463 74 231 110 762
744 189 223 110 762
536 74 222 110 762
290 73 231 110 762
299 15 229 111 763
463 76 231 112 764
299 16 225 112 764
290 75 221 112 764
463 77 231 113 765
299 17 225 113 765
290 76 223 113 765
579 81 221 114 766
299 18 224 114 766
531 51 222 114 766
290 77 226 114 766
463 79 222 115 767
299 19 227 115 767
290 78 226 115 767
299 20 229 116 768
290 79 227 116 768
299 21 227 117 769
290 80 233 118 770
463 82 224 118 770
299 22 224 118 770
463 83 225 119 771
299 23 224 119 771
290 82 224 120 772
299 24 222 120 772
579 88 223 121 773
463 85 227 121 773
290 84 226 122 774
463 86 231 122 774
290 85 234 123 775
579 90 224 123 775
299 27 223 123 775
536 87 223 123 775
290 86 231 123 775
696 76 226 124 776
299 28 226 124 776
463 89 224 125 777
696 77 227 125 777
463 90 232 126 778
696 78 226 126 778
531 63 223 126 778
464 87 223 126 778
696 79 235 127 779
531 64 231 127 779
463 92 222 128 780
463 93 223 129 781
531 66 232 129 781
531 67 231 130 782
531 68 235 131 783
388 95 221 134 786
217 103 221 141 793
709 94 221 142 794
113 32 237 143 795
115 129 230 155 807
115 130 242 156 808
115 134 225 160 812
113 54 223 165 817
744 245 231 167 819
113 56 221 167 819
709 119 223 167 819
303 118 225 168 820
709 120 229 168 820
628 158 234 169 821
709 121 221 169 821
196 118 221 169 821
539 4 226 170 822
148 125 229 170 822
709 122 224 170 822
441 67 221 171 823
539 5 221 171 823
115 146 221 172 824
628 161 223 172 824
744 251 227 173 825
115 147 221 173 825
441 69 231 173 825
539 7 224 173 825
115 148 231 174 826
441 71 233 175 827
539 9 229 175 827
744 254 235 176 828
441 72 223 176 828
628 165 225 176 828
744 255 225 177 829
441 73 223 177 829
115 151 223 177 829
303 127 223 177 829
539 12 230 178 830
628 167 221 178 830
755 131 235 178 830
96 114 225 179 831
744 257 221 179 831
441 75 242 179 831
303 129 223 179 831
96 115 225 180 832
441 76 235 180 832
115 154 223 180 832
539 14 222 180 832
303 130 221 180 832
96 116 223 181 833
744 259 221 181 833
539 15 222 181 833
628 170 225 181 833
303 131 221 181 833
96 117 222 182 834
115 156 225 182 834
303 132 224 182 834
709 134 224 182 834
115 157 238 183 835
113 72 227 183 835
96 121 232 186 838
744 264 223 186 838
113 75 231 186 838
755 139 223 186 838
96 122 227 187 839
113 76 232 187 839
755 140 231 187 839
96 123 233 188 840
744 266 231 188 840
113 77 227 188 840
115 162 228 188 840
755 141 235 188 840
303 138 227 188 840
709 140 222 188 840
148 144 225 189 841
755 142 227 189 841
96 126 223 191 843
96 127 226 192 844
113 81 235 192 844
96 128 222 193 845
96 129 221 194 846
744 272 223 194 846
115 168 221 194 846
113 83 237 194 846
96 130 225 195 847
744 273 226 195 847
96 133 247 198 850
96 134 241 199 851
96 135 241 200 852
96 136 242 201 853
96 137 249 202 854
96 138 252 203 855
96 139 251 204 856
96 140 244 205 857
96 141 246 206 858
96 142 248 207 859
115 181 221 207 859
96 143 250 208 860
96 144 246 209 861
115 184 222 210 862
303 160 222 210 862
755 163 223 210 862
755 164 223 211 863
755 165 222 212 864
539 51 223 217 869
441 114 221 218 870
755 181 221 228 880
115 207 221 233 885
96 168 221 233 885
113 130 228 241 893
113 131 231 242 894
113 133 227 244 896
113 134 227 245 897
196 194 221 246 898
113 135 239 246 898
113 136 227 247 899
113 137 231 248 900
744 334 221 256 908
303 206 221 256 908
441 154 227 258 910
148 213 226 258 910
196 206 223 258 910
709 210 221 258 910
196 207 223 259 911
709 211 225 259 911
744 339 227 261 913
148 218 221 263 915
744 343 227 265 917
744 344 230 266 918
441 177 222 281 933
441 178 221 282 934
196 248 221 300 952
196 249 221 301 953
196 269 223 321 973
196 274 221 326 978
115 66 239 337 989
115 67 237 338 990
115 68 234 339 991
115 69 225 340 992
115 70 226 341 993
115 71 235 342 994
115 82 228 353 1005
115 83 227 354 1006
696 308 223 357 1009
696 311 223 360 1012
716 321 221 362 1014
115 96 221 367 1019
402 327 223 370 1022
299 27 221 377 1029
686 320 221 380 1032
74 345 221 380 1032
76 260 229 381 1033
394 335 221 382 1034
451 345 221 383 1035
335 341 221 383 1035
694 314 241 386 1038
757 318 237 386 1038
99 76 223 387 1039
96 330 222 395 1047
323 284 233 401 1053
73 29 231 402 1054
323 285 226 402 1054
73 30 231 403 1055
491 221 221 406 1058
210 358 231 412 1064
229 377 232 412 1064
299 81 240 460 1112
299 82 238 461 1113
299 83 241 462 1114
299 84 244 463 1115
524 48 223 465 1117
299 105 224 484 1136
299 106 228 485 1137
491 303 221 488 1140
76 379 225 500 1152
299 121 231 500 1152
495 447 221 503 1155
468 463 228 505 1157
355 176 223 505 1157
495 449 235 505 1157
435 346 222 508 1160
74 491 229 526 1178
74 492 221 527 1179
227 412 223 529 1181
227 413 223 530 1182
93 420 221 546 1198
451 510 221 547 1199
451 511 221 548 1200
686 489 224 549 1201
554 507 221 549 1201
554 508 223 550 1202
451 513 221 550 1202
603 505 221 553 1205
603 506 221 554 1206
603 507 221 555 1207
603 508 222 556 1208
123 495 221 556 1208
603 509 222 557 1209
123 496 221 557 1209
603 512 221 560 1212
353 97 233 575 1227
353 99 231 577 1229
493 527 224 584 1236
229 551 221 586 1238
191 335 225 587 1239
601 553 221 590 1242
394 547 225 594 1246
559 429 221 594 1246
208 556 223 594 1246
151 78 227 594 1246
451 560 223 597 1249
13 520 223 599 1251
13 521 223 600 1252
99 289 221 600 1252
13 522 222 601 1253
99 290 222 601 1253
554 561 221 603 1255
13 524 222 603 1255
554 562 225 604 1256
13 525 221 604 1256
13 526 221 605 1257
93 480 227 606 1258
468 564 221 606 1258
156 171 228 609 1261
13 531 221 610 1262
155 176 225 619 1271
13 540 221 619 1271
115 348 225 619 1271
115 351 229 622 1274
101 571 221 629 1281
101 575 221 633 1285
399 16 222 634 1286
399 17 222 635 1287
399 18 221 636 1288
101 578 222 637 1289
399 19 222 637 1289
101 579 223 638 1290
101 580 223 639 1291
156 14 222 639 1291
101 581 221 640 1292
749 275 235 640 1292
527 598 226 640 1292
115 373 233 645 1297
115 384 221 655 1307
115 385 232 656 1308
115 386 224 657 1309
115 387 228 658 1310
115 392 223 663 1315
115 414 226 685 1337
115 415 222 686 1338
115 425 225 696 1348
115 426 223 697 1349
115 458 225 729 1381
115 460 222 731 1383
115 461 224 732 1384
115 463 223 734 1386
115 465 227 736 1388
115 466 233 737 1389
115 467 231 738 1390
115 468 230 739 1391
558 688 225 746 1398
399 128 222 746 1398
558 690 229 748 1400
558 691 232 749 1401
558 692 236 750 1402
558 693 229 751 1403
558 694 223 752 1404
399 147 221 765 1417
399 149 223 767 1419
399 150 223 768 1420
399 159 221 777 1429
399 160 224 778 1430
221 737 221 779 1431
558 721 225 779 1431
221 738 223 780 1432
399 162 223 780 1432
399 165 221 783 1435
399 169 222 787 1439
692 686 227 791 1443
692 687 231 792 1444
692 688 227 793 1445
558 736 227 794 1446
692 689 225 794 1446
692 690 223 795 1447
692 694 221 799 1451
386 348 222 801 1453
403 93 221 803 1455
399 4 222 806 1458
692 701 224 806 1458
692 704 221 809 1461
692 705 228 810 1462
692 706 227 811 1463
692 711 224 816 1468
386 366 224 819 1471
386 369 223 822 1474
221 783 226 825 1477
149 146 224 832 1484
416 788 221 832 1484
692 729 223 834 1486
386 382 223 835 1487
692 730 223 835 1487
386 383 221 836 1488
734 711 223 837 1489
399 35 221 837 1489
734 712 235 838 1490
734 713 239 839 1491
386 386 222 839 1491
386 387 222 840 1492
390 798 222 844 1496
423 794 221 845 1497
390 801 224 847 1499
386 396 221 849 1501
614 800 223 849 1501
558 793 223 851 1503
614 802 221 851 1503
558 795 221 853 1505
558 798 221 856 1508
390 811 221 857 1509
224 719 224 857 1509
558 803 224 861 1513
224 724 223 862 1514
558 808 225 866 1518
558 809 223 867 1519
558 811 227 869 1521
676 833 221 873 1525
694 481 223 874 1526
97 646 221 874 1526
558 816 221 874 1526
694 483 221 876 1528
694 484 221 877 1529
558 819 222 877 1529
694 485 226 878 1530
694 486 226 879 1531
82 770 221 880 1532
386 429 223 882 1534
58 508 226 883 1535
491 774 226 959 1611
606 10 221 976 1628
606 13 223 979 1631
606 14 223 980 1632
6 169 222 1012 1664
115 3 221 1139 1791
115 4 227 1140 1792
115 5 231 1141 1793
115 6 232 1142 1794
115 9 227 1145 1797
115 10 225 1146 1798
115 14 222 1150 1802
115 15 224 1151 1803
115 20 224 1156 1808
115 22 227 1158 1810
115 23 225 1159 1811
115 24 227 1160 1812
115 25 222 1161 1813
115 26 223 1162 1814
115 27 224 1163 1815
115 29 221 1165 1817
115 31 225 1167 1819
547 1135 226 1174 1826
180 136 246 1174 1826
180 137 241 1175 1827
180 138 221 1176 1828
180 140 231 1178 1830
180 142 246 1180 1832
115 46 228 1182 1834
115 47 223 1183 1835
771 96 222 1186 1838
491 1031 221 1216 1868
491 1067 222 1252 1904
32 1200 221 1264 1916
32 1204 221 1268 1920
115 6 224 1284 1936
115 7 224 1285 1937
115 8 221 1286 1938
115 9 232 1287 1939
115 11 227 1289 1941
115 14 222 1292 1944
115 15 231 1293 1945
115 16 223 1294 1946
115 17 221 1295 1947
115 18 224 1296 1948
115 23 233 1301 1953
180 275 225 1312 1964
180 276 232 1314 1966
180 280 231 1317 1969
180 281 223 1318 1970
180 282 228 1319 1971
180 283 237 1320 1972
607 1245 223 1321 1973
180 284 234 1321 1973
180 285 229 1322 1974
607 1247 223 1322 1974
8 1227 225 1323 1975
180 286 227 1323 1975
607 1248 223 1324 1976
180 287 240 1324 1976
180 288 247 1325 1977
180 289 230 1326 1978
180 290 241 1328 1980
607 1253 222 1328 1980
180 291 233 1329 1981
607 1254 226 1329 1981
180 292 244 1330 1982
180 293 225 1331 1983
180 294 233 1332 1984
607 1257 225 1332 1984
8 1237 234 1333 1985
607 1258 235 1333 1985
334 1224 221 1335 1987
283 985 221 1336 1988
607 1261 230 1336 1988
334 1226 223 1337 1989
83 732 221 1337 1989
607 1262 223 1337 1989
607 1263 223 1338 1990
334 1228 223 1339 1991
334 1229 223 1340 1992
334 1230 223 1341 1993
334 1231 225 1342 1994
83 737 221 1342 1994
607 1267 222 1342 1994
607 1268 221 1343 1995
334 1233 221 1344 1996
607 1269 222 1344 1996
607 1271 224 1346 1998
334 1236 223 1347 1999
83 742 223 1347 1999
334 1237 223 1348 2000
607 1273 221 1348 2000
334 1239 221 1350 2002
607 1276 225 1351 2003
607 1278 225 1354 2006
607 1280 221 1355 2007
607 1283 224 1358 2010
607 1284 225 1359 2011
334 1250 223 1361 2013
334 1251 222 1362 2014
334 1252 223 1363 2015
83 760 236 1365 2017
607 1290 227 1365 2017
334 1255 225 1366 2018
292 70 223 1366 2018
334 1256 222 1367 2019
