99 52 224 0 755
99 53 231 1 756
99 54 224 2 757
99 55 228 3 758
99 56 227 4 759
99 57 235 5 760
99 58 225 6 761
99 59 235 7 762
99 60 221 8 763
99 61 229 9 764
99 63 228 11 766
99 65 231 13 768
99 66 229 14 769
99 67 223 15 770
99 68 226 16 771
99 69 224 17 772
99 70 225 18 773
225 1 235 18 773
225 4 221 21 776
225 5 221 22 777
664 73 225 22 777
537 70 229 24 779
225 7 223 24 779
97 5 227 24 779
99 77 223 25 780
743 1 224 25 780
425 84 224 27 782
397 58 224 27 782
598 93 225 29 784
675 93 223 29 784
385 54 230 29 784
364 91 221 29 784
322 79 239 29 784
539 13 221 30 785
28 84 222 30 785
397 62 221 32 787
610 20 233 32 787
559 84 223 32 787
557 102 223 34 789
238 73 222 34 789
609 43 226 34 789
377 129 223 34 789
493 81 222 35 790
238 74 223 35 790
377 130 225 35 790
475 60 221 35 790
458 106 228 35 790
419 80 223 35 790
191 104 228 35 790
730 90 231 36 791
238 75 229 36 791
475 61 228 36 791
419 81 221 36 791
191 105 231 36 791
298 29 224 36 791
690 36 221 37 792
730 91 223 37 792
458 108 223 37 792
632 82 229 37 792
419 82 237 37 792
191 106 223 37 792
730 92 225 38 793
609 47 224 38 793
458 109 236 38 793
475 63 223 38 793
191 107 229 38 793
214 92 222 38 793
504 91 229 38 793
730 93 230 39 794
493 85 224 39 794
295 72 225 39 794
557 107 221 39 794
238 78 221 39 794
458 110 225 39 794
419 84 224 39 794
701 99 229 39 794
504 92 227 39 794
730 94 226 40 795
295 73 225 40 795
238 79 225 40 795
191 109 222 40 795
23 105 221 40 795
504 93 221 40 795
730 95 223 41 796
295 74 232 41 796
557 109 221 41 796
238 80 222 41 796
377 136 221 41 796
419 86 227 41 796
730 96 221 42 797
377 137 227 42 797
701 102 221 42 797
504 95 226 42 797
730 97 223 43 798
377 138 231 43 798
701 103 223 43 798
730 98 221 44 799
458 115 224 44 799
504 97 225 44 799
377 140 239 45 800
632 5 223 45 800
191 114 224 45 800
504 98 230 45 800
730 100 221 46 801
458 117 225 46 801
730 101 221 47 802
238 86 223 47 802
458 118 223 47 802
632 7 223 47 802
191 116 231 47 802
298 40 225 47 802
23 112 221 47 802
701 107 225 47 802
504 100 245 48 803
191 117 233 48 803
419 93 223 48 803
701 108 221 48 803
238 88 224 49 804
632 9 223 49 804
23 114 221 49 804
504 102 224 49 804
493 96 223 50 805
295 83 221 50 805
458 121 236 50 805
701 110 223 50 805
730 105 227 51 806
377 146 227 51 806
377 147 221 52 807
191 121 221 52 807
377 148 227 53 808
377 149 222 54 809
191 123 226 54 809
377 150 229 55 810
191 124 224 55 810
730 110 221 56 811
377 151 226 56 811
419 101 221 56 811
191 125 221 56 811
388 120 223 56 811
730 111 231 57 812
419 102 221 57 812
191 126 225 57 812
504 110 221 57 812
690 57 221 58 813
238 97 221 58 813
377 153 223 58 813
191 127 221 58 813
388 122 224 58 813
730 113 235 59 814
377 154 227 59 814
388 123 221 59 814
730 114 221 60 815
377 155 235 60 815
493 107 222 61 816
504 114 223 61 816
388 125 222 61 816
730 116 233 62 817
377 157 221 62 817
504 115 223 62 817
504 116 229 63 818
701 123 224 63 818
730 118 221 63 818
295 97 221 64 819
458 135 232 64 819
557 132 221 64 819
419 109 229 64 819
458 136 235 65 820
419 110 225 65 820
191 134 233 65 820
458 137 223 66 821
475 91 223 66 821
388 130 224 66 821
730 121 223 66 821
458 138 227 67 822
632 27 223 67 822
730 122 231 67 822
632 28 221 68 823
388 132 223 68 823
458 140 221 69 824
730 124 225 69 824
458 141 221 70 825
730 125 238 70 825
493 117 227 70 825
557 139 221 71 826
504 124 225 71 826
730 126 226 71 826
295 105 223 72 827
609 81 223 72 827
458 143 231 72 827
632 32 226 72 827
377 167 239 72 827
730 127 230 72 827
388 136 225 72 827
295 106 222 73 828
458 144 227 73 828
609 83 225 74 829
458 145 227 74 829
377 169 223 74 829
730 129 222 74 829
388 138 231 74 829
295 108 221 75 830
458 146 221 75 830
377 170 221 75 830
730 130 233 75 830
493 122 222 75 830
388 139 235 75 830
458 147 228 76 831
377 171 226 76 831
493 124 223 77 832
458 149 223 78 833
377 173 229 78 833
419 123 221 78 833
504 131 221 78 833
238 118 221 79 834
458 150 225 79 834
730 134 224 79 834
388 143 221 79 834
690 79 223 79 834
458 151 223 80 835
295 114 223 81 836
191 150 225 81 836
493 128 221 81 836
388 145 222 81 836
377 177 226 82 837
458 153 226 82 837
632 42 223 82 837
388 146 223 82 837
295 116 222 83 838
458 154 224 83 838
632 43 221 83 838
419 128 227 83 838
504 136 223 83 838
493 130 221 83 838
377 179 226 84 839
458 155 229 84 839
609 94 224 85 840
458 156 225 85 840
504 138 221 85 840
730 140 225 85 840
493 132 223 85 840
377 181 238 86 841
458 157 223 86 841
191 155 221 86 841
419 131 223 86 841
730 141 238 86 841
377 182 235 87 842
458 158 225 87 842
419 132 221 87 842
730 142 229 87 842
377 183 233 88 843
458 159 223 88 843
419 133 221 88 843
377 184 221 89 844
458 160 227 89 844
730 144 226 89 844
377 185 223 90 845
557 158 224 90 845
419 135 223 90 845
377 186 235 91 846
295 125 221 92 847
458 163 225 92 847
377 187 234 92 847
191 161 223 92 847
419 137 221 92 847
23 157 224 92 847
377 188 231 93 848
458 164 231 93 848
419 138 226 93 848
701 153 222 93 848
377 189 223 94 849
557 162 223 94 849
730 149 227 94 849
238 134 222 94 849
295 128 223 94 849
377 190 235 95 850
419 140 222 95 850
701 155 221 95 850
458 167 223 96 851
377 191 235 96 851
458 168 227 97 852
377 192 234 97 852
557 165 222 97 852
419 142 225 97 852
730 152 222 97 852
377 193 227 98 853
458 169 234 98 853
458 170 233 99 854
377 195 232 100 855
458 171 234 100 855
377 196 223 101 856
377 197 229 102 857
730 157 222 102 857
377 198 231 103 858
458 174 223 103 858
730 158 227 103 858
377 199 235 104 859
458 175 221 104 859
730 159 231 104 859
377 200 228 105 860
458 176 223 105 860
191 174 221 105 860
730 160 235 105 860
377 201 237 106 861
609 116 224 107 862
377 202 233 107 862
475 132 226 107 862
377 203 227 108 863
458 179 221 108 863
377 204 225 109 864
458 180 221 109 864
458 181 223 110 865
295 144 223 110 865
377 206 227 111 866
419 156 223 111 866
419 157 223 112 867
419 158 225 113 868
504 166 223 113 868
730 168 226 113 868
377 209 225 114 869
419 159 223 114 869
238 154 221 114 869
377 210 223 115 870
419 160 227 115 870
730 170 222 115 870
238 155 223 115 870
377 211 228 116 871
458 187 222 116 871
191 185 221 116 871
377 212 223 117 872
419 162 222 117 872
191 186 226 117 872
730 174 229 119 874
377 215 227 120 875
458 191 228 120 875
377 216 229 121 876
419 166 221 121 876
493 168 222 121 876
377 217 235 122 877
191 191 225 122 877
388 186 223 122 877
295 156 221 122 877
377 218 223 123 878
191 192 221 123 878
730 178 225 123 878
295 157 223 123 878
377 219 227 124 879
419 169 229 124 879
730 179 223 124 879
377 220 222 125 880
377 221 231 126 881
458 197 230 126 881
191 196 221 127 882
377 224 227 129 884
493 176 221 129 884
377 225 227 130 885
458 201 222 130 885
191 199 222 130 885
377 226 222 131 886
557 200 222 132 887
191 202 223 133 888
377 229 227 134 889
419 179 221 134 889
191 204 225 135 890
458 208 229 137 892
504 190 223 137 892
377 233 225 138 893
458 209 241 138 893
191 207 224 138 893
458 210 241 139 894
475 164 221 139 894
419 184 221 139 894
191 208 226 139 894
377 235 226 140 895
458 211 225 140 895
557 208 221 140 895
419 185 225 140 895
191 209 221 140 895
504 193 226 140 895
701 200 221 140 895
377 236 222 141 896
458 212 231 141 896
191 210 227 141 896
504 194 231 141 896
458 213 237 142 897
191 211 222 142 897
458 214 239 143 898
557 211 221 143 898
191 212 226 143 898
504 196 224 143 898
458 215 239 144 899
191 213 225 144 899
504 197 222 144 899
295 178 221 145 900
377 240 221 145 900
458 216 237 145 900
557 213 222 145 900
191 214 225 145 900
504 198 226 145 900
730 200 225 145 900
458 217 237 146 901
475 171 225 146 901
557 214 222 146 901
504 199 225 146 901
493 193 221 146 901
377 242 224 147 902
191 216 225 147 902
504 200 225 147 902
690 147 221 147 902
295 181 223 148 903
377 243 233 148 903
504 201 227 148 903
238 188 225 148 903
377 244 231 149 904
458 220 235 149 904
458 221 225 150 905
191 2 224 151 906
377 247 233 152 907
632 112 223 152 907
191 3 229 152 907
504 205 223 152 907
377 248 223 153 908
504 207 221 154 909
730 209 222 154 909
298 147 223 154 909
377 250 227 155 910
458 226 225 155 910
419 200 233 155 910
377 251 240 156 911
458 227 223 156 911
419 201 227 156 911
191 7 231 156 911
504 209 223 156 911
377 252 226 157 912
377 253 221 158 913
730 213 221 158 913
458 230 223 159 914
504 212 236 159 914
730 214 225 159 914
377 255 235 160 915
458 231 233 160 915
730 215 225 160 915
238 200 223 160 915
377 256 235 161 916
458 232 237 161 916
557 229 224 161 916
493 208 223 161 916
377 257 227 162 917
458 233 239 162 917
191 13 231 162 917
557 230 225 162 917
504 215 230 162 917
730 217 225 162 917
493 209 222 162 917
238 202 222 162 917
295 196 223 163 918
377 258 234 163 918
458 234 221 163 918
557 231 222 163 918
388 227 223 163 918
504 216 223 163 918
701 223 223 163 918
295 197 221 164 919
377 259 236 164 919
458 235 237 164 919
504 217 224 164 919
730 219 235 164 919
377 260 226 165 920
504 218 222 165 920
730 220 236 165 920
191 17 221 166 921
730 221 237 166 921
377 262 223 167 922
557 235 223 167 922
730 222 234 167 922
458 239 225 168 923
504 221 221 168 923
730 223 226 168 923
458 240 223 169 924
730 224 232 169 924
458 241 231 170 925
419 215 221 170 925
377 266 225 171 926
458 242 236 171 926
557 239 221 171 926
377 267 227 172 927
458 243 221 172 927
377 270 235 175 930
504 228 225 175 930
388 240 221 176 931
377 272 227 177 932
377 273 221 178 933
458 249 223 178 933
377 274 228 179 934
730 237 224 182 937
377 278 225 183 938
730 238 238 183 938
419 229 221 184 939
377 279 235 184 939
458 255 225 184 939
191 35 222 184 939
730 239 225 184 939
377 280 221 185 940
458 256 239 185 940
191 36 225 185 940
730 240 228 185 940
419 231 221 186 941
458 257 224 186 941
191 37 223 186 941
419 232 221 187 942
377 282 222 187 942
458 258 221 187 942
191 38 224 187 942
493 234 221 187 942
458 259 221 188 943
191 40 223 189 944
730 244 226 189 944
504 242 221 189 944
493 236 223 189 944
377 285 223 190 945
504 243 221 190 945
377 286 222 191 946
730 246 223 191 946
191 43 233 192 947
504 245 223 192 947
690 192 221 192 947
191 44 234 193 948
458 265 225 194 949
730 249 221 194 949
504 247 221 194 949
377 290 226 195 950
191 46 234 195 950
504 248 234 195 950
493 242 222 195 950
377 291 226 196 951
458 267 223 196 951
191 47 226 196 951
504 249 223 196 951
458 268 221 197 952
191 48 222 197 952
493 244 223 197 952
377 293 233 198 953
419 243 223 198 953
191 49 230 198 953
377 294 227 199 954
419 244 222 199 954
458 270 225 199 954
191 50 233 199 954
504 252 225 199 954
419 245 223 200 955
377 295 225 200 955
557 268 223 200 955
191 51 228 200 955
458 272 225 201 956
458 273 223 202 957
458 274 222 203 958
730 258 227 203 958
458 275 223 204 959
730 259 228 204 959
730 260 225 205 960
493 252 225 205 960
377 301 225 206 961
458 277 227 206 961
730 261 221 206 961
493 253 221 206 961
191 58 221 207 962
238 247 222 207 962
377 303 227 208 963
458 279 227 208 963
701 268 222 208 963
377 304 226 209 964
458 280 225 209 964
191 60 227 209 964
238 249 222 209 964
458 281 226 210 965
377 306 233 211 966
458 282 223 211 966
191 62 222 211 966
475 236 225 211 966
701 271 221 211 966
493 258 221 211 966
377 307 221 212 967
191 63 223 212 967
504 265 223 212 967
458 284 223 213 968
730 268 221 213 968
377 309 227 214 969
191 65 222 214 969
377 310 234 215 970
458 286 224 215 970
191 66 223 215 970
377 311 227 216 971
458 287 223 216 971
377 312 225 217 972
458 288 225 217 972
377 313 232 218 973
458 289 225 218 973
191 69 221 218 973
557 287 221 219 974
377 314 222 219 974
377 315 231 220 975
191 71 225 220 975
458 291 227 220 975
504 273 225 220 975
690 220 221 220 975
504 274 228 221 976
377 317 222 222 977
458 293 227 222 977
730 277 231 222 977
419 268 221 223 978
295 256 221 223 978
458 294 223 223 978
730 278 224 223 978
377 319 221 224 979
730 279 237 224 979
504 277 221 224 979
458 296 225 225 980
504 278 221 225 980
419 271 221 226 981
557 294 223 226 981
458 297 227 226 981
730 281 224 226 981
377 322 231 227 982
493 274 223 227 982
23 293 221 228 983
730 283 226 228 983
298 221 221 229 984
458 300 232 229 984
730 284 223 229 984
493 276 224 229 984
377 325 233 230 985
191 81 225 230 985
690 230 224 230 985
504 283 223 230 985
493 277 223 230 985
377 326 234 231 986
191 82 221 231 986
730 286 223 231 986
377 327 225 232 987
191 83 227 232 987
458 303 221 232 987
701 292 221 232 987
377 328 225 233 988
690 233 226 233 988
504 286 221 233 988
377 329 240 234 989
191 85 221 234 989
690 234 236 234 989
419 280 221 235 990
690 235 235 235 990
504 288 224 235 990
493 282 222 236 991
557 304 222 236 991
377 331 233 236 991
730 291 228 236 991
388 300 223 236 991
690 236 227 236 991
377 332 235 237 992
191 88 221 237 992
690 237 231 237 992
377 333 241 238 993
377 334 222 239 994
690 239 228 239 994
493 286 227 240 995
557 308 221 240 995
377 335 221 240 995
191 91 221 240 995
690 240 238 240 995
504 293 221 240 995
493 287 226 241 996
295 274 221 241 996
377 336 224 241 996
191 92 227 241 996
458 312 222 241 996
690 241 238 241 996
504 294 223 241 996
557 310 223 242 997
191 93 224 242 997
493 289 227 243 998
377 338 225 243 998
690 243 234 243 998
504 296 223 243 998
377 339 227 244 999
690 244 230 244 999
377 340 227 245 1000
690 245 239 245 1000
214 187 223 245 1000
504 298 225 245 1000
493 292 221 245 1000
557 315 221 247 1002
690 247 225 247 1002
557 316 221 248 1003
690 248 229 248 1003
504 301 228 248 1003
493 295 223 248 1003
557 317 221 249 1004
377 344 231 249 1004
191 100 223 249 1004
377 345 233 250 1005
191 101 224 250 1005
690 250 227 250 1005
504 303 227 250 1005
493 297 229 250 1005
557 319 224 251 1006
377 346 225 251 1006
690 251 223 251 1006
504 304 225 251 1006
493 298 225 251 1006
238 291 223 252 1007
377 347 234 252 1007
377 348 235 253 1008
23 318 221 253 1008
690 253 223 253 1008
504 306 229 253 1008
557 322 225 254 1009
377 349 229 254 1009
690 254 224 254 1009
557 323 226 255 1010
377 350 226 255 1010
458 326 223 255 1010
701 317 224 257 1012
504 310 231 257 1012
191 109 224 258 1013
295 291 221 258 1013
701 318 223 258 1013
475 283 223 258 1013
298 251 221 258 1013
238 298 224 259 1014
377 354 231 259 1014
23 324 231 259 1014
632 220 239 260 1015
214 202 225 260 1015
238 300 225 261 1016
690 261 227 261 1016
72 177 225 263 1018
656 324 221 264 1019
31 329 229 265 1020
340 297 225 265 1020
31 330 221 266 1021
340 298 222 266 1021
137 320 231 266 1021
250 324 231 266 1021
137 321 226 267 1022
31 332 221 268 1023
187 321 228 268 1023
137 322 240 268 1023
107 11 224 269 1024
464 332 227 269 1024
31 333 226 269 1024
187 322 226 269 1024
137 323 223 269 1024
31 334 224 270 1025
187 323 223 270 1025
137 324 222 270 1025
187 324 229 271 1026
340 304 221 272 1027
187 325 224 272 1027
107 15 250 273 1028
464 336 243 273 1028
31 337 225 273 1028
527 335 231 273 1028
250 331 222 273 1028
107 16 237 274 1029
464 337 225 274 1029
527 336 221 274 1029
364 336 224 274 1029
340 306 225 274 1029
187 327 241 274 1029
137 328 233 274 1029
117 244 226 274 1029
631 9 228 274 1029
398 341 221 275 1030
31 339 221 275 1030
527 337 226 275 1030
364 337 221 275 1030
137 329 227 275 1030
31 340 222 276 1031
527 338 235 276 1031
187 329 227 276 1031
347 333 222 276 1031
31 341 233 277 1032
340 309 224 277 1032
250 335 234 277 1032
137 331 236 277 1032
347 334 221 277 1032
398 344 221 278 1033
107 20 231 278 1033
527 340 225 278 1033
137 332 231 278 1033
631 13 222 278 1033
107 21 223 279 1034
464 342 221 279 1034
31 343 226 279 1034
187 332 223 279 1034
347 336 224 279 1034
107 22 227 280 1035
30 13 221 280 1035
364 342 221 280 1035
527 342 226 280 1035
187 333 221 280 1035
250 338 223 280 1035
137 334 239 280 1035
107 23 227 281 1036
364 343 221 281 1036
340 313 227 281 1036
187 334 224 281 1036
250 339 223 281 1036
137 335 224 281 1036
631 16 222 281 1036
710 304 221 281 1036
31 346 231 282 1037
527 344 225 282 1037
364 344 226 282 1037
250 340 221 282 1037
631 17 230 282 1037
107 25 223 283 1038
398 349 221 283 1038
31 347 225 283 1038
364 345 223 283 1038
187 336 221 283 1038
137 337 227 283 1038
31 348 222 284 1039
527 346 227 284 1039
364 346 233 284 1039
340 316 228 284 1039
187 337 221 284 1039
250 342 233 284 1039
347 341 221 284 1039
31 349 227 285 1040
527 347 228 285 1040
340 317 235 285 1040
187 338 221 285 1040
250 343 229 285 1040
137 339 231 285 1040
631 20 223 285 1040
31 350 224 286 1041
527 348 223 286 1041
187 339 225 286 1041
250 344 233 286 1041
137 340 224 286 1041
117 256 223 286 1041
527 349 221 287 1042
250 345 225 287 1042
137 341 224 287 1042
464 351 221 288 1043
340 320 222 288 1043
187 341 223 288 1043
364 350 229 288 1043
250 346 225 288 1043
137 342 231 288 1043
31 353 227 289 1044
250 347 225 289 1044
137 343 230 289 1044
31 354 225 290 1045
187 343 226 290 1045
364 352 222 290 1045
250 348 223 290 1045
137 344 234 290 1045
107 33 224 291 1046
31 355 221 291 1046
187 344 226 291 1046
364 353 229 291 1046
137 345 232 291 1046
117 261 223 291 1046
107 34 224 292 1047
30 25 221 292 1047
340 324 224 292 1047
364 354 224 292 1047
250 350 227 292 1047
137 346 239 292 1047
107 35 221 293 1048
464 356 223 293 1048
31 357 222 293 1048
340 325 227 293 1048
137 347 235 293 1048
107 36 222 294 1049
31 358 233 294 1049
187 347 226 294 1049
340 326 226 294 1049
250 352 228 294 1049
137 348 234 294 1049
464 358 222 295 1050
31 359 233 295 1050
187 348 227 295 1050
527 357 227 295 1050
364 357 225 295 1050
137 349 230 295 1050
464 359 223 296 1051
31 360 232 296 1051
527 358 228 296 1051
187 349 232 296 1051
340 328 221 296 1051
137 350 239 296 1051
31 361 234 297 1052
187 350 227 297 1052
527 359 227 297 1052
364 359 221 297 1052
137 351 235 297 1052
31 362 223 298 1053
187 351 229 298 1053
137 352 237 298 1053
31 363 221 299 1054
527 361 223 299 1054
187 352 229 299 1054
364 361 222 299 1054
137 353 232 299 1054
527 362 222 300 1055
187 353 228 300 1055
137 354 234 300 1055
631 35 221 301 1056
31 365 225 301 1056
527 363 223 301 1056
187 354 226 301 1056
137 355 231 301 1056
464 365 222 302 1057
31 366 225 302 1057
527 364 222 302 1057
187 355 224 302 1057
250 360 223 302 1057
137 356 227 302 1057
464 366 221 303 1058
187 356 221 303 1058
137 357 231 303 1058
31 368 227 304 1059
187 357 221 304 1059
137 358 229 304 1059
398 371 221 305 1060
31 369 224 305 1060
364 367 224 305 1060
187 358 227 305 1060
250 363 223 305 1060
137 359 231 305 1060
464 369 222 306 1061
187 359 233 306 1061
364 368 225 306 1061
250 364 223 306 1061
137 360 235 306 1061
347 363 223 306 1061
631 41 221 307 1062
107 49 227 307 1062
464 370 223 307 1062
31 371 223 307 1062
187 360 223 307 1062
137 361 221 307 1062
31 372 221 308 1063
527 370 225 308 1063
187 361 223 308 1063
340 340 223 308 1063
250 366 234 308 1063
137 362 222 308 1063
107 51 226 309 1064
30 42 221 309 1064
398 375 223 309 1064
31 373 229 309 1064
187 362 223 309 1064
527 371 224 309 1064
364 371 225 309 1064
250 367 236 309 1064
340 341 223 309 1064
137 363 225 309 1064
31 374 229 310 1065
527 372 227 310 1065
364 372 224 310 1065
340 342 225 310 1065
250 368 247 310 1065
31 375 221 311 1066
527 373 223 311 1066
187 364 225 311 1066
364 373 224 311 1066
250 369 237 311 1066
30 45 222 312 1067
187 365 223 312 1067
364 374 227 312 1067
340 344 223 312 1067
250 370 225 312 1067
527 375 225 313 1068
187 366 223 313 1068
340 345 225 313 1068
250 371 232 313 1068
107 56 223 314 1069
30 47 223 314 1069
31 378 227 314 1069
187 367 222 314 1069
250 372 234 314 1069
340 347 222 315 1070
364 377 229 315 1070
250 373 231 315 1070
107 58 221 316 1071
31 380 223 316 1071
187 369 224 316 1071
340 348 223 316 1071
364 378 223 316 1071
250 374 222 316 1071
107 59 221 317 1072
30 50 225 317 1072
31 381 224 317 1072
527 379 223 317 1072
250 375 233 317 1072
31 382 226 318 1073
187 371 223 318 1073
340 350 227 318 1073
364 380 221 318 1073
250 376 234 318 1073
137 372 223 318 1073
31 383 222 319 1074
527 381 227 319 1074
340 351 222 319 1074
250 377 227 319 1074
107 62 221 320 1075
527 382 225 320 1075
364 382 229 320 1075
340 352 226 320 1075
250 378 231 320 1075
398 387 222 321 1076
31 385 223 321 1076
527 383 221 321 1076
250 379 232 321 1076
31 386 224 322 1077
527 384 225 322 1077
364 384 221 322 1077
340 354 223 322 1077
250 380 232 322 1077
137 376 221 322 1077
31 387 227 323 1078
364 385 228 323 1078
340 355 223 323 1078
250 381 226 323 1078
31 388 233 324 1079
364 386 232 324 1079
527 386 223 324 1079
250 382 235 324 1079
398 391 223 325 1080
31 389 226 325 1080
364 387 227 325 1080
250 383 230 325 1080
631 14 226 325 1080
464 389 221 326 1081
107 68 225 326 1081
398 392 225 326 1081
30 59 225 326 1081
364 388 225 326 1081
340 358 231 326 1081
250 384 233 326 1081
137 380 231 326 1081
631 15 223 327 1082
464 390 222 327 1082
107 69 225 327 1082
30 60 225 327 1082
398 393 221 327 1082
364 389 233 327 1082
340 359 223 327 1082
137 381 221 327 1082
117 297 221 327 1082
31 392 221 328 1083
364 390 226 328 1083
464 392 223 329 1084
31 393 225 329 1084
364 391 223 329 1084
527 391 231 329 1084
250 387 227 329 1084
464 393 223 330 1085
31 394 234 330 1085
364 392 231 330 1085
527 392 221 330 1085
250 388 225 330 1085
137 384 227 330 1085
31 395 225 331 1086
187 384 222 331 1086
527 393 233 331 1086
250 389 225 331 1086
137 385 221 331 1086
347 388 221 331 1086
464 395 222 332 1087
30 65 223 332 1087
398 398 221 332 1087
31 396 227 332 1087
364 394 237 332 1087
340 364 224 332 1087
527 394 231 332 1087
117 302 221 332 1087
347 389 221 333 1088
30 66 221 333 1088
31 397 223 333 1088
364 395 234 333 1088
340 365 221 333 1088
527 395 227 333 1088
250 391 225 333 1088
631 22 223 333 1088
31 398 223 334 1089
364 396 233 334 1089
527 396 224 334 1089
250 392 233 334 1089
137 388 228 334 1089
30 68 221 335 1090
31 399 225 335 1090
364 397 224 335 1090
340 367 226 335 1090
527 397 223 335 1090
250 393 231 335 1090
347 392 221 335 1090
137 389 224 335 1090
398 402 221 336 1091
31 400 227 336 1091
364 398 227 336 1091
340 368 231 336 1091
527 398 228 336 1091
250 394 233 336 1091
631 25 228 337 1092
30 70 223 337 1092
31 401 231 337 1092
187 390 221 337 1092
340 369 229 337 1092
250 395 227 337 1092
137 391 225 337 1092
631 26 221 338 1093
107 80 222 338 1093
30 71 222 338 1093
31 402 222 338 1093
364 400 237 338 1093
340 370 221 338 1093
250 396 233 338 1093
364 401 233 339 1094
340 371 225 339 1094
250 397 233 339 1094
107 82 225 340 1095
31 404 221 340 1095
340 372 225 340 1095
527 402 225 340 1095
250 398 233 340 1095
137 394 228 340 1095
107 83 221 341 1096
30 74 221 341 1096
31 405 221 341 1096
364 403 227 341 1096
340 373 233 341 1096
250 399 224 341 1096
137 395 233 341 1096
107 84 221 342 1097
398 408 221 342 1097
364 404 234 342 1097
340 374 221 342 1097
527 404 223 342 1097
250 400 226 342 1097
137 396 225 342 1097
631 31 222 342 1097
340 375 222 343 1098
527 405 221 343 1098
137 397 229 343 1098
31 408 222 344 1099
364 406 222 344 1099
340 376 222 344 1099
527 406 227 344 1099
137 398 239 344 1099
631 33 221 344 1099
107 87 222 345 1100
31 409 225 345 1100
364 407 229 345 1100
187 398 225 345 1100
250 403 223 345 1100
347 402 224 345 1100
137 399 239 345 1100
631 34 222 346 1101
107 88 223 346 1101
31 410 225 346 1101
364 408 227 346 1101
187 399 223 346 1101
527 408 221 346 1101
347 403 223 346 1101
137 400 241 346 1101
631 35 225 347 1102
107 89 222 347 1102
31 411 226 347 1102
364 409 227 347 1102
187 400 227 347 1102
340 379 222 347 1102
527 409 225 347 1102
347 404 222 347 1102
250 405 231 347 1102
137 401 239 347 1102
107 90 228 348 1103
31 412 224 348 1103
364 410 225 348 1103
187 401 221 348 1103
340 380 224 348 1103
527 410 225 348 1103
347 405 223 348 1103
250 406 227 348 1103
137 402 241 349 1104
31 413 227 349 1104
187 402 225 349 1104
527 411 223 349 1104
250 407 225 349 1104
107 92 222 350 1105
31 414 236 350 1105
364 412 221 350 1105
187 403 225 350 1105
250 408 233 350 1105
137 404 225 350 1105
31 415 223 351 1106
364 413 226 351 1106
187 404 227 351 1106
250 409 223 351 1106
137 405 231 351 1106
31 416 227 352 1107
30 85 224 352 1107
364 414 229 352 1107
340 384 222 352 1107
187 405 231 352 1107
527 414 226 352 1107
250 410 226 352 1107
137 406 233 352 1107
631 41 227 353 1108
340 385 223 353 1108
187 406 227 353 1108
250 411 237 353 1108
137 407 227 353 1108
464 417 223 354 1109
31 418 223 354 1109
398 420 221 354 1109
364 416 231 354 1109
187 407 225 354 1109
340 386 221 354 1109
527 416 221 354 1109
250 412 227 354 1109
137 408 227 354 1109
107 97 228 355 1110
631 43 225 355 1110
31 419 231 355 1110
364 417 233 355 1110
340 387 225 355 1110
187 408 227 355 1110
527 417 222 355 1110
250 413 221 355 1110
137 409 229 355 1110
107 98 229 356 1111
31 420 225 356 1111
30 89 223 356 1111
364 418 228 356 1111
187 409 223 356 1111
340 388 222 356 1111
527 418 228 356 1111
137 410 239 356 1111
250 414 221 356 1111
107 99 224 357 1112
464 420 222 357 1112
31 421 228 357 1112
364 419 231 357 1112
340 389 225 357 1112
137 411 221 357 1112
250 415 232 357 1112
31 422 225 358 1113
364 420 225 358 1113
187 411 224 358 1113
527 420 221 358 1113
250 416 230 358 1113
137 412 231 358 1113
31 423 223 359 1114
398 425 221 359 1114
187 412 223 359 1114
527 421 223 359 1114
250 417 226 359 1114
137 413 237 359 1114
631 48 227 360 1115
364 422 233 360 1115
340 392 225 360 1115
527 422 225 360 1115
137 414 230 360 1115
250 418 225 360 1115
340 393 221 361 1116
527 423 221 361 1116
137 415 230 361 1116
250 419 225 361 1116
631 50 223 362 1117
31 426 225 362 1117
398 428 227 362 1117
187 415 221 362 1117
527 424 223 362 1117
250 420 227 362 1117
398 429 225 363 1118
364 425 223 363 1118
340 395 223 363 1118
137 417 223 363 1118
250 421 229 363 1118
31 428 228 364 1119
398 430 224 364 1119
187 417 225 364 1119
527 426 225 364 1119
250 422 233 364 1119
137 418 233 364 1119
187 418 225 365 1120
340 397 222 365 1120
527 427 225 365 1120
250 423 232 365 1120
137 419 239 365 1120
464 429 221 366 1121
31 430 225 366 1121
340 398 223 366 1121
527 428 227 366 1121
250 424 227 366 1121
31 431 228 367 1122
364 429 222 367 1122
187 420 225 367 1122
137 421 225 367 1122
31 432 226 368 1123
527 430 223 368 1123
137 422 225 368 1123
464 432 221 369 1124
631 57 227 369 1124
398 435 221 369 1124
187 422 233 369 1124
527 431 221 369 1124
137 423 227 369 1124
107 2 224 369 1124
631 58 224 370 1125
31 434 222 370 1125
398 436 221 370 1125
187 423 223 370 1125
340 402 225 370 1125
137 424 226 370 1125
250 428 222 370 1125
107 3 223 370 1125
31 435 225 371 1126
187 424 228 371 1126
527 433 223 371 1126
137 425 223 371 1126
31 436 227 372 1127
398 438 223 372 1127
30 105 224 372 1127
187 425 221 372 1127
107 5 227 372 1127
364 435 225 373 1128
107 6 225 373 1128
250 431 224 373 1128
464 437 223 374 1129
31 438 225 374 1129
187 427 228 374 1129
527 436 225 374 1129
107 7 227 374 1129
250 432 224 374 1129
31 439 228 375 1130
631 63 224 375 1130
30 108 221 375 1130
187 428 229 375 1130
527 437 223 375 1130
137 429 221 375 1130
107 8 227 375 1130
250 433 222 375 1130
464 439 227 376 1131
31 440 229 376 1131
631 64 223 376 1131
527 438 225 376 1131
137 430 224 376 1131
107 9 238 376 1131
464 440 228 377 1132
31 441 224 377 1132
187 430 224 377 1132
527 439 223 377 1132
107 10 229 377 1132
31 442 227 378 1133
30 111 224 378 1133
187 431 225 378 1133
527 440 223 378 1133
137 432 223 378 1133
107 11 224 379 1134
464 442 227 379 1134
31 443 227 379 1134
187 432 221 379 1134
107 12 235 380 1135
464 443 225 380 1135
31 444 227 380 1135
187 433 221 380 1135
107 13 235 381 1136
31 445 230 381 1136
464 444 230 381 1136
187 434 222 381 1136
527 443 225 381 1136
107 14 235 381 1136
464 445 222 382 1137
31 446 223 382 1137
187 435 225 382 1137
527 444 227 382 1137
137 436 226 382 1137
464 446 233 383 1138
31 447 233 383 1138
187 436 227 383 1138
527 445 221 383 1138
137 437 224 383 1138
107 16 238 383 1138
250 441 221 384 1139
464 447 237 384 1139
31 448 235 384 1139
187 437 224 384 1139
107 17 235 384 1139
250 442 221 385 1140
464 448 225 385 1140
31 449 237 385 1140
187 438 221 385 1140
107 18 233 385 1140
137 439 221 385 1140
250 443 223 386 1141
464 449 235 386 1141
527 448 221 386 1141
137 440 221 386 1141
107 19 235 386 1141
250 444 221 387 1142
464 450 225 387 1142
31 451 228 387 1142
30 120 222 387 1142
187 440 231 387 1142
527 449 223 387 1142
137 441 223 387 1142
107 20 237 387 1142
464 451 235 388 1143
31 452 227 388 1143
187 441 222 388 1143
527 450 231 388 1143
107 21 235 388 1143
464 452 237 389 1144
31 453 226 389 1144
187 442 224 389 1144
527 451 228 389 1144
107 22 237 389 1144
250 447 221 390 1145
464 453 233 390 1145
31 454 231 390 1145
527 452 229 390 1145
107 23 235 390 1145
137 444 229 390 1145
464 454 224 391 1146
31 455 233 391 1146
364 453 222 391 1146
187 444 233 391 1146
107 24 237 391 1146
464 455 224 392 1147
107 25 229 392 1147
137 446 227 392 1147
250 450 223 393 1148
464 456 222 393 1148
31 457 227 393 1148
364 455 221 393 1148
187 446 221 393 1148
527 455 223 393 1148
107 26 237 393 1148
464 457 221 394 1149
31 458 228 394 1149
527 456 225 394 1149
347 451 222 394 1149
107 27 237 394 1149
464 458 223 395 1150
187 448 221 395 1150
527 457 223 395 1150
107 28 235 395 1150
464 459 223 396 1151
527 458 221 396 1151
107 29 231 396 1151
464 460 228 397 1152
31 461 221 397 1152
527 459 221 397 1152
107 30 221 397 1152
464 461 225 398 1153
31 462 223 398 1153
187 451 223 398 1153
527 460 221 398 1153
347 455 225 398 1153
107 31 233 398 1153
250 456 224 398 1153
107 32 227 399 1154
464 463 227 400 1155
31 464 228 400 1155
364 462 224 400 1155
187 453 231 400 1155
527 462 224 400 1155
117 370 221 400 1155
107 33 223 400 1155
31 465 224 401 1156
187 454 232 401 1156
527 463 228 401 1156
347 458 221 401 1156
107 34 225 401 1156
31 466 224 402 1157
187 455 227 402 1157
347 459 223 402 1157
107 35 222 402 1157
464 466 223 403 1158
187 456 226 403 1158
107 36 235 403 1158
464 467 221 404 1159
187 457 224 404 1159
107 37 236 404 1159
464 468 229 405 1160
31 469 227 405 1160
398 471 224 405 1160
527 467 221 405 1160
347 462 221 405 1160
31 470 231 406 1161
187 459 223 406 1161
527 468 221 406 1161
107 39 234 406 1161
464 470 223 407 1162
31 471 227 407 1162
631 95 221 407 1162
187 460 224 407 1162
347 464 221 407 1162
107 40 229 407 1162
464 471 225 407 1162
31 472 226 408 1163
631 96 225 408 1163
107 41 228 408 1163
464 472 231 408 1163
31 473 236 409 1164
631 97 224 409 1164
107 42 224 409 1164
464 473 231 409 1164
31 474 237 410 1165
187 463 225 410 1165
137 464 222 410 1165
107 43 226 410 1165
31 475 226 411 1166
631 99 223 411 1166
187 464 233 411 1166
527 473 225 411 1166
117 381 222 411 1166
137 465 227 411 1166
107 44 233 411 1166
31 476 227 412 1167
187 465 228 412 1167
527 474 223 412 1167
107 45 229 412 1167
31 477 225 413 1168
187 466 225 413 1168
527 475 233 413 1168
107 46 221 413 1168
464 477 221 414 1169
31 478 234 414 1169
187 467 227 414 1169
107 47 224 414 1169
31 479 231 415 1170
187 468 225 415 1170
107 48 232 415 1170
31 480 234 416 1171
631 104 221 416 1171
398 482 222 416 1171
187 469 234 416 1171
137 470 221 416 1171
107 49 234 416 1171
31 481 237 417 1172
631 105 224 417 1172
364 479 223 417 1172
187 470 239 417 1172
137 471 222 417 1172
107 50 239 417 1172
31 482 230 418 1173
250 475 222 418 1173
398 484 225 418 1173
30 151 221 418 1173
187 471 241 418 1173
137 472 228 418 1173
107 51 229 418 1173
31 483 234 419 1174
250 476 221 419 1174
187 472 222 419 1174
527 481 229 419 1174
107 52 226 419 1174
31 484 233 420 1175
464 483 230 420 1175
187 473 234 420 1175
31 485 227 421 1176
187 474 225 421 1176
527 483 226 421 1176
137 475 229 421 1176
31 486 225 422 1177
250 479 221 422 1177
187 475 235 422 1177
137 476 225 422 1177
107 55 221 422 1177
31 487 225 423 1178
250 480 223 423 1178
30 156 222 423 1178
187 476 237 423 1178
527 485 224 423 1178
137 477 221 423 1178
187 477 228 424 1179
107 57 233 424 1179
31 489 233 425 1180
250 482 225 425 1180
364 487 223 425 1180
187 478 233 425 1180
527 487 223 425 1180
107 58 227 425 1180
31 490 233 426 1181
187 479 227 426 1181
527 488 226 426 1181
137 480 222 426 1181
107 59 225 426 1181
398 493 221 427 1182
250 484 227 427 1182
187 480 233 427 1182
527 489 225 427 1182
107 60 228 427 1182
31 492 229 428 1183
250 485 227 428 1183
187 481 227 428 1183
527 490 221 428 1183
107 61 224 428 1183
31 493 227 429 1184
187 482 229 429 1184
137 483 221 429 1184
31 494 232 430 1185
464 493 223 430 1185
631 118 221 430 1185
250 487 226 430 1185
187 483 235 430 1185
107 63 221 430 1185
31 495 231 431 1186
398 497 221 431 1186
187 484 229 431 1186
527 493 225 431 1186
107 64 232 431 1186
31 496 224 432 1187
250 489 223 432 1187
527 494 225 432 1187
107 65 235 432 1187
31 497 224 433 1188
398 499 221 433 1188
250 490 225 433 1188
527 495 226 433 1188
107 66 224 433 1188
31 498 227 434 1189
250 491 221 434 1189
527 496 224 434 1189
137 488 222 434 1189
107 67 231 434 1189
31 499 229 435 1190
398 501 225 435 1190
187 488 223 435 1190
527 497 225 435 1190
107 68 228 435 1190
464 499 221 436 1191
398 502 225 436 1191
250 493 229 436 1191
187 489 232 436 1191
527 498 221 436 1191
107 69 227 436 1191
464 500 222 437 1192
250 494 225 437 1192
187 490 231 437 1192
527 499 223 437 1192
107 70 233 437 1192
31 502 230 438 1193
464 501 223 438 1193
250 495 222 438 1193
30 171 222 438 1193
187 491 225 438 1193
137 492 221 438 1193
527 500 223 438 1193
107 71 239 438 1193
31 503 222 439 1194
464 502 223 439 1194
250 496 221 439 1194
187 492 232 439 1194
31 504 226 440 1195
464 503 234 440 1195
187 493 233 440 1195
137 494 225 440 1195
527 502 221 440 1195
107 73 227 440 1195
31 505 233 441 1196
464 504 223 441 1196
250 498 221 441 1196
187 494 229 441 1196
137 495 221 441 1196
527 503 222 441 1196
107 74 239 441 1196
31 506 221 442 1197
464 505 223 442 1197
187 495 231 442 1197
107 75 235 442 1197
187 496 225 443 1198
107 76 224 443 1198
398 510 221 444 1199
250 501 223 444 1199
187 497 223 444 1199
107 77 223 444 1199
187 498 224 445 1200
137 499 221 445 1200
107 78 235 445 1200
31 510 227 446 1201
464 509 228 446 1201
187 499 233 446 1201
137 500 221 446 1201
527 508 221 446 1201
107 79 235 446 1201
31 511 229 447 1202
464 510 223 447 1202
187 500 231 447 1202
137 501 223 447 1202
527 509 227 447 1202
107 80 227 447 1202
31 512 228 448 1203
250 505 221 448 1203
187 501 231 448 1203
527 510 227 448 1203
107 81 229 448 1203
31 513 227 449 1204
464 512 225 449 1204
187 502 227 449 1204
527 511 231 449 1204
107 82 229 449 1204
31 514 222 450 1205
464 513 225 450 1205
398 516 221 450 1205
187 503 231 450 1205
137 504 227 450 1205
527 512 222 450 1205
187 504 247 451 1206
340 483 221 451 1206
137 505 236 451 1206
31 516 233 452 1207
464 515 223 452 1207
631 140 227 452 1207
250 509 227 452 1207
187 505 245 452 1207
137 506 234 452 1207
31 517 239 453 1208
631 141 227 453 1208
250 510 223 453 1208
187 506 244 453 1208
137 507 225 453 1208
31 518 239 454 1209
137 508 225 454 1209
527 516 221 454 1209
187 508 233 455 1210
137 509 227 455 1210
347 512 223 455 1210
631 144 222 456 1211
464 519 221 456 1211
187 509 223 456 1211
137 510 228 456 1211
347 513 221 456 1211
107 89 223 456 1211
117 426 223 456 1211
137 511 227 457 1212
107 90 226 457 1212
250 515 225 458 1213
107 91 223 458 1213
347 515 221 458 1213
340 6 225 459 1214
187 512 221 459 1214
137 513 237 459 1214
107 92 225 459 1214
347 516 223 459 1214
398 526 222 460 1215
340 7 225 460 1215
250 517 223 460 1215
137 514 228 460 1215
527 522 223 460 1215
347 517 224 460 1215
398 527 221 461 1216
187 514 229 461 1216
137 515 230 461 1216
527 523 224 461 1216
347 518 223 461 1216
31 526 233 462 1217
398 528 225 462 1217
340 9 226 462 1217
250 519 226 462 1217
364 524 223 462 1217
137 516 227 462 1217
107 95 222 462 1217
527 524 223 462 1217
347 519 226 462 1217
31 527 224 463 1218
398 529 224 463 1218
137 517 227 463 1218
107 96 223 463 1218
187 517 221 464 1219
137 518 225 464 1219
107 97 221 464 1219
340 12 226 465 1220
137 519 221 465 1220
347 522 223 465 1220
398 532 221 466 1221
250 523 224 466 1221
527 528 221 466 1221
250 524 221 467 1222
187 520 223 467 1222
137 521 233 467 1222
107 100 221 467 1222
137 522 221 468 1223
347 525 225 468 1223
398 535 221 469 1224
30 202 225 469 1224
137 523 223 469 1224
347 526 235 469 1224
187 523 221 470 1225
137 524 221 470 1225
347 527 231 470 1225
30 204 221 471 1226
137 525 223 471 1226
527 533 229 471 1226
137 526 221 472 1227
527 534 225 472 1227
31 537 221 473 1228
464 536 223 473 1228
137 527 239 473 1228
31 538 221 474 1229
137 528 233 474 1229
31 539 222 475 1230
250 532 222 475 1230
137 529 238 475 1230
347 532 221 475 1230
107 4 226 475 1230
398 542 223 476 1231
464 539 223 476 1231
187 529 221 476 1231
137 530 236 476 1231
527 538 221 476 1231
347 533 233 476 1231
107 5 221 476 1231
398 543 222 477 1232
187 530 229 477 1232
137 531 225 477 1232
527 539 224 477 1232
347 534 221 477 1232
107 6 228 477 1232
464 541 221 478 1233
137 532 233 478 1233
347 535 224 478 1233
187 532 227 479 1234
347 536 240 479 1234
631 168 222 480 1235
347 537 222 480 1235
117 450 221 480 1235
398 547 221 481 1236
187 534 221 481 1236
527 543 224 481 1236
347 538 235 481 1236
107 10 222 481 1236
398 548 221 482 1237
631 170 221 482 1237
464 545 221 482 1237
187 535 221 482 1237
137 536 228 482 1237
347 539 225 482 1237
31 547 223 483 1238
464 546 223 483 1238
137 537 226 483 1238
347 540 221 483 1238
31 548 222 484 1239
347 541 231 484 1239
398 551 222 485 1240
31 549 223 485 1240
187 538 221 485 1240
364 547 221 485 1240
137 539 227 485 1240
347 542 237 485 1240
107 15 223 486 1241
31 551 221 487 1242
187 540 225 487 1242
137 541 225 487 1242
347 544 233 487 1242
107 16 227 487 1242
31 552 223 488 1243
347 545 239 488 1243
107 17 232 488 1243
30 222 223 489 1244
347 546 231 489 1244
250 547 223 490 1245
364 552 221 490 1245
107 19 225 490 1245
347 547 239 490 1245
398 557 221 490 1245
31 555 222 491 1246
464 554 223 491 1246
250 548 221 491 1246
347 548 233 491 1246
347 549 227 492 1247
31 557 224 493 1248
527 555 223 493 1248
347 550 228 493 1248
31 558 228 494 1249
137 548 221 494 1249
107 23 222 494 1249
347 551 229 494 1249
31 559 225 495 1250
187 548 223 495 1250
137 549 223 495 1250
347 552 234 495 1250
527 558 229 496 1251
347 553 236 496 1251
31 561 221 497 1252
187 550 222 497 1252
527 559 227 497 1252
347 554 224 497 1252
398 564 223 498 1253
137 552 227 498 1253
527 560 222 498 1253
347 555 223 498 1253
137 553 227 499 1254
347 556 235 499 1254
398 566 224 500 1255
187 553 221 500 1255
137 554 221 500 1255
347 557 222 500 1255
30 234 225 501 1256
187 554 221 501 1256
107 30 233 501 1256
347 558 223 501 1256
398 568 224 502 1257
30 235 232 502 1257
464 565 231 502 1257
364 564 223 502 1257
107 31 225 502 1257
347 559 221 502 1257
398 569 233 503 1258
31 567 225 503 1258
464 566 239 503 1258
364 565 223 503 1258
137 557 227 503 1258
347 560 224 503 1258
31 568 221 504 1259
464 567 239 504 1259
187 557 224 504 1259
347 561 240 504 1259
31 569 239 505 1260
464 568 229 505 1260
187 558 222 505 1260
137 559 225 505 1260
107 34 239 505 1260
347 562 234 505 1260
31 570 233 506 1261
187 559 222 506 1261
107 35 243 506 1261
347 563 227 506 1261
31 571 224 507 1262
187 560 225 507 1262
137 561 227 507 1262
107 36 242 507 1262
347 564 228 507 1262
31 572 223 508 1263
187 561 233 508 1263
137 562 231 508 1263
347 565 238 508 1263
631 197 226 509 1264
31 573 239 509 1264
187 562 236 509 1264
137 563 238 509 1264
656 569 231 509 1264
347 566 227 509 1264
320 17 225 510 1265
404 537 222 510 1265
215 484 222 511 1266
217 576 221 511 1266
382 566 222 511 1266
531 551 231 511 1266
7 562 228 512 1267
577 580 221 513 1268
775 291 227 514 1269
709 569 221 514 1269
581 583 225 514 1269
632 118 224 515 1270
28 570 221 516 1271
701 576 221 516 1271
720 544 223 516 1271
709 571 223 516 1271
194 565 231 517 1272
290 582 229 517 1272
577 584 223 517 1272
355 292 221 517 1272
563 582 233 517 1272
502 527 221 518 1273
106 40 225 518 1273
775 295 224 518 1273
581 587 221 518 1273
748 579 222 519 1274
10 87 221 519 1274
119 547 221 519 1274
678 5 223 520 1275
488 579 221 520 1275
119 549 247 521 1276
67 519 221 522 1277
119 550 221 522 1277
361 588 243 523 1278
439 508 235 523 1278
361 589 244 524 1279
439 509 232 524 1279
361 590 245 525 1280
439 510 222 525 1280
361 591 246 526 1281
439 511 223 526 1281
333 585 227 526 1281
99 319 221 527 1282
290 592 221 527 1282
361 592 237 527 1282
439 512 227 527 1282
290 593 241 528 1283
361 593 242 528 1283
439 513 226 528 1283
290 594 221 529 1284
756 18 222 529 1284
361 594 238 529 1284
439 514 238 529 1284
369 589 233 530 1285
290 595 237 530 1285
439 515 232 530 1285
290 596 235 531 1286
439 516 231 531 1286
369 591 223 532 1287
290 597 227 532 1287
439 517 228 532 1287
369 592 229 533 1288
290 598 249 533 1288
361 598 228 533 1288
439 518 228 533 1288
33 559 221 533 1288
369 593 225 534 1289
290 599 232 534 1289
439 519 228 534 1289
33 560 222 534 1289
756 24 223 535 1290
33 561 221 535 1290
107 19 225 535 1290
685 577 221 536 1291
369 595 226 536 1291
290 601 241 536 1291
361 601 227 536 1291
33 562 223 536 1291
369 596 222 537 1292
290 602 237 537 1292
439 522 223 537 1292
369 597 222 538 1293
290 603 247 538 1293
439 523 232 538 1293
33 564 221 538 1293
690 539 221 539 1294
290 605 246 540 1295
361 605 228 540 1295
690 540 222 540 1295
290 606 249 541 1296
361 606 228 541 1296
439 526 223 541 1296
690 541 223 541 1296
384 606 227 541 1296
290 607 250 542 1297
361 607 241 542 1297
439 527 231 542 1297
290 608 227 543 1298
361 608 241 543 1298
439 528 231 543 1298
177 150 223 543 1298
245 612 223 543 1298
369 603 221 544 1299
290 609 241 544 1299
361 609 224 544 1299
439 529 235 544 1299
290 610 239 545 1300
439 530 231 545 1300
369 605 222 546 1301
756 35 223 546 1301
361 611 234 546 1301
75 28 229 546 1301
290 612 229 547 1302
361 612 223 547 1302
439 532 221 547 1302
290 613 229 548 1303
361 613 225 548 1303
290 614 225 549 1304
439 534 221 549 1304
290 615 227 550 1305
361 615 222 550 1305
290 616 243 551 1306
439 536 228 551 1306
369 611 223 552 1307
290 617 243 552 1307
361 617 229 552 1307
439 537 227 552 1307
611 602 223 552 1307
369 612 228 553 1308
439 538 221 553 1308
11 63 221 553 1308
330 560 226 553 1308
107 37 223 553 1308
369 613 230 554 1309
361 619 235 554 1309
439 539 232 554 1309
369 614 231 555 1310
746 294 221 555 1310
361 620 238 555 1310
439 540 237 555 1310
315 295 226 555 1310
369 615 227 556 1311
290 621 227 556 1311
361 621 234 556 1311
439 541 229 556 1311
290 622 226 557 1312
361 622 237 557 1312
439 542 231 557 1312
361 623 229 558 1313
290 623 228 558 1313
439 543 236 558 1313
369 618 225 559 1314
361 624 238 559 1314
290 624 229 559 1314
439 544 231 559 1314
751 55 225 559 1314
369 619 233 560 1315
361 625 233 560 1315
290 625 238 560 1315
439 545 221 560 1315
369 620 225 561 1316
329 557 244 561 1316
290 626 233 561 1316
439 546 234 561 1316
369 621 232 562 1317
361 627 235 562 1317
290 627 233 562 1317
439 547 233 562 1317
347 619 221 563 1318
369 622 222 563 1318
361 628 231 563 1318
290 628 236 563 1318
439 548 221 563 1318
369 623 229 564 1319
361 629 225 564 1319
290 629 237 564 1319
439 549 227 564 1319
369 624 233 565 1320
361 630 235 565 1320
756 54 221 565 1320
439 550 233 565 1320
605 177 223 566 1321
369 625 228 566 1321
361 631 237 566 1321
290 631 239 566 1321
439 551 232 566 1321
361 632 227 567 1322
369 626 227 567 1322
290 632 239 567 1322
439 552 235 567 1322
758 622 225 568 1323
361 633 229 568 1323
290 633 245 568 1323
439 553 231 568 1323
369 628 221 569 1324
361 634 227 569 1324
290 634 246 569 1324
361 635 236 570 1325
290 635 236 570 1325
439 555 233 570 1325
369 630 233 571 1326
361 636 237 571 1326
290 636 227 571 1326
439 556 221 571 1326
361 637 232 572 1327
290 637 235 572 1327
439 557 227 572 1327
361 638 225 573 1328
290 638 232 573 1328
361 639 225 574 1329
290 639 237 574 1329
439 559 223 574 1329
361 640 233 575 1330
585 64 221 575 1330
290 640 239 575 1330
439 560 224 575 1330
690 575 223 575 1330
361 641 234 576 1331
290 641 231 576 1331
439 561 223 576 1331
107 60 227 577 1332
361 642 236 577 1332
756 66 224 577 1332
439 562 227 577 1332
751 73 223 577 1332
107 61 226 578 1333
369 637 227 578 1333
361 643 239 578 1333
446 630 229 578 1333
751 74 225 578 1333
369 638 227 579 1334
361 644 226 579 1334
290 644 237 579 1334
361 645 221 580 1335
290 645 241 580 1335
439 565 224 580 1335
369 640 222 581 1336
290 646 241 581 1336
361 646 229 581 1336
439 566 221 581 1336
369 641 221 582 1337
290 647 239 582 1337
361 647 232 582 1337
439 567 231 582 1337
290 648 241 583 1338
361 648 232 583 1338
439 568 224 583 1338
369 643 224 584 1339
290 649 237 584 1339
361 649 232 584 1339
439 569 229 584 1339
290 650 239 585 1340
361 650 231 585 1340
756 74 221 585 1340
439 570 239 585 1340
369 645 224 586 1341
290 651 225 586 1341
361 651 231 586 1341
369 646 229 587 1342
290 652 248 587 1342
361 652 224 587 1342
308 601 223 587 1342
439 572 237 587 1342
15 646 225 587 1342
369 647 221 588 1343
361 653 231 588 1343
290 653 239 588 1343
439 573 228 588 1343
15 647 221 588 1343
361 654 225 589 1344
290 654 229 589 1344
361 655 232 590 1345
544 77 227 590 1345
524 276 224 590 1345
361 656 225 591 1346
290 656 237 591 1346
571 20 225 591 1346
221 653 221 592 1347
290 657 237 592 1347
361 658 221 593 1348
290 658 228 593 1348
361 659 223 594 1349
290 659 247 594 1349
369 653 223 594 1349
41 656 221 594 1349
439 579 227 594 1349
290 662 240 597 1352
361 662 229 597 1352
290 663 235 598 1353
67 596 235 599 1354
290 664 240 599 1354
361 664 222 599 1354
369 658 221 599 1354
439 584 222 599 1354
290 665 241 600 1355
361 665 231 600 1355
439 585 224 600 1355
15 659 225 600 1355
290 666 246 601 1356
369 660 225 601 1356
439 586 221 601 1356
290 667 247 602 1357
369 661 231 602 1357
361 667 228 602 1357
439 587 227 602 1357
15 661 231 602 1357
369 662 237 603 1358
361 668 229 603 1358
439 588 227 603 1358
290 669 231 604 1359
369 663 227 604 1359
361 669 222 604 1359
439 589 225 604 1359
15 663 229 605 1360
67 602 221 605 1360
290 670 232 605 1360
361 670 235 605 1360
439 590 226 605 1360
369 665 238 606 1361
290 671 249 606 1361
361 671 233 606 1361
439 591 231 606 1361
15 665 222 606 1361
290 672 233 607 1362
369 666 227 607 1362
361 672 235 607 1362
439 592 222 607 1362
15 666 231 608 1363
290 673 241 608 1363
369 667 224 608 1363
439 593 226 608 1363
226 127 223 608 1363
15 667 227 609 1364
290 674 243 609 1364
369 668 232 609 1364
361 674 239 609 1364
439 594 233 609 1364
290 675 233 610 1365
369 669 227 610 1365
361 675 227 610 1365
756 99 221 610 1365
439 595 221 610 1365
290 676 229 611 1366
369 670 227 611 1366
361 676 229 611 1366
15 670 223 611 1366
290 677 231 612 1367
369 671 231 612 1367
361 677 227 612 1367
439 597 226 612 1367
15 671 223 612 1367
369 672 231 613 1368
290 678 242 613 1368
361 678 236 613 1368
439 598 232 613 1368
67 611 223 614 1369
369 673 245 614 1369
290 679 238 614 1369
439 599 231 614 1369
369 674 233 615 1370
290 680 232 615 1370
361 680 231 615 1370
439 600 227 615 1370
369 675 232 616 1371
361 681 221 616 1371
290 681 234 616 1371
439 601 221 616 1371
369 676 225 617 1372
361 682 223 617 1372
290 682 247 617 1372
635 438 221 618 1373
618 28 234 618 1373
527 682 225 620 1375
388 685 225 621 1376
15 680 227 621 1376
720 650 228 622 1377
169 677 237 622 1377
520 684 221 622 1377
409 61 225 622 1377
709 677 223 622 1377
577 47 233 622 1377
611 672 222 622 1377
124 671 231 622 1377
409 62 221 623 1378
181 36 221 623 1378
639 690 224 623 1378
386 274 223 624 1379
364 686 221 624 1379
181 37 226 624 1379
639 691 223 624 1379
304 678 236 624 1379
720 653 225 625 1380
712 686 227 625 1380
304 679 239 625 1380
720 654 229 626 1381
765 248 225 626 1381
364 688 221 626 1381
181 39 221 626 1381
5 689 225 626 1381
778 686 223 626 1381
304 680 228 626 1381
765 249 223 627 1382
5 690 221 627 1382
639 694 223 627 1382
304 681 230 628 1383
409 67 221 628 1383
304 682 231 629 1384
517 243 221 629 1384
639 696 222 629 1384
304 683 229 630 1385
605 241 221 630 1385
639 699 223 632 1387
639 700 221 633 1388
5 698 235 635 1390
117 8 233 635 1390
778 695 232 635 1390
304 689 227 636 1391
117 9 233 636 1391
117 10 235 637 1392
285 16 227 638 1393
5 701 228 638 1393
285 17 221 639 1394
5 702 235 639 1394
639 706 227 639 1394
605 251 223 640 1395
5 703 235 640 1395
5 704 227 641 1396
605 253 221 642 1397
5 705 230 642 1397
639 709 223 642 1397
285 21 226 643 1398
364 705 223 643 1398
5 706 227 643 1398
639 710 225 643 1398
364 706 233 644 1399
285 22 221 644 1399
5 707 235 644 1399
639 711 231 644 1399
117 17 223 645 1400
364 707 231 645 1400
5 708 234 645 1400
639 712 231 645 1400
117 18 224 646 1401
304 699 224 646 1401
719 376 222 646 1401
285 24 223 646 1401
639 713 232 646 1401
285 25 226 647 1402
639 714 229 647 1402
285 26 226 648 1403
5 711 239 648 1403
639 715 231 648 1403
364 711 221 649 1404
285 27 227 649 1404
5 712 227 649 1404
639 716 222 649 1404
304 703 226 650 1405
117 22 221 650 1405
364 712 224 650 1405
285 28 224 650 1405
5 713 224 650 1405
639 717 227 650 1405
117 23 227 651 1406
364 713 231 651 1406
285 29 225 651 1406
639 718 233 651 1406
117 24 225 652 1407
285 30 228 652 1407
5 715 221 652 1407
639 719 229 652 1407
117 25 228 653 1408
364 715 225 653 1408
285 31 227 653 1408
5 716 225 653 1408
639 720 225 653 1408
117 26 221 654 1409
605 265 224 654 1409
364 716 221 654 1409
285 32 228 654 1409
5 717 226 654 1409
639 721 233 654 1409
364 717 221 655 1410
285 33 231 655 1410
5 718 237 655 1410
639 722 221 655 1410
364 718 221 656 1411
285 34 232 656 1411
5 719 226 656 1411
639 723 221 656 1411
285 35 232 657 1412
5 720 234 657 1412
639 724 224 657 1412
285 36 227 658 1413
5 721 231 658 1413
639 725 224 658 1413
605 270 221 659 1414
285 37 229 659 1414
5 722 230 659 1414
285 38 230 660 1415
639 727 223 660 1415
285 39 227 661 1416
5 724 227 661 1416
639 728 222 661 1416
117 34 225 662 1417
285 40 225 662 1417
5 725 227 662 1417
639 729 223 662 1417
117 35 225 663 1418
285 41 221 663 1418
5 726 223 663 1418
639 730 225 663 1418
285 42 223 664 1419
5 727 227 664 1419
639 731 223 664 1419
5 728 228 665 1420
639 732 225 665 1420
605 277 222 666 1421
5 729 223 666 1421
639 733 224 666 1421
117 39 222 667 1422
605 278 223 667 1422
5 730 221 667 1422
639 734 224 667 1422
5 731 224 668 1423
639 735 227 668 1423
605 280 221 669 1424
5 732 225 669 1424
639 736 227 669 1424
605 281 225 670 1425
5 733 222 670 1425
639 737 228 670 1425
364 733 221 671 1426
5 734 227 671 1426
639 738 225 671 1426
5 735 223 672 1427
639 739 226 672 1427
364 735 221 673 1428
285 51 225 673 1428
5 736 230 673 1428
639 740 222 673 1428
364 736 222 674 1429
285 52 227 674 1429
5 737 225 674 1429
639 741 222 674 1429
605 286 221 675 1430
285 53 227 675 1430
639 742 225 675 1430
605 287 221 676 1431
285 54 227 676 1431
605 288 221 677 1432
285 55 226 677 1432
5 740 233 677 1432
639 744 227 677 1432
364 740 221 678 1433
285 56 221 678 1433
5 741 236 678 1433
639 745 225 678 1433
364 741 227 679 1434
285 57 223 679 1434
5 742 234 679 1434
639 746 227 679 1434
778 739 223 679 1434
364 742 225 680 1435
285 58 225 680 1435
5 743 235 680 1435
639 747 228 680 1435
285 59 225 681 1436
5 744 234 681 1436
639 748 225 681 1436
285 60 225 682 1437
5 745 234 682 1437
639 749 225 682 1437
778 742 221 682 1437
285 61 223 683 1438
5 746 229 683 1438
639 750 227 683 1438
285 62 223 684 1439
5 747 223 684 1439
639 751 225 684 1439
117 57 221 685 1440
285 63 223 685 1440
5 748 231 685 1440
639 752 225 685 1440
285 64 225 686 1441
5 749 233 686 1441
639 753 228 686 1441
304 740 223 687 1442
5 750 231 687 1442
285 65 222 687 1442
639 754 227 687 1442
285 66 224 688 1443
5 751 232 688 1443
639 755 227 688 1443
5 752 231 689 1444
639 756 223 689 1444
285 68 221 690 1445
639 757 223 690 1445
5 754 221 691 1446
639 758 223 691 1446
5 755 223 692 1447
639 759 225 692 1447
5 756 225 693 1448
639 760 227 693 1448
778 753 223 693 1448
364 756 222 694 1449
639 761 227 694 1449
5 758 227 695 1450
639 762 224 695 1450
364 758 222 696 1451
364 759 225 697 1452
639 764 222 697 1452
5 763 221 700 1455
304 755 223 701 1456
605 313 227 702 1457
364 764 227 702 1457
5 765 227 702 1457
5 766 223 703 1458
364 766 228 704 1459
5 767 225 704 1459
639 771 225 704 1459
117 77 227 705 1460
5 768 227 705 1460
639 772 227 705 1460
117 78 223 706 1461
719 436 223 706 1461
364 768 235 706 1461
5 769 237 706 1461
639 773 223 706 1461
117 79 228 707 1462
364 769 238 707 1462
5 770 235 707 1462
639 774 226 707 1462
117 80 225 708 1463
364 770 240 708 1463
285 86 225 708 1463
5 771 235 708 1463
639 775 223 708 1463
117 81 225 709 1464
364 771 239 709 1464
5 772 228 709 1464
639 776 225 709 1464
117 82 225 710 1465
364 772 240 710 1465
285 88 227 710 1465
5 773 223 710 1465
117 83 227 711 1466
719 441 237 711 1466
285 89 226 711 1466
364 773 241 711 1466
5 774 225 711 1466
639 778 221 711 1466
778 771 221 711 1466
304 765 222 711 1466
117 84 230 712 1467
719 442 221 712 1467
285 90 235 712 1467
364 774 241 712 1467
5 775 230 712 1467
639 779 223 712 1467
304 766 221 712 1467
117 85 227 713 1468
719 443 226 713 1468
285 91 234 713 1468
364 775 241 713 1468
117 86 221 714 1469
719 444 229 714 1469
364 776 234 714 1469
639 781 225 714 1469
719 445 223 715 1470
364 777 231 715 1470
639 782 221 715 1470
117 88 227 716 1471
719 446 223 716 1471
605 327 221 716 1471
364 778 231 716 1471
117 89 227 717 1472
719 447 223 717 1472
285 95 225 717 1472
605 328 224 717 1472
364 779 231 717 1472
117 90 225 718 1473
364 780 227 718 1473
639 785 223 718 1473
117 91 225 719 1474
364 781 227 719 1474
117 92 227 720 1475
719 450 224 720 1475
364 782 234 720 1475
117 93 235 721 1476
364 783 232 721 1476
117 94 231 722 1477
364 784 221 722 1477
5 785 227 722 1477
304 776 225 722 1477
117 95 231 723 1478
364 785 228 723 1478
5 786 228 723 1478
304 777 221 723 1478
117 96 235 724 1479
285 102 224 724 1479
364 786 231 724 1479
5 787 231 724 1479
117 97 231 725 1480
364 787 231 725 1480
5 788 237 725 1480
117 98 228 726 1481
285 104 225 726 1481
5 789 237 726 1481
364 788 232 726 1481
639 793 222 726 1481
117 99 233 727 1482
285 105 225 727 1482
5 790 239 727 1482
364 789 227 727 1482
639 794 223 727 1482
304 781 221 727 1482
117 100 231 728 1483
285 106 223 728 1483
5 791 227 728 1483
364 790 222 728 1483
639 795 223 728 1483
117 101 223 729 1484
285 107 223 729 1484
364 791 226 729 1484
639 796 222 729 1484
117 102 225 730 1485
285 108 224 730 1485
5 793 221 730 1485
364 792 225 730 1485
639 797 224 730 1485
304 784 221 731 1486
117 103 228 731 1486
285 109 225 731 1486
364 793 225 731 1486
639 798 223 731 1486
285 110 222 732 1487
364 794 227 732 1487
639 799 224 732 1487
304 786 223 733 1488
117 105 227 733 1488
285 111 227 733 1488
5 796 222 733 1488
364 795 228 733 1488
304 787 222 734 1489
117 106 225 734 1489
285 112 225 734 1489
5 797 223 734 1489
364 796 227 734 1489
639 801 221 734 1489
304 788 223 735 1490
117 107 226 735 1490
285 113 227 735 1490
364 797 225 735 1490
5 798 227 735 1490
639 802 225 735 1490
304 789 223 736 1491
285 114 223 736 1491
5 799 225 736 1491
639 803 223 736 1491
304 790 225 737 1492
117 109 225 737 1492
285 115 222 737 1492
5 800 225 737 1492
364 799 225 737 1492
639 804 221 737 1492
304 791 226 738 1493
117 110 226 738 1493
5 801 229 738 1493
364 800 222 738 1493
639 805 226 738 1493
304 792 226 739 1494
639 806 226 739 1494
304 793 225 740 1495
5 803 225 740 1495
639 807 224 740 1495
304 794 225 741 1496
117 113 226 741 1496
5 804 225 741 1496
639 808 229 741 1496
117 114 222 742 1497
285 120 223 742 1497
5 805 225 742 1497
639 809 223 742 1497
304 796 221 742 1497
117 115 227 743 1498
285 121 221 743 1498
364 805 225 743 1498
5 806 225 743 1498
639 810 221 743 1498
304 797 225 743 1498
285 122 227 744 1499
719 474 221 744 1499
364 806 227 744 1499
5 807 221 744 1499
304 798 224 745 1500
117 117 223 745 1500
285 123 222 745 1500
364 807 223 745 1500
117 118 225 746 1501
285 124 227 746 1501
5 809 231 746 1501
364 808 227 746 1501
304 800 225 747 1502
117 119 225 747 1502
285 125 223 747 1502
364 809 227 747 1502
639 814 221 747 1502
117 120 224 748 1503
5 811 224 748 1503
364 810 232 748 1503
285 127 227 749 1504
364 811 230 749 1504
117 122 221 750 1505
719 480 221 750 1505
364 812 226 750 1505
639 817 223 750 1505
117 123 221 751 1506
285 129 228 751 1506
5 814 233 751 1506
364 813 226 751 1506
639 818 223 751 1506
285 130 221 752 1507
5 815 234 752 1507
364 814 229 752 1507
719 482 223 752 1507
285 131 225 753 1508
5 816 233 753 1508
364 815 233 753 1508
304 807 221 754 1509
285 132 226 754 1509
5 817 234 754 1509
5 818 223 755 1510
285 133 231 755 1510
719 485 221 755 1510
364 817 227 755 1510
639 822 221 755 1510
5 819 237 756 1511
117 128 223 756 1511
285 134 229 756 1511
719 486 225 756 1511
364 818 233 756 1511
5 820 227 757 1512
117 129 236 757 1512
117 130 233 758 1513
364 820 222 758 1513
117 131 238 759 1514
364 821 225 759 1514
285 138 221 760 1515
117 132 236 760 1515
364 822 227 760 1515
117 133 237 761 1516
364 823 223 761 1516
117 134 237 762 1517
364 824 223 762 1517
5 826 221 763 1518
117 135 235 763 1518
364 825 223 763 1518
285 142 221 764 1519
117 136 237 764 1519
364 826 223 764 1519
117 137 237 765 1520
364 827 225 765 1520
117 138 237 766 1521
364 828 225 766 1521
117 139 240 767 1522
364 829 223 767 1522
117 140 239 768 1523
364 830 225 768 1523
5 832 221 769 1524
117 141 240 769 1524
364 831 225 769 1524
5 833 223 770 1525
117 142 239 770 1525
364 832 222 770 1525
304 824 223 770 1525
117 143 239 771 1526
364 833 221 771 1526
5 835 223 772 1527
117 144 241 772 1527
285 150 221 772 1527
364 834 224 772 1527
304 826 222 772 1527
117 145 241 773 1528
364 835 226 773 1528
304 827 225 773 1528
117 146 241 774 1529
364 836 223 774 1529
304 828 227 774 1529
117 147 235 775 1530
364 837 222 775 1530
778 835 221 775 1530
304 829 229 775 1530
117 148 237 776 1531
117 149 235 777 1532
304 831 223 777 1532
117 150 232 778 1533
304 832 225 778 1533
117 151 237 779 1534
304 833 222 779 1534
117 152 233 780 1535
304 834 223 780 1535
117 153 235 781 1536
285 159 221 781 1536
304 835 223 781 1536
117 154 239 782 1537
304 836 228 782 1537
117 155 234 783 1538
304 837 225 783 1538
5 847 226 784 1539
117 156 231 784 1539
304 838 225 784 1539
285 163 223 785 1540
117 157 230 785 1540
304 839 228 785 1540
117 158 233 786 1541
117 159 237 787 1542
778 847 223 787 1542
117 160 234 788 1543
778 848 223 788 1543
117 161 234 789 1544
117 162 231 790 1545
778 850 221 790 1545
285 169 223 791 1546
117 163 237 791 1546
778 851 222 791 1546
117 164 234 792 1547
304 846 225 792 1547
605 404 227 793 1548
117 165 235 793 1548
304 847 222 793 1548
639 860 221 794 1549
605 405 222 794 1549
285 172 222 794 1549
117 166 232 794 1549
304 848 223 794 1549
117 167 234 795 1550
304 849 226 795 1550
285 174 223 796 1551
117 168 240 796 1551
639 863 222 797 1552
5 860 225 797 1552
117 169 225 797 1552
605 409 222 798 1553
117 170 225 798 1553
304 852 223 798 1553
5 862 221 799 1554
117 171 235 799 1554
304 853 222 799 1554
5 863 224 800 1555
117 172 233 800 1555
117 173 227 801 1556
778 861 221 801 1556
639 868 231 802 1557
5 865 221 802 1557
605 413 223 802 1557
719 532 222 802 1557
117 174 233 802 1557
304 856 222 802 1557
639 869 224 803 1558
5 866 221 803 1558
605 414 225 803 1558
719 533 231 803 1558
285 181 222 803 1558
364 865 233 803 1558
304 857 221 803 1558
639 870 233 804 1559
778 863 221 804 1559
605 415 225 804 1559
719 534 225 804 1559
117 176 231 804 1559
639 872 224 806 1561
5 869 224 806 1561
605 417 221 806 1561
364 868 222 806 1561
719 537 221 807 1562
5 870 229 807 1562
605 418 223 807 1562
364 869 227 807 1562
639 874 221 808 1563
5 871 223 808 1563
364 870 229 808 1563
639 875 221 809 1564
5 872 231 809 1564
605 420 223 809 1564
605 421 225 810 1565
285 188 221 810 1565
5 874 227 811 1566
5 875 225 812 1567
304 866 221 812 1567
778 872 221 813 1568
639 879 222 813 1568
5 876 225 813 1568
605 424 221 813 1568
285 191 221 813 1568
639 880 224 814 1569
364 876 222 814 1569
778 874 221 815 1570
639 881 225 815 1570
5 878 230 815 1570
364 877 224 815 1570
304 869 224 815 1570
639 882 225 816 1571
5 879 226 816 1571
304 870 223 816 1571
778 876 223 817 1572
5 880 222 817 1572
778 877 223 818 1573
5 881 233 818 1573
285 196 222 818 1573
5 882 229 819 1574
5 883 226 820 1575
285 198 221 820 1575
364 882 222 820 1575
285 199 223 821 1576
639 888 221 822 1577
639 889 221 823 1578
5 886 226 823 1578
285 201 224 823 1578
364 885 237 823 1578
639 890 225 824 1579
5 887 225 824 1579
719 554 221 824 1579
117 196 221 824 1579
285 202 227 824 1579
364 886 239 824 1579
304 878 224 824 1579
639 891 228 825 1580
5 888 233 825 1580
605 436 222 825 1580
117 197 222 825 1580
285 203 228 825 1580
364 887 235 825 1580
639 892 227 826 1581
605 437 224 826 1581
117 198 227 826 1581
285 204 223 826 1581
364 888 234 826 1581
304 880 223 826 1581
639 893 223 827 1582
117 199 221 827 1582
778 888 223 829 1584
5 892 222 829 1584
5 893 222 830 1585
117 202 233 830 1585
304 884 223 830 1585
5 894 221 831 1586
117 203 227 831 1586
364 893 221 831 1586
304 885 227 831 1586
639 898 229 832 1587
778 891 224 832 1587
5 895 233 832 1587
605 443 223 832 1587
285 210 224 832 1587
304 886 221 832 1587
778 892 221 833 1588
5 896 231 833 1588
117 205 239 833 1588
285 211 225 833 1588
364 895 221 833 1588
304 887 224 833 1588
639 900 227 833 1588
5 897 222 834 1589
605 445 227 834 1589
117 206 221 834 1589
304 888 227 834 1589
639 901 227 834 1589
5 898 225 835 1590
719 565 225 835 1590
117 207 223 835 1590
364 897 223 835 1590
304 889 229 835 1590
639 902 227 835 1590
5 899 227 836 1591
605 447 223 836 1591
117 208 230 836 1591
304 890 224 836 1591
639 903 221 836 1591
5 900 237 837 1592
719 567 224 837 1592
117 209 221 837 1592
285 215 221 837 1592
304 891 226 837 1592
5 901 232 838 1593
605 449 221 838 1593
639 905 221 838 1593
5 902 241 839 1594
719 569 221 839 1594
285 217 222 839 1594
639 906 231 839 1594
5 903 240 840 1595
605 451 223 840 1595
364 902 227 840 1595
5 904 241 841 1596
605 452 223 841 1596
364 903 225 841 1596
639 908 221 841 1596
5 905 247 842 1597
605 453 231 842 1597
639 909 226 843 1598
5 906 233 843 1598
117 215 222 843 1598
364 905 229 843 1598
639 910 221 843 1598
5 907 227 844 1599
719 574 221 844 1599
364 906 233 844 1599
5 908 237 845 1600
605 456 227 845 1600
364 907 231 845 1600
5 909 238 846 1601
605 457 231 846 1601
364 908 232 846 1601
5 910 238 847 1602
605 458 229 847 1602
719 577 224 847 1602
364 909 234 847 1602
5 911 239 848 1603
605 459 231 848 1603
719 578 225 848 1603
364 910 223 848 1603
5 912 231 849 1604
605 460 224 849 1604
117 221 225 849 1604
285 227 224 849 1604
5 913 227 850 1605
605 461 223 850 1605
117 222 223 850 1605
285 228 225 850 1605
639 917 225 851 1606
605 462 221 851 1606
719 581 226 851 1606
285 229 223 851 1606
304 905 221 851 1606
639 918 223 852 1607
5 915 221 852 1607
605 464 223 853 1608
285 231 221 853 1608
364 915 226 853 1608
5 917 227 854 1609
605 465 222 854 1609
117 226 231 854 1609
364 916 235 854 1609
639 921 223 855 1610
5 918 227 855 1610
117 227 224 855 1610
364 917 231 855 1610
605 467 222 856 1611
117 228 222 856 1611
304 910 222 856 1611
5 920 229 857 1612
605 468 227 857 1612
719 587 223 857 1612
639 924 221 858 1613
5 921 222 858 1613
719 588 227 858 1613
5 922 227 859 1614
605 470 227 859 1614
117 231 223 859 1614
304 913 222 859 1614
639 926 225 860 1615
5 923 237 860 1615
605 471 235 860 1615
719 590 229 860 1615
117 232 224 860 1615
285 238 233 860 1615
364 922 223 860 1615
304 914 223 860 1615
639 927 225 861 1616
5 924 231 861 1616
605 472 227 861 1616
719 591 234 861 1616
285 239 229 861 1616
605 473 222 862 1617
596 920 227 863 1618
596 921 221 864 1619
735 559 222 865 1620
277 119 233 865 1620
578 477 222 865 1620
637 3 239 866 1621
170 914 226 866 1621
339 911 221 866 1621
171 179 222 867 1622
9 932 222 867 1622
30 603 227 870 1625
529 375 226 870 1625
633 916 235 870 1625
219 10 222 872 1627
81 921 223 872 1627
30 605 233 872 1627
30 606 225 873 1628
265 943 224 873 1628
265 944 223 874 1629
318 932 223 874 1629
30 609 221 876 1631
155 237 225 876 1631
183 936 221 876 1631
30 610 221 877 1632
461 905 224 877 1632
183 937 225 877 1632
318 935 225 877 1632
219 16 223 878 1633
461 906 227 878 1633
254 769 223 878 1633
183 938 242 878 1633
318 936 221 878 1633
697 939 222 879 1634
461 907 231 879 1634
265 949 221 879 1634
346 737 225 879 1634
183 939 223 879 1634
318 937 225 879 1634
620 944 222 880 1635
183 940 223 880 1635
154 31 222 881 1636
346 739 221 881 1636
183 941 227 881 1636
318 939 222 881 1636
461 910 223 882 1637
254 773 222 882 1637
479 3 221 882 1637
461 911 234 883 1638
183 943 226 883 1638
318 941 226 883 1638
176 20 221 884 1639
183 944 232 884 1639
318 942 225 884 1639
607 912 221 885 1640
310 10 225 885 1640
346 743 223 885 1640
183 945 221 885 1640
310 11 221 886 1641
461 914 234 886 1641
346 744 222 886 1641
183 946 222 886 1641
172 950 224 887 1642
461 915 221 887 1642
183 947 227 887 1642
318 945 221 888 1643
172 951 225 888 1643
265 958 225 888 1643
265 959 224 889 1644
254 781 235 890 1645
461 919 223 891 1646
254 782 240 891 1646
461 920 225 892 1647
254 783 231 892 1647
265 962 226 892 1647
461 921 224 893 1648
254 784 221 893 1648
265 963 222 893 1648
518 16 221 894 1649
461 922 233 894 1649
265 964 225 894 1649
461 923 232 895 1650
265 965 223 895 1650
183 955 223 895 1650
461 924 227 896 1651
254 787 223 896 1651
183 956 222 896 1651
461 925 229 897 1652
265 967 224 897 1652
30 631 223 898 1653
461 926 230 898 1653
254 789 223 898 1653
461 927 225 899 1654
461 928 237 900 1655
265 970 222 900 1655
461 929 243 901 1656
265 971 227 901 1656
461 930 237 902 1657
461 931 239 903 1658
265 973 221 903 1658
183 963 222 903 1658
461 932 233 904 1659
265 974 223 904 1659
461 933 227 905 1660
254 796 222 905 1660
265 975 222 905 1660
183 965 221 905 1660
461 934 222 906 1661
461 935 227 907 1662
265 977 231 907 1662
461 936 221 908 1663
461 937 227 909 1664
265 979 227 909 1664
461 938 233 910 1665
265 980 221 910 1665
614 965 223 911 1666
461 939 237 911 1666
265 981 224 911 1666
461 940 221 912 1667
265 982 221 912 1667
265 983 231 913 1668
461 941 236 913 1668
154 64 223 914 1669
614 968 224 914 1669
265 984 224 914 1669
461 942 231 914 1669
614 969 224 915 1670
30 648 221 915 1670
461 943 228 915 1670
154 66 221 916 1671
614 970 225 916 1671
176 52 221 916 1671
154 67 223 917 1672
614 971 226 917 1672
265 987 222 917 1672
265 988 221 918 1673
461 946 222 918 1673
183 978 223 918 1673
461 947 229 919 1674
183 979 224 919 1674
620 984 221 920 1675
461 948 230 920 1675
183 980 225 920 1675
265 991 223 921 1676
461 949 225 921 1676
318 979 223 921 1676
183 981 225 921 1676
349 17 222 922 1677
461 950 232 922 1677
265 992 222 922 1677
318 980 223 922 1677
183 982 221 922 1677
614 977 221 923 1678
461 951 239 923 1678
349 19 223 923 1678
461 952 234 924 1679
265 994 223 924 1679
461 953 236 925 1680
479 46 223 925 1680
461 954 235 926 1681
183 986 226 926 1681
614 981 223 927 1682
461 955 242 927 1682
265 997 223 927 1682
183 987 228 927 1682
461 956 236 928 1683
183 988 223 929 1684
461 957 235 929 1684
461 958 237 930 1685
183 990 226 931 1686
461 959 233 931 1686
265 1001 223 931 1686
183 991 223 931 1686
461 960 239 932 1687
265 1002 223 932 1687
614 987 221 933 1688
265 1003 222 933 1688
265 1004 233 934 1689
265 1005 238 935 1690
183 995 221 935 1690
265 1006 231 936 1691
183 996 223 936 1691
265 1007 221 937 1692
183 997 229 937 1692
265 1008 223 938 1693
183 998 226 938 1693
183 999 225 939 1694
265 1010 223 940 1695
183 1000 229 940 1695
461 969 223 941 1696
183 1001 227 941 1696
265 1012 227 942 1697
183 1002 227 942 1697
265 1013 223 943 1698
183 1003 223 943 1698
461 972 223 944 1699
265 1015 221 945 1700
265 1016 225 946 1701
461 975 224 947 1702
461 976 221 948 1703
265 1019 222 949 1704
265 1020 222 950 1705
265 1023 225 953 1708
346 812 229 954 1709
265 1024 223 954 1709
183 1014 225 954 1709
183 1015 222 955 1710
461 984 234 956 1711
265 1026 223 956 1711
461 985 237 957 1712
183 1017 226 957 1712
614 1012 223 958 1713
346 816 223 958 1713
265 1028 223 958 1713
461 986 245 958 1713
183 1018 226 958 1713
614 1013 224 959 1714
318 1017 223 959 1714
265 1029 226 959 1714
183 1019 224 959 1714
518 82 227 960 1715
614 1014 223 960 1715
254 851 222 960 1715
318 1018 223 960 1715
614 1015 225 961 1716
461 989 239 961 1716
265 1031 221 961 1716
614 1016 227 962 1717
461 990 225 962 1717
614 1017 221 963 1718
30 696 221 963 1718
176 99 221 963 1718
461 991 237 963 1718
183 1023 223 963 1718
154 114 221 963 1718
518 86 227 964 1719
614 1018 221 964 1719
318 1022 226 964 1719
461 992 226 964 1719
183 1024 223 964 1719
518 87 221 965 1720
614 1019 225 965 1720
176 101 221 965 1720
461 993 232 965 1720
265 1035 221 965 1720
183 1025 226 965 1720
219 104 223 965 1720
614 1020 224 966 1721
254 857 221 966 1721
183 1026 227 966 1721
461 995 232 967 1722
265 1037 225 967 1722
183 1027 225 967 1722
614 1022 223 968 1723
254 859 226 968 1723
318 1026 221 968 1723
265 1038 221 968 1723
461 996 238 968 1723
183 1028 225 968 1723
614 1023 225 969 1724
254 860 225 969 1724
461 997 229 969 1724
265 1039 230 969 1724
183 1029 225 969 1724
614 1024 221 970 1725
254 861 222 970 1725
461 998 237 970 1725
265 1040 227 970 1725
183 1030 223 970 1725
518 93 221 971 1726
265 1041 225 971 1726
183 1031 233 971 1726
461 1000 231 972 1727
265 1042 235 972 1727
183 1032 223 972 1727
310 98 223 973 1728
614 1027 227 973 1728
254 864 224 973 1728
461 1001 221 973 1728
183 1033 222 973 1728
614 1028 226 974 1729
265 1044 221 974 1729
461 1002 225 974 1729
183 1034 222 974 1729
310 100 221 975 1730
614 1029 225 975 1730
254 866 222 975 1730
461 1003 225 975 1730
155 71 221 976 1731
265 1046 224 976 1731
461 1004 227 976 1731
614 1031 227 977 1732
183 1037 233 977 1732
518 100 225 978 1733
614 1032 227 978 1733
461 1006 222 978 1733
183 1038 228 978 1733
310 104 221 979 1734
518 101 229 979 1734
30 712 225 979 1734
183 1039 225 979 1734
310 105 222 980 1735
614 1034 227 980 1735
30 713 221 980 1735
461 1008 228 980 1735
614 1035 225 981 1736
265 1051 225 981 1736
461 1009 227 981 1736
183 1041 226 981 1736
310 107 221 982 1737
614 1036 227 982 1737
461 1010 224 982 1737
183 1042 221 982 1737
614 1037 226 983 1738
346 841 222 983 1738
265 1053 227 983 1738
183 1043 226 983 1738
614 1038 221 984 1739
461 1012 224 984 1739
183 1044 223 984 1739
265 1055 222 985 1740
183 1045 227 985 1740
614 1040 229 986 1741
30 719 221 986 1741
614 1041 221 987 1742
254 878 225 987 1742
265 1057 237 987 1742
154 138 222 987 1742
461 1 234 988 1743
265 1058 225 988 1743
183 1048 221 988 1743
172 1052 227 989 1744
614 1043 225 989 1744
461 2 237 989 1744
265 1059 222 989 1744
614 1044 226 990 1745
461 3 231 990 1745
254 881 221 990 1745
461 4 231 991 1746
346 849 231 991 1746
265 1061 225 991 1746
183 1051 227 991 1746
172 1055 224 992 1747
461 5 239 992 1747
346 850 226 992 1747
265 1062 223 992 1747
349 88 221 992 1747
607 1020 221 992 1747
461 6 223 993 1748
265 1063 233 993 1748
614 1048 227 994 1749
254 885 221 994 1749
265 1064 231 994 1749
318 1052 227 994 1749
183 1054 227 994 1749
614 1049 224 995 1750
7 1045 222 995 1750
265 1065 222 995 1750
461 9 225 996 1751
318 1054 221 996 1751
183 1056 225 996 1751
614 1051 224 997 1752
346 855 229 997 1752
265 1067 228 997 1752
318 1055 225 997 1752
461 11 237 998 1753
614 1052 223 998 1753
346 856 221 998 1753
265 1068 222 998 1753
183 1058 223 998 1753
461 12 240 999 1754
614 1053 229 999 1754
30 732 222 999 1754
265 1069 225 999 1754
154 150 221 999 1754
183 1059 227 999 1754
310 125 221 999 1754
461 13 223 1000 1755
614 1054 229 1000 1755
346 858 224 1000 1755
183 1060 229 1000 1755
461 14 224 1001 1756
614 1055 225 1001 1756
265 1071 227 1001 1756
183 1061 225 1001 1756
620 1066 225 1001 1756
461 15 224 1002 1757
172 1065 222 1002 1757
614 1056 225 1002 1757
176 138 222 1002 1757
183 1062 226 1002 1757
461 16 227 1003 1758
614 1057 225 1003 1758
254 894 221 1003 1758
30 736 221 1003 1758
346 861 221 1003 1758
176 139 222 1003 1758
154 154 231 1003 1758
183 1063 229 1003 1758
518 126 223 1004 1759
461 17 231 1004 1759
614 1058 225 1004 1759
265 1074 224 1004 1759
176 140 223 1004 1759
154 155 233 1004 1759
183 1064 229 1004 1759
310 130 222 1004 1759
346 863 227 1005 1760
176 141 221 1005 1760
265 1075 222 1005 1760
318 1063 221 1005 1760
183 1065 225 1005 1760
461 19 232 1006 1761
614 1060 221 1006 1761
176 142 225 1006 1761
265 1077 227 1007 1762
183 1067 226 1007 1762
219 146 223 1007 1762
461 21 227 1008 1763
614 1062 222 1008 1763
265 1078 231 1008 1763
607 1036 222 1008 1763
183 1068 224 1008 1763
461 23 229 1010 1765
614 1064 221 1010 1765
183 1070 223 1010 1765
461 24 224 1011 1766
614 1065 225 1011 1766
30 744 221 1011 1766
176 147 221 1011 1766
265 1081 233 1011 1766
318 1069 224 1011 1766
183 1071 221 1011 1766
461 25 231 1012 1767
614 1066 223 1012 1767
265 1082 231 1012 1767
318 1070 221 1012 1767
183 1072 227 1012 1767
614 1067 228 1013 1768
30 746 221 1013 1768
183 1073 229 1013 1768
461 27 235 1014 1769
30 747 223 1014 1769
265 1084 223 1014 1769
318 1072 221 1014 1769
183 1074 226 1014 1769
172 1078 221 1015 1770
461 28 239 1015 1770
614 1069 226 1015 1770
265 1085 224 1015 1770
183 1075 226 1015 1770
461 29 231 1016 1771
254 907 221 1016 1771
265 1086 223 1016 1771
183 1076 230 1016 1771
461 30 225 1017 1772
30 750 221 1017 1772
265 1087 223 1017 1772
183 1077 221 1017 1772
461 31 238 1018 1773
254 909 221 1018 1773
7 1068 221 1018 1773
265 1088 230 1018 1773
81 1068 222 1018 1773
219 157 239 1018 1773
183 1078 225 1018 1773
461 32 225 1019 1774
614 1073 221 1019 1774
219 1 226 1020 1775
461 33 237 1020 1775
265 1090 229 1020 1775
81 1070 222 1020 1775
183 1080 223 1020 1775
461 34 239 1021 1776
614 1075 222 1021 1776
254 912 221 1021 1776
518 144 225 1021 1776
219 3 227 1022 1777
461 35 243 1022 1777
318 1080 227 1022 1777
620 1087 222 1022 1777
219 4 221 1023 1778
461 36 241 1023 1778
254 914 221 1023 1778
265 1093 221 1023 1778
461 37 235 1024 1779
265 1094 221 1024 1779
461 38 232 1025 1780
461 39 234 1026 1781
461 40 240 1027 1782
318 1085 221 1027 1782
310 153 224 1027 1782
461 41 235 1028 1783
183 1088 225 1028 1783
172 1092 225 1029 1784
461 42 223 1029 1784
461 44 227 1031 1786
183 1091 225 1031 1786
172 1095 225 1032 1787
461 45 224 1032 1787
183 1092 221 1032 1787
461 46 228 1033 1788
318 1 224 1033 1788
614 1089 223 1035 1790
265 1105 222 1035 1790
614 1090 223 1036 1791
254 927 223 1036 1791
318 5 221 1037 1792
461 51 225 1038 1793
318 9 225 1041 1796
461 55 221 1042 1797
183 1102 221 1042 1797
183 1103 223 1043 1798
461 58 223 1045 1800
183 1105 223 1045 1800
461 59 224 1046 1801
183 1106 222 1046 1801
461 60 228 1047 1802
461 62 227 1049 1804
461 63 230 1050 1805
461 64 235 1051 1806
461 65 226 1052 1807
614 1106 223 1052 1807
461 66 225 1053 1808
614 1107 225 1053 1808
461 67 221 1054 1809
614 1108 233 1054 1809
265 1124 222 1054 1809
183 1114 222 1054 1809
172 1118 225 1055 1810
461 68 234 1055 1810
310 181 221 1055 1810
461 69 237 1056 1811
614 1110 222 1056 1811
183 1116 225 1056 1811
461 70 238 1057 1812
183 1117 222 1057 1812
614 1112 223 1058 1813
614 1114 229 1060 1815
461 75 243 1062 1817
614 1116 225 1062 1817
607 1090 221 1062 1817
614 1117 229 1063 1818
614 1119 227 1065 1820
265 1135 221 1065 1820
614 1120 229 1066 1821
346 924 225 1066 1821
310 192 221 1066 1821
614 1121 226 1067 1822
614 1122 224 1068 1823
461 81 225 1068 1823
607 1096 227 1068 1823
614 1123 224 1069 1824
265 1139 228 1069 1824
318 37 225 1069 1824
607 1097 222 1069 1824
620 1134 225 1069 1824
461 83 227 1070 1825
183 1130 223 1070 1825
461 84 225 1071 1826
614 1126 221 1072 1827
461 85 221 1072 1827
7 1122 223 1072 1827
183 1132 224 1072 1827
614 1127 225 1073 1828
254 964 221 1073 1828
310 199 221 1073 1828
607 1101 221 1073 1828
614 1128 227 1074 1829
461 87 227 1074 1829
614 1129 229 1075 1830
461 88 222 1075 1830
183 1135 221 1075 1830
518 198 221 1076 1831
614 1130 225 1076 1831
219 57 227 1076 1831
461 89 226 1076 1831
183 1136 225 1076 1831
154 228 221 1077 1832
614 1132 224 1078 1833
461 91 221 1078 1833
614 1133 223 1079 1834
219 60 221 1079 1834
254 970 221 1079 1834
254 971 221 1080 1835
183 1140 223 1080 1835
254 972 221 1081 1836
614 1136 222 1082 1837
172 1145 221 1082 1837
7 1132 222 1082 1837
183 1142 223 1082 1837
620 1147 223 1083 1838
614 1137 225 1083 1838
265 1153 221 1083 1838
310 209 221 1084 1839
614 1138 223 1084 1839
254 975 221 1084 1839
318 56 224 1088 1843
265 1159 222 1089 1844
461 105 225 1092 1847
461 106 231 1093 1848
614 1148 225 1094 1849
349 190 224 1094 1849
318 62 223 1094 1849
614 1149 223 1095 1850
349 191 224 1095 1850
254 986 227 1095 1850
183 1155 221 1095 1850
265 1165 222 1095 1850
461 109 225 1096 1851
620 1161 225 1097 1852
461 110 222 1097 1852
254 988 225 1097 1852
461 111 225 1098 1853
349 194 224 1098 1853
202 83 223 1098 1853
183 1158 222 1098 1853
461 112 226 1099 1854
318 67 221 1099 1854
265 1170 222 1100 1855
318 70 221 1102 1857
219 84 221 1103 1858
346 961 221 1103 1858
265 1173 227 1103 1858
196 1155 233 1103 1858
469 550 222 1104 1859
769 166 231 1104 1859
190 9 227 1108 1863
190 10 225 1109 1864
501 2 222 1110 1865
190 11 223 1110 1865
501 3 226 1111 1866
169 474 221 1113 1868
599 37 237 1115 1870
77 707 223 1117 1872
77 708 231 1118 1873
285 2 225 1122 1877
499 1131 223 1123 1878
77 713 229 1123 1878
77 714 227 1124 1879
527 1187 223 1125 1880
285 5 226 1125 1880
285 6 222 1126 1881
527 1188 227 1126 1881
77 716 227 1126 1881
499 1135 225 1127 1882
285 7 227 1127 1882
77 717 225 1127 1882
77 718 241 1128 1883
499 1137 222 1129 1884
77 719 241 1129 1884
77 720 235 1130 1885
77 724 224 1135 1890
285 15 222 1135 1890
579 13 221 1137 1892
211 257 223 1138 1893
304 1203 223 1150 1905
77 741 225 1151 1906
77 742 223 1152 1907
77 743 225 1153 1908
77 744 227 1154 1909
527 1217 227 1155 1910
527 1218 222 1156 1911
499 1165 223 1157 1912
443 270 223 1157 1912
499 1166 222 1158 1913
527 1220 223 1158 1913
77 748 223 1158 1913
77 749 223 1159 1914
77 750 221 1160 1915
304 1215 221 1161 1916
304 1216 221 1163 1918
471 646 221 1164 1919
443 279 221 1166 1921
43 1228 221 1166 1921
77 757 239 1167 1922
77 758 240 1168 1923
77 759 224 1169 1924
77 760 231 1170 1925
77 762 231 1172 1927
77 764 234 1174 1929
77 765 233 1175 1930
77 766 238 1176 1931
398 1244 223 1177 1932
77 767 225 1177 1932
77 768 221 1178 1933
77 769 222 1179 1934
304 1234 222 1181 1936
499 1189 223 1181 1936
398 1248 222 1181 1936
639 1248 222 1182 1937
398 1249 232 1182 1937
499 1191 223 1183 1938
398 1250 221 1183 1938
117 556 221 1184 1939
398 1251 232 1184 1939
77 774 233 1185 1940
398 1252 226 1185 1940
77 775 226 1186 1941
77 776 234 1186 1941
398 1254 226 1187 1942
77 777 227 1187 1942
398 1255 221 1188 1943
443 5 227 1188 1943
77 778 237 1188 1943
77 783 222 1193 1948
211 313 222 1194 1949
77 784 232 1195 1950
117 567 223 1195 1950
77 785 236 1195 1950
398 1263 222 1196 1951
77 786 237 1196 1951
579 74 225 1198 1953
398 1265 221 1198 1953
77 788 231 1198 1953
579 75 227 1199 1954
77 789 224 1200 1955
77 790 229 1201 1956
77 791 232 1202 1957
77 792 223 1202 1957
527 1267 227 1205 1960
77 795 224 1206 1961
527 1268 221 1206 1961
77 796 222 1206 1961
579 85 221 1209 1964
77 804 227 1215 1970
499 1223 221 1215 1970
398 1282 223 1215 1970
77 805 225 1216 1971
77 806 225 1217 1972
398 1284 221 1217 1972
77 807 225 1218 1973
77 808 223 1219 1974
398 1286 224 1219 1974
77 809 227 1220 1975
77 810 228 1221 1976
77 811 227 1222 1977
77 812 222 1223 1978
499 1232 221 1224 1979
77 813 228 1224 1979
77 814 229 1225 1980
77 815 235 1226 1981
77 816 236 1227 1982
77 818 238 1229 1984
77 819 232 1230 1985
77 821 225 1232 1987
579 109 223 1233 1988
77 824 240 1235 1990
639 1302 222 1236 1991
77 825 235 1236 1991
77 826 232 1237 1992
639 1303 222 1237 1992
77 827 227 1238 1993
579 114 227 1238 1993
77 831 224 1242 1997
77 832 229 1243 1998
398 1310 221 1243 1998
398 1311 224 1244 1999
77 834 233 1245 2000
579 121 230 1245 2000
77 835 221 1246 2001
77 836 236 1247 2002
398 1314 223 1247 2002
77 837 239 1248 2003
77 838 246 1249 2004
77 839 240 1250 2005
77 840 241 1251 2006
77 841 241 1252 2007
77 842 241 1253 2008
77 843 233 1254 2009
77 844 227 1255 2010
77 845 228 1256 2011
77 846 238 1257 2012
304 63 221 1257 2012
77 847 228 1258 2013
304 64 222 1258 2013
77 848 235 1259 2014
77 849 226 1260 2015
499 17 221 1260 2015
77 850 239 1261 2016
77 851 225 1262 2017
77 852 227 1263 2018
499 20 222 1263 2018
77 854 243 1265 2020
639 1332 221 1266 2021
77 855 239 1266 2021
240 162 234 1267 2022
639 1335 221 1269 2024
599 191 222 1269 2024
471 751 227 1269 2024
553 1326 227 1270 2025
18 19 223 1271 2026
18 20 225 1272 2027
495 1320 223 1272 2027
632 33 223 1272 2027
719 1003 226 1273 2028
407 179 222 1274 2029
79 402 231 1274 2029
213 374 237 1275 2030
195 324 222 1275 2030
169 637 232 1276 2031
28 157 222 1276 2031
117 650 221 1278 2033
