22 5 230 0 752
475 22 221 0 752
10 3 237 0 752
22 6 233 1 753
227 6 223 1 753
475 23 223 1 753
22 7 227 2 754
227 7 221 2 754
10 5 248 2 754
159 1 231 2 754
475 25 223 3 755
10 6 223 3 755
6 1 223 3 755
22 9 229 4 756
227 9 223 4 756
6 2 227 4 756
159 3 233 4 756
22 10 226 5 757
227 10 225 5 757
475 27 228 5 757
10 8 223 5 757
6 3 232 5 757
159 4 230 5 757
10 9 224 6 758
159 5 233 6 758
10 10 235 7 759
6 5 235 7 759
159 6 233 7 759
22 13 221 8 760
227 13 221 8 760
6 6 224 8 760
22 14 221 9 761
22 15 221 10 762
227 16 227 11 763
22 17 233 12 764
227 17 223 12 764
475 34 221 12 764
22 18 227 13 765
227 18 231 13 765
10 16 223 13 765
22 19 223 14 766
22 22 229 17 769
773 1 227 17 769
22 23 231 18 770
773 2 226 18 770
773 3 222 19 771
475 42 221 20 772
22 26 221 21 773
475 43 225 21 773
10 24 233 21 773
227 5 230 21 773
10 25 225 22 774
6 20 224 22 774
159 21 225 22 774
227 7 222 23 775
159 22 230 23 775
159 23 227 24 776
720 54 223 29 781
474 83 221 29 781
597 92 224 29 781
590 90 222 30 782
716 89 225 30 782
686 71 223 30 782
171 44 223 30 782
590 91 230 31 783
686 72 222 31 783
333 88 223 31 783
171 45 227 31 783
50 77 246 31 783
621 88 223 32 784
200 94 221 33 785
413 80 237 33 785
200 95 221 34 786
413 81 223 34 786
413 82 235 35 787
292 88 231 35 787
248 75 223 35 787
648 93 231 36 788
574 86 221 36 788
83 29 225 36 788
200 97 239 36 788
413 83 233 36 788
292 89 225 36 788
648 94 225 37 789
83 30 223 37 789
413 84 250 37 789
292 90 231 37 789
248 77 225 37 789
574 88 233 38 790
787 79 225 38 790
404 62 221 38 790
574 89 227 39 791
200 100 225 39 791
413 86 237 39 791
621 95 221 39 791
404 63 226 39 791
248 79 225 39 791
233 103 223 39 791
574 90 225 40 792
200 101 225 40 792
413 87 233 40 792
385 62 229 40 792
648 98 227 41 793
699 99 225 41 793
413 88 241 41 793
404 65 221 41 793
248 81 225 41 793
699 100 223 42 794
292 95 225 42 794
404 66 221 42 794
292 96 221 43 795
385 65 231 43 795
404 67 230 43 795
213 84 227 43 795
200 105 223 44 796
404 68 227 44 796
621 101 235 45 797
404 69 239 45 797
292 99 225 46 798
385 68 221 46 798
621 102 235 46 798
404 70 239 46 798
248 86 229 46 798
648 104 221 47 799
292 100 231 47 799
404 71 241 47 799
621 103 221 47 799
248 87 227 47 799
699 1 225 47 799
292 101 221 48 800
385 70 225 48 800
404 72 226 48 800
248 88 230 48 800
292 102 221 49 801
385 71 222 49 801
404 73 227 49 801
621 105 223 49 801
248 89 223 49 801
621 106 223 50 802
213 91 221 50 802
648 108 229 50 802
574 101 225 51 803
413 98 231 51 803
385 74 223 52 804
248 94 221 54 806
590 115 221 55 807
413 102 221 55 807
413 103 221 56 808
385 79 223 57 809
385 80 223 58 810
385 82 221 60 812
574 115 225 65 817
178 128 225 65 817
574 116 224 66 818
178 129 223 66 818
574 117 228 67 819
178 130 231 67 819
178 131 235 68 820
574 120 221 70 822
413 117 223 70 822
178 133 233 70 822
404 94 233 70 822
574 121 237 71 823
413 118 225 71 823
200 1 225 71 823
404 95 231 71 823
574 122 230 72 824
413 119 233 72 824
178 135 224 72 824
404 96 221 72 824
413 120 231 73 825
178 136 228 73 825
213 114 227 73 825
574 124 221 74 826
413 121 235 74 826
178 137 229 74 826
413 122 222 75 827
413 123 223 76 828
574 127 227 77 829
413 125 222 78 830
413 126 223 79 831
178 142 221 79 831
413 128 225 81 833
404 105 221 81 833
574 132 223 81 833
413 129 233 82 834
621 138 221 82 834
248 123 243 83 835
178 147 233 84 836
248 124 221 84 836
200 14 221 84 836
621 141 233 85 837
178 148 235 85 837
248 125 233 85 837
213 126 223 85 837
413 133 237 86 838
178 149 231 86 838
404 111 224 87 839
385 109 223 87 839
413 135 247 88 840
178 151 225 88 840
413 136 227 89 841
248 129 225 89 841
413 137 245 90 842
248 130 227 90 842
404 114 221 90 842
178 153 229 90 842
574 141 223 91 843
413 138 243 91 843
248 131 225 91 843
178 154 226 91 843
574 142 222 91 843
413 139 232 92 844
248 132 227 92 844
178 155 239 92 844
574 143 227 93 845
413 140 235 93 845
178 156 224 93 845
648 151 222 93 845
574 144 224 94 846
574 145 223 95 847
413 142 237 95 847
248 135 229 95 847
178 158 227 95 847
200 25 222 95 847
574 146 222 96 848
413 143 227 96 848
248 136 235 96 848
178 159 225 96 848
292 15 221 96 848
574 147 225 97 849
413 144 236 97 849
248 137 231 97 849
178 160 229 97 849
292 16 221 97 849
574 148 225 98 850
413 145 236 98 850
248 138 229 98 850
178 161 228 98 850
574 149 232 99 851
413 146 236 99 851
574 150 225 100 852
574 151 231 101 853
178 165 223 102 854
413 150 231 103 855
248 143 223 103 855
413 151 233 104 856
248 144 221 104 856
413 152 225 105 857
413 155 225 108 860
178 171 223 108 860
413 156 223 109 861
178 172 222 109 861
178 173 224 110 862
178 174 221 111 863
574 165 223 115 867
178 179 236 116 868
248 156 227 116 868
413 164 229 117 869
178 180 227 117 869
248 157 222 117 869
413 165 229 118 870
178 181 235 118 870
248 158 224 118 870
413 166 221 119 871
178 182 231 119 871
413 167 225 120 872
178 183 223 120 872
574 172 223 122 874
413 169 223 122 874
413 171 223 124 876
178 187 225 124 876
178 188 222 125 877
574 179 221 129 881
178 192 225 129 881
178 193 225 130 882
178 194 225 131 883
178 195 223 132 884
178 197 221 134 886
178 200 229 137 889
178 201 226 138 890
574 189 221 138 890
178 202 235 139 891
178 203 225 140 892
178 204 225 141 893
178 206 225 143 895
178 207 233 144 896
574 195 226 144 896
178 208 225 145 897
178 209 233 146 898
574 197 223 146 898
178 210 224 147 899
574 198 226 147 899
178 211 223 148 900
574 199 225 148 900
574 200 227 149 901
178 214 221 151 903
178 215 223 152 904
178 216 223 153 905
178 217 221 154 906
178 218 223 155 907
178 219 223 156 908
178 220 223 157 909
178 223 225 160 912
178 224 223 161 913
178 225 225 162 914
178 226 225 163 915
178 229 222 166 918
178 230 225 167 919
178 231 222 168 920
178 232 221 169 921
178 233 223 170 922
574 223 223 173 925
178 254 225 191 943
574 245 227 194 946
178 258 223 195 947
178 259 222 196 948
574 248 245 197 949
200 128 223 198 950
574 249 245 198 950
83 192 223 199 951
385 221 223 199 951
413 247 225 199 951
574 250 223 199 951
178 263 231 200 952
574 251 225 200 952
413 248 221 200 952
574 253 221 202 954
178 266 221 203 955
178 267 222 204 956
178 268 222 205 957
178 269 223 206 958
574 260 223 209 961
413 259 239 211 963
178 275 223 212 964
178 276 221 213 965
178 278 226 215 967
590 277 222 217 969
385 239 222 217 969
178 280 225 217 969
648 276 221 218 970
178 281 221 218 970
648 278 223 220 972
178 283 223 220 972
178 285 223 222 974
413 270 235 222 974
83 216 223 223 975
590 283 221 223 975
248 263 229 223 975
178 286 231 223 975
413 271 231 224 976
178 287 228 224 976
413 272 235 225 977
248 265 221 225 977
178 288 227 225 977
413 273 230 226 978
178 289 221 226 978
178 290 223 227 979
413 275 231 227 979
178 292 227 229 981
178 293 226 230 982
590 291 221 231 983
590 292 223 232 984
413 280 221 233 985
385 255 225 233 985
248 273 223 233 985
178 296 228 233 985
200 163 223 233 985
178 297 221 234 986
385 257 221 235 987
413 283 221 236 988
248 276 223 236 988
178 299 225 236 988
699 190 221 236 988
413 284 227 237 989
248 277 224 237 989
178 300 237 237 989
292 156 225 237 989
413 285 222 238 990
178 301 238 238 990
292 157 221 238 990
413 286 227 239 991
385 261 229 239 991
178 302 235 239 991
292 158 224 239 991
413 287 227 240 992
178 303 237 240 992
413 288 223 241 993
574 291 221 241 993
248 281 223 241 993
699 196 221 242 994
574 293 223 243 995
574 294 223 244 996
574 295 223 245 997
385 269 222 247 999
699 201 223 247 999
648 20 221 248 1000
648 21 221 249 1001
385 273 222 251 1003
292 173 221 254 1006
648 27 226 255 1007
248 295 221 255 1007
178 319 223 256 1008
200 186 221 256 1008
413 304 221 257 1009
385 279 222 257 1009
574 308 227 258 1010
385 280 221 258 1010
178 321 221 258 1010
413 306 225 259 1011
574 309 225 259 1011
590 319 225 259 1011
248 299 223 259 1011
200 189 225 259 1011
413 307 227 260 1012
574 310 231 260 1012
385 282 225 260 1012
200 190 226 260 1012
404 284 221 260 1012
413 308 229 261 1013
574 311 224 261 1013
590 321 221 261 1013
248 301 225 261 1013
590 322 221 262 1014
248 303 223 263 1015
200 193 223 263 1015
178 327 237 264 1016
413 312 224 264 1016
178 328 237 265 1017
248 305 225 265 1017
127 340 227 265 1017
413 313 222 265 1017
574 316 227 266 1018
178 329 237 266 1018
248 306 227 266 1018
292 185 225 266 1018
413 315 227 267 1019
574 318 225 268 1020
83 261 228 268 1020
672 315 227 269 1021
396 329 239 269 1021
578 329 230 270 1022
736 260 226 270 1022
385 293 225 271 1023
562 330 237 271 1023
36 321 222 271 1023
49 199 223 271 1023
583 335 229 272 1024
418 331 223 272 1024
100 41 226 275 1027
100 42 237 276 1028
125 342 231 276 1028
761 332 245 276 1028
159 48 221 277 1029
309 326 237 277 1029
761 333 223 277 1029
309 327 252 278 1030
565 337 223 278 1030
232 293 221 279 1031
761 335 244 279 1031
134 27 227 280 1032
125 346 222 280 1032
658 341 223 280 1032
761 336 241 280 1032
359 275 223 281 1033
570 18 230 281 1033
761 337 231 281 1033
359 276 225 282 1034
570 19 224 282 1034
309 331 223 282 1034
469 335 224 282 1034
761 338 231 282 1034
359 277 225 282 1034
570 20 235 283 1035
100 49 224 283 1035
309 332 221 283 1035
469 336 229 283 1035
125 349 224 283 1035
761 339 233 283 1035
570 21 231 284 1036
469 337 230 284 1036
125 350 225 284 1036
761 340 231 284 1036
359 279 221 285 1037
159 56 225 285 1037
570 22 227 285 1037
100 51 223 285 1037
309 334 223 285 1037
232 299 226 285 1037
469 338 233 285 1037
125 351 225 285 1037
761 341 235 285 1037
359 280 225 285 1037
159 57 221 285 1037
570 23 235 286 1038
100 52 221 286 1038
309 335 225 286 1038
469 339 233 286 1038
125 352 223 286 1038
761 342 230 286 1038
359 281 227 286 1038
159 58 224 287 1039
570 24 231 287 1039
309 336 231 287 1039
469 340 227 287 1039
761 343 237 287 1039
359 282 230 287 1039
570 25 225 288 1040
100 54 222 288 1040
134 35 222 288 1040
309 337 221 288 1040
565 347 221 288 1040
658 349 221 288 1040
761 344 237 288 1040
359 283 225 288 1040
570 26 227 289 1041
100 55 223 289 1041
309 338 228 289 1041
469 342 223 289 1041
658 350 221 289 1041
761 345 223 289 1041
359 284 227 289 1041
570 27 222 290 1042
761 346 222 290 1042
359 285 228 290 1042
570 28 225 291 1043
309 340 225 291 1043
761 347 241 291 1043
359 286 224 291 1043
134 39 223 292 1044
205 69 221 292 1044
761 348 247 292 1044
570 30 223 293 1045
100 59 223 293 1045
565 352 221 293 1045
469 346 226 293 1045
761 349 237 293 1045
309 343 229 294 1046
469 347 224 294 1046
761 350 236 294 1046
359 289 222 294 1046
570 32 225 295 1047
100 61 222 295 1047
134 42 221 295 1047
309 344 238 295 1047
469 348 222 295 1047
761 351 231 295 1047
159 67 223 295 1047
100 62 227 296 1048
134 43 222 296 1048
309 345 233 296 1048
469 349 222 296 1048
761 352 235 296 1048
159 68 226 296 1048
359 291 223 296 1048
100 63 223 297 1049
309 346 233 297 1049
761 353 228 297 1049
159 69 227 297 1049
570 35 233 298 1050
761 354 237 298 1050
359 293 225 298 1050
100 65 225 299 1051
570 36 227 299 1051
309 348 227 299 1051
469 352 226 299 1051
761 355 235 299 1051
159 71 223 299 1051
359 294 225 299 1051
100 66 227 300 1052
134 47 224 300 1052
570 37 232 300 1052
309 349 227 300 1052
469 353 229 300 1052
761 356 233 300 1052
159 72 223 300 1052
359 295 226 300 1052
100 67 227 301 1053
134 48 223 301 1053
570 38 231 301 1053
309 350 225 301 1053
469 354 225 301 1053
622 450 230 301 1053
761 357 235 301 1053
159 73 224 301 1053
359 296 225 301 1053
100 68 227 302 1054
134 49 225 302 1054
570 39 223 302 1054
309 351 223 302 1054
469 355 223 302 1054
761 358 225 302 1054
159 74 224 302 1054
359 297 225 302 1054
100 69 227 303 1055
570 40 224 303 1055
309 352 227 303 1055
761 359 237 303 1055
159 75 227 303 1055
359 298 225 303 1055
100 70 221 304 1056
134 51 224 304 1056
309 353 225 304 1056
761 360 235 304 1056
100 71 221 305 1057
570 42 221 305 1057
134 52 221 305 1057
309 354 221 305 1057
761 361 230 305 1057
100 72 222 306 1058
134 53 223 306 1058
309 355 231 306 1058
134 54 223 307 1059
309 356 222 307 1059
469 360 223 307 1059
359 302 221 307 1059
134 55 223 308 1060
570 46 221 309 1061
309 358 231 309 1061
469 362 223 309 1061
761 365 235 309 1061
309 359 241 310 1062
761 366 231 310 1062
134 58 224 311 1063
134 59 224 312 1064
570 49 224 312 1064
309 361 225 312 1064
761 368 224 312 1064
134 60 222 313 1065
570 50 225 313 1065
309 362 221 313 1065
761 369 226 313 1065
359 308 222 313 1065
134 61 225 314 1066
570 51 221 314 1066
309 363 221 314 1066
761 370 221 314 1066
359 309 223 314 1066
134 62 228 315 1067
309 364 229 315 1067
469 368 225 315 1067
761 371 221 315 1067
570 53 233 316 1068
309 365 222 316 1068
134 64 227 317 1069
570 54 232 317 1069
309 366 234 317 1069
469 370 230 317 1069
125 383 223 317 1069
232 331 223 317 1069
570 55 231 318 1070
309 367 225 318 1070
469 371 223 318 1070
125 384 226 318 1070
570 56 221 319 1071
309 368 227 319 1071
125 385 227 319 1071
159 91 223 319 1071
570 57 229 320 1072
159 92 221 320 1072
309 370 239 321 1073
125 387 223 321 1073
570 59 223 322 1074
309 371 237 322 1074
309 372 235 323 1075
159 95 221 323 1075
134 71 223 324 1076
309 373 237 324 1076
658 385 222 324 1076
159 96 225 324 1076
309 374 235 325 1077
159 97 224 325 1077
570 63 223 325 1077
309 375 237 326 1078
159 98 227 326 1078
309 376 235 327 1079
570 65 226 327 1079
309 377 235 328 1080
658 389 223 328 1080
159 100 223 328 1080
570 66 221 328 1080
570 67 223 330 1082
159 102 223 330 1082
570 68 223 331 1083
134 78 221 331 1083
309 380 231 331 1083
761 387 225 331 1083
761 388 227 332 1084
570 70 223 333 1085
309 382 223 333 1085
761 389 230 333 1085
134 81 221 334 1086
309 383 235 334 1086
761 390 225 334 1086
159 106 225 334 1086
570 72 227 335 1087
309 384 237 335 1087
125 401 225 335 1087
159 107 235 335 1087
570 73 227 336 1088
134 83 222 336 1088
309 385 239 336 1088
125 402 223 336 1088
159 108 235 336 1088
570 74 225 337 1089
309 386 233 337 1089
125 403 227 337 1089
658 398 221 337 1089
159 109 235 337 1089
309 387 235 338 1090
159 110 237 338 1090
570 76 221 339 1091
309 388 231 339 1091
125 405 222 339 1091
159 111 231 339 1091
309 389 235 340 1092
159 112 235 340 1092
309 390 235 341 1093
469 394 223 341 1093
159 113 237 341 1093
570 79 222 342 1094
309 391 237 342 1094
469 395 223 342 1094
159 114 235 342 1094
570 80 227 343 1095
309 392 241 343 1095
159 115 223 343 1095
761 399 223 343 1095
570 81 225 344 1096
309 393 227 344 1096
570 82 225 345 1097
761 401 223 345 1097
658 406 221 345 1097
570 83 226 346 1098
309 395 231 346 1098
125 412 221 346 1098
761 402 224 346 1098
658 407 221 346 1098
359 341 225 346 1098
570 84 223 347 1099
309 396 228 347 1099
469 400 224 347 1099
159 119 226 347 1099
761 403 224 347 1099
309 397 232 348 1100
469 401 223 348 1100
159 120 234 348 1100
359 343 229 348 1100
570 86 221 349 1101
309 398 227 349 1101
159 121 230 349 1101
164 2 222 349 1101
309 399 245 350 1102
100 116 221 350 1102
658 411 221 350 1102
159 123 232 351 1103
570 89 223 352 1104
570 90 226 353 1105
309 402 225 353 1105
359 348 221 353 1105
309 403 222 354 1106
159 126 227 354 1106
309 404 228 355 1107
570 92 221 355 1107
164 8 221 355 1107
309 405 237 356 1108
570 93 224 356 1108
159 128 221 356 1108
164 9 226 356 1108
309 406 245 357 1109
164 10 224 357 1109
469 411 221 358 1110
125 424 222 358 1110
761 414 227 358 1110
164 11 223 358 1110
309 408 225 359 1111
570 97 230 360 1112
164 13 227 360 1112
570 98 228 361 1113
570 99 225 362 1114
570 100 225 363 1115
309 412 233 363 1115
761 419 225 363 1115
570 101 227 364 1116
309 413 225 364 1116
469 417 222 364 1116
164 17 223 364 1116
570 102 231 365 1117
309 414 225 365 1117
164 18 222 365 1117
570 103 235 366 1118
309 415 224 366 1118
469 419 223 366 1118
159 138 223 366 1118
164 19 227 366 1118
570 104 233 367 1119
100 133 223 367 1119
309 416 226 367 1119
570 105 227 368 1120
100 134 221 368 1120
309 417 227 368 1120
761 424 221 368 1120
658 429 221 368 1120
570 106 233 369 1121
309 418 225 369 1121
232 383 221 369 1121
761 425 221 369 1121
570 107 226 370 1122
309 419 228 370 1122
159 142 221 370 1122
658 431 221 370 1122
309 420 229 371 1123
159 143 221 371 1123
309 421 228 372 1124
761 428 221 372 1124
658 433 223 372 1124
570 110 225 373 1125
309 422 237 373 1125
159 145 221 373 1125
570 111 233 374 1126
469 427 221 374 1126
761 430 223 374 1126
658 435 222 374 1126
570 112 227 375 1127
469 428 221 375 1127
761 431 224 375 1127
570 113 229 375 1127
309 425 222 376 1128
761 432 222 376 1128
570 114 231 377 1129
309 426 221 377 1129
761 433 223 377 1129
125 443 227 377 1129
570 115 231 377 1129
761 434 222 378 1130
570 116 223 378 1130
309 428 222 379 1131
761 435 221 379 1131
570 117 225 379 1131
309 429 224 380 1132
761 436 225 380 1132
309 430 225 381 1133
469 434 223 381 1133
761 437 223 381 1133
570 119 227 382 1134
309 431 221 382 1134
469 435 223 382 1134
658 443 221 382 1134
359 377 222 382 1134
570 120 223 383 1135
309 432 230 383 1135
469 436 221 383 1135
359 378 221 383 1135
570 121 232 383 1135
309 433 223 384 1136
658 445 221 384 1136
309 434 224 385 1137
570 123 224 385 1137
309 435 225 386 1138
570 124 233 386 1138
570 125 223 388 1140
309 437 227 388 1140
164 21 221 388 1140
761 444 225 388 1140
570 126 221 389 1141
309 438 227 389 1141
164 22 227 389 1141
570 127 231 389 1141
309 439 233 390 1142
164 23 224 390 1142
761 446 223 390 1142
309 440 231 391 1143
164 24 227 391 1143
761 447 223 391 1143
570 129 230 391 1143
309 441 229 392 1144
570 130 227 392 1144
309 442 231 393 1145
570 131 233 393 1145
309 443 231 394 1146
761 450 221 394 1146
309 444 231 395 1147
164 28 221 395 1147
309 445 225 396 1148
761 452 224 396 1148
309 446 233 397 1149
761 453 225 397 1149
309 447 233 398 1150
134 146 221 399 1151
309 448 237 399 1151
761 455 221 399 1151
570 137 225 399 1151
309 449 241 400 1152
469 453 225 400 1152
164 33 221 400 1152
159 172 225 400 1152
309 450 237 401 1153
469 454 226 401 1153
164 34 223 401 1153
159 173 225 401 1153
309 451 239 402 1154
469 455 223 402 1154
164 35 223 402 1154
159 174 226 402 1154
309 452 237 403 1155
469 456 225 403 1155
570 141 221 403 1155
309 453 247 404 1156
658 465 221 404 1156
309 454 241 405 1157
164 38 225 405 1157
658 466 221 405 1157
761 461 227 405 1157
309 455 247 406 1158
469 459 222 406 1158
658 467 225 406 1158
570 144 225 406 1158
309 456 245 407 1159
658 468 225 407 1159
309 457 244 408 1160
469 461 224 408 1160
164 41 223 408 1160
658 469 223 408 1160
309 458 233 409 1161
309 459 235 410 1162
159 182 223 410 1162
761 466 225 410 1162
309 460 233 411 1163
658 472 223 411 1163
309 461 225 412 1164
658 473 223 412 1164
159 184 221 412 1164
761 468 222 412 1164
309 462 224 413 1165
761 469 221 413 1165
469 467 221 414 1166
658 475 223 414 1166
309 464 221 415 1167
761 471 221 415 1167
309 465 233 416 1168
309 466 231 417 1169
469 470 222 417 1169
761 473 237 417 1169
309 468 228 419 1171
309 469 226 420 1172
761 476 224 420 1172
761 477 222 421 1173
309 471 223 422 1174
761 478 227 422 1174
309 472 227 423 1175
164 3 227 423 1175
164 4 226 424 1176
761 480 229 424 1176
164 5 223 425 1177
469 478 221 425 1177
761 481 227 425 1177
164 6 223 426 1178
761 482 227 426 1178
159 199 221 427 1179
761 483 229 427 1179
164 8 223 428 1180
469 481 225 428 1180
761 484 224 428 1180
164 9 225 429 1181
761 485 231 429 1181
761 486 230 430 1182
761 487 225 431 1183
164 12 224 432 1184
761 488 226 432 1184
570 170 221 432 1184
761 489 233 433 1185
100 200 223 434 1186
164 16 221 436 1188
761 492 221 436 1188
164 18 223 438 1190
761 494 232 438 1190
164 19 223 439 1191
761 495 221 439 1191
570 178 225 440 1192
761 497 231 441 1193
570 179 227 441 1193
100 208 221 442 1194
309 491 221 442 1194
761 498 226 442 1194
570 180 227 443 1195
761 499 229 443 1195
359 438 225 443 1195
761 500 225 444 1196
761 501 243 445 1197
359 440 221 445 1197
570 183 225 446 1198
469 499 225 446 1198
164 26 225 446 1198
761 502 227 446 1198
100 213 222 447 1199
469 500 222 447 1199
658 508 221 447 1199
100 214 221 448 1200
761 504 227 448 1200
100 215 223 449 1201
164 29 227 449 1201
761 505 231 449 1201
359 444 223 449 1201
309 499 222 450 1202
164 30 227 450 1202
761 506 237 450 1202
309 500 225 451 1203
565 510 223 451 1203
761 507 233 451 1203
100 218 221 452 1204
309 501 229 452 1204
761 508 225 452 1204
309 502 225 453 1205
164 33 225 453 1205
469 506 221 453 1205
761 509 230 453 1205
359 448 225 453 1205
469 507 224 454 1206
159 226 222 454 1206
761 510 223 454 1206
309 504 225 455 1207
159 227 225 455 1207
761 511 221 455 1207
309 505 235 456 1208
469 509 225 456 1208
761 512 231 456 1208
309 506 237 457 1209
164 37 222 457 1209
469 510 221 457 1209
164 38 227 458 1210
658 519 223 458 1210
565 517 221 458 1210
309 1 239 458 1210
164 39 227 459 1211
658 520 221 459 1211
309 2 231 459 1211
159 232 223 460 1212
309 3 235 460 1212
164 41 221 461 1213
159 233 228 461 1213
309 4 238 461 1213
164 42 223 462 1214
309 5 238 462 1214
164 43 229 463 1215
309 6 237 463 1215
164 44 221 464 1216
159 236 221 464 1216
309 7 231 464 1216
159 238 224 466 1218
309 10 239 467 1219
164 48 223 468 1220
309 11 221 468 1220
359 464 223 469 1221
309 13 232 470 1222
761 526 225 470 1222
309 14 230 471 1223
469 525 221 472 1224
309 15 228 472 1224
100 239 221 473 1225
309 16 227 473 1225
469 527 221 474 1226
309 17 221 474 1226
469 528 223 475 1227
164 55 225 475 1227
309 18 225 475 1227
469 529 223 476 1228
658 537 223 476 1228
761 532 231 476 1228
100 243 221 477 1229
164 57 223 477 1229
125 543 221 477 1229
761 533 229 477 1229
100 244 222 478 1230
164 58 233 478 1230
309 21 227 478 1230
164 59 235 479 1231
469 533 225 480 1232
164 60 223 480 1232
658 541 228 480 1232
100 247 221 481 1233
469 534 237 481 1233
164 61 229 481 1233
309 24 239 481 1233
125 548 223 482 1234
565 541 225 482 1234
159 254 225 482 1234
164 63 224 483 1235
658 544 221 483 1235
125 549 221 483 1235
309 26 225 483 1235
761 539 231 483 1235
309 27 227 484 1236
761 540 222 484 1236
164 65 225 485 1237
309 28 232 485 1237
359 480 221 485 1237
761 541 222 485 1237
309 29 233 486 1238
164 67 221 487 1239
309 30 234 487 1239
761 543 225 487 1239
309 31 239 488 1240
761 544 223 488 1240
309 32 245 489 1241
761 545 238 489 1241
309 33 245 490 1242
761 546 229 490 1242
309 34 230 491 1243
761 547 230 491 1243
309 35 237 492 1244
761 548 233 492 1244
100 259 221 493 1245
164 73 223 493 1245
359 1 221 493 1245
159 265 221 493 1245
309 36 223 493 1245
761 549 233 493 1245
761 550 235 494 1246
164 75 222 495 1247
565 555 221 496 1248
125 9 221 497 1249
565 556 228 497 1249
761 553 245 497 1249
159 270 221 498 1250
309 41 231 498 1250
761 554 235 498 1250
761 555 227 499 1251
469 553 225 500 1252
125 2 221 500 1252
205 277 223 500 1252
232 78 233 500 1252
125 3 229 501 1253
309 45 237 502 1254
761 558 240 502 1254
469 556 223 503 1255
164 83 227 503 1255
359 11 223 503 1255
761 559 229 503 1255
469 557 225 504 1256
100 270 223 504 1256
469 558 222 505 1257
658 566 225 505 1257
322 554 244 506 1258
723 555 222 507 1259
322 555 235 507 1259
125 10 229 508 1260
121 575 246 508 1260
423 559 221 509 1261
186 72 230 509 1261
423 560 247 510 1262
444 577 235 510 1262
47 260 223 510 1262
423 561 228 511 1263
110 562 235 511 1263
47 262 227 512 1264
110 563 235 512 1264
110 564 229 513 1265
423 564 225 514 1266
444 581 223 514 1266
110 565 233 514 1266
110 566 243 515 1267
121 582 224 515 1267
444 583 224 516 1268
47 266 227 516 1268
186 79 228 516 1268
89 580 223 516 1268
110 567 227 516 1268
110 568 223 517 1269
47 269 227 519 1271
444 586 225 519 1271
89 583 227 519 1271
423 570 237 520 1272
47 270 222 520 1272
444 587 225 520 1272
186 83 221 520 1272
89 584 231 520 1272
110 571 223 520 1272
121 587 223 520 1272
444 588 221 521 1273
688 207 231 521 1273
110 572 227 521 1273
121 588 224 521 1273
423 572 224 522 1274
186 85 227 522 1274
688 208 223 522 1274
110 573 252 522 1274
121 589 229 522 1274
423 573 231 523 1275
444 590 233 523 1275
186 86 225 523 1275
110 574 249 523 1275
637 537 237 524 1276
423 574 222 524 1276
444 591 224 524 1276
186 87 227 524 1276
89 588 221 524 1276
110 575 246 524 1276
121 591 230 524 1276
637 538 231 525 1277
110 576 247 525 1277
230 564 225 526 1278
110 577 246 526 1278
230 565 225 527 1279
110 578 243 527 1279
230 566 222 528 1280
110 579 239 528 1280
637 542 223 529 1281
777 579 221 529 1281
423 579 223 529 1281
110 580 246 529 1281
47 280 234 530 1282
637 544 222 531 1283
121 598 223 531 1283
637 545 233 532 1284
423 582 225 532 1284
444 599 227 532 1284
186 95 221 532 1284
688 218 227 532 1284
110 583 247 532 1284
186 96 230 533 1285
89 597 223 533 1285
688 219 225 533 1285
110 584 244 533 1285
637 547 223 534 1286
47 284 221 534 1286
444 601 235 534 1286
186 97 233 534 1286
89 598 221 534 1286
110 585 248 534 1286
121 601 224 534 1286
423 585 239 535 1287
47 285 223 535 1287
444 602 225 535 1287
89 599 223 535 1287
110 586 246 535 1287
121 602 231 535 1287
637 549 221 536 1288
444 603 223 536 1288
186 99 223 536 1288
110 587 245 536 1288
121 603 229 536 1288
637 550 223 537 1289
423 587 221 537 1289
444 604 229 537 1289
89 601 222 537 1289
110 588 247 537 1289
637 551 227 538 1290
47 288 228 538 1290
444 605 227 538 1290
186 101 221 538 1290
110 589 247 538 1290
121 605 221 538 1290
230 577 223 539 1291
637 552 223 539 1291
47 289 224 539 1291
444 606 231 539 1291
89 603 222 539 1291
110 590 225 539 1291
121 606 223 539 1291
637 553 227 540 1292
423 590 222 540 1292
47 290 233 540 1292
444 607 222 540 1292
89 604 229 540 1292
110 591 231 540 1292
688 226 221 540 1292
121 607 222 540 1292
637 554 223 541 1293
110 592 235 541 1293
47 292 223 542 1294
110 593 221 542 1294
230 581 231 543 1295
47 293 221 543 1295
444 610 224 543 1295
444 612 229 545 1297
110 597 221 546 1298
626 6 223 546 1298
444 614 222 547 1299
626 9 221 549 1301
538 594 222 550 1302
230 589 226 551 1303
637 564 223 551 1303
47 301 227 551 1303
230 590 221 552 1304
626 14 224 555 1307
484 454 221 555 1307
697 614 239 556 1308
484 458 223 559 1311
423 610 233 560 1312
423 611 225 561 1313
697 619 231 561 1313
423 612 226 562 1314
697 620 223 562 1314
423 613 223 563 1315
697 621 226 563 1315
423 614 225 564 1316
230 602 223 564 1316
637 577 229 564 1316
444 631 221 564 1316
688 15 221 564 1316
110 615 223 564 1316
89 629 224 565 1317
423 616 223 566 1318
637 579 227 566 1318
444 633 221 566 1318
47 316 221 566 1318
110 617 233 566 1318
637 580 231 567 1319
186 130 221 567 1319
444 634 233 567 1319
47 317 221 567 1319
110 618 228 567 1319
121 634 221 568 1320
423 618 227 568 1320
637 581 235 568 1320
444 635 221 568 1320
110 619 221 568 1320
423 619 241 569 1321
688 20 221 569 1321
423 620 225 570 1322
47 320 222 570 1322
110 621 221 570 1322
121 637 227 571 1323
423 621 231 571 1323
637 584 235 571 1323
47 321 235 571 1323
121 638 226 572 1324
230 610 225 572 1324
121 639 227 572 1324
423 623 224 573 1325
230 611 229 573 1325
637 586 233 573 1325
444 640 227 573 1325
47 323 237 573 1325
89 637 221 573 1325
230 612 241 574 1326
637 587 222 574 1326
121 641 223 575 1327
230 613 236 575 1327
110 626 223 575 1327
121 642 225 576 1328
230 614 231 576 1328
637 589 221 576 1328
121 643 222 577 1329
230 615 237 577 1329
110 628 225 577 1329
777 628 221 578 1330
230 616 240 578 1330
230 617 239 579 1331
47 329 223 579 1331
637 2 224 580 1332
230 618 235 580 1332
777 630 225 580 1332
121 647 221 581 1333
230 619 239 581 1333
47 331 225 581 1333
637 4 221 582 1334
121 648 221 582 1334
230 620 230 582 1334
697 640 223 582 1334
47 332 224 582 1334
230 621 241 583 1335
230 622 227 584 1336
47 334 229 584 1336
230 623 233 585 1337
230 624 231 586 1338
47 336 221 586 1338
230 625 231 587 1339
230 626 233 588 1340
230 627 222 589 1341
47 339 235 589 1341
230 628 221 590 1342
110 641 223 590 1342
47 340 224 590 1342
230 629 233 591 1343
230 630 227 592 1344
47 342 227 592 1344
230 631 239 593 1345
47 343 228 593 1345
230 632 235 594 1346
697 652 221 594 1346
230 633 229 595 1347
637 18 221 595 1347
230 634 235 596 1348
110 647 223 596 1348
121 663 221 597 1349
230 635 237 597 1349
47 347 225 597 1349
637 20 230 597 1349
121 664 223 598 1350
47 348 225 598 1350
338 10 223 598 1350
637 21 225 598 1350
230 637 235 599 1351
110 650 223 599 1351
47 349 225 599 1351
637 22 227 599 1351
423 650 222 600 1352
230 638 229 600 1352
47 350 225 600 1352
637 23 225 600 1352
230 639 231 601 1353
637 24 233 601 1353
230 640 241 602 1354
637 25 227 602 1354
230 641 235 603 1355
110 654 221 603 1355
47 353 223 603 1355
637 26 227 603 1355
230 642 229 604 1356
110 655 225 604 1356
47 354 223 604 1356
637 27 231 604 1356
230 643 231 605 1357
47 355 225 605 1357
637 28 231 605 1357
230 644 230 606 1358
423 656 221 606 1358
110 657 222 606 1358
47 356 231 606 1358
637 29 233 606 1358
230 645 225 607 1359
47 357 224 607 1359
637 30 227 607 1359
47 358 227 608 1360
637 31 224 608 1360
230 647 231 609 1361
47 359 223 609 1361
47 360 223 610 1362
637 33 224 610 1362
110 664 221 613 1365
47 364 221 614 1366
637 37 223 614 1366
230 653 229 615 1367
47 365 223 615 1367
230 654 225 616 1368
230 655 233 617 1369
230 656 223 618 1370
110 669 224 618 1370
637 41 223 618 1370
230 657 235 619 1371
230 658 227 620 1372
121 21 221 620 1372
230 659 235 621 1373
110 672 223 621 1373
121 1 221 622 1374
230 660 228 622 1374
110 673 223 622 1374
230 661 229 623 1375
110 674 221 623 1375
121 3 221 624 1376
230 662 235 624 1376
110 675 221 624 1376
230 663 239 625 1377
89 690 223 626 1378
637 49 223 626 1378
423 677 221 627 1379
47 377 221 627 1379
89 691 222 627 1379
230 666 221 628 1380
186 191 238 628 1380
47 378 221 628 1380
423 679 223 629 1381
110 680 233 629 1381
230 668 227 630 1382
110 681 225 630 1382
637 53 240 630 1382
110 682 237 631 1383
637 54 221 631 1383
186 195 234 632 1384
110 683 236 632 1384
110 684 239 633 1385
110 685 240 634 1386
110 686 237 635 1387
637 58 233 635 1387
110 687 223 636 1388
444 703 225 636 1388
637 59 221 636 1388
230 675 221 637 1389
110 689 229 638 1390
110 690 239 639 1391
423 690 221 640 1392
186 203 223 640 1392
110 691 233 640 1392
444 707 221 640 1392
89 704 221 640 1392
110 692 237 641 1393
637 64 221 641 1393
186 205 225 642 1394
110 693 239 642 1394
110 694 235 643 1395
186 206 221 643 1395
110 695 239 644 1396
110 696 233 645 1397
110 697 225 646 1398
110 698 222 647 1399
110 699 237 648 1400
230 688 225 650 1402
110 701 223 650 1402
110 702 221 651 1403
110 703 235 652 1404
110 704 237 653 1405
110 706 229 655 1407
110 707 235 656 1408
43 717 222 657 1409
191 107 223 658 1410
110 710 247 659 1411
386 308 221 660 1412
110 713 243 662 1414
110 714 243 663 1415
110 715 233 664 1416
110 716 241 665 1417
110 1 250 666 1418
110 2 221 667 1419
110 4 247 669 1421
110 5 243 670 1422
110 6 225 671 1423
558 715 225 672 1424
110 7 239 672 1424
558 716 221 673 1425
110 8 244 673 1425
110 10 245 675 1427
110 11 237 676 1428
110 12 233 677 1429
110 13 239 678 1430
110 14 224 679 1431
110 15 233 680 1432
110 16 227 681 1433
110 17 225 682 1434
110 18 239 683 1435
110 19 235 684 1436
459 727 224 685 1437
557 751 221 685 1437
441 682 221 685 1437
110 20 231 685 1437
422 737 221 686 1438
717 745 225 686 1438
110 21 230 686 1438
110 22 227 687 1439
110 23 244 688 1440
110 24 231 689 1441
110 25 230 690 1442
110 26 247 691 1443
120 249 221 692 1444
110 27 223 692 1444
110 28 225 693 1445
688 145 221 694 1446
110 29 241 694 1446
230 733 225 695 1447
110 31 230 696 1448
423 747 223 697 1449
110 32 235 697 1449
110 33 235 698 1450
110 34 235 699 1451
186 23 228 700 1452
110 35 231 700 1452
110 36 227 701 1453
637 125 221 702 1454
423 753 229 703 1455
89 767 222 703 1455
110 38 234 703 1455
637 126 223 703 1455
423 754 223 704 1456
110 39 237 704 1456
423 756 221 706 1458
110 41 227 706 1458
637 129 223 706 1458
423 757 225 707 1459
110 42 243 707 1459
637 130 221 707 1459
423 758 225 708 1460
110 43 239 708 1460
637 131 221 708 1460
423 759 225 709 1461
110 44 223 709 1461
110 45 231 710 1462
230 749 229 711 1463
637 136 225 714 1466
230 752 221 714 1466
637 137 221 715 1467
637 138 223 716 1468
110 51 233 716 1468
423 767 221 717 1469
110 52 231 717 1469
121 97 227 718 1470
637 142 221 719 1471
230 758 227 720 1472
423 770 221 720 1472
230 759 225 721 1473
121 3 230 721 1473
230 760 233 722 1474
110 57 231 722 1474
230 761 231 723 1475
423 773 221 723 1475
110 58 231 723 1475
230 762 227 724 1476
110 59 231 724 1476
230 763 231 725 1477
423 775 223 725 1477
121 7 225 725 1477
110 60 238 725 1477
637 148 225 725 1477
186 49 222 725 1477
230 764 237 726 1478
423 776 221 726 1478
626 75 225 726 1478
338 138 221 726 1478
637 149 223 726 1478
110 61 238 726 1478
186 50 227 726 1478
230 765 225 727 1479
423 777 235 727 1479
110 62 223 727 1479
230 766 223 728 1480
47 478 223 728 1480
121 10 226 728 1480
110 63 244 728 1480
637 151 226 728 1480
230 767 245 729 1481
110 64 238 729 1481
230 768 235 730 1482
110 65 235 730 1482
230 769 225 731 1483
121 13 223 731 1483
110 66 235 731 1483
110 67 237 732 1484
110 68 235 733 1485
110 69 235 734 1486
121 17 221 735 1487
110 70 235 735 1487
47 486 222 736 1488
121 18 223 736 1488
110 71 233 736 1488
110 72 237 737 1489
110 73 235 738 1490
110 74 237 740 1492
110 75 232 741 1493
637 163 223 741 1493
89 805 225 741 1493
110 76 227 742 1494
637 164 223 742 1494
47 492 223 742 1494
688 193 231 742 1494
121 24 227 742 1494
47 493 221 743 1495
110 78 235 743 1495
110 79 233 745 1497
47 495 222 745 1497
110 80 237 746 1498
110 81 221 747 1499
47 497 235 747 1499
110 82 227 748 1500
47 498 230 748 1500
71 162 221 749 1501
110 83 235 749 1501
110 84 246 750 1502
47 500 231 750 1502
110 85 233 751 1503
47 501 221 751 1503
230 790 237 751 1503
110 86 243 752 1504
423 802 221 752 1504
47 502 221 752 1504
186 76 237 752 1504
230 791 238 752 1504
110 87 239 753 1505
186 77 224 753 1505
230 792 237 754 1506
110 88 227 754 1506
47 504 222 754 1506
423 805 237 755 1507
230 795 230 757 1509
230 797 223 758 1510
497 817 227 760 1512
454 824 222 760 1512
225 743 227 762 1514
414 824 221 764 1516
498 401 229 765 1517
150 588 225 765 1517
126 470 235 765 1517
515 146 226 765 1517
191 214 225 765 1517
374 823 233 765 1517
314 491 231 765 1517
607 791 222 766 1518
789 817 222 766 1518
18 816 221 766 1518
467 27 241 766 1518
320 78 222 766 1518
340 237 227 766 1518
342 827 222 766 1518
186 90 225 766 1518
276 808 242 766 1518
414 827 223 767 1519
312 814 229 767 1519
81 815 233 768 1520
345 500 223 768 1520
651 827 226 768 1520
383 824 233 768 1520
317 6 223 768 1520
105 800 223 768 1520
607 794 227 768 1520
71 182 227 769 1521
354 720 223 770 1522
446 820 229 770 1522
738 764 224 770 1522
287 530 223 770 1522
395 761 222 770 1522
646 811 231 770 1522
230 809 221 770 1522
200 29 231 771 1523
516 829 233 771 1523
268 717 241 771 1523
468 830 222 771 1523
241 836 225 771 1523
235 393 221 771 1523
332 32 239 771 1523
435 710 225 771 1523
241 837 221 772 1524
235 394 221 772 1524
322 821 227 773 1525
88 803 237 774 1526
445 821 221 774 1526
667 188 228 774 1526
211 263 226 774 1526
509 788 237 774 1526
374 832 235 774 1526
602 813 226 774 1526
594 29 222 774 1526
299 334 221 775 1527
724 835 221 775 1527
161 325 221 775 1527
272 839 221 775 1527
74 841 225 775 1527
24 77 225 775 1527
235 397 223 775 1527
322 823 230 775 1527
332 36 224 775 1527
159 548 231 776 1528
55 833 221 776 1528
74 842 226 776 1528
322 824 235 776 1528
604 27 223 776 1528
670 390 223 776 1528
435 715 227 776 1528
670 391 223 777 1529
435 716 229 777 1529
763 245 221 777 1529
458 847 225 778 1530
322 826 230 778 1530
332 39 223 778 1530
192 72 225 778 1530
435 717 235 778 1530
402 319 227 780 1532
235 402 225 780 1532
322 828 233 780 1532
374 838 221 780 1532
629 756 223 781 1533
789 832 223 781 1533
659 75 223 781 1533
74 847 229 781 1533
235 403 226 781 1533
450 840 223 781 1533
322 829 235 781 1533
60 849 223 781 1533
659 76 223 782 1534
185 20 235 782 1534
322 830 241 782 1534
483 272 227 782 1534
435 721 233 782 1534
60 850 221 782 1534
565 842 222 783 1535
659 77 223 783 1535
74 849 224 783 1535
322 831 239 783 1535
435 722 243 783 1535
195 205 227 784 1536
74 850 221 784 1536
322 832 237 784 1536
435 723 230 784 1536
476 302 225 785 1537
789 836 221 785 1537
322 833 239 785 1537
435 724 243 785 1537
593 526 224 785 1537
625 33 227 786 1538
789 837 221 786 1538
659 80 225 786 1538
74 852 221 786 1538
322 834 239 786 1538
435 725 228 786 1538
789 838 221 787 1539
562 133 221 787 1539
74 853 221 787 1539
235 409 221 787 1539
322 835 238 787 1539
506 306 221 787 1539
435 726 228 787 1539
562 134 221 788 1540
133 857 221 788 1540
322 836 233 788 1540
80 852 227 788 1540
435 727 222 788 1540
221 848 230 789 1541
322 837 225 789 1541
435 728 224 789 1541
335 849 227 790 1542
171 100 223 790 1542
322 838 225 790 1542
7 838 221 790 1542
789 842 223 791 1543
506 310 225 791 1543
435 730 231 791 1543
7 839 221 791 1543
445 839 221 792 1544
322 840 235 792 1544
7 840 221 792 1544
435 731 230 792 1544
301 118 225 793 1545
23 328 225 793 1545
133 862 221 793 1545
322 841 233 793 1545
435 732 239 793 1545
7 841 221 793 1545
133 863 222 794 1546
322 842 232 794 1546
506 313 221 794 1546
435 733 246 794 1546
655 107 221 795 1547
735 487 227 795 1547
133 864 225 795 1547
322 843 229 795 1547
435 734 235 795 1547
157 864 221 795 1547
6 54 223 796 1548
629 771 226 796 1548
449 608 221 796 1548
616 663 224 796 1548
421 76 235 796 1548
223 294 222 796 1548
24 99 221 797 1549
584 768 221 797 1549
322 846 246 798 1550
83 295 223 799 1551
435 738 221 799 1551
150 34 230 800 1552
158 130 222 800 1552
424 867 227 800 1552
320 112 223 800 1552
138 868 221 800 1552
322 848 225 800 1552
83 296 231 800 1552
435 739 235 800 1552
322 849 227 801 1553
83 297 235 801 1553
435 740 229 801 1553
425 737 225 801 1553
687 870 222 802 1554
665 662 225 802 1554
784 68 225 802 1554
311 29 223 802 1554
435 741 224 802 1554
322 851 252 803 1555
322 852 239 804 1556
322 853 225 805 1557
435 744 222 805 1557
18 856 225 806 1558
322 854 227 806 1558
468 866 221 807 1559
322 855 223 807 1559
322 856 251 808 1560
604 59 223 808 1560
773 793 226 808 1560
322 857 237 809 1561
190 50 222 809 1561
688 261 224 810 1562
322 858 252 810 1562
773 795 232 810 1562
456 869 223 810 1562
42 519 223 810 1562
127 887 221 811 1563
508 779 222 811 1563
322 859 235 811 1563
724 872 225 812 1564
322 860 233 812 1564
657 872 221 813 1565
322 861 243 813 1565
402 353 227 814 1566
322 862 222 814 1566
506 333 224 814 1566
431 581 223 815 1567
532 77 221 815 1567
126 520 226 815 1567
383 871 221 815 1567
322 863 235 815 1567
242 167 221 815 1567
77 403 222 816 1568
363 301 231 816 1568
114 13 225 816 1568
322 864 225 816 1568
114 14 222 817 1569
322 865 241 817 1569
586 878 227 818 1570
284 880 224 818 1570
217 880 225 818 1570
16 553 225 818 1570
470 793 223 818 1570
322 866 223 818 1570
396 359 235 819 1571
523 867 227 819 1571
413 293 232 819 1571
482 1020 223 819 1571
178 883 233 819 1571
322 867 244 819 1571
110 154 223 819 1571
322 868 222 820 1572
277 73 225 821 1573
313 43 231 822 1574
188 364 221 822 1574
322 870 228 822 1574
313 44 237 823 1575
779 847 225 823 1575
455 229 221 823 1575
322 871 223 823 1575
7 871 225 823 1575
472 603 235 824 1576
322 873 227 825 1577
425 761 223 825 1577
578 435 221 825 1577
507 71 227 826 1578
66 1 225 826 1578
256 666 227 826 1578
322 874 237 826 1578
740 811 221 826 1578
728 719 222 827 1579
424 894 223 827 1579
322 876 227 828 1580
47 579 235 829 1581
24 131 224 829 1581
322 877 221 829 1581
716 889 223 829 1581
79 446 223 830 1582
16 565 227 830 1582
322 878 241 830 1582
322 879 230 831 1583
322 880 233 832 1584
608 315 221 833 1585
320 145 233 833 1585
322 881 226 833 1585
19 325 233 834 1586
322 882 245 834 1586
322 883 234 835 1587
121 10 223 835 1587
358 556 221 836 1588
644 890 221 836 1588
50 12 231 836 1588
684 616 221 836 1588
322 884 231 836 1588
322 885 241 837 1589
444 905 223 838 1590
322 886 222 838 1590
150 74 225 840 1592
468 899 229 840 1592
322 888 241 840 1592
322 889 243 841 1593
413 316 233 842 1594
322 890 232 842 1594
607 868 231 843 1595
735 535 234 843 1595
268 789 223 843 1595
604 94 223 843 1595
89 907 223 843 1595
322 892 233 844 1596
322 893 231 845 1597
322 894 237 846 1598
322 895 244 847 1599
322 896 235 848 1600
322 897 233 849 1601
322 899 227 851 1603
394 906 221 852 1604
151 437 233 852 1604
532 114 227 852 1604
322 900 227 852 1604
322 901 233 853 1605
186 177 222 853 1605
583 111 221 853 1605
157 922 225 853 1605
6 112 226 854 1606
322 902 253 854 1606
101 897 221 854 1606
157 923 221 854 1606
517 467 225 855 1607
322 903 235 855 1607
583 113 221 855 1607
322 904 243 856 1608
583 114 223 856 1608
322 905 240 857 1609
288 92 221 858 1610
322 906 235 858 1610
277 110 221 858 1610
101 901 222 858 1610
84 917 230 859 1611
322 907 251 859 1611
277 111 226 859 1611
577 282 235 859 1611
102 914 224 860 1612
322 908 246 860 1612
288 95 223 861 1613
438 29 231 861 1613
332 122 237 861 1613
322 909 241 861 1613
531 899 222 861 1613
322 910 252 862 1614
157 931 237 862 1614
583 120 228 862 1614
6 121 232 863 1615
480 361 241 863 1615
102 917 232 863 1615
322 911 239 863 1615
583 121 237 864 1616
765 2 227 864 1616
159 636 223 864 1616
75 42 221 864 1616
179 243 222 864 1616
416 59 221 864 1616
322 912 243 864 1616
191 10 227 865 1617
618 18 227 865 1617
288 99 223 865 1617
22 871 226 865 1617
202 188 223 865 1617
350 929 221 865 1617
319 927 223 865 1617
542 892 237 865 1617
322 913 223 865 1617
783 909 227 865 1617
730 918 223 865 1617
650 870 221 865 1617
288 100 229 866 1618
23 401 223 866 1618
350 930 227 866 1618
322 914 235 866 1618
652 229 225 866 1618
364 926 221 867 1619
690 864 221 867 1619
73 595 236 867 1619
617 157 221 867 1619
464 928 228 867 1619
321 597 246 868 1620
783 912 230 868 1620
578 478 235 868 1620
567 883 245 869 1621
335 928 225 869 1621
582 923 229 869 1621
145 189 221 869 1621
470 844 221 869 1621
185 107 223 869 1621
52 919 233 869 1621
630 297 237 869 1621
612 181 231 870 1622
729 342 227 870 1622
335 929 223 870 1622
40 32 225 870 1622
719 598 221 870 1622
127 946 221 870 1622
440 421 227 871 1623
25 897 233 871 1623
323 854 225 871 1623
171 182 222 872 1624
719 600 233 872 1624
722 147 239 875 1627
759 923 232 875 1627
329 869 225 876 1628
724 936 221 876 1628
179 255 221 876 1628
126 581 229 876 1628
484 33 223 877 1629
126 582 223 877 1629
759 925 229 877 1629
730 930 225 877 1629
247 936 231 877 1629
544 362 221 877 1629
338 289 225 878 1630
329 871 227 878 1630
484 34 225 878 1630
205 655 227 878 1630
419 921 239 878 1630
218 5 223 878 1630
730 931 233 878 1630
247 937 232 878 1630
329 872 227 879 1631
205 656 237 879 1631
724 939 230 879 1631
208 942 223 879 1631
419 922 222 879 1631
730 932 237 879 1631
247 938 225 879 1631
623 774 223 880 1632
329 873 235 880 1632
205 657 237 880 1632
724 940 234 880 1632
419 923 221 880 1632
730 933 241 880 1632
662 784 221 880 1632
247 939 233 880 1632
544 365 222 881 1633
329 874 233 881 1633
205 658 234 881 1633
724 941 240 881 1633
208 944 222 881 1633
574 2 225 881 1633
126 586 224 881 1633
730 934 227 881 1633
247 940 221 881 1633
623 776 227 882 1634
678 364 223 882 1634
329 875 231 882 1634
484 38 225 882 1634
205 659 238 882 1634
724 942 223 882 1634
368 878 221 882 1634
574 3 225 882 1634
419 925 237 882 1634
126 587 223 882 1634
218 9 221 882 1634
759 930 231 882 1634
662 786 223 882 1634
544 367 233 883 1635
329 876 221 883 1635
484 39 225 883 1635
205 660 230 883 1635
724 943 225 883 1635
218 10 227 883 1635
759 931 223 883 1635
247 942 225 883 1635
544 368 226 883 1635
484 40 221 884 1636
724 944 226 884 1636
208 947 221 884 1636
574 5 226 884 1636
722 156 244 884 1636
329 878 221 885 1637
205 662 222 885 1637
574 6 225 885 1637
179 264 225 885 1637
730 938 237 885 1637
662 789 223 885 1637
544 370 226 885 1637
247 944 222 885 1637
338 297 224 886 1638
678 368 224 886 1638
329 879 224 886 1638
484 42 225 886 1638
205 663 221 886 1638
419 929 221 886 1638
218 13 221 886 1638
759 934 225 886 1638
730 939 235 886 1638
329 880 223 887 1639
724 947 224 887 1639
419 930 227 887 1639
730 940 223 887 1639
544 372 222 887 1639
338 299 227 888 1640
329 881 230 888 1640
419 931 223 888 1640
759 936 223 888 1640
730 941 231 888 1640
247 947 224 889 1641
338 300 225 889 1641
329 882 221 889 1641
419 932 221 889 1641
759 937 225 889 1641
730 942 222 889 1641
247 948 229 889 1641
329 883 225 890 1642
574 11 221 890 1642
419 933 229 890 1642
722 162 225 890 1642
179 269 225 890 1642
759 938 223 890 1642
730 943 227 890 1642
378 918 223 890 1642
662 794 223 890 1642
544 375 223 890 1642
247 949 237 891 1643
338 302 223 891 1643
678 373 221 891 1643
329 884 221 891 1643
205 668 221 891 1643
484 47 225 891 1643
724 951 225 891 1643
574 12 227 891 1643
419 934 222 891 1643
218 18 223 891 1643
759 939 227 891 1643
232 9 221 891 1643
730 944 225 891 1643
544 376 227 891 1643
678 374 221 892 1644
484 48 227 892 1644
724 952 233 892 1644
574 13 223 892 1644
218 19 221 892 1644
730 945 223 892 1644
662 796 221 892 1644
544 377 235 892 1644
247 951 231 893 1645
338 304 231 893 1645
329 886 225 893 1645
484 49 227 893 1645
724 953 232 893 1645
208 956 227 893 1645
574 14 227 893 1645
419 936 223 893 1645
126 598 227 893 1645
759 941 227 893 1645
730 946 228 893 1645
662 797 221 893 1645
544 378 233 893 1645
247 952 232 894 1646
338 305 227 894 1646
484 50 233 894 1646
329 887 223 894 1646
368 890 225 894 1646
724 954 227 894 1646
208 957 221 894 1646
574 15 227 894 1646
126 599 229 894 1646
218 21 221 894 1646
759 942 226 894 1646
730 947 230 894 1646
662 798 221 894 1646
544 379 228 894 1646
247 953 227 895 1647
338 306 221 895 1647
484 51 229 895 1647
724 955 225 895 1647
574 16 221 895 1647
419 938 223 895 1647
126 600 231 895 1647
218 22 221 895 1647
759 943 230 895 1647
378 923 221 895 1647
662 799 221 895 1647
730 948 233 895 1647
544 380 221 896 1648
247 954 229 896 1648
678 378 225 896 1648
338 307 225 896 1648
205 673 221 896 1648
484 52 225 896 1648
724 956 227 896 1648
329 889 229 896 1648
368 892 223 896 1648
208 959 221 896 1648
574 17 223 896 1648
126 601 225 896 1648
759 944 227 896 1648
730 949 233 896 1648
544 381 228 897 1649
247 955 223 897 1649
678 379 227 897 1649
338 308 227 897 1649
724 957 230 897 1649
368 893 223 897 1649
329 890 231 897 1649
484 53 230 897 1649
208 960 227 897 1649
574 18 227 897 1649
126 602 229 897 1649
419 940 229 897 1649
722 169 221 897 1649
759 945 225 897 1649
662 801 224 897 1649
730 950 227 897 1649
678 380 227 897 1649
247 956 223 898 1650
544 382 226 898 1650
368 894 223 898 1650
724 958 229 898 1650
484 54 231 898 1650
208 961 227 898 1650
126 603 231 898 1650
419 941 240 898 1650
179 277 222 898 1650
759 946 229 898 1650
232 16 222 898 1650
662 802 221 898 1650
730 951 233 898 1650
544 383 224 899 1651
247 957 226 899 1651
338 310 226 899 1651
329 892 224 899 1651
724 959 229 899 1651
484 55 229 899 1651
208 962 223 899 1651
574 20 221 899 1651
419 942 225 899 1651
759 947 228 899 1651
730 952 235 899 1651
544 384 235 899 1651
678 382 223 899 1651
247 958 227 900 1652
338 311 229 900 1652
623 794 225 900 1652
484 56 223 900 1652
574 21 227 900 1652
419 943 222 900 1652
126 605 226 900 1652
722 172 222 900 1652
759 948 225 900 1652
544 385 235 900 1652
678 383 226 900 1652
247 959 224 900 1652
338 312 231 901 1653
724 961 225 901 1653
484 57 229 901 1653
574 22 225 901 1653
419 944 223 901 1653
126 606 222 901 1653
722 173 223 901 1653
759 949 227 901 1653
730 954 231 901 1653
544 386 231 901 1653
678 384 225 901 1653
247 960 229 901 1653
338 313 225 902 1654
623 796 223 902 1654
329 895 225 902 1654
724 962 227 902 1654
484 58 227 902 1654
208 965 223 902 1654
419 945 223 902 1654
574 23 225 902 1654
759 950 221 902 1654
730 955 227 902 1654
544 387 225 902 1654
678 385 225 903 1655
338 314 226 903 1655
329 896 221 903 1655
484 59 223 903 1655
208 966 221 903 1655
574 24 223 903 1655
419 946 226 903 1655
759 951 223 903 1655
730 956 233 903 1655
247 962 231 904 1656
544 388 230 904 1656
623 798 221 904 1656
338 315 226 904 1656
329 897 231 904 1656
724 964 232 904 1656
484 60 229 904 1656
574 25 223 904 1656
419 947 231 904 1656
126 609 223 904 1656
722 176 223 904 1656
759 952 225 904 1656
730 957 233 904 1656
247 963 229 904 1656
678 387 224 905 1657
544 389 231 905 1657
338 316 223 905 1657
329 898 225 905 1657
484 61 227 905 1657
724 965 227 905 1657
419 948 230 905 1657
126 610 227 905 1657
722 177 221 905 1657
737 953 222 905 1657
544 390 232 906 1658
678 388 221 906 1658
338 317 223 906 1658
724 966 226 906 1658
574 27 228 906 1658
419 949 226 906 1658
126 611 221 906 1658
179 285 233 906 1658
218 33 230 906 1658
759 954 229 906 1658
730 959 235 906 1658
247 965 232 906 1658
544 391 245 907 1659
338 318 225 907 1659
623 801 224 907 1659
329 900 223 907 1659
724 967 237 907 1659
574 28 226 907 1659
419 950 224 907 1659
126 612 223 907 1659
730 960 233 907 1659
737 955 221 907 1659
247 966 231 907 1659
544 392 235 908 1660
623 802 221 908 1660
329 901 222 908 1660
484 64 223 908 1660
724 968 225 908 1660
419 951 227 908 1660
218 35 223 908 1660
730 961 227 908 1660
247 967 223 908 1660
544 393 221 909 1661
678 391 223 909 1661
338 320 224 909 1661
574 30 221 909 1661
419 952 225 909 1661
179 288 221 909 1661
759 957 227 909 1661
730 962 224 909 1661
544 394 237 909 1661
247 968 229 909 1661
338 321 224 910 1662
623 804 225 910 1662
484 66 221 910 1662
724 970 221 910 1662
208 973 221 910 1662
419 953 223 910 1662
179 289 224 910 1662
722 182 221 910 1662
232 28 221 910 1662
730 963 222 910 1662
544 395 233 911 1663
247 969 223 911 1663
678 393 222 911 1663
484 67 221 911 1663
724 971 230 911 1663
208 974 225 911 1663
419 954 221 911 1663
126 616 223 911 1663
759 959 229 911 1663
730 964 236 911 1663
544 396 235 912 1664
338 323 221 912 1664
329 905 225 912 1664
724 972 225 912 1664
419 955 227 912 1664
574 33 227 912 1664
179 291 224 912 1664
759 960 227 912 1664
730 965 229 912 1664
544 397 231 912 1664
484 69 223 913 1665
724 973 225 913 1665
419 956 223 913 1665
126 618 225 913 1665
218 40 222 913 1665
759 961 225 913 1665
730 966 241 913 1665
544 398 235 913 1665
338 325 225 914 1666
623 808 225 914 1666
329 907 223 914 1666
484 70 223 914 1666
574 35 225 914 1666
126 619 222 914 1666
218 41 225 914 1666
730 967 225 914 1666
544 399 231 915 1667
329 908 223 915 1667
724 975 233 915 1667
419 958 223 915 1667
126 620 223 915 1667
759 963 221 915 1667
730 968 235 915 1667
544 400 231 915 1667
678 398 225 915 1667
329 909 225 916 1668
484 72 221 916 1668
724 976 228 916 1668
574 37 221 916 1668
126 621 223 916 1668
544 401 235 916 1668
678 399 227 917 1669
338 328 223 917 1669
623 811 223 917 1669
329 910 225 917 1669
724 977 223 917 1669
419 960 225 917 1669
126 622 222 917 1669
218 44 221 917 1669
759 965 225 917 1669
730 970 235 917 1669
544 402 229 918 1670
338 329 223 918 1670
419 961 221 918 1670
730 971 239 918 1670
544 403 229 919 1671
623 813 221 919 1671
329 912 226 919 1671
574 40 224 919 1671
218 46 224 919 1671
730 972 231 919 1671
759 967 225 919 1671
662 823 221 919 1671
544 404 222 920 1672
623 814 221 920 1672
724 980 225 920 1672
208 983 229 920 1672
419 963 223 920 1672
574 41 225 920 1672
218 47 224 920 1672
730 973 235 920 1672
759 968 230 920 1672
662 824 223 920 1672
678 403 223 921 1673
544 405 224 921 1673
724 981 223 921 1673
208 984 225 921 1673
574 42 223 921 1673
218 48 226 921 1673
179 300 224 921 1673
730 974 239 921 1673
737 969 222 921 1673
678 404 230 922 1674
544 406 225 922 1674
623 816 227 922 1674
338 333 223 922 1674
484 78 231 922 1674
208 985 221 922 1674
574 43 222 922 1674
419 965 223 922 1674
126 627 222 922 1674
722 194 221 922 1674
730 975 229 922 1674
759 970 237 922 1674
737 970 221 923 1675
623 817 221 923 1675
544 407 223 923 1675
338 334 223 923 1675
208 986 231 923 1675
484 79 222 923 1675
574 44 227 923 1675
730 976 225 923 1675
759 971 230 923 1675
623 818 221 924 1676
678 406 227 924 1676
544 408 226 924 1676
338 335 223 924 1676
208 987 229 924 1676
724 984 225 924 1676
484 80 225 924 1676
574 45 223 924 1676
126 629 221 924 1676
232 42 221 924 1676
179 303 221 924 1676
730 977 240 924 1676
759 972 227 924 1676
662 828 222 925 1677
678 407 222 925 1677
544 409 227 925 1677
724 985 221 925 1677
208 988 226 925 1677
484 81 226 925 1677
574 46 223 925 1677
722 197 224 925 1677
730 978 241 925 1677
759 973 229 925 1677
662 829 223 925 1677
544 410 233 926 1678
678 408 223 926 1678
208 989 231 926 1678
484 82 228 926 1678
419 969 223 926 1678
730 979 232 926 1678
759 974 237 926 1678
737 974 223 926 1678
623 821 223 926 1678
678 409 231 927 1679
544 411 233 927 1679
329 920 221 927 1679
208 990 222 927 1679
724 987 226 927 1679
574 48 225 927 1679
484 83 223 927 1679
722 199 223 927 1679
126 632 231 927 1679
730 980 227 927 1679
232 45 222 927 1679
179 306 221 927 1679
759 975 231 927 1679
544 412 233 928 1680
678 410 227 928 1680
338 339 225 928 1680
724 988 223 928 1680
484 84 235 928 1680
574 49 231 928 1680
419 971 223 928 1680
722 200 227 928 1680
126 633 221 928 1680
730 981 230 928 1680
759 976 229 928 1680
623 823 223 929 1681
544 413 231 929 1681
208 992 223 929 1681
574 50 229 929 1681
724 989 223 929 1681
722 201 226 929 1681
730 982 235 929 1681
232 47 221 929 1681
759 977 236 929 1681
544 414 235 930 1682
623 824 222 930 1682
678 412 222 930 1682
338 341 227 930 1682
208 993 225 930 1682
724 990 225 930 1682
484 86 223 930 1682
419 973 221 930 1682
126 635 228 930 1682
730 983 235 930 1682
759 978 235 930 1682
544 415 233 931 1683
623 825 221 931 1683
329 924 229 931 1683
208 994 221 931 1683
724 991 223 931 1683
484 87 230 931 1683
419 974 235 931 1683
218 58 224 931 1683
730 984 235 931 1683
232 49 228 931 1683
179 310 223 931 1683
737 979 222 931 1683
759 979 232 931 1683
544 416 239 932 1684
623 826 221 932 1684
338 343 221 932 1684
678 414 223 932 1684
329 925 223 932 1684
208 995 235 932 1684
574 53 225 932 1684
126 637 223 932 1684
419 975 229 932 1684
232 50 221 932 1684
730 985 234 932 1684
759 980 234 932 1684
544 417 233 933 1685
338 344 222 933 1685
329 926 227 933 1685
208 996 221 933 1685
574 54 226 933 1685
419 976 223 933 1685
218 60 221 933 1685
232 51 227 933 1685
730 986 237 933 1685
179 312 221 933 1685
759 981 234 933 1685
544 418 225 934 1686
678 416 225 934 1686
329 927 229 934 1686
208 997 221 934 1686
574 55 223 934 1686
484 90 226 934 1686
126 639 221 934 1686
419 977 226 934 1686
232 52 227 934 1686
730 987 226 934 1686
179 313 225 934 1686
737 982 229 934 1686
662 838 221 935 1687
544 419 231 935 1687
678 417 230 935 1687
338 346 227 935 1687
329 928 225 935 1687
208 998 223 935 1687
724 995 223 935 1687
126 640 225 935 1687
419 978 222 935 1687
218 62 223 935 1687
730 988 231 935 1687
232 53 223 935 1687
179 314 223 935 1687
759 983 232 935 1687
544 420 235 936 1688
678 418 230 936 1688
338 347 226 936 1688
329 929 229 936 1688
574 57 229 936 1688
484 92 225 936 1688
724 996 223 936 1688
126 641 221 936 1688
218 63 226 936 1688
730 989 237 936 1688
759 984 232 936 1688
737 984 222 936 1688
544 421 235 937 1689
338 348 221 937 1689
329 930 230 937 1689
208 1000 230 937 1689
574 58 233 937 1689
484 93 221 937 1689
724 997 221 937 1689
126 642 233 937 1689
232 55 225 937 1689
730 990 231 937 1689
759 985 227 937 1689
378 965 221 937 1689
662 841 221 937 1689
544 422 234 938 1690
329 931 228 938 1690
208 1001 225 938 1690
574 59 229 938 1690
724 998 221 938 1690
126 643 221 938 1690
419 981 227 938 1690
218 65 224 938 1690
232 56 222 938 1690
730 991 234 938 1690
759 986 231 938 1690
662 842 221 938 1690
544 423 235 939 1691
623 833 222 939 1691
338 350 225 939 1691
730 992 223 939 1691
179 318 231 939 1691
544 424 221 940 1692
338 351 221 940 1692
329 933 224 940 1692
724 1000 230 940 1692
419 983 221 940 1692
730 993 225 940 1692
759 988 229 940 1692
179 319 223 940 1692
737 988 223 940 1692
623 835 223 941 1693
544 425 241 941 1693
329 934 222 941 1693
484 97 227 941 1693
724 1001 225 941 1693
730 994 237 941 1693
759 989 227 941 1693
544 426 231 942 1694
338 353 225 942 1694
678 424 221 942 1694
208 1005 224 942 1694
484 98 230 942 1694
724 1002 225 942 1694
419 985 226 942 1694
730 995 222 942 1694
759 990 237 942 1694
179 321 223 942 1694
544 427 222 943 1695
623 837 224 943 1695
678 425 224 943 1695
329 936 231 943 1695
208 1006 225 943 1695
574 64 227 943 1695
419 986 223 943 1695
218 70 225 943 1695
730 996 238 943 1695
759 991 228 943 1695
737 991 222 943 1695
544 428 225 943 1695
623 838 226 944 1696
338 355 225 944 1696
329 937 229 944 1696
484 100 231 944 1696
724 1004 223 944 1696
419 987 229 944 1696
218 71 222 944 1696
730 997 232 944 1696
759 992 225 944 1696
544 429 225 944 1696
623 839 225 945 1697
368 941 222 945 1697
329 938 230 945 1697
484 101 233 945 1697
574 66 224 945 1697
724 1005 224 945 1697
419 988 221 945 1697
730 998 233 945 1697
759 993 224 945 1697
737 993 223 945 1697
544 430 221 945 1697
338 357 221 946 1698
678 428 221 946 1698
208 1009 221 946 1698
484 102 225 946 1698
419 989 222 946 1698
730 999 233 946 1698
759 994 225 946 1698
338 358 223 947 1699
484 103 231 947 1699
724 1007 222 947 1699
419 990 235 947 1699
730 1000 235 947 1699
759 995 231 947 1699
737 995 221 947 1699
544 432 229 947 1699
623 842 225 947 1699
338 359 223 948 1700
678 430 227 948 1700
208 1011 223 948 1700
484 104 235 948 1700
724 1008 221 948 1700
419 991 223 948 1700
730 1001 235 948 1700
759 996 230 948 1700
544 433 233 948 1700
338 360 226 948 1700
208 1012 223 949 1701
484 105 231 949 1701
419 992 225 949 1701
232 67 222 949 1701
730 1002 235 949 1701
759 997 224 949 1701
544 434 223 949 1701
623 844 227 949 1701
329 943 230 950 1702
208 1013 223 950 1702
484 106 227 950 1702
126 655 221 950 1702
419 993 222 950 1702
218 77 221 950 1702
232 68 222 950 1702
730 1003 235 950 1702
759 998 235 950 1702
737 998 221 950 1702
179 329 221 950 1702
338 362 226 951 1703
678 433 227 951 1703
329 944 231 951 1703
484 107 228 951 1703
724 1011 223 951 1703
419 994 226 951 1703
218 78 223 951 1703
730 1004 227 951 1703
759 999 223 951 1703
662 855 221 951 1703
544 436 228 951 1703
623 846 224 952 1704
338 363 225 952 1704
678 434 222 952 1704
484 108 221 952 1704
126 657 233 952 1704
574 73 221 952 1704
419 995 221 952 1704
232 70 225 952 1704
730 1005 239 952 1704
544 437 225 952 1704
368 949 222 953 1705
338 364 221 953 1705
678 435 221 953 1705
329 946 221 953 1705
484 109 224 953 1705
208 1016 227 953 1705
126 658 232 953 1705
724 1013 223 953 1705
419 996 227 953 1705
232 71 225 953 1705
759 1001 227 953 1705
544 438 227 953 1705
623 848 223 954 1706
338 365 224 954 1706
329 947 223 954 1706
208 1017 225 954 1706
484 110 227 954 1706
126 659 226 954 1706
419 997 227 954 1706
232 72 226 954 1706
730 1007 225 954 1706
759 1002 231 954 1706
737 1002 224 954 1706
544 439 233 954 1706
678 437 225 955 1707
329 948 223 955 1707
484 111 221 955 1707
208 1018 223 955 1707
574 76 223 955 1707
126 660 224 955 1707
218 82 221 955 1707
419 998 225 955 1707
232 73 221 955 1707
730 1008 229 955 1707
179 334 222 955 1707
759 1003 231 955 1707
662 859 221 955 1707
544 440 221 955 1707
338 367 222 956 1708
329 949 225 956 1708
484 112 230 956 1708
126 661 222 956 1708
574 77 224 956 1708
218 83 221 956 1708
419 999 223 956 1708
730 1009 233 956 1708
179 335 222 956 1708
759 1004 234 956 1708
662 860 224 956 1708
484 113 229 957 1709
126 662 222 957 1709
419 1000 231 957 1709
730 1010 227 957 1709
759 1005 229 957 1709
662 861 221 957 1709
544 442 223 958 1710
484 114 233 958 1710
208 1021 222 958 1710
126 663 225 958 1710
419 1001 225 958 1710
730 1011 223 958 1710
759 1006 225 958 1710
737 1006 221 958 1710
544 443 227 959 1711
623 853 223 959 1711
126 664 221 959 1711
419 1002 226 959 1711
730 1012 223 959 1711
759 1007 233 959 1711
662 863 225 959 1711
737 1007 221 959 1711
338 371 230 960 1712
484 116 226 960 1712
126 665 223 960 1712
574 81 225 960 1712
232 78 223 960 1712
730 1013 225 960 1712
759 1008 233 960 1712
737 1008 223 961 1713
544 445 223 961 1713
338 372 222 961 1713
329 954 224 961 1713
484 117 227 961 1713
574 82 222 961 1713
419 1004 223 961 1713
730 1014 236 961 1713
662 865 224 961 1713
338 373 221 962 1714
678 444 221 962 1714
329 955 223 962 1714
208 1025 223 962 1714
484 118 231 962 1714
419 1005 223 962 1714
730 1015 229 962 1714
759 1010 230 962 1714
544 447 227 963 1715
329 956 221 963 1715
484 119 231 963 1715
574 84 224 963 1715
759 1011 233 963 1715
730 1016 223 963 1715
544 448 225 964 1716
338 375 225 964 1716
623 858 223 964 1716
484 120 231 964 1716
759 1012 231 964 1716
730 1017 223 964 1716
662 868 225 965 1717
623 859 224 965 1717
484 121 231 965 1717
574 86 229 965 1717
722 237 221 965 1717
724 1025 223 965 1717
419 1008 233 965 1717
759 1013 229 965 1717
730 1018 223 965 1717
179 344 221 965 1717
544 450 225 966 1718
484 122 231 966 1718
574 87 221 966 1718
419 1009 234 966 1718
218 93 223 966 1718
759 1014 225 966 1718
544 451 231 967 1719
623 861 231 967 1719
208 1030 221 967 1719
484 123 223 967 1719
724 1027 224 967 1719
759 1015 230 967 1719
730 1020 221 967 1719
179 346 223 967 1719
623 862 231 968 1720
544 452 231 968 1720
338 379 227 968 1720
484 124 225 968 1720
126 673 221 968 1720
724 1028 225 968 1720
730 1021 232 968 1720
179 347 221 968 1720
623 863 231 969 1721
678 451 221 969 1721
544 453 230 969 1721
484 125 223 969 1721
574 90 223 969 1721
722 241 221 969 1721
724 1029 229 969 1721
759 1017 227 969 1721
623 864 222 970 1722
338 381 226 970 1722
484 126 227 970 1722
574 91 221 970 1722
126 675 223 970 1722
722 242 226 970 1722
419 1013 223 970 1722
759 1018 231 970 1722
730 1023 227 970 1722
338 382 225 971 1723
623 865 229 971 1723
544 455 221 971 1723
329 964 221 971 1723
484 127 224 971 1723
574 92 221 971 1723
722 243 228 971 1723
419 1014 221 971 1723
724 1031 224 971 1723
759 1019 227 971 1723
730 1024 229 971 1723
623 866 223 972 1724
484 128 225 972 1724
759 1020 233 972 1724
730 1025 227 972 1724
338 384 221 973 1725
484 129 226 973 1725
574 94 223 973 1725
419 1016 225 973 1725
126 678 221 973 1725
759 1021 229 973 1725
179 352 221 973 1725
730 1026 225 973 1725
662 877 221 974 1726
623 868 221 974 1726
574 95 221 974 1726
126 679 225 974 1726
419 1017 224 974 1726
724 1034 223 974 1726
759 1022 227 974 1726
662 878 221 975 1727
544 459 224 975 1727
623 869 226 975 1727
484 131 231 975 1727
574 96 226 975 1727
126 680 223 975 1727
419 1018 227 975 1727
722 247 221 975 1727
724 1035 221 975 1727
730 1028 228 975 1727
338 387 221 976 1728
662 879 221 976 1728
544 460 233 976 1728
724 1036 221 976 1728
730 1029 233 976 1728
544 461 229 977 1729
484 133 233 977 1729
724 1037 221 977 1729
759 1025 223 977 1729
730 1030 231 977 1729
484 134 224 978 1730
574 99 227 978 1730
730 1033 231 980 1732
759 1029 224 981 1733
179 360 225 981 1733
544 466 229 982 1734
329 975 223 982 1734
724 1042 224 982 1734
759 1030 225 982 1734
544 467 225 983 1735
484 139 223 983 1735
730 1036 221 983 1735
678 466 223 984 1736
329 977 223 984 1736
759 1032 225 984 1736
338 396 225 984 1736
544 469 230 985 1737
678 467 221 985 1737
623 879 221 985 1737
329 978 222 985 1737
218 112 223 985 1737
544 470 222 986 1738
678 468 222 986 1738
730 1039 231 986 1738
730 1040 223 987 1739
484 144 221 988 1740
419 1032 228 989 1741
730 1044 224 991 1743
484 148 221 992 1744
419 1035 223 992 1744
759 1040 223 992 1744
730 1045 231 992 1744
329 987 223 994 1746
730 1047 223 994 1746
338 406 221 995 1747
574 116 221 995 1747
730 1048 227 995 1747
544 481 229 997 1749
759 1045 221 997 1749
730 1052 221 999 1751
730 1053 225 1000 1752
662 905 221 1002 1754
544 486 222 1002 1754
730 1056 223 1003 1755
730 1057 221 1004 1756
730 1059 225 1006 1758
662 910 221 1007 1759
730 1061 233 1008 1760
179 387 221 1008 1760
759 1056 225 1008 1760
678 491 227 1009 1761
544 493 221 1009 1761
484 165 221 1009 1761
419 1052 233 1009 1761
724 1069 223 1009 1761
730 1062 227 1009 1761
759 1057 231 1009 1761
678 492 226 1010 1762
419 1053 227 1010 1762
724 1070 227 1010 1762
730 1063 228 1010 1762
759 1058 227 1011 1763
329 1004 223 1011 1763
574 132 221 1011 1763
419 1054 225 1011 1763
724 1071 223 1011 1763
730 1064 223 1011 1763
179 390 223 1011 1763
759 1059 224 1011 1763
419 1055 230 1012 1764
724 1072 223 1012 1764
218 139 222 1012 1764
730 1065 233 1012 1764
759 1060 231 1012 1764
544 497 225 1013 1765
419 1056 231 1013 1765
730 1066 231 1013 1765
759 1061 223 1013 1765
662 917 221 1014 1766
419 1057 232 1014 1766
730 1067 237 1014 1766
759 1062 231 1014 1766
678 497 223 1015 1767
419 1058 222 1015 1767
730 1068 223 1015 1767
678 498 225 1016 1768
419 1059 224 1016 1768
730 1069 232 1016 1768
759 1064 230 1017 1769
419 1060 230 1017 1769
724 1077 223 1017 1769
730 1070 231 1017 1769
759 1065 230 1018 1770
678 500 223 1018 1770
724 1078 225 1018 1770
730 1071 221 1018 1770
759 1066 225 1019 1771
678 501 221 1019 1771
484 175 224 1019 1771
338 431 221 1020 1772
759 1067 221 1020 1772
678 502 227 1020 1772
484 176 226 1020 1772
724 1080 221 1020 1772
730 1073 223 1020 1772
678 503 223 1021 1773
544 505 223 1021 1773
329 1014 223 1021 1773
484 177 229 1021 1773
724 1081 222 1021 1773
218 148 223 1021 1773
730 1074 229 1021 1773
678 504 223 1022 1774
678 505 225 1023 1775
724 1083 233 1023 1775
730 1076 226 1023 1775
179 402 222 1023 1775
759 1071 224 1024 1776
678 506 223 1024 1776
544 508 231 1024 1776
623 918 223 1024 1776
208 1087 225 1024 1776
126 729 227 1024 1776
419 1067 224 1024 1776
179 403 221 1024 1776
730 1077 233 1024 1776
759 1072 223 1025 1777
338 436 224 1025 1777
544 509 225 1025 1777
662 928 223 1025 1777
126 730 227 1025 1777
208 1088 225 1025 1777
419 1068 226 1025 1777
232 143 224 1025 1777
730 1078 240 1025 1777
759 1073 225 1025 1777
678 508 222 1026 1778
544 510 227 1026 1778
126 731 228 1026 1778
208 1089 223 1026 1778
419 1069 229 1026 1778
179 405 225 1026 1778
730 1079 223 1026 1778
759 1074 229 1026 1778
678 509 227 1027 1779
544 511 227 1027 1779
623 921 223 1027 1779
126 732 225 1027 1779
419 1070 227 1027 1779
179 406 223 1027 1779
730 1080 237 1027 1779
759 1075 225 1028 1780
678 510 221 1028 1780
544 512 229 1028 1780
208 1091 225 1028 1780
574 149 223 1028 1780
419 1071 231 1028 1780
724 1088 225 1028 1780
730 1081 231 1028 1780
179 407 227 1028 1780
759 1076 225 1028 1780
338 440 227 1029 1781
544 513 226 1029 1781
126 734 233 1029 1781
208 1092 229 1029 1781
574 150 225 1029 1781
419 1072 227 1029 1781
730 1082 227 1029 1781
759 1077 230 1029 1781
678 512 230 1030 1782
544 514 230 1030 1782
623 924 222 1030 1782
662 933 221 1030 1782
329 1023 223 1030 1782
722 302 223 1030 1782
126 735 226 1030 1782
574 151 231 1030 1782
419 1073 221 1030 1782
724 1090 223 1030 1782
759 1078 233 1030 1782
338 442 223 1031 1783
678 513 227 1031 1783
544 515 230 1031 1783
623 925 221 1031 1783
368 1027 223 1031 1783
126 736 225 1031 1783
574 152 225 1031 1783
730 1084 235 1031 1783
759 1079 233 1031 1783
338 443 222 1032 1784
678 514 221 1032 1784
623 926 225 1032 1784
662 935 221 1032 1784
329 1025 224 1032 1784
126 737 227 1032 1784
574 153 224 1032 1784
730 1085 227 1032 1784
759 1080 227 1033 1785
338 444 223 1033 1785
678 515 221 1033 1785
623 927 230 1033 1785
544 517 241 1033 1785
368 1029 221 1033 1785
126 738 223 1033 1785
724 1093 227 1033 1785
179 412 223 1033 1785
730 1086 235 1033 1785
759 1081 237 1034 1786
338 445 221 1034 1786
678 516 225 1034 1786
544 518 237 1034 1786
623 928 221 1034 1786
662 937 221 1034 1786
368 1030 221 1034 1786
722 306 225 1034 1786
126 739 235 1034 1786
208 1097 221 1034 1786
574 155 228 1034 1786
724 1094 221 1034 1786
218 161 223 1034 1786
179 413 222 1034 1786
730 1087 231 1034 1786
759 1082 231 1035 1787
338 446 227 1035 1787
678 517 221 1035 1787
623 929 227 1035 1787
544 519 240 1035 1787
368 1031 221 1035 1787
722 307 225 1035 1787
126 740 230 1035 1787
208 1098 223 1035 1787
419 1078 224 1035 1787
730 1088 221 1035 1787
759 1083 233 1036 1788
737 1083 225 1036 1788
623 930 227 1036 1788
544 520 238 1036 1788
329 1029 223 1036 1788
368 1032 221 1036 1788
722 308 226 1036 1788
126 741 228 1036 1788
232 154 225 1036 1788
208 1099 222 1036 1788
730 1089 233 1036 1788
759 1084 229 1037 1789
623 931 225 1037 1789
662 940 222 1037 1789
544 521 239 1037 1789
368 1033 223 1037 1789
329 1030 225 1037 1789
722 309 227 1037 1789
126 742 222 1037 1789
419 1080 227 1037 1789
574 158 225 1037 1789
218 164 223 1037 1789
730 1090 227 1037 1789
759 1085 221 1038 1790
338 449 227 1038 1790
544 522 227 1038 1790
623 932 230 1038 1790
126 743 221 1038 1790
484 194 223 1038 1790
724 1098 221 1038 1790
179 417 224 1038 1790
730 1091 229 1038 1790
759 1086 223 1039 1791
623 933 224 1039 1791
724 1099 229 1039 1791
179 418 227 1039 1791
730 1092 229 1039 1791
678 522 223 1040 1792
544 524 223 1040 1792
329 1033 223 1040 1792
484 196 221 1040 1792
730 1093 228 1040 1792
179 419 225 1040 1792
338 452 223 1040 1792
759 1088 221 1041 1793
678 523 225 1041 1793
544 525 230 1041 1793
623 935 223 1041 1793
722 313 221 1041 1793
484 197 221 1041 1793
724 1101 223 1041 1793
179 420 231 1041 1793
730 1094 227 1041 1793
759 1089 221 1041 1793
678 524 225 1042 1794
544 526 221 1042 1794
623 936 224 1042 1794
126 747 223 1042 1794
730 1095 233 1042 1794
179 421 229 1042 1794
678 525 223 1043 1795
730 1096 221 1043 1795
179 422 227 1043 1795
759 1091 222 1043 1795
678 526 221 1044 1796
544 528 223 1044 1796
759 1092 221 1044 1796
678 527 221 1045 1797
126 750 223 1045 1797
338 457 227 1045 1797
759 1093 223 1045 1797
737 1093 221 1046 1798
730 1099 233 1046 1798
338 458 227 1046 1798
730 1100 225 1047 1799
179 426 221 1047 1799
759 1095 223 1047 1799
338 459 229 1047 1799
544 532 223 1048 1800
338 460 221 1048 1800
544 533 223 1049 1801
662 952 223 1049 1801
574 170 221 1049 1801
544 534 231 1050 1802
662 953 226 1050 1802
419 1093 223 1050 1802
484 206 226 1050 1802
208 1113 223 1050 1802
574 171 231 1050 1802
378 1078 222 1050 1802
724 1110 221 1050 1802
730 1103 231 1050 1802
759 1098 221 1050 1802
544 535 226 1051 1803
724 1111 241 1051 1803
544 536 227 1052 1804
623 946 222 1052 1804
126 757 229 1052 1804
484 208 225 1052 1804
724 1112 228 1052 1804
759 1100 221 1052 1804
338 464 221 1052 1804
678 535 225 1053 1805
126 758 225 1053 1805
329 1046 227 1053 1805
724 1113 233 1053 1805
759 1101 221 1053 1805
544 538 227 1054 1806
623 948 223 1054 1806
126 759 225 1054 1806
329 1047 227 1054 1806
419 1097 225 1054 1806
484 210 224 1054 1806
574 175 227 1054 1806
218 181 221 1054 1806
724 1114 235 1054 1806
730 1107 237 1054 1806
338 466 225 1054 1806
179 433 229 1054 1806
678 537 223 1055 1807
623 949 221 1055 1807
126 760 221 1055 1807
724 1115 241 1055 1807
759 1103 221 1055 1807
623 950 225 1056 1808
724 1116 239 1056 1808
759 1104 231 1056 1808
544 541 221 1057 1809
623 951 224 1057 1809
329 1050 222 1057 1809
724 1117 238 1057 1809
730 1110 227 1057 1809
544 542 227 1058 1810
126 763 224 1058 1810
419 1101 222 1058 1810
484 214 221 1058 1810
724 1118 240 1058 1810
759 1106 225 1058 1810
338 470 221 1058 1810
126 764 223 1059 1811
419 1102 225 1059 1811
724 1119 242 1059 1811
730 1112 233 1059 1811
759 1107 221 1059 1811
544 544 227 1060 1812
329 1053 225 1060 1812
730 1113 227 1060 1812
724 1120 245 1060 1812
544 545 223 1061 1813
329 1054 223 1061 1813
126 766 224 1061 1813
419 1104 221 1061 1813
724 1121 244 1061 1813
730 1114 231 1061 1813
759 1109 231 1061 1813
544 546 229 1062 1814
329 1055 221 1062 1814
126 767 221 1062 1814
419 1105 237 1062 1814
484 218 222 1062 1814
730 1115 227 1062 1814
724 1122 226 1062 1814
759 1110 227 1062 1814
126 768 223 1063 1815
419 1106 229 1063 1815
574 184 223 1063 1815
484 219 221 1063 1815
730 1116 245 1063 1815
759 1111 223 1063 1815
737 1111 221 1063 1815
544 548 225 1064 1816
126 769 229 1064 1816
419 1107 229 1064 1816
484 220 229 1064 1816
730 1117 233 1064 1816
724 1124 228 1064 1816
544 549 223 1065 1817
419 1108 233 1065 1817
484 221 228 1065 1817
759 1113 221 1065 1817
730 1118 234 1065 1817
724 1126 223 1066 1818
179 445 225 1066 1818
730 1120 223 1067 1819
544 553 226 1069 1821
730 1122 225 1069 1821
544 554 221 1070 1822
730 1123 228 1070 1822
730 1124 221 1071 1823
484 228 229 1072 1824
484 229 223 1073 1825
419 1117 221 1074 1826
730 1127 223 1074 1826
419 1118 222 1075 1827
730 1128 225 1075 1827
678 558 221 1076 1828
730 1129 221 1076 1828
544 561 223 1077 1829
484 233 223 1077 1829
484 235 221 1079 1831
730 1132 224 1079 1831
544 564 223 1080 1832
484 236 223 1080 1832
730 1133 229 1080 1832
544 566 225 1082 1834
329 1077 226 1084 1836
419 1127 223 1084 1836
730 1137 231 1084 1836
759 1132 222 1084 1836
544 569 251 1085 1837
623 979 223 1085 1837
544 570 225 1086 1838
623 980 226 1086 1838
419 1129 225 1086 1838
730 1139 230 1086 1838
759 1134 222 1086 1838
544 571 222 1087 1839
623 981 225 1087 1839
419 1130 225 1087 1839
730 1140 232 1087 1839
544 572 226 1088 1840
419 1131 225 1088 1840
730 1141 223 1088 1840
179 467 223 1089 1841
544 573 231 1089 1841
419 1132 223 1089 1841
730 1142 231 1089 1841
544 574 233 1090 1842
419 1133 221 1090 1842
730 1143 233 1090 1842
544 575 231 1091 1843
126 796 221 1091 1843
419 1134 223 1091 1843
126 797 223 1092 1844
759 1140 223 1093 1845
544 577 227 1093 1845
419 1136 225 1093 1845
338 505 223 1093 1845
730 1146 223 1094 1846
179 472 223 1094 1846
419 1137 223 1094 1846
730 1147 228 1094 1846
759 1142 221 1095 1847
544 579 221 1095 1847
419 1138 223 1095 1847
338 507 221 1095 1847
623 991 221 1097 1849
329 1090 221 1097 1849
419 1140 225 1097 1849
730 1150 223 1098 1850
544 582 227 1098 1850
126 803 225 1098 1850
419 1141 227 1098 1850
544 583 221 1099 1851
126 804 224 1099 1851
623 993 225 1099 1851
179 478 221 1100 1852
126 805 227 1100 1852
623 994 224 1100 1852
419 1143 223 1100 1852
484 256 221 1100 1852
759 1148 221 1101 1853
544 585 227 1101 1853
126 806 223 1101 1853
623 995 225 1101 1853
419 1144 225 1101 1853
759 1149 223 1102 1854
126 807 223 1102 1854
730 1155 231 1102 1854
544 587 233 1103 1855
126 808 226 1103 1855
484 259 224 1103 1855
218 230 231 1103 1855
179 482 229 1104 1856
544 588 221 1104 1856
623 998 226 1104 1856
22 1114 239 1108 1860
435 1046 242 1108 1860
28 116 222 1109 1861
715 404 224 1110 1862
487 5 227 1111 1863
66 285 235 1111 1863
608 593 226 1111 1863
22 1117 225 1111 1863
701 149 224 1111 1863
169 469 227 1111 1863
631 797 221 1111 1863
382 1164 223 1112 1864
773 3 227 1112 1864
539 51 223 1112 1864
701 150 223 1112 1864
756 491 230 1112 1864
665 263 224 1112 1864
552 1169 229 1112 1864
592 341 221 1113 1865
392 1174 221 1113 1865
539 53 225 1114 1866
630 542 247 1114 1866
462 520 225 1114 1866
725 273 237 1114 1866
630 543 223 1115 1867
293 1163 233 1115 1867
177 250 225 1116 1868
241 1183 241 1119 1871
583 114 234 1120 1872
103 1187 231 1120 1872
191 265 221 1120 1872
597 606 222 1120 1872
227 1104 221 1120 1872
722 11 233 1120 1872
765 258 240 1120 1872
687 1188 223 1120 1872
191 266 229 1121 1873
449 36 223 1121 1873
515 69 223 1121 1873
722 12 232 1121 1873
580 255 225 1121 1873
191 267 225 1122 1874
515 70 227 1122 1874
127 1198 223 1122 1874
765 260 235 1122 1874
724 1182 230 1123 1875
583 117 229 1123 1875
722 14 221 1123 1875
765 261 223 1123 1875
724 1183 222 1123 1875
583 118 235 1124 1876
191 269 231 1124 1876
515 72 221 1124 1876
597 610 223 1124 1876
765 262 233 1124 1876
583 119 230 1125 1877
191 270 227 1125 1877
765 263 235 1125 1877
724 1185 225 1125 1877
583 120 244 1126 1878
191 271 226 1126 1878
765 264 232 1126 1878
583 121 239 1127 1879
191 272 230 1127 1879
722 18 224 1127 1879
127 1203 221 1127 1879
765 265 221 1127 1879
583 122 237 1128 1880
515 76 223 1128 1880
597 614 221 1128 1880
765 266 225 1128 1880
583 123 237 1129 1881
191 274 224 1129 1881
583 124 239 1130 1882
191 275 227 1130 1882
722 21 225 1130 1882
765 268 221 1130 1882
724 1190 223 1130 1882
583 125 233 1131 1883
191 276 221 1131 1883
722 22 224 1131 1883
765 269 225 1131 1883
583 126 229 1132 1884
127 1208 239 1132 1884
765 270 227 1132 1884
191 278 225 1133 1885
127 1209 231 1133 1885
583 128 227 1134 1886
191 279 227 1134 1886
127 1210 231 1134 1886
765 272 227 1134 1886
724 1194 225 1134 1886
583 129 231 1135 1887
191 280 223 1135 1887
127 1211 233 1135 1887
765 273 221 1135 1887
724 1195 222 1135 1887
583 130 237 1136 1888
597 622 222 1136 1888
127 1212 231 1136 1888
724 1196 221 1136 1888
583 131 239 1137 1889
191 282 227 1137 1889
127 1213 233 1137 1889
724 1197 221 1137 1889
583 132 237 1138 1890
191 283 223 1138 1890
127 1214 233 1138 1890
583 133 237 1139 1891
127 1215 233 1139 1891
724 1199 221 1139 1891
583 134 239 1139 1891
127 1216 223 1140 1892
724 1200 224 1140 1892
583 135 239 1141 1893
127 1217 223 1141 1893
127 1218 223 1142 1894
127 1219 221 1143 1895
765 282 223 1144 1896
724 1204 223 1144 1896
583 139 236 1145 1897
765 283 221 1145 1897
583 140 248 1146 1898
191 291 223 1146 1898
127 1222 223 1146 1898
583 141 245 1147 1899
191 292 227 1147 1899
583 142 240 1148 1900
127 1224 227 1148 1900
583 143 225 1149 1901
191 295 224 1150 1902
583 145 238 1151 1903
724 1211 223 1151 1903
583 146 237 1152 1904
191 297 223 1152 1904
127 1228 221 1152 1904
580 30 223 1152 1904
583 147 237 1153 1905
191 298 222 1153 1905
127 1229 222 1153 1905
583 148 235 1154 1906
580 32 229 1154 1906
583 149 236 1155 1907
191 300 221 1155 1907
127 1231 221 1155 1907
583 150 239 1156 1908
724 1216 221 1156 1908
583 151 228 1157 1909
583 152 233 1158 1910
191 303 224 1158 1910
580 36 226 1158 1910
583 153 233 1159 1911
580 37 223 1159 1911
765 297 221 1159 1911
583 154 233 1160 1912
127 1236 227 1160 1912
583 155 231 1161 1913
583 156 241 1162 1914
583 157 237 1163 1915
583 158 235 1164 1916
191 309 229 1164 1916
722 55 221 1164 1916
765 302 223 1164 1916
583 159 233 1165 1917
191 310 231 1165 1917
765 303 229 1165 1917
583 160 233 1165 1917
191 311 226 1166 1918
765 304 225 1166 1918
583 161 227 1166 1918
765 305 228 1167 1919
191 313 222 1168 1920
765 306 221 1168 1920
191 314 221 1169 1921
583 164 227 1169 1921
191 315 225 1170 1922
127 1246 221 1170 1922
583 165 221 1170 1922
191 316 221 1171 1923
127 1247 223 1171 1923
583 166 228 1171 1923
127 1248 225 1172 1924
583 167 231 1172 1924
191 318 223 1173 1925
127 1249 224 1173 1925
583 168 235 1173 1925
127 1250 224 1174 1926
724 1234 221 1174 1926
583 169 238 1174 1926
127 1251 233 1175 1927
583 170 233 1175 1927
191 321 231 1176 1928
127 1252 235 1176 1928
583 171 225 1176 1928
191 322 225 1177 1929
127 1253 223 1177 1929
583 172 229 1177 1929
191 323 225 1178 1930
127 1254 223 1178 1930
191 324 222 1179 1931
127 1255 225 1179 1931
191 325 224 1180 1932
127 1256 221 1180 1932
191 326 225 1181 1933
127 1257 221 1181 1933
191 327 223 1182 1934
127 1258 226 1182 1934
583 177 229 1182 1934
191 328 223 1183 1935
127 1259 221 1183 1935
583 178 229 1183 1935
127 1260 229 1184 1936
583 179 227 1184 1936
724 1244 222 1184 1936
127 1261 231 1185 1937
583 180 231 1185 1937
127 1262 231 1186 1938
722 77 221 1186 1938
724 1246 221 1186 1938
191 332 221 1187 1939
127 1263 229 1187 1939
724 1247 221 1187 1939
583 182 229 1187 1939
191 333 223 1188 1940
127 1264 223 1188 1940
583 183 231 1188 1940
191 334 225 1189 1941
127 1265 230 1189 1941
724 1249 221 1189 1941
583 184 229 1189 1941
597 676 221 1190 1942
103 1257 221 1190 1942
583 185 233 1190 1942
191 336 223 1191 1943
724 1251 221 1191 1943
583 186 226 1191 1943
191 337 223 1192 1944
724 1252 223 1192 1944
583 187 229 1192 1944
191 338 227 1193 1945
515 141 221 1193 1945
722 84 223 1193 1945
191 339 226 1194 1946
583 189 222 1194 1946
191 340 231 1195 1947
722 86 221 1195 1947
583 190 227 1195 1947
765 333 221 1195 1947
722 87 221 1196 1948
724 1256 223 1196 1948
583 191 229 1196 1948
191 342 235 1197 1949
724 1257 223 1197 1949
583 192 235 1197 1949
724 1258 223 1198 1950
583 193 233 1198 1950
191 344 223 1199 1951
127 1275 221 1199 1951
724 1259 221 1199 1951
583 194 235 1199 1951
191 345 221 1200 1952
583 195 231 1200 1952
127 1277 221 1201 1953
722 92 221 1201 1953
724 1261 225 1201 1953
583 196 225 1201 1953
191 347 227 1202 1954
724 1262 225 1202 1954
583 197 231 1202 1954
127 1279 221 1203 1955
724 1263 227 1203 1955
191 349 226 1204 1956
724 1264 223 1204 1956
583 199 225 1204 1956
191 350 223 1205 1957
724 1265 223 1205 1957
583 200 221 1205 1957
724 1266 227 1206 1958
583 201 227 1206 1958
724 1267 229 1207 1959
583 202 223 1208 1960
724 1268 229 1208 1960
583 203 221 1209 1961
583 204 231 1210 1962
724 1270 229 1210 1962
583 205 223 1211 1963
191 356 227 1211 1963
724 1271 227 1211 1963
583 206 227 1212 1964
191 357 227 1212 1964
724 1272 228 1212 1964
724 1273 228 1213 1965
583 208 225 1214 1966
724 1274 226 1214 1966
583 209 227 1215 1967
724 1275 227 1215 1967
765 353 221 1216 1968
724 1276 225 1216 1968
583 211 224 1217 1969
191 362 221 1217 1969
597 704 225 1218 1970
724 1278 228 1218 1970
765 356 225 1219 1971
762 300 221 1219 1971
583 213 221 1219 1971
191 364 226 1219 1971
722 110 223 1219 1971
724 1279 223 1219 1971
687 3 223 1219 1971
765 357 223 1219 1971
583 214 223 1220 1972
191 365 226 1220 1972
597 706 234 1220 1972
724 1280 228 1220 1972
687 4 225 1220 1972
583 215 221 1221 1973
191 366 225 1221 1973
597 707 235 1221 1973
722 112 221 1221 1973
765 359 231 1222 1974
191 367 237 1222 1974
597 708 226 1222 1974
724 1282 233 1222 1974
687 6 225 1222 1974
765 360 230 1222 1974
213 319 221 1223 1975
583 217 223 1223 1975
722 114 221 1223 1975
687 7 225 1223 1975
580 101 225 1223 1975
765 361 235 1223 1975
762 305 221 1224 1976
191 369 225 1224 1976
583 218 225 1224 1976
597 710 229 1224 1976
722 115 227 1224 1976
724 1284 222 1224 1976
580 102 223 1224 1976
765 362 223 1224 1976
191 370 223 1225 1977
583 219 229 1225 1977
597 711 225 1225 1977
724 1285 221 1225 1977
765 363 226 1225 1977
191 371 225 1226 1978
583 220 223 1226 1978
597 712 227 1226 1978
687 10 227 1226 1978
765 364 226 1226 1978
191 372 229 1227 1979
597 713 238 1227 1979
127 1303 225 1227 1979
722 118 221 1227 1979
687 11 226 1227 1979
583 222 224 1228 1980
597 714 225 1228 1980
127 1304 221 1228 1980
765 366 225 1228 1980
191 374 239 1229 1981
449 144 221 1229 1981
597 715 226 1229 1981
191 375 240 1230 1982
597 716 230 1230 1982
722 121 223 1230 1982
765 368 221 1230 1982
191 376 224 1231 1983
449 146 223 1231 1983
583 226 221 1232 1984
191 377 229 1232 1984
449 147 223 1232 1984
597 718 226 1232 1984
765 370 221 1232 1984
191 378 233 1232 1984
597 719 224 1233 1985
583 228 221 1233 1985
449 149 225 1234 1986
597 720 233 1234 1986
191 380 226 1234 1986
583 229 225 1234 1986
515 32 223 1235 1987
449 150 225 1235 1987
597 721 223 1235 1987
765 373 224 1235 1987
191 381 238 1235 1987
597 722 229 1236 1988
191 382 225 1236 1988
583 231 221 1237 1989
597 723 221 1237 1989
724 1297 229 1237 1989
191 383 231 1237 1989
583 232 227 1238 1990
724 1298 223 1238 1990
191 384 233 1238 1990
583 233 227 1239 1991
724 1299 231 1239 1991
765 377 221 1239 1991
191 385 232 1239 1991
583 234 222 1240 1992
597 726 223 1240 1992
724 1300 228 1240 1992
597 727 225 1241 1993
724 1301 227 1241 1993
191 387 225 1241 1993
583 236 221 1241 1993
191 388 235 1242 1994
724 1303 223 1243 1995
583 238 223 1243 1995
191 389 237 1243 1995
724 1304 225 1244 1996
765 382 222 1244 1996
583 239 225 1244 1996
191 390 237 1245 1997
724 1305 227 1245 1997
583 240 221 1245 1997
191 391 233 1246 1998
724 1306 226 1246 1998
191 392 239 1247 1999
583 242 221 1248 2000
191 393 231 1248 2000
191 394 231 1249 2001
583 244 225 1250 2002
191 395 235 1250 2002
597 736 222 1250 2002
583 245 233 1251 2003
191 396 223 1251 2003
597 737 223 1251 2003
724 1311 223 1251 2003
597 738 228 1252 2004
724 1312 221 1252 2004
583 247 235 1253 2005
724 1313 223 1253 2005
724 1314 221 1254 2006
583 249 223 1255 2007
127 1332 221 1256 2008
583 251 225 1257 2009
583 252 231 1258 2010
191 403 233 1258 2010
633 1301 221 1258 2010
597 744 222 1258 2010
583 253 227 1259 2011
580 137 223 1259 2011
191 405 222 1260 2012
597 746 227 1260 2012
724 1320 233 1260 2012
583 255 226 1261 2013
724 1321 233 1261 2013
765 399 222 1261 2013
724 1323 229 1263 2015
765 401 221 1263 2015
213 360 224 1264 2016
583 258 223 1264 2016
633 1307 221 1264 2016
597 750 225 1264 2016
724 1324 221 1264 2016
583 259 225 1265 2017
515 62 223 1265 2017
191 410 221 1265 2017
597 751 221 1265 2017
449 180 221 1265 2017
724 1325 225 1265 2017
583 260 227 1266 2018
191 411 226 1266 2018
515 63 221 1266 2018
597 752 227 1266 2018
765 404 227 1266 2018
583 261 222 1267 2019
597 753 221 1267 2019
724 1327 223 1267 2019
765 405 227 1267 2019
580 145 221 1267 2019
583 262 225 1268 2020
191 413 225 1268 2020
597 754 223 1268 2020
687 36 223 1269 2021
597 755 225 1269 2021
127 1345 227 1269 2021
295 8 221 1279 2031
484 435 225 1279 2031
