253 78 221 0 1025
683 198 221 1 1026
423 324 223 1 1026
229 340 230 1 1026
398 338 239 1 1026
683 199 221 2 1027
119 301 225 2 1027
514 301 222 2 1027
112 319 221 3 1028
239 331 231 3 1028
566 327 221 6 1031
651 339 227 7 1032
4 342 225 19 1044
707 297 238 20 1045
369 349 223 20 1045
774 357 224 21 1046
471 358 238 23 1048
323 280 227 24 1049
323 281 229 25 1050
323 282 231 26 1051
323 283 232 27 1052
323 284 232 28 1053
316 216 225 28 1053
435 240 221 29 1054
323 285 230 29 1054
316 217 227 29 1054
323 286 236 30 1055
323 287 235 31 1056
13 334 221 39 1064
13 335 225 40 1065
299 40 225 46 1071
299 59 229 65 1090
4 388 221 65 1090
299 106 223 112 1137
603 438 230 112 1137
13 407 229 112 1137
74 451 235 113 1138
139 428 221 113 1138
468 445 232 113 1138
531 423 231 113 1138
13 408 229 114 1139
74 452 231 114 1139
139 429 227 114 1139
468 446 223 114 1139
531 424 233 114 1139
554 446 223 114 1139
13 409 226 114 1139
74 453 221 115 1140
468 447 227 115 1140
531 425 223 115 1140
13 410 227 116 1141
74 454 232 116 1141
468 448 227 116 1141
531 426 230 116 1141
13 411 226 117 1142
74 455 234 117 1142
468 449 223 117 1142
531 427 231 117 1142
394 444 223 117 1142
13 412 225 118 1143
74 456 238 118 1143
13 413 233 119 1144
74 457 248 119 1144
13 414 229 120 1145
76 372 223 120 1145
74 458 247 120 1145
13 415 227 121 1146
74 459 245 121 1146
468 453 223 121 1146
13 416 231 122 1147
74 460 248 122 1147
468 454 223 122 1147
13 417 222 123 1148
74 461 239 123 1148
468 455 227 123 1148
13 418 224 124 1149
74 462 241 124 1149
227 380 225 124 1149
13 419 226 125 1150
74 463 239 125 1150
13 420 225 126 1151
74 464 227 126 1151
531 440 223 130 1155
468 463 227 131 1156
531 441 225 131 1156
13 426 221 132 1157
531 442 223 132 1157
3 382 221 133 1158
468 466 240 134 1159
468 467 224 135 1160
13 430 233 136 1161
468 468 229 136 1161
468 469 225 137 1162
13 432 227 137 1162
3 387 223 138 1163
13 433 241 138 1163
74 477 226 139 1164
468 471 223 139 1164
531 449 227 139 1164
76 392 227 140 1165
74 478 221 140 1165
468 472 226 140 1165
531 450 230 140 1165
559 349 225 140 1165
76 393 243 141 1166
468 473 222 141 1166
531 451 229 141 1166
559 350 225 141 1166
468 474 227 142 1167
531 452 231 142 1167
559 351 227 142 1167
13 437 222 143 1168
74 481 222 143 1168
468 475 235 143 1168
531 453 229 143 1168
559 352 221 143 1168
13 438 225 144 1169
74 482 225 144 1169
531 454 231 144 1169
227 401 224 145 1170
74 483 225 145 1170
468 477 227 145 1170
531 455 231 145 1170
559 354 221 145 1170
468 478 226 146 1171
531 456 226 146 1171
3 395 221 146 1171
468 479 235 147 1172
531 457 226 147 1172
13 442 223 148 1173
74 486 222 148 1173
355 193 221 148 1173
468 480 235 148 1173
531 458 227 148 1173
559 358 225 149 1174
531 459 232 149 1174
468 482 231 150 1175
531 460 224 150 1175
13 445 231 150 1175
74 489 226 151 1176
531 461 221 151 1176
531 462 221 152 1177
531 463 222 153 1178
531 464 225 154 1179
531 465 221 155 1180
531 466 227 156 1181
13 451 227 156 1181
531 467 226 157 1182
13 452 227 157 1182
355 203 221 158 1183
531 468 229 158 1183
441 428 221 158 1183
13 453 223 158 1183
468 491 221 159 1184
531 469 231 159 1184
441 429 222 159 1184
13 454 221 159 1184
468 492 237 160 1185
531 470 231 160 1185
441 430 221 160 1185
74 499 225 161 1186
531 471 222 161 1186
468 494 228 162 1187
531 472 229 162 1187
74 501 224 163 1188
531 473 234 163 1188
74 502 229 164 1189
355 209 221 164 1189
531 474 226 164 1189
531 476 221 166 1191
74 505 227 167 1192
531 477 223 167 1192
414 500 222 167 1192
74 506 221 168 1193
531 478 233 168 1193
468 500 221 168 1193
13 463 223 168 1193
531 479 229 169 1194
559 378 227 169 1194
468 501 221 169 1194
13 464 231 169 1194
74 508 221 170 1195
241 508 223 170 1195
227 427 225 171 1196
74 509 221 171 1196
355 216 221 171 1196
93 419 222 171 1196
198 116 224 171 1196
227 428 225 172 1197
74 510 224 172 1197
603 498 226 172 1197
355 217 223 172 1197
531 482 233 172 1197
559 381 227 172 1197
468 504 221 172 1197
13 467 221 172 1197
74 511 235 173 1198
74 513 225 175 1200
74 515 236 177 1202
74 516 223 178 1203
3 427 222 178 1203
601 515 233 179 1204
74 517 223 179 1204
229 518 234 179 1204
210 500 241 180 1205
556 519 223 180 1205
229 519 239 180 1205
74 520 225 182 1207
74 523 221 185 1210
290 521 224 185 1210
74 524 222 186 1211
74 525 223 187 1212
74 530 224 192 1217
77 67 222 207 1232
136 319 225 216 1241
74 564 222 226 1251
74 566 233 228 1253
181 65 225 228 1253
181 66 226 229 1254
407 275 226 231 1256
290 567 221 231 1256
77 92 226 232 1257
233 570 227 233 1258
233 571 222 234 1259
77 95 225 235 1260
233 573 229 236 1261
290 572 229 237 1262
440 62 221 239 1264
136 343 221 240 1265
605 122 223 240 1265
767 572 221 241 1266
184 127 221 242 1267
238 551 235 242 1267
670 128 225 242 1267
10 82 231 243 1268
750 120 227 244 1269
726 144 221 246 1271
762 4 224 248 1273
698 585 227 249 1274
56 2 221 251 1276
239 580 227 252 1277
466 81 221 254 1279
85 270 233 256 1281
653 218 231 262 1287
555 588 223 264 1289
91 11 235 264 1289
28 591 221 266 1291
407 1 224 270 1295
326 608 222 271 1296
621 602 233 272 1297
517 157 221 273 1298
48 590 221 273 1298
245 622 239 283 1308
245 623 237 284 1309
343 601 222 285 1310
326 624 222 287 1312
326 625 224 288 1313
343 605 221 289 1314
326 626 225 289 1314
324 363 226 289 1314
677 138 222 290 1315
343 606 225 290 1315
326 627 225 290 1315
324 364 223 290 1315
343 607 225 291 1316
324 365 225 291 1316
326 629 221 292 1317
324 366 227 292 1317
677 142 223 294 1319
22 573 232 294 1319
326 632 225 295 1320
652 619 224 295 1320
324 369 225 295 1320
343 612 227 296 1321
326 633 222 296 1321
324 370 225 296 1321
343 613 223 297 1322
326 634 221 297 1322
324 371 223 297 1322
343 614 221 298 1323
324 372 221 298 1323
324 373 225 299 1324
343 616 224 300 1325
324 374 227 300 1325
326 638 221 301 1326
324 376 223 302 1327
324 377 221 303 1328
754 633 228 304 1329
324 381 221 307 1332
324 382 226 309 1334
760 404 221 310 1335
767 641 221 310 1335
559 519 223 310 1335
343 627 225 311 1336
611 634 225 314 1339
326 656 221 319 1344
326 658 221 321 1346
416 655 233 326 1351
416 656 242 327 1352
754 656 233 327 1352
459 642 231 328 1353
416 657 239 328 1353
416 658 231 329 1354
588 655 223 330 1355
663 660 231 330 1355
416 659 221 330 1355
326 669 235 332 1357
326 670 221 333 1358
98 661 221 333 1358
751 18 225 334 1359
770 107 225 334 1359
378 634 223 334 1359
577 29 231 334 1359
124 653 223 334 1359
350 671 232 335 1360
652 11 222 335 1360
368 604 221 335 1360
685 647 235 335 1360
78 114 227 336 1361
618 17 230 337 1362
770 110 235 337 1362
65 613 235 337 1362
398 674 229 337 1362
37 326 237 338 1363
663 668 222 338 1363
611 658 230 338 1363
85 352 229 338 1363
577 33 233 338 1363
605 220 222 338 1363
440 162 247 339 1364
343 655 226 339 1364
326 676 224 339 1364
703 656 230 340 1365
464 674 225 340 1365
703 657 224 341 1366
124 660 223 341 1366
653 297 227 341 1366
132 642 225 341 1366
635 432 233 342 1367
539 82 221 342 1367
663 672 221 342 1367
214 554 225 342 1367
194 661 227 342 1367
685 654 223 342 1367
179 502 221 343 1368
685 655 223 343 1368
65 620 234 344 1369
171 111 222 344 1369
555 668 223 344 1369
125 119 224 344 1369
765 237 223 345 1370
502 34 221 345 1370
605 227 231 345 1370
308 630 231 346 1371
3 53 232 346 1371
440 169 229 346 1371
326 683 245 346 1371
326 685 221 348 1373
343 665 240 349 1374
326 686 224 349 1374
326 687 221 350 1375
343 667 225 351 1376
677 200 223 352 1377
343 669 231 353 1378
464 687 227 353 1378
343 670 224 354 1379
699 581 228 354 1379
326 691 227 354 1379
326 692 227 355 1380
699 583 221 356 1381
165 19 233 357 1382
440 180 223 357 1382
169 683 223 358 1383
517 242 221 358 1383
3 65 221 358 1383
3 66 221 359 1384
520 691 223 359 1384
605 241 221 360 1385
3 67 239 360 1385
760 23 225 360 1385
696 685 243 360 1385
30 364 223 360 1385
719 361 223 361 1386
255 286 221 361 1386
3 68 221 361 1386
364 693 221 361 1386
696 686 239 361 1386
117 4 221 361 1386
308 646 231 362 1387
326 699 227 362 1387
388 697 224 363 1388
61 702 225 364 1389
745 697 221 364 1389
142 1 221 364 1389
78 142 225 364 1389
326 702 231 365 1390
147 706 224 366 1391
142 3 228 366 1391
326 703 237 366 1391
3 74 225 367 1392
326 704 225 367 1392
3 75 226 368 1393
147 709 221 368 1393
61 707 221 369 1394
696 694 223 369 1394
147 710 226 369 1394
61 708 225 370 1395
142 8 223 371 1396
696 696 221 371 1396
61 710 221 372 1397
3 79 231 372 1397
696 697 227 372 1397
61 711 221 373 1398
326 710 224 373 1398
78 151 221 373 1398
61 712 224 374 1399
132 2 221 374 1399
3 81 225 374 1399
275 707 221 374 1399
293 695 221 375 1400
61 713 222 375 1400
275 708 221 375 1400
696 700 221 375 1400
293 696 221 376 1401
61 714 221 376 1401
696 701 229 376 1401
147 717 223 376 1401
61 715 227 377 1402
132 5 223 377 1402
91 26 223 377 1402
326 714 224 377 1402
132 6 225 378 1403
142 15 223 378 1403
78 156 223 378 1403
275 712 225 379 1404
696 704 229 379 1404
103 719 229 379 1404
363 137 237 380 1405
648 427 221 381 1406
367 386 229 381 1406
78 160 223 382 1407
748 713 228 383 1408
61 721 221 383 1408
696 708 224 383 1408
326 720 225 383 1408
748 714 227 384 1409
61 722 222 384 1409
3 91 221 384 1409
696 709 227 384 1409
142 21 223 384 1409
326 721 221 384 1409
748 715 225 385 1410
61 723 233 385 1410
275 718 224 385 1410
91 34 221 385 1410
61 724 230 386 1411
275 719 222 386 1411
326 723 226 386 1411
61 725 226 387 1412
275 720 223 387 1412
3 94 223 387 1412
61 726 229 388 1413
3 95 223 388 1413
753 591 221 388 1413
61 727 230 389 1414
3 96 226 389 1414
326 726 235 389 1414
61 728 237 390 1415
3 97 231 390 1415
326 727 235 390 1415
78 168 221 390 1415
61 729 225 391 1416
3 98 223 391 1416
696 716 221 391 1416
61 730 227 392 1417
61 731 221 393 1418
326 730 226 393 1418
61 732 231 394 1419
3 101 227 394 1419
91 43 223 394 1419
753 597 223 395 1420
748 725 230 395 1420
61 733 225 395 1420
3 102 225 395 1420
91 44 225 395 1420
61 734 227 396 1421
3 103 227 396 1421
61 735 225 397 1422
3 104 233 397 1422
696 722 221 397 1422
61 736 229 398 1423
3 105 237 398 1423
61 737 221 399 1424
3 106 234 399 1424
696 724 229 399 1424
326 736 223 399 1424
748 730 221 400 1425
61 738 228 400 1425
3 107 226 400 1425
696 725 225 400 1425
118 189 225 400 1425
748 731 223 400 1425
61 739 229 401 1426
3 108 227 401 1426
696 726 221 401 1426
326 738 230 401 1426
78 179 221 401 1426
118 190 225 401 1426
748 732 231 402 1427
3 109 231 402 1427
696 727 225 402 1427
326 739 230 402 1427
748 733 225 403 1428
3 110 230 403 1428
696 728 225 403 1428
326 740 221 403 1428
748 734 230 404 1429
3 111 232 404 1429
696 729 221 404 1429
326 741 231 404 1429
753 607 221 405 1430
748 735 225 405 1430
3 112 235 405 1430
118 194 225 405 1430
748 736 228 406 1431
3 113 235 406 1431
326 743 221 406 1431
118 195 223 406 1431
748 737 233 407 1432
3 114 235 407 1432
696 732 224 407 1432
326 744 241 407 1432
748 738 229 408 1433
3 115 235 408 1433
696 733 223 408 1433
748 739 226 409 1434
753 611 222 409 1434
61 747 223 409 1434
3 116 223 409 1434
696 734 227 409 1434
748 740 223 410 1435
61 748 229 410 1435
275 743 221 410 1435
3 117 225 410 1435
696 735 227 410 1435
326 747 221 410 1435
748 741 221 411 1436
3 118 221 411 1436
696 736 226 411 1436
61 750 224 412 1437
748 742 222 412 1437
3 119 224 412 1437
696 737 226 412 1437
326 749 233 412 1437
326 750 225 413 1438
61 752 227 414 1439
753 616 223 414 1439
326 751 228 414 1439
753 617 221 415 1440
61 753 223 415 1440
326 752 231 415 1440
61 754 230 416 1441
293 736 221 416 1441
326 753 221 416 1441
753 619 221 417 1442
293 737 227 417 1442
748 747 224 417 1442
326 754 225 417 1442
147 758 222 418 1443
748 748 225 418 1443
326 755 237 418 1443
78 196 223 418 1443
748 749 233 419 1444
696 744 227 419 1444
78 197 221 419 1444
748 750 237 420 1445
326 757 223 420 1445
78 198 223 420 1445
118 209 221 420 1445
753 623 227 421 1446
132 49 221 421 1446
3 128 229 421 1446
696 746 235 421 1446
78 199 227 421 1446
748 752 221 422 1447
3 129 225 422 1447
78 200 223 422 1447
753 625 224 423 1448
61 761 230 423 1448
748 753 228 423 1448
696 748 223 423 1448
748 754 235 424 1449
3 131 225 424 1449
748 755 223 425 1450
326 762 225 425 1450
753 628 223 426 1451
748 756 230 426 1451
326 763 231 426 1451
748 757 231 427 1452
326 764 231 427 1452
748 758 227 428 1453
696 753 231 428 1453
326 765 233 428 1453
753 631 222 429 1454
3 136 225 429 1454
142 66 221 429 1454
326 766 233 429 1454
78 207 221 429 1454
147 770 221 429 1454
61 768 221 430 1455
753 632 223 430 1455
748 760 232 430 1455
3 137 227 430 1455
91 79 221 430 1455
142 67 221 430 1455
326 767 231 430 1455
118 219 221 430 1455
78 208 221 430 1455
147 771 223 430 1455
753 633 221 431 1456
118 220 223 431 1456
748 762 227 432 1457
696 757 221 432 1457
118 221 221 432 1457
748 763 224 433 1458
696 758 225 433 1458
118 222 223 433 1458
748 764 231 434 1459
748 765 239 435 1460
696 760 223 435 1460
748 766 232 436 1461
748 767 227 437 1462
696 762 221 437 1462
326 774 223 437 1462
748 768 236 438 1463
748 769 233 439 1464
275 773 221 440 1465
748 771 237 441 1466
275 774 223 441 1466
696 766 222 441 1466
118 230 225 441 1466
78 219 222 441 1466
748 772 225 442 1467
3 149 227 442 1467
696 767 221 442 1467
326 779 226 442 1467
753 645 221 443 1468
748 773 235 443 1468
132 71 222 443 1468
696 768 221 443 1468
326 780 225 443 1468
748 774 237 444 1469
3 151 223 444 1469
696 769 223 444 1469
748 775 225 445 1470
696 770 227 445 1470
753 648 221 446 1471
748 776 230 446 1471
696 771 223 446 1471
753 649 228 446 1471
748 777 225 447 1472
696 772 225 447 1472
753 650 221 447 1472
748 778 224 448 1473
132 76 221 448 1473
3 155 222 448 1473
326 785 221 448 1473
753 651 223 448 1473
275 782 221 449 1474
326 786 225 449 1474
696 1 223 449 1474
326 787 223 450 1475
696 2 224 450 1475
61 789 221 450 1475
748 781 227 451 1476
275 784 222 451 1476
326 790 221 453 1478
748 787 231 457 1482
748 788 231 458 1483
748 789 229 459 1484
748 790 231 460 1485
748 791 225 461 1486
326 798 227 461 1486
78 239 222 461 1486
748 792 229 462 1487
326 801 223 464 1489
696 16 229 464 1489
748 795 227 465 1490
326 802 223 465 1490
696 17 223 465 1490
147 806 221 465 1490
748 796 234 466 1491
696 18 221 466 1491
293 787 221 466 1491
748 797 227 467 1492
748 799 227 469 1494
748 800 222 470 1495
748 801 222 471 1496
326 808 233 471 1496
696 23 221 471 1496
78 249 221 471 1496
748 802 226 472 1497
142 109 221 472 1497
326 809 223 472 1497
696 25 221 473 1498
748 804 223 474 1499
326 811 223 474 1499
61 813 221 474 1499
748 805 227 475 1500
275 808 221 475 1500
326 812 228 475 1500
748 806 221 476 1501
326 813 225 476 1501
748 807 221 477 1502
275 810 223 477 1502
326 814 223 477 1502
748 808 224 478 1503
275 811 221 478 1503
326 815 225 478 1503
326 817 223 480 1505
326 818 231 481 1506
326 819 224 482 1507
748 813 221 483 1508
326 821 225 484 1509
326 822 225 485 1510
748 816 221 486 1511
326 823 229 486 1511
696 39 221 487 1512
326 824 229 487 1512
748 818 225 488 1513
132 116 224 488 1513
748 819 225 489 1514
748 820 223 490 1515
3 197 222 490 1515
326 827 226 490 1515
61 829 223 490 1515
326 828 237 491 1516
326 829 231 492 1517
132 121 225 493 1518
326 830 247 493 1518
61 832 223 493 1518
696 46 222 494 1519
326 831 248 494 1519
61 833 223 494 1519
275 828 222 495 1520
326 832 253 495 1520
61 834 223 495 1520
748 826 221 496 1521
132 124 227 496 1521
326 833 249 496 1521
132 125 221 497 1522
326 834 237 497 1522
326 835 238 498 1523
326 837 227 500 1525
326 838 223 501 1526
748 832 226 501 1526
326 839 227 502 1527
326 840 223 503 1528
326 841 229 504 1529
61 843 221 504 1529
326 842 222 505 1530
748 836 222 505 1530
3 213 223 506 1531
326 843 243 506 1531
61 845 226 506 1531
326 844 236 507 1532
326 845 227 508 1533
61 847 225 508 1533
696 62 223 510 1535
132 139 226 511 1536
326 848 230 511 1536
3 219 223 512 1537
78 290 221 512 1537
132 141 221 513 1538
132 143 229 515 1540
326 853 235 516 1541
326 854 225 517 1542
78 295 221 517 1542
326 855 224 518 1543
326 856 231 519 1544
326 857 229 520 1545
78 298 221 520 1545
326 858 225 521 1546
326 859 225 522 1547
326 860 227 523 1548
326 861 222 524 1549
326 862 223 525 1550
326 863 223 526 1551
326 864 225 527 1552
326 865 233 528 1553
326 866 229 529 1554
326 867 227 530 1555
326 868 225 531 1556
326 869 225 532 1557
326 870 225 533 1558
326 871 223 534 1559
326 873 230 536 1561
61 875 227 536 1561
132 165 221 537 1562
3 244 223 537 1562
326 874 225 537 1562
61 876 227 537 1562
275 871 221 538 1563
326 875 225 538 1563
61 877 229 538 1563
61 878 227 539 1564
275 873 223 540 1565
61 879 225 540 1565
275 874 222 541 1566
61 880 225 541 1566
275 875 222 542 1567
61 881 225 542 1567
326 880 225 543 1568
61 882 225 543 1568
326 881 225 544 1569
61 883 227 544 1569
326 882 227 545 1570
61 884 226 545 1570
326 883 227 546 1571
61 885 228 546 1571
326 884 225 547 1572
61 886 225 547 1572
326 885 221 548 1573
61 887 221 548 1573
326 886 223 549 1574
61 888 222 549 1574
61 889 223 550 1575
61 890 224 551 1576
61 891 224 552 1577
61 892 224 553 1578
61 893 224 554 1579
61 894 223 555 1580
326 893 229 556 1581
61 895 225 556 1581
326 894 227 557 1582
61 896 227 557 1582
326 895 225 558 1583
61 897 227 558 1583
326 896 227 559 1584
61 898 225 559 1584
326 897 227 560 1585
61 899 227 560 1585
326 898 225 561 1586
61 900 227 561 1586
61 901 226 562 1587
61 902 225 563 1588
61 903 226 564 1589
78 343 221 565 1590
61 904 226 565 1590
78 344 221 566 1591
61 905 226 566 1591
326 904 223 567 1592
61 906 224 567 1592
326 905 223 568 1593
61 907 225 568 1593
78 347 221 569 1594
61 908 224 569 1594
61 909 224 570 1595
326 909 221 572 1597
326 910 221 573 1598
61 912 222 573 1598
326 911 233 574 1599
326 912 233 575 1600
326 913 224 576 1601
326 914 227 577 1602
326 915 221 578 1603
326 916 225 579 1604
326 918 223 581 1606
78 361 223 583 1608
61 922 221 583 1608
326 921 231 584 1609
61 923 224 584 1609
326 922 223 585 1610
61 924 221 585 1610
326 923 231 586 1611
61 925 223 586 1611
326 924 232 587 1612
61 926 224 587 1612
326 925 233 588 1613
61 927 223 588 1613
3 296 221 589 1614
326 926 240 589 1614
61 928 227 589 1614
3 297 223 590 1615
326 928 236 591 1616
78 369 224 591 1616
326 929 225 592 1617
18 915 223 593 1618
480 363 225 593 1618
102 919 229 593 1618
277 117 221 593 1618
583 123 240 593 1618
665 17 223 593 1618
577 289 221 594 1619
498 60 224 594 1619
79 483 225 594 1619
364 926 227 594 1619
335 926 222 594 1619
214 806 229 595 1620
287 627 232 595 1620
682 929 225 595 1620
783 911 227 595 1620
100 41 227 595 1620
592 96 225 595 1620
99 658 233 596 1621
775 643 222 596 1621
310 918 225 596 1621
474 231 239 596 1621
608 351 249 596 1621
498 63 233 597 1622
502 231 225 597 1622
304 922 227 598 1623
304 923 231 599 1624
498 67 233 601 1626
598 41 223 601 1626
464 935 228 602 1627
721 352 225 602 1627
150 109 223 602 1627
653 14 222 602 1627
696 154 242 602 1627
74 35 233 603 1628
293 924 221 603 1628
27 592 227 603 1628
391 860 235 604 1629
416 71 239 604 1629
74 36 231 604 1629
27 593 229 604 1629
87 350 238 605 1630
136 709 225 606 1631
87 351 233 606 1631
778 936 222 606 1631
74 39 221 607 1632
87 352 227 607 1632
27 596 227 607 1632
87 353 231 608 1633
87 354 236 609 1634
27 598 224 609 1634
87 355 235 610 1635
696 162 221 610 1635
27 599 224 610 1635
350 947 222 611 1636
87 356 235 611 1636
87 357 235 612 1637
87 358 233 613 1638
87 359 226 614 1639
87 360 223 615 1640
87 361 229 616 1641
293 937 221 616 1641
87 362 231 617 1642
27 606 223 617 1642
87 363 227 618 1643
27 607 226 618 1643
87 364 240 619 1644
27 608 225 619 1644
391 876 221 620 1645
87 365 238 620 1645
27 609 227 620 1645
601 957 221 621 1646
87 366 221 621 1646
86 648 227 621 1646
391 878 227 622 1647
416 89 223 622 1647
74 54 221 622 1647
27 611 223 622 1647
696 174 223 622 1647
416 90 227 623 1648
136 726 222 623 1648
74 55 225 623 1648
293 944 221 623 1648
87 368 221 623 1648
601 959 229 623 1648
391 880 223 624 1649
649 377 223 624 1649
74 56 226 624 1649
778 954 221 624 1649
601 960 227 624 1649
416 92 223 625 1650
649 378 225 625 1650
136 728 223 625 1650
144 137 223 625 1650
87 370 224 625 1650
74 57 223 625 1650
601 961 227 625 1650
391 882 223 626 1651
416 93 225 626 1651
649 379 222 626 1651
136 729 223 626 1651
87 371 223 626 1651
74 58 226 626 1651
601 962 227 626 1651
696 178 223 626 1651
416 94 223 627 1652
649 380 227 627 1652
87 372 223 627 1652
74 59 223 627 1652
601 963 229 627 1652
27 616 221 627 1652
696 179 225 627 1652
391 884 223 628 1653
416 95 221 628 1653
146 873 221 628 1653
74 60 227 628 1653
601 964 226 628 1653
27 617 229 628 1653
696 180 223 628 1653
391 885 223 629 1654
416 96 225 629 1654
601 965 227 629 1654
74 61 223 629 1654
27 618 224 629 1654
696 181 222 629 1654
391 886 221 630 1655
146 875 221 630 1655
601 966 225 630 1655
74 62 223 630 1655
696 182 223 630 1655
416 98 223 631 1656
136 734 223 631 1656
146 876 221 631 1656
391 886 224 631 1656
601 967 222 631 1656
74 63 221 631 1656
696 183 223 631 1656
416 99 221 632 1657
136 735 223 632 1657
146 877 221 632 1657
601 968 225 632 1657
87 377 223 632 1657
305 1052 223 632 1657
27 621 221 632 1657
696 184 223 633 1658
416 100 226 633 1658
649 386 221 633 1658
601 969 227 633 1658
305 1053 223 633 1658
74 65 225 633 1658
27 622 223 633 1658
696 185 223 634 1659
391 886 226 634 1659
416 101 222 634 1659
649 387 221 634 1659
601 970 225 634 1659
293 955 221 634 1659
74 66 223 634 1659
27 623 222 634 1659
696 186 222 635 1660
416 102 222 635 1660
136 738 221 635 1660
601 971 225 635 1660
74 67 221 635 1660
293 956 221 635 1660
416 103 223 636 1661
136 739 223 636 1661
87 381 237 636 1661
27 625 224 636 1661
87 382 232 637 1662
27 626 225 637 1662
27 627 222 638 1663
87 384 227 639 1664
136 743 225 640 1665
87 385 221 640 1665
136 744 225 641 1666
136 745 225 642 1667
87 387 222 642 1667
86 669 221 642 1667
27 631 226 643 1668
136 746 226 643 1668
87 388 227 643 1668
27 632 226 643 1668
136 747 223 644 1669
27 633 225 644 1669
136 748 223 645 1670
87 390 223 645 1670
27 634 229 645 1670
27 635 231 646 1671
86 674 225 647 1672
87 392 229 647 1672
144 160 223 648 1673
87 393 235 648 1673
27 637 223 648 1673
144 161 221 649 1674
87 394 231 649 1674
27 638 227 649 1674
144 162 221 650 1675
87 395 233 650 1675
27 639 229 650 1675
87 396 233 651 1676
27 640 229 651 1676
601 988 221 652 1677
87 397 233 652 1677
27 641 221 652 1677
136 756 221 653 1678
144 165 223 653 1678
87 398 231 653 1678
601 989 222 653 1678
144 166 224 654 1679
87 399 226 654 1679
144 167 224 655 1680
87 400 231 655 1680
27 644 223 655 1680
144 168 221 656 1681
87 401 239 656 1681
27 645 226 656 1681
144 169 227 657 1682
87 402 235 657 1682
144 170 226 658 1683
87 403 235 658 1683
144 171 226 659 1684
87 404 235 659 1684
87 405 237 660 1685
144 173 225 661 1686
87 406 232 661 1686
87 407 233 662 1687
27 651 222 662 1687
87 408 229 663 1688
27 652 221 663 1688
87 409 233 664 1689
27 653 222 664 1689
86 691 221 664 1689
146 910 223 665 1690
87 410 231 665 1690
86 692 222 665 1690
87 411 231 666 1691
27 655 222 666 1691
136 770 221 667 1692
87 412 233 667 1692
136 771 221 668 1693
87 413 235 668 1693
136 772 225 669 1694
87 414 233 669 1694
27 658 225 669 1694
136 773 223 670 1695
87 415 233 670 1695
27 659 223 670 1695
136 774 223 671 1696
87 416 231 671 1696
601 1007 221 671 1696
136 775 221 672 1697
87 417 221 672 1697
601 1008 223 672 1697
136 776 224 673 1698
87 418 229 673 1698
601 1009 225 673 1698
136 777 223 674 1699
87 419 229 674 1699
601 1010 225 674 1699
136 778 225 675 1700
87 420 229 675 1700
27 664 221 675 1700
278 1012 222 676 1701
136 779 223 676 1701
87 421 228 676 1701
27 665 225 676 1701
601 1012 223 676 1701
278 1013 227 677 1702
136 780 231 677 1702
144 189 221 677 1702
87 422 230 677 1702
27 666 223 677 1702
278 1014 229 678 1703
144 190 222 678 1703
87 423 231 678 1703
27 667 225 678 1703
278 1015 225 679 1704
416 146 223 679 1704
146 924 221 679 1704
136 782 227 679 1704
778 1009 221 679 1704
27 668 223 679 1704
278 1016 226 680 1705
136 783 221 680 1705
87 425 233 680 1705
27 669 225 680 1705
601 1016 223 680 1705
146 926 225 681 1706
144 193 221 681 1706
87 426 229 681 1706
27 670 221 681 1706
74 113 223 682 1707
146 927 240 682 1707
87 427 226 682 1707
136 786 221 683 1708
27 672 221 683 1708
144 196 223 684 1709
87 429 227 684 1709
601 1020 221 684 1709
144 197 221 685 1710
87 430 227 685 1710
696 237 221 686 1711
87 431 230 686 1711
27 675 223 686 1711
696 238 221 687 1712
27 676 221 687 1712
27 683 221 694 1719
27 685 224 696 1721
27 686 225 697 1722
27 687 225 698 1723
27 688 225 699 1724
27 689 225 700 1725
27 690 221 701 1726
74 135 221 704 1729
74 136 221 705 1730
74 137 222 706 1731
74 138 221 707 1732
27 696 221 707 1732
74 139 221 708 1733
27 698 222 709 1734
696 261 223 710 1735
293 1031 221 710 1735
696 262 225 711 1736
74 143 221 712 1737
87 457 225 712 1737
601 1048 224 712 1737
696 264 221 713 1738
87 458 223 713 1738
601 1049 223 713 1738
87 459 225 714 1739
87 460 225 715 1740
601 1051 221 715 1740
87 461 225 716 1741
696 268 221 717 1742
293 1038 221 717 1742
601 1053 221 717 1742
87 462 224 717 1742
293 1039 222 718 1743
601 1054 223 718 1743
87 463 224 718 1743
601 1055 223 719 1744
87 464 223 719 1744
601 1056 225 720 1745
87 465 224 720 1745
601 1057 223 721 1746
87 466 221 721 1746
136 825 221 722 1747
87 468 221 723 1748
136 830 221 727 1752
87 472 221 727 1752
87 474 225 729 1754
87 475 221 730 1755
87 477 221 732 1757
27 722 225 733 1758
87 478 223 733 1758
391 990 221 733 1758
87 479 225 734 1759
136 839 225 736 1761
278 25 223 736 1761
136 840 223 737 1762
601 1073 223 737 1762
136 841 221 738 1763
601 1074 222 738 1763
278 28 223 739 1764
601 1075 223 739 1764
87 484 224 739 1764
278 29 223 740 1765
144 252 221 740 1765
601 1076 221 740 1765
87 485 226 740 1765
136 844 221 741 1766
87 486 222 741 1766
27 730 223 741 1766
136 845 223 742 1767
27 731 221 742 1767
27 733 227 744 1769
74 176 223 744 1769
136 848 223 745 1770
27 734 221 745 1770
136 849 225 746 1771
136 850 225 747 1772
601 1083 223 747 1772
87 492 222 747 1772
74 179 223 747 1772
136 851 225 748 1773
601 1084 223 748 1773
87 493 223 748 1773
601 1085 224 749 1774
87 494 222 749 1774
74 181 223 749 1774
87 495 224 750 1775
87 496 221 751 1776
74 183 223 751 1776
87 497 221 752 1777
74 184 223 752 1777
601 1089 224 753 1778
87 498 222 753 1778
74 185 223 753 1778
601 1090 225 754 1779
74 186 227 754 1779
27 744 221 755 1780
87 500 221 755 1780
74 187 229 755 1780
27 745 223 756 1781
601 1092 223 756 1781
74 188 225 756 1781
136 860 227 757 1782
87 502 225 757 1782
74 189 222 757 1782
86 784 221 758 1783
136 861 225 758 1783
278 47 221 758 1783
87 503 222 758 1783
416 226 223 758 1783
136 862 224 759 1784
87 504 221 759 1784
416 227 229 759 1784
86 786 223 760 1785
136 863 222 760 1785
86 787 221 761 1786
136 864 223 761 1786
416 229 227 761 1786
27 752 228 763 1788
416 231 225 763 1788
86 790 222 764 1789
136 867 221 764 1789
416 232 225 764 1789
136 868 223 765 1790
778 1095 221 765 1790
27 754 225 765 1790
601 1101 221 765 1790
87 510 221 765 1790
416 233 233 765 1790
416 239 233 771 1796
416 240 234 772 1797
416 241 227 773 1798
87 519 226 774 1799
27 763 223 774 1799
416 242 231 774 1799
136 878 225 775 1800
601 1113 222 777 1802
27 766 224 777 1802
27 767 223 778 1803
136 883 221 780 1805
87 526 221 781 1806
601 1118 221 782 1807
87 527 223 782 1807
601 1119 221 783 1808
601 1120 227 784 1809
601 1121 225 785 1810
601 1122 227 786 1811
87 533 227 788 1813
87 534 226 789 1814
87 535 226 790 1815
87 536 224 791 1816
87 537 225 792 1817
601 1128 221 792 1817
27 782 224 793 1818
601 1130 225 794 1819
87 540 221 795 1820
87 541 222 796 1821
136 902 221 799 1824
136 903 221 800 1825
434 1125 225 801 1826
146 1054 221 808 1833
27 800 221 811 1836
27 809 223 820 1845
27 811 223 822 1847
87 569 222 824 1849
27 815 221 826 1851
87 574 230 829 1854
74 261 223 829 1854
27 819 234 830 1855
87 575 224 830 1855
601 1166 221 830 1855
464 1164 224 830 1855
27 820 235 831 1856
87 576 221 831 1856
136 935 223 832 1857
27 821 239 832 1857
146 1078 221 832 1857
144 39 226 833 1858
601 1 227 833 1858
27 822 239 833 1858
87 578 247 833 1858
87 579 223 834 1859
299 248 226 835 1860
144 41 222 835 1860
758 1160 226 835 1860
27 824 221 835 1860
512 1147 225 835 1860
79 234 226 835 1860
27 825 233 836 1861
27 826 225 837 1862
711 347 221 838 1863
711 348 223 839 1864
144 45 231 839 1864
27 828 247 839 1864
27 829 225 840 1865
711 350 221 841 1866
144 47 235 841 1866
27 830 226 841 1866
144 49 233 843 1868
191 261 225 843 1868
27 832 238 843 1868
27 834 229 845 1870
711 355 221 846 1871
27 835 231 846 1871
271 1121 224 846 1871
27 836 237 847 1872
27 837 221 848 1873
144 55 227 849 1874
27 838 222 849 1874
271 1124 235 849 1874
144 56 231 850 1875
27 839 231 850 1875
271 1125 221 850 1875
144 57 231 851 1876
27 840 227 851 1876
27 841 225 852 1877
27 842 229 853 1878
271 1128 225 853 1878
144 60 225 854 1879
27 843 233 854 1879
711 364 221 855 1880
144 61 227 855 1880
27 844 223 855 1880
271 1130 225 855 1880
144 62 226 856 1881
27 846 223 857 1882
271 1132 221 857 1882
144 64 223 858 1883
27 847 223 858 1883
271 1133 225 858 1883
711 369 223 860 1885
144 66 227 860 1885
271 1135 225 860 1885
711 370 223 861 1886
144 67 226 861 1886
271 1136 227 861 1886
711 371 231 862 1887
144 68 227 862 1887
27 851 226 862 1887
271 1137 225 862 1887
711 372 229 863 1888
27 852 235 863 1888
271 1138 231 863 1888
711 373 226 864 1889
27 853 230 864 1889
271 1139 229 864 1889
711 374 231 865 1890
144 71 231 865 1890
27 854 229 865 1890
271 1140 231 865 1890
711 375 225 866 1891
144 72 225 866 1891
27 855 226 866 1891
271 1141 227 866 1891
711 376 225 867 1892
144 73 231 867 1892
271 1142 225 867 1892
711 377 227 868 1893
144 74 233 868 1893
27 857 227 868 1893
271 1143 225 868 1893
711 378 231 869 1894
144 75 228 869 1894
27 858 223 869 1894
271 1144 223 869 1894
711 379 229 870 1895
144 76 223 870 1895
271 1145 225 870 1895
711 380 230 871 1896
144 77 225 871 1896
27 860 231 871 1896
711 381 239 872 1897
687 22 223 872 1897
27 861 233 872 1897
271 1147 231 872 1897
711 382 252 873 1898
191 291 221 873 1898
27 862 229 873 1898
271 1148 228 873 1898
711 383 251 874 1899
191 292 221 874 1899
515 95 224 874 1899
27 863 231 874 1899
271 1149 230 874 1899
711 384 251 875 1900
515 96 223 875 1900
27 864 225 875 1900
271 1150 225 875 1900
191 294 223 876 1901
144 82 223 876 1901
27 865 233 876 1901
144 83 233 877 1902
27 866 224 877 1902
311 112 223 877 1902
271 1152 222 877 1902
144 84 229 878 1903
27 867 237 878 1903
271 1153 223 878 1903
191 297 221 879 1904
144 85 225 879 1904
27 868 230 879 1904
144 86 231 880 1905
27 869 239 880 1905
271 1155 221 880 1905
191 299 224 881 1906
144 87 227 881 1906
27 870 236 881 1906
191 300 226 882 1907
144 88 225 882 1907
27 871 225 882 1907
711 392 225 883 1908
27 872 229 883 1908
271 1158 223 883 1908
144 90 233 884 1909
27 873 223 884 1909
271 1159 225 884 1909
144 91 234 885 1910
27 874 232 885 1910
144 92 223 886 1911
27 875 231 886 1911
144 93 231 887 1912
27 876 235 887 1912
271 1162 229 887 1912
144 94 231 888 1913
27 877 237 888 1913
27 878 233 889 1914
271 1164 226 889 1914
144 96 230 889 1914
27 879 231 890 1915
144 97 229 890 1915
27 880 239 891 1916
271 1166 225 891 1916
144 98 229 891 1916
27 881 231 892 1917
271 1167 230 892 1917
144 99 237 892 1917
515 114 223 893 1918
27 882 227 893 1918
144 100 235 893 1918
27 883 226 894 1919
271 1169 224 894 1919
144 101 235 894 1919
27 884 235 895 1920
271 1170 231 895 1920
27 885 226 896 1921
144 103 226 896 1921
144 104 224 897 1922
27 887 233 898 1923
144 105 223 898 1923
27 888 235 899 1924
271 1174 223 899 1924
144 106 233 899 1924
27 889 227 900 1925
27 890 233 901 1926
144 108 221 901 1926
27 891 235 902 1927
27 892 239 903 1928
144 110 229 903 1928
27 894 229 905 1930
271 1180 225 905 1930
144 112 221 905 1930
271 1181 227 906 1931
27 896 238 907 1932
271 1182 222 907 1932
144 114 222 907 1932
27 897 229 908 1933
144 115 222 908 1933
27 898 231 909 1934
27 899 235 910 1935
144 117 222 910 1935
27 900 225 911 1936
144 118 229 911 1936
27 901 233 912 1937
27 902 225 913 1938
144 120 223 913 1938
27 903 233 914 1939
27 904 227 915 1940
144 122 232 915 1940
27 905 233 916 1941
271 1191 223 916 1941
144 124 222 917 1942
27 907 231 918 1943
305 1338 221 918 1943
271 1193 223 918 1943
27 908 230 919 1944
271 1194 225 919 1944
144 126 241 919 1944
27 909 227 920 1945
271 1195 227 920 1945
27 910 233 920 1945
144 128 231 921 1946
27 911 235 922 1947
27 912 241 922 1947
27 913 237 924 1949
271 1199 221 924 1949
27 914 227 924 1949
144 132 224 925 1950
27 915 226 926 1951
144 133 228 926 1951
27 917 229 928 1953
271 1203 221 928 1953
144 135 237 928 1953
27 918 229 929 1954
271 1205 235 930 1955
144 137 227 930 1955
271 1206 227 931 1956
27 921 221 932 1957
271 1207 225 932 1957
144 139 223 932 1957
27 922 223 933 1958
271 1208 223 933 1958
144 140 229 933 1958
27 923 230 934 1959
271 1209 235 934 1959
27 924 229 935 1960
271 1210 231 935 1960
144 142 231 935 1960
27 925 227 936 1961
144 143 229 936 1961
27 926 221 937 1962
271 1212 230 937 1962
144 144 230 937 1962
27 927 231 938 1963
271 1213 231 938 1963
144 145 227 938 1963
271 1214 224 939 1964
144 146 223 939 1964
27 929 225 940 1965
144 147 225 940 1965
27 930 225 941 1966
27 931 223 942 1967
271 1217 223 942 1967
144 149 225 942 1967
27 932 221 943 1968
271 1218 222 943 1968
27 933 223 944 1969
271 1219 225 944 1969
711 455 221 945 1970
271 1220 231 945 1970
27 935 221 946 1971
271 1221 225 946 1971
27 936 222 947 1972
271 1222 227 947 1972
144 154 221 948 1973
144 155 231 949 1974
27 938 221 949 1974
271 1224 232 949 1974
27 939 233 950 1975
271 1225 227 950 1975
144 157 227 950 1975
27 940 231 951 1976
271 1226 229 951 1976
144 158 223 952 1977
27 941 222 952 1977
144 159 229 952 1977
27 942 231 953 1978
271 1228 226 953 1978
144 160 224 953 1978
27 943 225 954 1979
271 1229 232 954 1979
144 161 221 954 1979
27 944 226 955 1980
271 1230 227 955 1980
144 162 225 955 1980
27 945 221 956 1981
144 163 227 956 1981
271 1232 221 957 1982
144 164 233 957 1982
271 1233 230 958 1983
144 165 240 958 1983
27 948 227 959 1984
144 166 234 959 1984
27 949 231 960 1985
271 1235 224 960 1985
27 950 222 961 1986
144 168 224 961 1986
27 951 227 962 1987
27 952 225 963 1988
27 953 231 964 1989
271 1239 221 964 1989
27 954 235 965 1990
144 1 234 965 1990
27 955 225 966 1991
271 1242 223 967 1992
27 958 228 969 1994
144 5 222 969 1994
27 959 239 970 1995
144 6 223 970 1995
27 960 233 971 1996
144 7 230 971 1996
271 1246 221 971 1996
27 961 229 972 1997
144 8 221 972 1997
271 1247 223 972 1997
213 342 224 972 1997
27 962 231 973 1998
144 9 225 973 1998
27 963 231 974 1999
144 10 225 974 1999
271 1249 221 974 1999
213 344 222 974 1999
27 964 229 975 2000
144 11 231 975 2000
27 965 226 976 2001
27 966 228 977 2002
144 13 221 977 2002
27 967 231 978 2003
27 968 231 979 2004
144 15 222 979 2004
271 1254 223 979 2004
27 969 231 980 2005
27 970 225 981 2006
144 17 227 981 2006
27 971 235 982 2007
27 972 233 983 2008
144 19 223 983 2008
271 1258 224 983 2008
27 973 229 984 2009
271 1259 225 984 2009
27 974 227 985 2010
144 21 224 985 2010
27 975 237 986 2011
144 22 228 986 2011
27 976 235 987 2012
271 1262 221 987 2012
27 977 233 988 2013
144 24 226 988 2013
27 978 233 989 2014
144 25 225 989 2014
271 1264 225 989 2014
27 979 221 990 2015
144 26 233 990 2015
271 1265 230 990 2015
27 980 230 991 2016
144 27 237 991 2016
27 981 230 992 2017
144 28 230 992 2017
27 982 227 993 2018
271 1268 221 993 2018
27 983 229 994 2019
144 30 233 994 2019
271 1269 229 994 2019
711 504 229 994 2019
271 1270 223 995 2020
27 985 222 996 2021
711 506 231 996 2021
144 33 229 997 2022
271 1272 229 997 2022
711 507 231 997 2022
144 34 227 998 2023
711 508 229 998 2023
711 510 227 1000 2025
711 512 247 1002 2027
711 513 241 1003 2028
711 514 241 1004 2029
711 515 244 1005 2030
654 1329 225 1006 2031
415 411 229 1006 2031
652 643 223 1007 2032
712 1340 227 1009 2034
749 1020 221 1010 2035
611 1333 225 1013 2038
17 1062 235 1013 2038
564 409 233 1014 2039
473 24 223 1015 2040
473 25 223 1016 2041
