476 7 228 0 700
126 11 226 0 700
481 10 227 0 700
90 22 225 0 700
690 13 221 0 700
515 13 237 0 700
476 8 254 1 701
481 11 233 1 701
125 14 221 1 701
441 13 224 1 701
90 23 227 1 701
690 14 227 1 701
515 14 231 1 701
476 9 240 2 702
481 12 234 2 702
126 13 231 2 702
441 14 227 2 702
90 24 238 2 702
690 15 231 2 702
515 15 227 2 702
476 10 247 3 703
481 13 225 3 703
126 14 231 3 703
90 25 221 3 703
690 16 223 3 703
515 16 227 3 703
476 11 223 4 704
126 15 233 4 704
90 26 224 4 704
515 17 225 4 704
476 12 247 5 705
126 16 234 5 705
690 18 222 5 705
476 13 229 6 706
126 17 223 6 706
441 18 227 6 706
90 28 228 6 706
476 14 233 7 707
126 18 232 7 707
515 2 236 7 707
441 19 223 7 707
476 15 224 8 708
126 19 230 8 708
515 3 230 8 708
476 16 233 9 709
126 20 231 9 709
515 4 232 9 709
441 21 233 9 709
90 31 227 9 709
690 22 227 9 709
476 17 225 10 710
126 21 235 10 710
515 5 239 10 710
441 22 224 10 710
690 23 221 10 710
126 22 223 11 711
481 21 221 11 711
515 6 227 11 711
441 23 231 11 711
690 24 227 11 711
476 19 223 12 712
126 23 226 12 712
515 7 234 12 712
441 24 232 12 712
90 34 231 12 712
476 20 227 13 713
126 24 223 13 713
515 8 234 13 713
90 35 225 13 713
690 26 221 13 713
476 21 233 14 714
481 24 229 14 714
515 9 227 14 714
515 10 225 15 715
690 28 223 15 715
476 23 235 16 716
126 27 227 16 716
515 11 225 16 716
690 29 221 16 716
476 24 228 17 717
126 28 229 17 717
481 27 227 17 717
690 30 231 17 717
476 25 226 18 718
481 28 227 18 718
515 13 222 18 718
690 31 223 18 718
476 26 228 19 719
126 30 227 19 719
481 29 229 19 719
515 14 221 19 719
690 32 225 19 719
90 41 224 19 719
90 42 232 20 720
476 28 239 21 721
126 32 231 21 721
515 16 222 21 721
690 34 225 21 721
441 33 224 21 721
476 29 227 22 722
126 33 241 22 722
515 17 223 22 722
441 34 223 22 722
90 44 224 22 722
126 34 236 23 723
481 33 222 23 723
515 18 225 23 723
690 36 221 23 723
476 31 239 24 724
126 35 223 24 724
481 34 223 24 724
515 19 229 24 724
441 36 222 24 724
90 46 224 24 724
476 32 235 25 725
481 35 222 25 725
125 38 223 25 725
515 20 225 25 725
690 38 221 25 725
90 47 222 25 725
476 33 229 26 726
126 37 227 26 726
515 21 225 26 726
690 39 227 26 726
476 34 237 27 727
126 38 226 27 727
481 37 228 27 727
515 22 229 27 727
90 49 225 27 727
126 39 229 28 728
481 38 221 28 728
515 23 233 28 728
90 50 223 28 728
476 36 227 29 729
126 40 228 29 729
481 39 233 29 729
125 42 228 29 729
515 24 231 29 729
690 42 232 29 729
90 51 235 29 729
476 37 235 30 730
481 40 225 30 730
515 25 224 30 730
90 52 221 30 730
476 38 233 31 731
126 42 225 31 731
481 41 234 31 731
505 114 221 31 731
125 44 227 31 731
515 26 231 31 731
690 44 223 31 731
90 53 226 31 731
476 39 233 32 732
126 43 233 32 732
481 42 228 32 732
515 27 221 32 732
441 44 221 32 732
690 45 230 32 732
90 54 228 32 732
476 40 233 33 733
126 44 228 33 733
481 43 233 33 733
125 46 224 33 733
515 28 231 33 733
441 45 223 33 733
690 46 231 33 733
90 55 228 33 733
476 41 242 34 734
126 45 223 34 734
481 44 231 34 734
441 46 225 34 734
690 47 222 34 734
90 56 225 34 734
476 42 231 35 735
481 45 233 35 735
515 30 227 35 735
441 47 221 35 735
690 48 224 35 735
90 57 229 35 735
476 43 235 36 736
126 47 223 36 736
481 46 225 36 736
515 31 221 36 736
690 49 222 36 736
90 58 230 36 736
476 44 239 37 737
126 48 226 37 737
481 47 225 37 737
125 50 223 37 737
515 32 223 37 737
690 50 222 37 737
90 59 225 37 737
476 45 233 38 738
126 49 223 38 738
481 48 235 38 738
515 33 225 38 738
441 50 222 38 738
476 46 227 39 739
481 49 235 39 739
515 34 221 39 739
690 52 229 39 739
90 61 229 39 739
476 47 231 40 740
126 51 222 40 740
481 50 239 40 740
515 35 228 40 740
690 53 232 40 740
90 62 223 41 741
476 48 237 41 741
126 52 227 41 741
481 51 227 41 741
515 36 227 41 741
90 63 221 42 742
476 49 229 42 742
126 53 227 42 742
481 52 226 42 742
690 55 223 42 742
90 64 226 42 742
476 50 222 43 743
690 56 236 43 743
515 1 233 43 743
476 51 237 44 744
126 55 223 44 744
481 54 223 44 744
690 57 228 44 744
90 66 229 44 744
476 52 231 45 745
126 56 221 45 745
515 1 221 45 745
441 57 221 45 745
690 58 223 45 745
90 67 228 45 745
476 53 235 46 746
481 56 226 46 746
515 2 236 46 746
690 59 223 46 746
90 68 233 46 746
476 54 225 47 747
481 57 230 47 747
515 3 233 47 747
125 60 222 47 747
441 59 222 47 747
690 60 229 47 747
476 55 222 48 748
126 59 221 48 748
481 58 221 48 748
515 4 223 48 748
90 70 225 49 749
515 5 224 49 749
690 62 225 49 749
126 61 224 50 750
515 6 223 50 750
441 62 231 50 750
690 63 232 50 750
476 58 235 51 751
126 62 229 51 751
481 61 225 51 751
515 7 223 51 751
690 64 232 51 751
476 59 232 52 752
90 74 221 53 753
476 60 243 53 753
515 9 231 53 753
90 75 233 53 753
476 61 237 54 754
515 10 227 54 754
125 67 222 54 754
441 66 223 54 754
690 67 227 54 754
476 62 224 55 755
515 11 232 55 755
125 68 231 55 755
690 68 223 55 755
90 77 232 56 756
476 63 235 56 756
126 67 227 56 756
481 66 223 56 756
90 78 228 56 756
481 67 227 57 757
690 1 233 57 757
441 1 227 57 757
515 13 222 57 757
90 79 221 58 758
476 65 233 58 758
690 2 233 58 758
441 2 225 58 758
515 14 221 58 758
90 80 229 59 759
476 66 237 59 759
481 69 233 59 759
690 3 243 59 759
441 3 231 59 759
90 81 225 60 760
476 67 243 60 760
690 4 233 60 760
90 82 221 61 761
476 68 227 61 761
690 5 229 61 761
441 5 225 61 761
125 74 221 61 761
476 69 231 62 762
441 6 222 62 762
90 84 225 62 762
476 70 240 63 763
481 73 221 63 763
690 7 231 63 763
481 74 222 64 764
126 75 221 64 764
690 8 227 64 764
515 20 254 64 764
476 72 243 65 765
126 76 225 65 765
125 78 223 65 765
515 21 250 65 765
690 10 221 66 766
515 22 255 66 766
476 74 229 67 767
481 77 231 67 767
690 11 224 67 767
481 78 237 68 768
441 12 235 68 768
90 90 221 69 769
476 76 231 69 769
481 79 239 69 769
126 80 224 69 769
441 13 232 69 769
125 82 225 69 769
515 25 223 69 769
90 91 227 69 769
476 77 233 70 770
126 81 221 70 770
690 14 221 70 770
441 14 223 70 770
515 26 230 70 770
90 92 223 70 770
481 81 224 71 771
441 15 221 71 771
90 93 223 72 772
476 79 228 72 772
481 82 221 72 772
690 16 225 72 772
515 28 236 72 772
125 85 225 72 772
90 94 234 72 772
126 84 231 73 773
690 17 239 73 773
515 29 225 73 773
125 86 221 73 773
90 95 223 73 773
481 84 225 74 774
515 31 224 75 775
468 82 223 75 775
481 86 229 76 776
609 30 221 76 776
196 74 238 78 778
399 81 235 78 778
249 61 222 78 778
700 67 247 78 778
679 91 221 80 780
127 105 226 83 783
569 84 237 83 783
468 90 237 83 783
127 106 233 84 784
39 97 221 84 784
583 94 233 84 784
468 91 247 84 784
127 107 236 85 785
668 94 221 85 785
761 88 230 85 785
309 82 227 85 785
569 86 233 85 785
468 92 227 85 785
322 80 221 86 786
127 108 233 86 786
39 99 226 86 786
597 96 228 86 786
309 83 225 86 786
468 93 231 86 786
583 97 233 87 787
692 30 222 87 787
569 88 222 87 787
468 94 225 87 787
127 110 227 88 788
597 98 223 88 788
668 97 223 88 788
583 98 222 88 788
309 85 222 88 788
319 97 234 89 789
127 111 227 89 789
569 90 221 89 789
319 98 227 90 790
584 7 223 90 790
153 84 223 90 790
297 30 228 90 790
597 100 221 90 790
319 99 238 91 791
127 113 222 91 791
319 100 235 92 792
127 114 223 92 792
597 102 231 92 792
319 101 239 93 793
584 10 223 93 793
297 33 221 93 793
127 115 225 93 793
597 103 224 93 793
761 96 225 93 793
319 102 229 94 794
39 107 221 94 794
597 104 233 94 794
319 103 238 95 795
127 117 231 95 795
597 105 228 95 795
583 105 221 95 795
319 104 233 96 796
153 90 225 96 796
297 36 229 96 796
127 118 235 96 796
597 106 229 96 796
66 35 221 96 796
468 103 223 96 796
319 105 228 97 797
153 91 223 97 797
127 119 227 97 797
597 107 227 97 797
692 40 234 97 797
597 108 221 98 798
692 41 227 98 798
297 39 223 99 799
127 121 223 99 799
597 109 227 99 799
583 109 224 99 799
692 42 225 99 799
66 38 227 99 799
468 106 231 99 799
309 96 223 99 799
297 40 224 100 800
597 110 233 100 800
583 110 221 100 800
468 107 221 100 800
66 39 225 100 800
319 109 237 100 800
127 123 225 101 801
319 110 244 101 801
569 103 221 102 802
319 111 231 102 802
153 97 224 103 803
39 116 246 103 803
597 113 235 103 803
468 110 231 103 803
319 112 223 103 803
576 78 231 103 803
39 117 223 104 804
692 47 227 104 804
468 111 235 104 804
319 113 224 104 804
66 43 228 104 804
153 99 227 105 805
584 22 226 105 805
297 45 231 105 805
597 115 234 105 805
761 108 225 105 805
692 48 229 105 805
319 114 238 105 805
468 112 227 105 805
153 100 231 106 806
584 23 224 106 806
297 46 221 106 806
127 128 229 106 806
597 116 231 106 806
668 115 225 106 806
583 116 227 106 806
692 49 227 106 806
468 113 240 106 806
319 115 233 106 806
66 45 225 106 806
153 101 227 107 807
584 24 224 107 807
297 47 222 107 807
127 129 223 107 807
597 117 240 107 807
668 116 224 107 807
583 117 227 107 807
468 114 233 107 807
319 116 227 107 807
66 46 223 107 807
153 102 227 108 808
584 25 232 108 808
668 117 227 108 808
761 111 223 108 808
583 118 225 108 808
569 109 223 108 808
692 51 221 108 808
66 47 221 108 808
319 117 223 108 808
153 103 221 109 809
584 26 231 109 809
597 119 231 109 809
761 112 223 109 809
583 119 225 109 809
468 116 235 109 809
319 118 228 109 809
66 48 231 109 809
584 27 229 110 810
597 120 227 110 810
668 119 222 110 810
583 120 221 110 810
569 111 222 110 810
692 53 227 110 810
468 117 238 110 810
319 119 237 110 810
153 105 223 111 811
584 28 229 111 811
127 133 221 111 811
597 121 233 111 811
668 120 224 111 811
583 121 227 111 811
468 118 233 111 811
319 120 231 111 811
66 50 225 111 811
153 106 222 112 812
584 29 231 112 812
297 52 222 112 812
127 134 224 112 812
597 122 237 112 812
668 121 225 112 812
583 122 224 112 812
692 55 224 112 812
468 119 233 112 812
319 121 221 112 812
66 51 223 112 812
584 30 231 113 813
127 135 227 113 813
597 123 237 113 813
583 123 226 113 813
692 56 230 113 813
468 120 244 113 813
66 52 228 113 813
319 122 236 113 813
153 108 221 113 813
584 31 231 114 814
127 136 223 114 814
597 124 222 114 814
761 117 223 114 814
668 123 221 114 814
583 124 225 114 814
468 121 239 114 814
319 123 231 114 814
66 53 226 114 814
153 109 223 114 814
584 32 228 115 815
127 137 231 115 815
597 125 240 115 815
583 125 221 115 815
569 116 221 115 815
692 58 227 115 815
468 122 228 115 815
319 124 233 115 815
668 125 230 116 816
468 123 225 116 816
297 57 223 117 817
761 120 221 117 817
668 126 232 117 817
297 58 221 118 818
127 140 227 118 818
668 127 242 118 818
761 121 222 118 818
319 127 225 118 818
297 59 224 119 819
668 128 240 119 819
297 60 224 120 820
668 129 221 120 820
66 59 237 120 820
153 115 223 120 820
584 38 222 121 821
297 61 221 121 821
692 64 221 121 821
66 60 231 121 821
319 130 224 121 821
153 116 221 121 821
39 136 225 123 823
127 145 236 123 823
468 130 233 123 823
584 41 221 124 824
597 134 223 124 824
761 127 223 124 824
583 134 238 124 824
569 125 228 124 824
468 131 227 124 824
309 121 237 124 824
127 147 229 125 825
597 135 221 125 825
583 135 222 125 825
468 132 233 125 825
761 129 235 126 826
468 133 223 126 826
584 45 225 128 828
127 150 221 128 828
584 46 224 129 829
584 47 225 130 830
584 48 243 131 831
297 71 225 131 831
692 74 239 131 831
468 138 234 131 831
309 128 222 131 831
597 142 221 132 832
583 142 221 132 832
569 133 246 132 832
66 71 228 132 832
468 139 225 132 832
319 141 225 132 832
127 155 223 133 833
297 73 221 133 833
597 143 235 133 833
761 136 233 133 833
569 134 226 133 833
468 140 237 133 833
127 156 231 134 834
584 51 222 134 834
597 144 225 134 834
569 135 231 134 834
127 157 223 135 835
597 145 223 135 835
668 144 223 135 835
319 144 226 135 835
39 149 226 136 836
127 158 231 136 836
692 79 227 136 836
468 143 225 136 836
319 145 229 136 836
127 159 221 137 837
468 144 225 137 837
66 76 225 137 837
153 132 228 137 837
597 148 238 138 838
692 81 223 138 838
319 147 245 138 838
309 135 221 138 838
597 149 246 139 839
692 82 223 139 839
319 148 243 139 839
468 146 225 139 839
66 78 225 139 839
127 162 226 140 840
297 80 223 140 840
584 57 229 140 840
597 150 223 140 840
583 150 231 140 840
692 83 225 140 840
309 137 233 140 840
468 147 235 140 840
153 135 224 140 840
39 154 221 140 840
127 163 222 141 841
597 151 223 141 841
761 144 227 141 841
692 84 223 141 841
66 80 225 141 841
309 138 223 141 841
468 148 225 141 841
127 164 221 142 842
584 59 226 142 842
297 82 221 142 842
597 152 225 142 842
668 151 225 142 842
583 152 223 142 842
319 151 225 142 842
66 81 225 142 842
468 149 227 142 842
153 137 223 142 842
127 165 223 143 843
584 60 224 143 843
761 146 225 143 843
668 152 227 143 843
583 153 221 143 843
319 152 224 143 843
66 82 221 143 843
153 138 221 143 843
39 157 225 143 843
127 166 232 144 844
584 61 226 144 844
597 154 239 144 844
668 153 221 144 844
692 87 229 144 844
468 151 221 144 844
153 139 225 144 844
127 167 227 145 845
584 62 226 145 845
597 155 239 145 845
668 154 229 145 845
583 155 233 145 845
468 152 231 145 845
127 168 224 145 845
297 86 222 146 846
584 63 226 146 846
597 156 237 146 846
668 155 221 146 846
583 156 222 146 846
319 155 221 146 846
309 143 221 146 846
468 153 238 146 846
127 169 229 146 846
584 64 226 147 847
597 157 231 147 847
668 156 223 147 847
692 90 224 147 847
319 156 223 147 847
309 144 231 147 847
468 154 235 147 847
153 142 221 147 847
209 146 221 147 847
127 170 224 147 847
297 88 224 148 848
584 65 232 148 848
597 158 235 148 848
761 151 223 148 848
668 157 228 148 848
583 158 225 148 848
692 91 223 148 848
319 157 223 148 848
468 155 222 148 848
153 143 221 148 848
127 171 231 148 848
584 66 229 149 849
597 159 231 149 849
297 89 221 149 849
761 152 221 149 849
668 158 227 149 849
583 159 221 149 849
319 158 236 149 849
468 156 221 149 849
127 172 226 149 849
584 67 223 150 850
597 160 227 150 850
297 90 223 150 850
668 159 231 150 850
692 93 221 150 850
319 159 229 150 850
153 145 223 150 850
127 173 229 150 850
297 91 221 151 851
597 161 235 151 851
668 160 233 151 851
583 161 221 151 851
468 158 229 151 851
153 146 227 151 851
597 162 233 152 852
583 162 221 152 852
319 161 227 152 852
309 149 221 152 852
127 175 230 152 852
597 163 225 153 853
127 176 227 153 853
597 164 235 154 854
319 163 227 154 854
597 165 236 155 855
583 165 221 155 855
319 164 223 155 855
127 178 222 155 855
597 166 241 156 856
319 165 225 156 856
597 167 242 157 857
761 160 221 157 857
319 166 223 157 857
597 168 233 158 858
583 168 223 158 858
692 101 225 158 858
319 167 234 158 858
309 155 226 158 858
127 181 222 158 858
597 169 225 159 859
297 99 223 159 859
319 168 231 159 859
309 156 224 159 859
39 173 221 159 859
597 170 221 160 860
297 100 223 160 860
319 169 226 160 860
309 157 221 160 860
127 183 221 160 860
597 171 239 161 861
297 101 225 161 861
668 170 226 161 861
583 171 226 161 861
569 162 221 161 861
319 170 224 161 861
153 156 226 161 861
309 158 223 161 861
66 100 221 161 861
127 184 235 161 861
761 165 221 162 862
319 171 235 162 862
692 106 221 163 863
319 172 232 163 863
761 167 229 164 864
319 173 235 164 864
66 103 225 164 864
584 82 226 164 864
319 174 239 165 865
39 179 221 165 865
584 83 226 165 865
309 163 221 166 866
319 175 235 166 866
319 176 226 167 867
319 179 231 170 870
127 193 221 170 870
297 111 227 170 870
309 168 225 171 871
319 180 235 171 871
297 112 223 171 871
583 182 221 172 872
319 182 233 173 873
468 180 225 173 873
692 117 221 174 874
319 183 239 174 874
468 181 225 174 874
66 113 224 174 874
319 184 241 175 875
468 182 221 175 875
761 179 223 176 876
319 185 228 176 876
761 181 228 178 878
319 187 237 178 878
153 173 223 178 878
761 182 221 179 879
319 188 237 179 879
319 189 241 180 880
761 184 233 181 881
309 178 221 181 881
319 190 236 181 881
153 176 222 181 881
319 191 227 182 882
319 192 241 183 883
319 193 245 184 884
319 194 238 185 885
319 195 238 186 886
319 196 235 187 887
319 197 236 188 888
319 198 229 189 889
692 133 221 190 890
319 199 225 190 890
297 131 222 190 890
319 200 231 191 891
692 135 221 192 892
319 201 224 192 892
319 202 225 193 893
319 203 223 194 894
319 204 225 195 895
127 218 224 195 895
319 205 237 196 896
127 219 227 196 896
319 206 226 197 897
39 211 223 197 897
66 136 224 197 897
584 115 221 197 897
319 207 233 198 898
127 221 225 198 898
297 139 221 198 898
668 208 222 199 899
761 202 221 199 899
692 142 227 199 899
127 222 221 199 899
153 194 221 199 899
584 117 222 199 899
761 203 221 200 900
692 143 235 200 900
39 214 221 200 900
319 209 228 200 900
319 210 225 201 901
468 209 226 202 902
319 211 235 202 902
569 204 225 203 903
468 210 225 203 903
319 212 237 203 903
153 198 226 203 903
297 144 225 203 903
668 213 221 204 904
569 205 225 204 904
468 211 232 204 904
319 213 241 204 904
297 145 222 204 904
761 208 223 205 905
583 215 223 205 905
569 206 225 205 905
468 212 229 205 905
153 200 223 205 905
319 214 239 205 905
66 144 221 205 905
583 216 221 206 906
569 207 224 206 906
309 203 227 206 906
468 213 227 206 906
153 201 225 206 906
319 215 239 206 906
569 208 221 207 907
309 204 223 207 907
468 214 223 207 907
153 202 221 207 907
127 230 223 207 907
319 216 237 207 907
584 125 222 207 907
761 211 221 208 908
668 217 224 208 908
569 209 224 208 908
583 218 222 208 908
692 151 225 208 908
153 203 223 208 908
319 217 227 208 908
297 149 221 208 908
761 212 224 209 909
583 219 225 209 909
569 210 223 209 909
309 206 223 209 909
692 152 229 209 909
468 216 221 209 909
319 218 229 209 909
127 232 225 209 909
297 150 222 209 909
668 219 223 210 910
569 211 223 210 910
692 153 227 210 910
309 207 223 210 910
319 219 231 210 910
153 205 229 210 910
127 233 228 210 910
66 149 221 210 910
597 221 226 210 910
584 128 221 210 910
583 221 221 211 911
668 220 225 211 911
569 212 223 211 911
692 154 229 211 911
319 220 233 211 911
127 234 227 211 911
66 150 224 211 911
761 215 227 212 912
583 222 223 212 912
668 221 223 212 912
692 155 232 212 912
319 221 231 212 912
153 207 226 212 912
127 235 229 212 912
66 151 221 212 912
584 130 221 212 912
761 216 227 213 913
668 222 221 213 913
583 223 226 213 913
692 156 230 213 913
319 222 225 213 913
127 236 224 213 913
319 224 221 215 915
569 217 223 216 916
127 239 221 216 916
319 225 221 216 916
319 226 223 217 917
319 228 227 219 919
761 224 221 221 921
468 228 222 221 921
319 232 222 223 923
127 247 223 224 924
319 234 225 225 925
319 235 232 226 926
127 249 223 226 926
761 230 221 227 927
319 236 226 227 927
319 241 231 232 932
127 255 221 232 932
319 242 226 233 933
127 256 223 233 933
319 243 233 234 934
127 257 225 234 934
692 178 221 235 935
319 244 229 235 935
319 245 225 236 936
319 249 226 240 940
569 242 221 241 941
319 250 223 241 941
127 264 224 241 941
569 243 223 242 942
319 251 236 242 942
127 265 225 242 942
319 252 227 243 943
127 266 224 243 943
569 245 222 244 944
692 187 224 244 944
319 253 236 244 944
127 267 224 244 944
319 254 225 245 945
66 184 226 245 945
127 268 225 245 945
569 247 223 246 946
319 255 246 246 946
127 269 227 246 946
761 250 221 247 947
569 248 225 247 947
319 256 242 247 947
127 270 226 247 947
692 191 226 248 948
319 257 223 248 948
468 255 222 248 948
319 258 237 249 949
319 259 236 250 950
319 260 233 251 951
309 249 224 252 952
127 275 225 252 952
761 256 225 253 953
692 196 222 253 953
309 250 222 253 953
319 262 221 253 953
127 276 224 253 953
692 197 221 254 954
309 251 224 254 954
319 263 231 254 954
127 277 221 254 954
761 258 222 255 955
309 252 221 255 955
319 264 232 255 955
127 278 225 255 955
597 266 221 255 955
319 265 227 256 956
309 254 223 257 957
319 266 230 257 957
761 261 221 258 958
692 201 223 258 958
668 267 221 258 958
309 255 224 258 958
319 267 225 258 958
761 262 221 259 959
319 268 227 259 959
309 257 221 260 960
319 269 238 260 960
309 258 221 261 961
319 270 240 261 961
127 284 221 261 961
319 271 241 262 962
66 201 225 262 962
692 206 221 263 963
319 272 243 263 963
127 286 236 263 963
761 267 226 264 964
692 207 227 264 964
319 273 226 264 964
127 287 225 264 964
584 182 221 265 965
761 268 231 265 965
583 275 223 265 965
692 208 226 265 965
319 274 244 265 965
127 288 221 265 965
761 269 223 266 966
319 275 223 266 966
761 270 227 267 967
692 210 221 267 967
319 276 227 267 967
761 271 233 268 968
319 277 239 268 968
319 280 226 271 971
319 281 224 272 972
319 282 233 273 973
468 280 221 273 973
319 283 221 274 974
468 281 225 274 974
319 285 223 276 976
319 286 227 277 977
468 284 223 277 977
584 195 224 278 978
319 287 232 278 978
127 301 224 278 978
468 285 221 278 978
319 288 226 279 979
127 302 226 279 979
468 286 231 279 979
127 303 225 280 980
468 287 231 280 980
584 198 221 280 980
319 290 227 281 981
127 304 227 281 981
319 291 223 282 982
127 305 232 282 982
468 289 227 282 982
584 200 221 282 982
319 292 221 283 983
127 306 234 283 983
319 293 221 284 984
127 307 221 284 984
319 294 234 285 985
127 308 223 285 985
319 295 235 286 986
127 309 225 286 986
319 296 229 287 987
319 297 227 288 988
692 232 223 289 989
319 298 232 289 989
127 312 221 289 989
584 207 223 290 990
319 299 239 290 990
127 313 226 290 990
584 208 221 291 991
319 300 224 291 991
309 288 222 291 991
127 314 224 291 991
584 209 221 292 992
319 301 231 292 992
319 302 231 293 993
127 316 226 293 993
319 303 226 294 994
127 317 227 294 994
319 304 223 295 995
127 318 227 295 995
319 305 233 296 996
127 319 225 296 996
319 306 229 297 997
127 320 225 297 997
319 307 234 298 998
319 308 233 299 999
319 309 235 300 1000
319 310 223 301 1001
692 245 227 302 1002
319 311 237 302 1002
583 313 221 303 1003
319 312 233 303 1003
127 326 222 303 1003
319 313 225 304 1004
319 314 227 305 1005
297 246 221 306 1006
319 315 226 306 1006
319 316 225 307 1007
468 314 227 307 1007
153 303 221 308 1008
39 322 227 308 1008
319 318 233 309 1009
153 304 223 309 1009
468 316 222 309 1009
297 250 225 310 1010
39 324 221 310 1010
297 251 223 311 1011
309 308 223 311 1011
39 325 231 311 1011
468 318 224 311 1011
127 334 227 312 1012
692 255 222 312 1012
39 326 231 312 1012
127 335 223 313 1013
319 322 226 313 1013
584 231 221 314 1014
569 315 235 314 1014
319 323 231 314 1014
127 337 231 314 1014
584 232 234 315 1015
668 324 222 315 1015
319 324 221 315 1015
303 313 225 315 1015
39 329 231 315 1015
468 322 225 315 1015
468 323 229 316 1016
596 318 221 317 1017
412 269 222 317 1017
98 323 224 320 1020
109 302 227 321 1021
443 226 221 321 1021
445 315 226 321 1021
264 32 225 322 1022
202 330 233 322 1022
481 86 230 322 1022
549 320 221 322 1022
618 332 241 323 1023
261 326 229 323 1023
776 184 223 324 1024
499 277 228 324 1024
85 12 225 324 1024
769 301 233 324 1024
232 286 221 325 1025
150 95 221 325 1025
205 50 225 325 1025
359 269 225 327 1027
159 47 227 328 1028
658 337 228 329 1029
159 48 242 329 1029
309 326 223 329 1029
658 338 221 330 1030
359 273 221 331 1031
159 50 224 331 1031
134 26 225 331 1031
658 340 224 332 1032
761 335 223 332 1032
570 17 224 332 1032
159 51 236 332 1032
159 52 229 333 1033
134 28 221 333 1033
658 342 225 334 1034
761 337 224 334 1034
359 276 222 334 1034
658 343 224 335 1035
761 338 226 335 1035
359 277 223 335 1035
489 283 225 335 1035
570 20 226 335 1035
100 49 222 335 1035
565 342 221 335 1035
125 349 223 336 1036
658 344 226 336 1036
489 284 227 336 1036
309 333 223 336 1036
658 345 234 337 1037
489 285 230 337 1037
159 56 233 337 1037
309 334 221 337 1037
565 344 222 337 1037
658 346 240 338 1038
761 341 222 338 1038
159 57 224 338 1038
489 286 233 338 1038
570 23 230 338 1038
309 335 221 338 1038
134 33 221 338 1038
125 352 221 339 1039
658 347 233 339 1039
489 287 233 339 1039
159 58 238 339 1039
570 24 224 339 1039
134 34 222 339 1039
658 348 221 340 1040
159 60 240 341 1041
658 350 221 342 1042
159 61 226 342 1042
489 290 221 342 1042
658 351 223 343 1043
159 62 229 343 1043
489 291 221 343 1043
658 352 223 344 1044
159 63 227 344 1044
159 64 233 345 1045
570 30 224 345 1045
658 354 221 346 1046
159 65 228 346 1046
205 71 223 346 1046
565 353 221 346 1046
159 66 238 347 1047
570 32 223 347 1047
100 61 225 347 1047
309 344 221 347 1047
159 67 241 348 1048
359 290 221 348 1048
570 33 225 348 1048
100 62 227 348 1048
309 345 223 348 1048
159 68 241 349 1049
100 63 227 349 1049
309 346 221 349 1049
159 69 241 350 1050
309 347 221 350 1050
159 70 237 351 1051
489 299 221 351 1051
489 300 221 352 1052
100 66 223 352 1052
134 47 225 352 1052
570 37 227 352 1052
159 72 231 353 1053
735 2 223 353 1053
100 67 223 353 1053
134 48 221 353 1053
570 38 227 353 1053
159 73 233 354 1054
100 68 223 354 1054
134 49 223 354 1054
570 39 223 354 1054
205 79 222 354 1054
159 74 236 355 1055
100 69 223 355 1055
570 40 224 355 1055
205 80 226 355 1055
159 75 241 356 1056
100 70 224 356 1056
134 51 222 356 1056
159 76 223 357 1057
159 77 229 358 1058
570 43 221 358 1058
159 78 241 359 1059
159 79 236 360 1060
489 308 223 360 1060
570 45 226 360 1060
134 55 227 360 1060
159 80 242 361 1061
570 46 225 361 1061
134 56 226 361 1061
159 81 241 362 1062
134 57 223 362 1062
570 47 223 362 1062
159 82 247 363 1063
134 58 224 363 1063
159 83 243 364 1064
134 59 221 364 1064
570 49 223 364 1064
309 361 221 364 1064
159 84 244 365 1065
570 50 221 365 1065
159 85 245 366 1066
134 61 221 366 1066
309 363 221 366 1066
159 86 236 367 1067
159 87 225 368 1068
489 316 225 368 1068
309 365 226 368 1068
565 375 221 369 1069
232 330 223 369 1069
658 377 229 369 1069
159 88 227 369 1069
489 317 235 369 1069
134 64 223 369 1069
570 54 222 369 1069
125 383 227 370 1070
232 331 224 370 1070
658 378 233 370 1070
761 373 225 370 1070
134 65 221 370 1070
205 95 223 370 1070
309 367 222 370 1070
658 379 229 371 1071
159 90 235 371 1071
159 91 226 372 1072
658 381 229 373 1073
159 92 222 373 1073
125 387 221 374 1074
232 335 225 374 1074
658 382 247 374 1074
159 93 225 374 1074
570 59 225 374 1074
658 383 245 375 1075
159 94 229 375 1075
658 384 243 376 1076
658 385 246 377 1077
309 374 227 377 1077
658 386 245 378 1078
761 381 223 378 1078
658 387 234 379 1079
658 388 246 380 1080
489 328 221 380 1080
658 389 247 381 1081
658 390 239 382 1082
232 343 221 382 1082
658 391 227 383 1083
658 392 243 384 1084
159 103 225 384 1084
309 381 221 384 1084
125 398 221 385 1085
658 393 235 385 1085
159 104 229 385 1085
309 382 223 385 1085
658 394 244 386 1086
232 347 223 386 1086
159 105 227 386 1086
658 395 234 387 1087
159 106 227 387 1087
658 396 234 388 1088
658 397 236 389 1089
658 398 239 390 1090
658 399 246 391 1091
658 400 231 392 1092
658 401 238 393 1093
309 390 222 393 1093
125 407 224 394 1094
658 402 237 394 1094
159 113 230 394 1094
309 391 226 394 1094
125 408 225 395 1095
658 403 231 395 1095
159 114 227 395 1095
232 356 223 395 1095
489 343 222 395 1095
205 120 221 395 1095
134 90 224 395 1095
309 392 224 395 1095
658 404 225 396 1096
309 393 223 396 1096
658 405 246 397 1097
309 394 222 397 1097
658 406 240 398 1098
309 395 224 398 1098
159 118 224 399 1099
658 407 237 399 1099
125 413 227 400 1100
159 119 235 400 1100
232 361 226 400 1100
658 408 239 400 1100
489 348 225 400 1100
658 409 235 401 1101
164 2 223 402 1102
570 87 221 402 1102
159 122 237 403 1103
658 411 235 403 1103
309 400 224 403 1103
658 412 247 404 1104
232 366 222 405 1105
658 413 241 405 1105
658 414 224 406 1106
570 91 222 406 1106
570 92 223 407 1107
159 127 221 408 1108
570 93 221 408 1108
761 412 222 409 1109
658 418 231 410 1110
100 124 221 410 1110
761 414 221 411 1111
658 419 230 411 1111
658 420 223 412 1112
570 97 221 412 1112
309 409 221 412 1112
658 421 229 413 1113
159 133 223 414 1114
658 422 230 414 1114
658 423 227 415 1115
570 100 226 415 1115
658 424 227 416 1116
658 425 233 417 1117
164 17 221 417 1117
159 137 221 418 1118
658 426 231 418 1118
489 366 222 418 1118
658 427 231 419 1119
658 428 233 420 1120
570 105 222 420 1120
658 429 233 421 1121
570 106 223 421 1121
159 141 221 422 1122
658 430 236 422 1122
232 384 223 423 1123
658 431 227 423 1123
658 432 227 424 1124
658 433 225 425 1125
309 422 224 425 1125
232 387 221 426 1126
159 145 227 426 1126
232 388 224 427 1127
570 112 232 427 1127
658 436 221 428 1128
570 114 225 429 1129
309 426 221 429 1129
761 433 221 430 1130
658 438 227 430 1130
658 439 228 431 1131
658 440 227 432 1132
658 441 223 433 1133
159 152 221 433 1133
658 442 221 434 1134
159 153 223 434 1134
309 431 221 434 1134
159 157 227 438 1138
658 446 223 438 1138
164 22 221 442 1142
164 23 222 443 1143
159 162 227 443 1143
159 163 227 444 1144
570 129 221 444 1144
159 164 224 445 1145
159 165 227 446 1146
565 453 221 447 1147
159 166 229 447 1147
658 456 226 448 1148
159 168 226 449 1149
570 136 221 451 1151
658 460 221 452 1152
159 171 221 452 1152
159 172 225 453 1153
489 401 225 453 1153
159 173 222 454 1154
570 139 226 454 1154
489 402 225 454 1154
658 463 223 455 1155
159 174 231 455 1155
159 175 225 456 1156
489 404 221 456 1156
309 453 222 456 1156
658 465 223 457 1157
159 177 230 458 1158
489 406 222 458 1158
309 455 221 458 1158
159 178 224 459 1159
489 407 221 459 1159
159 179 231 460 1160
159 180 233 461 1161
159 181 228 462 1162
309 459 221 462 1162
658 471 222 463 1163
309 460 221 463 1163
159 183 239 464 1164
565 471 221 465 1165
159 184 235 465 1165
159 185 233 466 1166
489 414 223 466 1166
658 476 223 468 1168
159 188 226 469 1169
565 475 221 469 1169
159 189 225 470 1170
658 480 221 472 1172
164 52 222 472 1172
159 191 224 472 1172
159 192 233 473 1173
159 193 233 474 1174
658 483 221 475 1175
159 194 238 475 1175
570 160 221 475 1175
100 189 222 475 1175
159 195 231 476 1176
159 196 229 477 1177
570 162 221 477 1177
159 197 231 478 1178
159 198 236 479 1179
565 485 221 479 1179
570 165 224 480 1180
100 194 224 480 1180
658 489 222 481 1181
159 200 224 481 1181
159 201 221 482 1182
100 196 221 482 1182
100 197 221 483 1183
159 204 225 485 1185
159 205 224 486 1186
658 495 221 487 1187
159 207 224 488 1188
565 494 221 488 1188
164 16 225 489 1189
164 17 221 490 1190
570 175 224 490 1190
570 176 221 491 1191
159 211 226 492 1192
565 498 221 492 1192
570 177 227 492 1192
658 501 223 493 1193
159 212 227 493 1193
658 502 223 494 1194
159 213 231 494 1194
658 503 225 495 1195
159 214 225 495 1195
570 180 221 495 1195
658 504 223 496 1196
159 215 227 496 1196
565 503 221 497 1197
570 182 224 497 1197
658 506 221 498 1198
159 217 223 498 1198
658 507 223 499 1199
159 218 227 499 1199
570 184 224 499 1199
159 220 232 501 1201
164 29 224 502 1202
658 510 221 502 1202
159 221 223 502 1202
570 187 225 502 1202
164 30 221 503 1203
658 511 227 503 1203
159 222 222 503 1203
565 509 221 503 1203
159 223 236 504 1204
309 501 222 505 1205
159 224 228 505 1205
159 225 221 506 1206
565 512 223 506 1206
489 454 221 506 1206
658 515 224 507 1207
159 226 225 507 1207
159 227 225 508 1208
565 514 222 508 1208
359 450 222 508 1208
489 456 221 508 1208
658 517 221 509 1209
159 228 231 509 1209
658 518 225 510 1210
159 229 237 510 1210
761 513 221 510 1210
159 230 227 511 1211
565 518 223 512 1212
159 232 242 513 1213
159 233 227 514 1214
565 520 225 514 1214
565 521 221 515 1215
359 457 221 515 1215
159 236 223 517 1217
565 523 221 517 1217
159 239 233 520 1220
159 240 227 521 1221
159 241 222 522 1222
159 242 233 523 1223
570 9 221 527 1227
205 252 222 528 1228
658 536 223 528 1228
489 476 222 528 1228
100 243 222 529 1229
159 250 221 531 1231
489 479 221 531 1231
658 540 221 532 1232
159 251 237 532 1232
164 60 221 533 1233
658 541 227 533 1233
570 15 222 533 1233
159 252 247 533 1233
309 23 222 533 1233
658 542 239 534 1234
159 253 223 534 1234
164 62 221 535 1235
658 543 227 535 1235
658 544 234 536 1236
125 549 223 536 1236
159 255 221 536 1236
658 545 237 537 1237
658 546 221 538 1238
658 547 241 539 1239
658 548 237 540 1240
159 259 222 540 1240
658 549 236 541 1241
658 550 246 542 1242
658 551 231 543 1243
658 552 232 544 1244
658 553 247 545 1245
658 554 234 546 1246
159 265 223 546 1246
309 36 224 546 1246
658 555 228 547 1247
658 556 230 548 1248
658 557 234 549 1249
658 558 233 550 1250
658 559 235 551 1251
159 270 225 551 1251
658 560 241 552 1252
164 79 221 552 1252
565 558 225 552 1252
159 271 233 552 1252
761 555 227 552 1252
489 500 225 552 1252
658 561 233 553 1253
125 2 227 553 1253
164 80 221 553 1253
565 559 222 553 1253
159 272 228 553 1253
309 43 222 553 1253
761 556 225 553 1253
658 562 237 554 1254
125 3 234 554 1254
164 81 223 554 1254
565 560 225 554 1254
658 563 228 555 1255
164 82 229 555 1255
205 279 221 555 1255
565 561 223 555 1255
159 274 244 555 1255
309 45 224 555 1255
761 558 228 555 1255
489 503 226 555 1255
658 564 224 556 1256
164 83 225 556 1256
359 11 225 556 1256
159 275 225 556 1256
570 38 223 556 1256
100 270 226 557 1257
658 565 222 557 1257
100 271 223 558 1258
658 566 221 558 1258
404 533 225 561 1261
536 573 230 561 1261
269 574 223 562 1262
171 4 223 562 1262
765 130 231 562 1262
397 539 221 563 1263
351 378 221 563 1263
675 250 221 564 1264
639 576 224 565 1265
453 9 223 565 1265
768 629 222 565 1265
764 506 225 565 1265
666 571 223 565 1265
470 488 223 565 1265
539 67 221 566 1266
286 569 225 567 1267
773 499 228 567 1267
453 11 221 567 1267
439 497 221 567 1267
679 153 222 567 1267
751 8 229 567 1267
493 559 225 568 1268
427 587 241 568 1268
385 34 225 568 1268
675 254 228 568 1268
171 10 227 568 1268
91 12 223 568 1268
431 282 227 568 1268
555 567 241 569 1269
621 573 231 569 1269
67 511 237 569 1269
116 583 227 569 1269
521 746 227 569 1269
538 561 221 569 1269
228 585 221 570 1270
478 56 223 570 1270
513 570 221 570 1270
228 586 235 571 1271
764 512 223 571 1271
93 494 226 571 1271
713 575 230 571 1271
685 558 224 571 1271
764 513 239 572 1272
428 585 222 573 1273
227 504 222 573 1273
269 585 225 573 1273
227 505 223 574 1274
761 577 235 574 1274
437 2 223 574 1274
228 590 222 575 1275
764 516 224 575 1275
398 587 222 576 1276
49 452 227 576 1276
228 591 225 576 1276
764 517 223 576 1276
228 592 227 577 1277
283 274 221 577 1277
614 576 223 577 1277
764 518 224 577 1277
513 577 221 577 1277
385 44 228 578 1278
764 519 228 578 1278
614 577 221 578 1278
291 576 223 578 1278
343 569 249 578 1278
652 577 222 578 1278
85 267 222 578 1278
487 21 222 579 1279
385 45 222 579 1279
227 510 225 579 1279
764 520 225 579 1279
614 578 223 579 1279
119 552 221 579 1279
152 585 226 579 1279
513 579 225 579 1279
385 46 221 580 1280
730 580 221 580 1280
351 395 221 580 1280
12 162 223 580 1280
227 511 227 580 1280
49 456 221 580 1280
764 521 234 580 1280
152 586 228 580 1280
59 489 222 580 1280
559 464 221 580 1280
652 579 238 580 1280
360 29 221 581 1281
764 522 231 581 1281
563 591 225 581 1281
632 129 223 581 1281
529 31 229 581 1281
652 580 225 581 1281
269 2 221 581 1281
367 261 225 581 1281
683 453 221 581 1281
487 24 222 582 1282
745 590 226 582 1282
707 534 225 582 1282
227 513 223 582 1282
783 573 225 582 1282
520 589 223 582 1282
298 520 237 582 1282
367 262 227 582 1282
487 25 221 583 1283
227 514 229 583 1283
251 584 222 583 1283
764 524 235 583 1283
520 590 223 583 1283
652 582 233 583 1283
298 521 244 583 1283
269 4 221 583 1283
367 263 237 584 1284
487 26 227 584 1284
227 515 223 584 1284
764 525 221 584 1284
652 583 232 584 1284
298 522 247 584 1284
529 34 223 584 1284
269 5 227 584 1284
543 259 227 585 1285
367 264 224 585 1285
329 526 223 585 1285
652 584 227 585 1285
461 558 225 585 1285
298 523 243 585 1285
367 265 224 586 1286
487 28 223 586 1286
283 283 221 586 1286
84 592 221 586 1286
298 524 238 586 1286
269 7 221 587 1287
367 266 225 587 1287
65 538 229 587 1287
298 525 245 587 1287
652 586 233 587 1287
513 587 221 587 1287
269 8 221 588 1288
367 267 231 588 1288
487 30 222 588 1288
783 579 221 588 1288
440 86 221 588 1288
652 587 221 588 1288
690 533 223 588 1288
298 526 241 589 1289
269 9 222 589 1289
367 268 222 589 1289
227 520 222 589 1289
251 590 223 589 1289
652 588 229 589 1289
298 527 245 590 1290
487 32 221 590 1290
367 269 229 590 1290
385 56 222 590 1290
614 589 221 590 1290
279 598 221 590 1290
181 102 233 590 1290
652 589 231 590 1290
513 590 223 590 1290
529 40 221 591 1291
298 528 231 591 1291
367 270 222 591 1291
487 33 222 591 1291
227 522 223 591 1291
652 590 224 591 1291
298 529 225 592 1292
367 271 231 592 1292
652 591 224 592 1292
367 272 241 592 1292
652 592 231 593 1293
367 273 235 593 1293
675 280 225 594 1294
652 593 227 594 1294
367 274 237 594 1294
487 37 222 595 1295
367 275 234 595 1295
367 276 229 596 1296
378 572 221 597 1297
367 277 235 597 1297
652 596 223 597 1297
543 272 227 598 1298
298 535 227 598 1298
513 597 221 598 1298
2 599 225 598 1298
367 278 235 598 1298
298 536 231 599 1299
360 47 225 599 1299
744 110 221 599 1299
367 279 223 599 1299
487 42 221 600 1300
298 537 235 600 1300
761 603 225 600 1300
652 599 221 601 1301
298 538 233 601 1301
269 21 223 601 1301
298 539 227 602 1302
652 600 221 602 1302
255 202 221 602 1302
696 602 228 602 1302
367 282 226 602 1302
652 601 228 602 1302
298 540 239 603 1303
543 277 221 603 1303
385 69 222 603 1303
206 577 224 603 1303
696 603 224 603 1303
652 602 228 603 1303
487 46 223 604 1304
255 204 229 604 1304
329 545 221 604 1304
255 205 225 605 1305
678 35 223 605 1305
49 481 222 605 1305
696 605 235 605 1305
255 206 222 606 1306
52 603 223 606 1306
696 606 235 606 1306
251 607 221 606 1306
255 207 221 607 1307
378 582 225 607 1307
554 614 229 608 1308
140 644 221 608 1308
706 799 222 608 1308
232 133 235 608 1308
128 101 233 608 1308
446 605 227 608 1308
201 782 225 608 1308
386 203 225 608 1308
170 601 222 608 1308
611 603 241 608 1308
111 592 222 608 1308
543 283 223 609 1309
513 608 231 609 1309
487 51 232 609 1309
140 645 223 609 1309
269 29 226 609 1309
745 617 227 609 1309
184 169 221 609 1309
249 164 225 609 1309
315 294 233 609 1309
440 109 231 611 1311
226 78 224 614 1314
153 609 241 614 1314
390 616 227 614 1314
298 552 238 614 1314
48 607 229 615 1315
217 625 225 615 1315
298 553 226 615 1315
298 554 248 616 1316
298 555 226 617 1317
298 556 221 618 1318
298 560 225 622 1322
298 562 221 624 1324
298 566 223 628 1328
298 568 222 630 1330
48 630 221 638 1338
298 576 236 638 1338
783 630 225 639 1339
298 577 224 639 1339
783 631 221 640 1340
298 582 221 644 1344
385 114 225 648 1348
723 644 225 648 1348
385 115 226 649 1349
723 645 239 649 1349
298 587 223 649 1349
385 116 227 650 1350
352 451 227 650 1350
298 588 224 650 1350
385 117 233 651 1351
385 118 225 652 1352
298 592 222 654 1354
298 595 221 657 1357
298 597 221 659 1359
298 598 227 660 1360
385 129 231 662 1362
298 604 224 666 1366
298 605 229 667 1367
298 606 239 668 1368
298 608 221 670 1370
298 612 229 674 1374
298 613 231 675 1375
298 614 225 676 1376
298 615 231 677 1377
298 617 226 679 1379
298 619 237 681 1381
298 620 229 682 1382
298 621 238 683 1383
298 622 225 684 1384
298 624 227 686 1386
111 671 221 687 1387
298 625 235 687 1387
581 68 225 688 1388
298 626 241 688 1388
493 680 232 689 1389
654 686 222 689 1389
761 692 224 689 1389
298 627 242 689 1389
654 687 224 690 1390
298 628 238 690 1390
228 16 225 691 1391
33 662 222 691 1391
654 688 227 691 1391
475 221 221 691 1391
254 527 224 691 1391
761 694 223 691 1391
298 629 250 691 1391
408 700 225 691 1391
522 382 221 692 1392
298 630 234 692 1392
408 701 224 692 1392
654 690 224 693 1393
761 696 223 693 1393
522 383 224 693 1393
298 631 233 693 1393
555 692 225 693 1393
228 19 223 694 1394
493 685 223 694 1394
654 691 227 694 1394
33 665 227 694 1394
522 384 227 694 1394
298 632 231 694 1394
228 20 245 695 1395
493 686 221 695 1395
654 692 229 695 1395
761 698 224 695 1395
522 385 221 695 1395
298 633 221 695 1395
228 21 235 696 1396
737 691 232 696 1396
298 634 223 696 1396
408 705 223 696 1396
228 22 246 697 1397
761 700 229 697 1397
522 387 222 697 1397
298 635 224 697 1397
408 706 225 697 1397
228 23 240 698 1398
493 689 227 698 1398
654 695 221 698 1398
761 701 223 698 1398
298 636 237 698 1398
408 707 232 698 1398
33 670 226 699 1399
408 708 245 699 1399
298 637 247 699 1399
555 698 225 699 1399
654 697 225 700 1400
408 709 231 700 1400
298 638 239 700 1400
654 698 225 701 1401
33 672 227 701 1401
522 391 221 701 1401
298 639 231 701 1401
493 693 223 702 1402
33 673 228 702 1402
408 711 226 702 1402
298 640 235 702 1402
408 712 225 703 1403
298 641 238 703 1403
493 695 222 704 1404
298 642 233 704 1404
555 703 222 704 1404
408 714 227 705 1405
298 643 237 705 1405
555 704 221 705 1405
654 703 231 706 1406
408 715 227 706 1406
298 644 247 706 1406
419 697 223 707 1407
228 32 227 707 1407
493 698 224 707 1407
654 704 223 707 1407
408 716 246 707 1407
298 645 246 707 1407
555 706 225 707 1407
228 33 223 708 1408
654 705 233 708 1408
761 711 221 708 1408
408 717 248 708 1408
298 646 237 708 1408
378 684 224 709 1409
654 706 232 709 1409
761 712 227 709 1409
298 647 246 709 1409
385 176 222 710 1410
228 35 227 710 1410
654 707 236 710 1410
408 719 233 710 1410
298 648 236 710 1410
378 686 222 711 1411
654 708 236 711 1411
408 720 234 711 1411
298 649 241 711 1411
493 703 225 712 1412
654 709 223 712 1412
408 721 225 712 1412
298 650 229 712 1412
555 711 223 712 1412
228 38 225 713 1413
493 704 224 713 1413
654 710 234 713 1413
228 39 228 714 1414
378 689 221 714 1414
654 711 226 714 1414
33 685 221 714 1414
522 404 222 714 1414
298 652 227 714 1414
228 40 225 715 1415
654 712 235 715 1415
408 724 233 715 1415
298 653 238 715 1415
493 707 224 716 1416
654 713 221 716 1416
408 725 227 716 1416
298 654 235 716 1416
378 692 221 717 1417
654 714 239 717 1417
522 407 227 717 1417
408 726 231 717 1417
298 655 237 717 1417
228 43 224 718 1418
654 715 242 718 1418
408 727 221 718 1418
298 656 239 718 1418
555 717 222 719 1419
228 44 227 719 1419
654 716 232 719 1419
522 409 222 719 1419
408 728 229 719 1419
298 657 231 719 1419
228 45 227 720 1420
378 695 232 720 1420
701 725 223 720 1420
555 719 225 721 1421
228 46 223 721 1421
654 718 247 721 1421
761 724 226 721 1421
522 411 221 721 1421
408 730 231 721 1421
298 659 228 721 1421
555 720 224 722 1422
419 712 222 722 1422
493 713 227 722 1422
654 719 222 722 1422
408 731 223 722 1422
298 660 235 722 1422
419 713 221 723 1423
493 714 228 723 1423
228 48 223 723 1423
654 720 227 723 1423
761 726 235 723 1423
522 413 222 723 1423
408 732 223 723 1423
298 661 237 723 1423
555 722 226 724 1424
419 714 223 724 1424
493 715 239 724 1424
654 721 233 724 1424
761 727 228 724 1424
522 414 225 724 1424
298 662 239 724 1424
555 723 225 725 1425
419 715 225 725 1425
493 716 233 725 1425
654 722 235 725 1425
761 728 233 725 1425
298 663 239 725 1425
555 724 229 726 1426
419 716 225 726 1426
493 717 239 726 1426
654 723 231 726 1426
761 729 235 726 1426
298 664 231 726 1426
555 725 228 727 1427
419 717 221 727 1427
493 718 238 727 1427
378 702 224 727 1427
654 724 234 727 1427
761 730 239 727 1427
408 736 225 727 1427
298 665 233 727 1427
419 718 225 728 1428
493 719 236 728 1428
378 703 224 728 1428
654 725 233 728 1428
522 418 221 728 1428
761 731 237 728 1428
408 737 222 728 1428
298 666 225 728 1428
555 727 223 729 1429
419 719 224 729 1429
378 704 221 729 1429
654 726 233 729 1429
761 732 237 729 1429
408 738 223 729 1429
298 667 235 729 1429
419 720 223 730 1430
654 727 231 730 1430
761 733 235 730 1430
298 668 238 730 1430
555 729 223 731 1431
654 728 225 731 1431
761 734 237 731 1431
408 740 225 731 1431
298 669 235 731 1431
228 57 221 732 1432
378 707 222 732 1432
654 729 223 732 1432
522 422 221 732 1432
761 735 231 732 1432
408 741 225 732 1432
298 670 231 732 1432
378 708 221 733 1433
654 730 225 733 1433
522 423 221 733 1433
761 736 237 733 1433
298 671 237 733 1433
419 724 221 734 1434
378 709 223 734 1434
654 731 229 734 1434
408 743 222 734 1434
761 737 235 734 1434
298 672 233 734 1434
419 725 223 735 1435
493 726 222 735 1435
737 730 227 735 1435
378 710 225 735 1435
654 732 233 735 1435
522 425 222 735 1435
761 738 236 735 1435
298 673 226 735 1435
555 734 223 736 1436
493 727 225 736 1436
228 61 223 736 1436
654 733 228 736 1436
761 739 227 736 1436
408 745 225 736 1436
298 674 239 736 1436
555 735 221 737 1437
385 203 224 737 1437
33 708 221 737 1437
654 734 227 737 1437
761 740 236 737 1437
408 746 225 737 1437
298 675 221 737 1437
555 736 221 738 1438
385 204 225 738 1438
33 709 223 738 1438
654 735 227 738 1438
761 741 237 738 1438
408 747 224 738 1438
298 676 221 738 1438
654 736 224 739 1439
522 429 221 739 1439
761 742 234 739 1439
408 748 223 739 1439
298 677 235 739 1439
737 735 221 740 1440
654 737 226 740 1440
522 430 221 740 1440
408 749 235 740 1440
298 678 231 740 1440
228 66 222 741 1441
654 738 225 741 1441
522 431 226 741 1441
761 744 222 741 1441
408 750 239 741 1441
298 679 237 741 1441
228 67 223 742 1442
761 745 224 742 1442
408 751 238 742 1442
298 680 241 742 1442
228 68 221 743 1443
654 740 223 743 1443
761 746 221 743 1443
408 752 233 743 1443
298 681 242 743 1443
654 741 223 744 1444
522 434 221 744 1444
555 743 222 745 1445
228 70 222 745 1445
654 742 221 745 1445
761 748 223 745 1445
298 683 231 745 1445
228 71 223 746 1446
522 436 224 746 1446
408 755 225 746 1446
298 684 228 746 1446
408 756 222 747 1447
298 685 227 747 1447
228 73 225 748 1448
408 757 222 748 1448
298 686 242 748 1448
522 439 231 749 1449
408 758 223 749 1449
761 752 229 749 1449
298 687 243 749 1449
228 75 224 750 1450
555 748 225 750 1450
493 741 221 750 1450
654 747 225 750 1450
522 440 224 750 1450
761 753 221 750 1450
408 759 223 750 1450
298 688 233 750 1450
385 217 223 751 1451
555 749 223 751 1451
493 742 221 751 1451
522 441 223 751 1451
761 754 221 751 1451
298 689 239 751 1451
228 77 237 752 1452
555 750 223 752 1452
654 749 224 752 1452
522 442 233 752 1452
761 755 227 752 1452
408 761 228 752 1452
298 690 231 752 1452
228 78 221 753 1453
654 750 234 753 1453
761 756 223 753 1453
298 691 241 753 1453
555 752 226 754 1454
493 745 227 754 1454
378 729 225 754 1454
654 751 227 754 1454
408 763 229 754 1454
298 692 239 754 1454
419 745 221 754 1454
228 80 223 755 1455
555 753 226 755 1455
761 758 223 755 1455
408 764 223 755 1455
298 693 239 755 1455
654 753 223 756 1456
522 446 223 756 1456
761 759 230 756 1456
408 765 224 756 1456
298 694 235 756 1456
228 82 221 757 1457
493 748 221 757 1457
654 754 231 757 1457
522 447 221 757 1457
761 760 223 757 1457
408 766 221 757 1457
298 695 241 757 1457
522 448 234 758 1458
408 767 222 758 1458
298 696 241 759 1459
228 84 225 759 1459
555 757 223 759 1459
493 750 224 759 1459
654 756 229 759 1459
522 449 227 759 1459
761 762 223 759 1459
298 697 234 760 1460
493 751 227 760 1460
522 450 227 760 1460
761 763 235 760 1460
408 769 224 760 1460
419 751 221 761 1461
493 752 237 761 1461
737 756 225 761 1461
522 451 221 761 1461
761 764 222 761 1461
408 770 231 761 1461
493 753 225 762 1462
654 759 227 762 1462
522 452 225 762 1462
419 753 221 763 1463
298 700 223 763 1463
385 229 221 763 1463
493 754 237 763 1463
654 760 224 763 1463
522 453 225 763 1463
761 766 225 763 1463
408 772 233 763 1463
419 754 222 764 1464
298 701 224 764 1464
493 755 225 764 1464
206 738 222 764 1464
408 773 225 764 1464
298 702 228 765 1465
385 231 221 765 1465
555 763 226 765 1465
493 756 229 765 1465
737 760 221 765 1465
522 455 225 765 1465
761 768 225 765 1465
408 774 226 765 1465
555 764 226 766 1466
493 757 226 766 1466
522 456 234 766 1466
761 769 231 766 1466
408 775 229 766 1466
228 92 221 767 1467
493 758 224 767 1467
522 457 237 767 1467
408 776 227 768 1468
298 705 224 768 1468
228 93 221 768 1468
654 765 223 768 1468
522 458 236 768 1468
408 777 225 768 1468
228 94 221 769 1469
493 760 226 769 1469
654 766 222 769 1469
522 459 235 769 1469
761 772 231 769 1469
419 760 221 770 1470
493 761 237 770 1470
522 460 235 770 1470
761 773 239 770 1470
493 762 236 771 1471
522 461 234 771 1471
298 709 223 772 1472
228 97 223 772 1472
493 763 224 772 1472
737 767 221 772 1472
522 462 233 772 1472
298 710 223 773 1473
493 764 233 773 1473
522 463 225 773 1473
761 776 229 773 1473
419 764 221 774 1474
228 99 222 774 1474
493 765 231 774 1474
654 771 223 774 1474
522 464 225 774 1474
419 765 221 775 1475
228 100 223 775 1475
493 766 233 775 1475
522 465 241 775 1475
761 778 227 775 1475
298 713 223 776 1476
228 101 227 776 1476
493 767 229 776 1476
654 773 223 776 1476
522 466 234 776 1476
761 779 225 776 1476
228 102 226 777 1477
493 768 233 777 1477
522 467 239 777 1477
761 780 228 777 1477
298 715 227 778 1478
228 103 221 778 1478
493 769 233 778 1478
522 468 223 778 1478
408 787 227 778 1478
298 716 231 779 1479
419 769 226 779 1479
385 245 223 779 1479
228 104 221 779 1479
493 770 229 779 1479
555 777 223 779 1479
522 469 233 779 1479
761 782 229 779 1479
408 788 224 779 1479
419 770 227 780 1480
228 105 231 780 1480
493 771 228 780 1480
298 718 222 781 1481
228 107 231 782 1482
671 797 222 782 1482
493 773 225 782 1482
654 779 224 782 1482
522 472 226 782 1482
408 791 222 782 1482
385 249 222 783 1483
228 108 229 783 1483
671 798 221 783 1483
493 774 232 783 1483
654 780 225 783 1483
522 473 231 783 1483
228 109 226 784 1484
671 799 223 784 1484
493 775 225 784 1484
522 474 229 784 1484
298 722 224 785 1485
228 110 221 785 1485
654 782 222 785 1485
522 475 233 785 1485
761 788 223 785 1485
298 723 221 786 1486
671 801 223 786 1486
493 777 224 786 1486
654 783 225 786 1486
522 476 233 786 1486
408 795 221 786 1486
298 724 221 787 1487
228 112 222 787 1487
493 778 237 787 1487
522 477 232 787 1487
298 725 226 788 1488
493 779 230 788 1488
522 478 227 788 1488
298 726 223 789 1489
228 114 231 789 1489
493 780 228 789 1489
522 479 230 789 1489
228 115 228 790 1490
737 785 221 790 1490
522 480 227 790 1490
761 793 223 790 1490
228 116 228 791 1491
493 782 224 791 1491
737 786 221 791 1491
522 481 223 791 1491
761 794 226 791 1491
408 800 222 792 1492
298 729 231 792 1492
493 783 237 792 1492
522 482 227 792 1492
761 795 223 792 1492
408 801 221 793 1493
419 783 221 793 1493
298 730 231 793 1493
228 118 225 793 1493
493 784 236 793 1493
522 483 227 793 1493
761 796 233 793 1493
408 802 222 794 1494
385 260 223 794 1494
298 731 230 794 1494
228 119 227 794 1494
493 785 229 794 1494
522 484 231 794 1494
408 803 221 795 1495
385 261 221 795 1495
654 792 222 795 1495
522 485 231 795 1495
298 733 221 796 1496
493 787 228 796 1496
522 486 235 796 1496
761 799 225 796 1496
298 734 232 797 1497
419 787 221 797 1497
493 788 223 797 1497
522 487 222 797 1497
408 806 225 798 1498
298 735 233 798 1498
522 488 221 798 1498
408 807 225 799 1499
493 790 221 799 1499
522 489 223 799 1499
408 808 223 800 1500
419 790 223 800 1500
493 791 228 800 1500
522 490 225 800 1500
408 809 226 801 1501
408 810 231 802 1502
419 792 221 802 1502
298 739 243 802 1502
761 805 225 803 1503
408 811 224 803 1503
298 740 246 803 1503
493 794 237 803 1503
408 812 233 804 1504
419 794 222 804 1504
298 741 242 804 1504
493 795 225 804 1504
522 494 226 804 1504
761 807 223 805 1505
298 742 233 805 1505
228 130 227 805 1505
493 796 236 805 1505
378 780 221 805 1505
522 495 234 806 1506
761 808 233 806 1506
385 272 221 806 1506
298 743 227 806 1506
228 131 233 806 1506
493 797 224 806 1506
378 781 223 806 1506
737 801 222 806 1506
522 496 227 807 1507
761 809 246 807 1507
385 273 221 807 1507
419 797 225 807 1507
298 744 227 807 1507
228 132 224 807 1507
671 822 221 807 1507
493 798 229 807 1507
654 804 239 807 1507
737 802 221 807 1507
522 497 227 807 1507
761 810 234 808 1508
228 133 224 808 1508
671 823 225 808 1508
493 799 232 808 1508
378 783 222 808 1508
654 805 238 808 1508
522 498 229 809 1509
761 811 223 809 1509
385 275 224 809 1509
419 799 225 809 1509
671 824 221 809 1509
493 800 228 809 1509
654 806 223 809 1509
378 784 222 809 1509
522 499 228 810 1510
385 276 223 810 1510
419 800 224 810 1510
228 135 222 810 1510
671 825 222 810 1510
493 801 235 810 1510
654 807 231 810 1510
522 500 225 810 1510
761 813 226 811 1511
419 801 222 811 1511
228 136 225 811 1511
555 809 223 811 1511
493 802 237 811 1511
654 808 223 811 1511
737 806 221 811 1511
522 501 235 811 1511
385 278 221 812 1512
298 749 221 812 1512
228 137 234 812 1512
493 803 236 812 1512
378 787 225 812 1512
654 809 223 812 1512
522 502 233 812 1512
228 138 234 813 1513
493 804 237 813 1513
378 788 224 813 1513
654 810 221 813 1513
522 503 221 813 1513
385 280 223 814 1514
761 816 225 814 1514
493 805 225 814 1514
555 812 223 814 1514
378 789 224 814 1514
654 811 233 814 1514
385 281 221 815 1515
761 817 221 815 1515
493 806 226 815 1515
555 813 221 815 1515
378 790 225 815 1515
654 812 221 815 1515
522 505 231 815 1515
761 818 225 816 1516
298 753 226 816 1516
419 806 222 816 1516
493 807 233 816 1516
555 814 225 816 1516
522 506 221 816 1516
555 815 221 817 1517
737 812 221 817 1517
654 814 224 817 1517
408 826 231 818 1518
298 755 231 818 1518
493 809 222 818 1518
654 815 222 818 1518
408 827 223 819 1519
298 756 223 819 1519
493 810 224 819 1519
522 509 223 820 1520
408 828 225 820 1520
298 757 221 820 1520
228 145 221 820 1520
493 811 221 820 1520
555 818 225 820 1520
385 287 221 821 1521
408 829 221 821 1521
298 758 225 821 1521
228 146 236 821 1521
493 812 233 821 1521
522 511 228 822 1522
408 830 229 822 1522
298 759 227 822 1522
228 147 229 822 1522
493 813 228 822 1522
654 819 221 822 1522
522 512 232 822 1522
385 289 221 823 1523
298 760 224 823 1523
228 148 221 823 1523
493 814 223 823 1523
522 513 234 823 1523
408 832 222 824 1524
298 761 222 824 1524
419 814 222 824 1524
228 149 224 824 1524
493 815 230 824 1524
654 821 222 824 1524
522 514 231 824 1524
408 833 221 825 1525
298 762 225 825 1525
419 815 223 825 1525
228 150 236 825 1525
493 816 229 825 1525
522 515 229 825 1525
408 834 223 826 1526
298 763 225 826 1526
228 151 234 826 1526
493 817 230 826 1526
654 823 221 826 1526
522 516 227 826 1526
298 764 221 827 1527
228 152 227 827 1527
493 818 225 827 1527
555 825 223 827 1527
654 824 230 827 1527
378 802 221 827 1527
522 517 235 827 1527
298 765 222 828 1528
419 818 221 828 1528
555 826 225 828 1528
408 837 223 829 1529
298 766 229 829 1529
493 820 223 829 1529
654 826 223 829 1529
378 804 221 829 1529
522 519 226 829 1529
298 767 224 830 1530
654 827 232 830 1530
522 520 225 830 1530
408 839 227 831 1531
298 768 232 831 1531
228 156 223 831 1531
493 822 223 831 1531
408 840 221 832 1532
298 769 231 832 1532
228 157 224 832 1532
493 823 223 832 1532
761 835 225 833 1533
408 841 223 833 1533
298 770 226 833 1533
493 824 223 833 1533
654 830 226 833 1533
408 842 224 834 1534
298 771 231 834 1534
654 831 221 834 1534
249 194 221 834 1534
761 837 223 835 1535
408 843 223 835 1535
298 772 235 835 1535
298 773 237 836 1536
493 827 223 836 1536
654 833 223 836 1536
298 774 235 837 1537
228 162 221 837 1537
555 835 223 837 1537
761 840 226 838 1538
298 775 234 838 1538
228 163 221 838 1538
654 835 222 838 1538
555 836 222 838 1538
408 847 222 839 1539
298 777 221 840 1540
761 844 221 842 1542
298 779 241 842 1542
493 833 221 842 1542
654 839 238 842 1542
408 851 227 843 1543
761 845 223 843 1543
298 780 235 843 1543
493 834 221 843 1543
654 840 244 843 1543
408 852 227 844 1544
761 846 225 844 1544
298 781 239 844 1544
654 841 226 844 1544
408 853 225 845 1545
761 847 228 845 1545
298 782 242 845 1545
654 842 231 845 1545
761 848 227 846 1546
298 783 239 846 1546
654 843 228 846 1546
522 536 221 847 1547
761 849 221 847 1547
298 784 233 847 1547
654 844 223 847 1547
761 850 224 848 1548
298 785 235 848 1548
654 845 224 848 1548
761 851 227 849 1549
298 786 235 849 1549
654 846 229 849 1549
761 852 225 850 1550
298 787 225 850 1550
228 175 223 850 1550
654 847 227 850 1550
378 825 225 850 1550
761 853 223 851 1551
761 854 224 852 1552
408 860 223 852 1552
298 790 224 853 1553
555 851 225 853 1553
654 850 231 853 1553
522 543 221 854 1554
493 845 225 854 1554
555 852 222 854 1554
522 544 225 855 1555
761 857 224 855 1555
298 792 223 855 1555
493 846 231 855 1555
654 852 229 855 1555
522 545 235 856 1556
761 858 221 856 1556
298 793 223 856 1556
493 847 221 856 1556
555 854 221 856 1556
654 853 225 856 1556
408 865 225 857 1557
761 859 223 857 1557
298 794 226 857 1557
493 848 234 857 1557
654 854 237 857 1557
522 547 229 858 1558
408 866 223 858 1558
761 860 232 858 1558
298 795 222 858 1558
228 183 223 858 1558
493 849 227 858 1558
654 855 233 858 1558
522 548 223 859 1559
385 325 221 859 1559
761 861 227 859 1559
298 796 221 859 1559
493 850 227 859 1559
555 857 223 859 1559
654 856 223 859 1559
522 549 233 860 1560
761 862 225 860 1560
298 797 229 860 1560
555 858 223 860 1560
654 857 229 860 1560
378 835 221 860 1560
522 550 234 861 1561
761 863 225 861 1561
298 798 233 861 1561
228 186 226 861 1561
493 852 222 861 1561
555 859 224 861 1561
522 551 231 862 1562
761 864 227 862 1562
298 799 221 862 1562
493 853 231 862 1562
654 859 230 862 1562
522 552 236 863 1563
761 865 229 863 1563
298 800 236 863 1563
493 854 229 863 1563
654 860 223 863 1563
298 801 225 864 1564
298 802 227 865 1565
493 856 225 865 1565
33 836 221 865 1565
761 868 225 866 1566
298 803 235 866 1566
228 191 221 866 1566
555 864 225 866 1566
654 863 228 866 1566
298 804 229 867 1567
555 865 224 867 1567
298 805 227 868 1568
555 866 221 868 1568
522 558 228 869 1569
555 867 224 869 1569
522 559 228 870 1570
555 868 225 870 1570
522 560 222 871 1571
493 862 223 871 1571
522 561 221 872 1572
493 863 221 872 1572
522 562 221 873 1573
298 810 223 873 1573
522 563 221 874 1574
493 865 225 874 1574
385 341 221 875 1575
522 564 224 875 1575
298 812 223 875 1575
493 866 223 875 1575
522 565 221 876 1576
408 884 221 876 1576
298 813 235 876 1576
228 201 227 876 1576
493 867 225 876 1576
555 874 225 876 1576
385 343 224 877 1577
522 566 227 877 1577
228 202 227 877 1577
493 868 226 877 1577
522 567 225 878 1578
228 203 228 878 1578
555 876 223 878 1578
298 816 231 879 1579
228 204 221 879 1579
493 870 227 879 1579
555 877 224 879 1579
761 882 227 880 1580
408 888 223 880 1580
298 817 233 880 1580
385 347 223 881 1581
522 570 221 881 1581
298 818 226 881 1581
555 879 222 881 1581
654 878 221 881 1581
522 571 227 882 1582
408 890 221 882 1582
298 819 227 882 1582
654 879 227 882 1582
522 572 224 883 1583
298 820 221 883 1583
493 874 229 883 1583
522 573 224 884 1584
298 821 227 884 1584
493 875 225 884 1584
654 881 222 884 1584
522 574 230 885 1585
408 893 221 885 1585
298 822 227 885 1585
493 876 226 885 1585
522 575 223 886 1586
298 823 226 886 1586
228 211 221 886 1586
654 883 225 886 1586
522 576 232 887 1587
298 824 236 887 1587
555 885 221 887 1587
654 884 233 887 1587
298 825 234 888 1588
493 879 222 888 1588
654 885 221 888 1588
522 578 227 889 1589
298 826 234 889 1589
228 214 221 889 1589
654 886 224 889 1589
555 887 225 889 1589
522 579 225 890 1590
408 898 225 890 1590
298 827 235 890 1590
228 215 223 890 1590
654 887 222 890 1590
522 580 235 891 1591
408 899 223 891 1591
298 828 232 891 1591
228 216 221 891 1591
654 888 228 891 1591
522 581 232 892 1592
408 900 227 892 1592
298 829 230 892 1592
228 217 229 892 1592
493 883 221 892 1592
654 889 234 892 1592
522 582 233 893 1593
761 895 221 893 1593
408 901 223 893 1593
298 830 236 893 1593
228 218 222 893 1593
298 831 224 894 1594
522 584 231 895 1595
408 903 229 895 1595
298 832 236 895 1595
228 220 223 895 1595
654 892 223 895 1595
522 585 235 896 1596
408 904 227 896 1596
298 833 227 896 1596
493 887 223 896 1596
654 893 227 896 1596
522 586 227 897 1597
408 905 223 897 1597
298 834 235 897 1597
228 222 225 897 1597
654 894 224 897 1597
555 895 223 897 1597
475 427 221 897 1597
522 587 227 898 1598
408 906 224 898 1598
298 835 223 898 1598
493 889 222 898 1598
654 895 225 898 1598
761 901 221 899 1599
408 907 223 899 1599
298 836 236 899 1599
493 890 227 899 1599
408 908 223 900 1600
298 837 233 900 1600
493 891 222 900 1600
522 590 227 901 1601
408 909 222 901 1601
298 838 226 901 1601
654 898 226 901 1601
555 899 223 901 1601
408 910 223 902 1602
298 839 224 902 1602
654 899 231 902 1602
555 900 221 902 1602
408 911 223 903 1603
298 840 228 903 1603
493 894 228 903 1603
654 900 237 903 1603
522 593 221 904 1604
408 912 227 904 1604
298 841 242 904 1604
493 895 225 904 1604
654 901 228 904 1604
408 913 230 905 1605
298 842 242 905 1605
671 920 221 905 1605
493 896 225 905 1605
654 902 222 905 1605
522 595 229 906 1606
408 914 227 906 1606
298 843 238 906 1606
671 921 223 906 1606
493 897 227 906 1606
654 903 224 906 1606
302 917 223 906 1606
522 596 223 907 1607
298 844 233 907 1607
228 232 223 907 1607
493 898 221 907 1607
654 904 221 907 1607
522 597 221 908 1608
408 916 223 908 1608
298 845 235 908 1608
228 233 228 908 1608
654 905 228 908 1608
408 917 226 909 1609
298 846 239 909 1609
493 900 221 909 1609
654 906 221 909 1609
522 599 223 910 1610
761 912 221 910 1610
408 918 230 910 1610
298 847 233 910 1610
493 901 223 910 1610
385 377 221 911 1611
522 600 227 911 1611
408 919 223 911 1611
298 848 233 911 1611
228 236 221 911 1611
493 902 226 911 1611
654 908 236 911 1611
408 920 235 912 1612
298 849 233 912 1612
228 237 223 912 1612
493 903 223 912 1612
654 909 233 912 1612
408 921 223 913 1613
298 850 223 913 1613
493 904 225 913 1613
475 443 223 914 1614
522 603 223 914 1614
761 916 227 914 1614
408 922 240 914 1614
298 851 236 914 1614
228 239 222 914 1614
298 852 235 915 1615
671 930 221 915 1615
475 445 221 916 1616
385 382 221 916 1616
408 924 232 916 1616
298 853 233 916 1616
654 913 225 916 1616
737 911 221 916 1616
33 887 227 916 1616
270 418 229 917 1617
475 446 225 917 1617
507 109 223 917 1617
298 854 228 917 1617
228 242 224 917 1617
385 384 224 918 1618
298 855 223 918 1618
228 243 234 918 1618
298 856 224 919 1619
298 857 244 920 1620
82 15 222 921 1621
298 859 228 922 1622
298 861 246 924 1624
408 933 223 925 1625
298 862 230 925 1625
366 8 223 925 1625
385 1 244 926 1626
385 2 242 927 1627
760 81 223 927 1627
385 3 222 928 1628
298 865 237 928 1628
573 937 226 929 1629
435 815 223 929 1629
230 915 222 930 1630
440 427 227 930 1630
298 867 226 930 1630
217 939 221 930 1630
19 368 231 930 1630
246 925 225 930 1630
783 921 224 930 1630
253 683 229 931 1631
228 256 233 931 1631
19 369 225 931 1631
200 25 241 931 1631
549 929 225 931 1631
668 24 221 932 1632
298 869 241 932 1632
345 611 223 932 1632
789 930 223 932 1632
549 930 225 932 1632
298 870 224 933 1633
789 931 233 933 1633
549 931 240 933 1633
298 871 235 934 1634
789 932 235 934 1634
549 932 234 935 1635
298 872 247 935 1635
345 614 225 935 1635
789 933 229 935 1635
679 521 223 935 1635
667 296 222 935 1635
650 887 227 935 1635
549 933 225 936 1636
298 873 233 936 1636
345 615 221 936 1636
667 297 221 936 1636
283 633 224 936 1636
650 888 224 936 1636
549 934 229 937 1637
298 874 225 937 1637
789 935 232 937 1637
667 298 221 937 1637
302 948 222 937 1637
549 935 226 938 1638
298 875 224 938 1638
668 1 225 938 1638
789 936 233 938 1638
298 876 225 939 1639
228 264 221 939 1639
789 937 233 939 1639
668 2 221 939 1639
667 300 227 939 1639
549 937 225 939 1639
384 949 221 940 1640
298 877 233 940 1640
228 265 221 940 1640
789 938 234 940 1640
668 3 228 940 1640
667 301 225 940 1640
650 892 225 940 1640
549 938 224 940 1640
298 878 231 941 1641
789 939 235 941 1641
668 4 232 941 1641
667 302 228 941 1641
549 939 235 942 1642
228 267 222 942 1642
789 940 228 942 1642
668 5 223 942 1642
345 622 224 943 1643
228 268 221 943 1643
298 880 236 943 1643
228 269 224 944 1644
298 881 236 944 1644
789 942 225 944 1644
228 270 223 945 1645
345 624 221 945 1645
298 882 227 945 1645
549 943 227 945 1645
298 883 231 946 1646
456 952 225 946 1646
549 944 224 946 1646
298 884 224 947 1647
789 945 223 947 1647
549 945 235 948 1648
345 627 222 948 1648
298 885 225 948 1648
789 946 221 948 1648
549 946 223 949 1649
345 628 223 949 1649
298 886 225 949 1649
668 12 222 949 1649
298 887 227 950 1650
789 948 222 950 1650
668 13 225 950 1650
549 948 231 950 1650
298 888 227 951 1651
668 14 221 951 1651
549 949 227 951 1651
298 889 233 952 1652
200 46 223 952 1652
549 950 224 952 1652
298 890 229 953 1653
789 951 227 953 1653
298 891 236 954 1654
228 279 221 954 1654
789 952 221 954 1654
549 952 223 954 1654
456 960 221 954 1654
298 892 232 955 1655
668 18 223 955 1655
298 893 233 956 1656
345 635 221 956 1656
668 19 223 956 1656
456 962 222 956 1656
298 894 226 957 1657
668 20 223 957 1657
200 51 222 957 1657
789 956 221 958 1658
200 52 221 958 1658
789 957 221 959 1659
200 53 221 959 1659
650 911 222 959 1659
298 897 228 960 1660
650 912 223 960 1660
549 958 224 960 1660
650 913 225 961 1661
549 959 234 961 1661
298 899 225 962 1662
549 960 231 962 1662
298 900 226 963 1663
345 642 221 963 1663
549 961 233 963 1663
298 901 227 964 1664
789 962 221 964 1664
549 962 234 964 1664
298 902 227 965 1665
789 963 221 965 1665
549 963 237 965 1665
298 903 224 966 1666
345 645 224 966 1666
789 964 223 966 1666
650 918 224 966 1666
549 964 233 966 1666
298 904 223 967 1667
345 646 225 967 1667
789 965 221 967 1667
650 919 221 967 1667
549 965 233 967 1667
298 905 225 968 1668
789 966 221 968 1668
650 920 221 968 1668
549 966 231 968 1668
789 967 223 969 1669
650 921 225 969 1669
549 967 235 969 1669
549 968 246 970 1670
228 296 222 971 1671
789 969 223 971 1671
650 923 223 971 1671
549 969 229 971 1671
298 909 233 972 1672
345 651 221 972 1672
789 970 223 972 1672
668 35 223 972 1672
200 66 221 972 1672
549 970 223 972 1672
298 910 237 973 1673
54 968 222 973 1673
650 925 222 973 1673
549 971 247 973 1673
650 926 222 974 1674
549 972 242 974 1674
298 912 227 975 1675
549 973 227 975 1675
298 913 227 976 1676
789 974 221 976 1676
549 974 232 976 1676
549 975 228 977 1677
298 915 223 978 1678
345 657 221 978 1678
549 976 224 978 1678
298 916 223 979 1679
549 977 227 979 1679
200 73 221 979 1679
298 917 233 980 1680
549 978 226 980 1680
298 918 232 981 1681
549 979 240 981 1681
200 75 227 981 1681
298 919 225 982 1682
668 45 223 982 1682
789 980 225 982 1682
549 980 227 982 1682
298 920 225 983 1683
789 981 221 983 1683
549 981 229 983 1683
298 921 223 984 1684
668 47 221 984 1684
789 982 223 984 1684
549 982 229 984 1684
298 922 223 985 1685
668 48 222 985 1685
650 937 224 985 1685
549 983 229 985 1685
298 923 226 986 1686
650 938 223 986 1686
549 984 232 986 1686
228 312 222 987 1687
789 985 221 987 1687
650 939 223 987 1687
549 985 233 987 1687
668 51 223 988 1688
789 986 224 988 1688
650 940 224 988 1688
549 986 239 988 1688
298 926 226 989 1689
668 52 222 989 1689
668 53 224 990 1690
549 988 223 990 1690
713 60 224 991 1691
298 928 237 991 1691
789 989 227 991 1691
650 943 225 991 1691
549 989 232 991 1691
713 61 221 992 1692
668 55 222 992 1692
789 990 224 992 1692
200 86 221 992 1692
549 990 227 992 1692
298 930 233 993 1693
54 988 222 993 1693
549 991 235 993 1693
298 931 229 994 1694
668 57 223 994 1694
549 992 226 994 1694
298 932 228 995 1695
668 58 224 995 1695
549 993 237 995 1695
298 933 236 996 1696
549 994 229 996 1696
298 934 232 997 1697
200 91 222 997 1697
549 995 231 997 1697
298 935 233 998 1698
789 996 223 998 1698
345 677 222 998 1698
549 996 230 998 1698
298 936 235 999 1699
228 324 221 999 1699
549 997 223 999 1699
298 937 235 1000 1700
668 63 223 1000 1700
228 325 221 1000 1700
549 998 222 1000 1700
298 938 235 1001 1701
668 64 222 1001 1701
228 326 223 1001 1701
789 999 221 1001 1701
549 999 223 1001 1701
298 939 232 1002 1702
668 65 221 1002 1702
298 940 234 1003 1703
228 328 223 1003 1703
789 1001 222 1003 1703
345 682 221 1003 1703
54 998 221 1003 1703
549 1001 224 1003 1703
298 941 236 1004 1704
668 67 221 1004 1704
345 683 223 1004 1704
549 1002 223 1004 1704
361 92 222 1005 1705
298 942 232 1005 1705
668 68 233 1005 1705
789 1003 225 1005 1705
670 566 222 1005 1705
298 943 237 1006 1706
789 1004 223 1006 1706
650 958 222 1006 1706
549 1004 223 1007 1707
298 944 235 1007 1707
668 70 224 1007 1707
228 332 226 1007 1707
54 1002 221 1007 1707
549 1005 225 1008 1708
298 945 235 1008 1708
668 71 223 1008 1708
789 1006 221 1008 1708
549 1006 231 1009 1709
298 946 233 1009 1709
650 961 225 1009 1709
549 1007 230 1009 1709
298 947 232 1010 1710
789 1008 221 1010 1710
549 1008 225 1010 1710
298 948 234 1011 1711
668 74 231 1011 1711
789 1009 225 1011 1711
549 1009 227 1011 1711
298 949 236 1012 1712
650 964 223 1012 1712
549 1010 227 1012 1712
298 950 235 1013 1713
668 76 231 1013 1713
789 1011 225 1013 1713
549 1011 224 1013 1713
713 83 221 1014 1714
298 951 231 1014 1714
667 375 223 1014 1714
345 693 225 1014 1714
298 952 221 1015 1715
668 78 221 1015 1715
789 1013 231 1015 1715
345 694 227 1015 1715
549 1013 225 1015 1715
298 953 225 1016 1716
789 1014 225 1016 1716
200 110 221 1016 1716
298 954 225 1017 1717
668 80 221 1017 1717
650 969 225 1017 1717
549 1015 244 1018 1718
298 955 230 1018 1718
789 1016 225 1018 1718
345 697 221 1018 1718
456 16 226 1018 1718
549 1016 242 1019 1719
298 956 223 1019 1719
789 1017 223 1019 1719
549 1017 227 1020 1720
298 957 231 1020 1720
345 699 221 1020 1720
650 972 221 1020 1720
456 18 224 1020 1720
549 1018 239 1021 1721
668 84 223 1021 1721
789 1019 226 1021 1721
549 1019 247 1022 1722
668 85 226 1022 1722
789 1020 224 1022 1722
345 701 223 1022 1722
650 974 222 1022 1722
456 20 225 1022 1722
549 1020 241 1023 1723
668 86 224 1023 1723
345 702 223 1023 1723
650 975 222 1023 1723
549 1021 235 1024 1724
228 14 224 1024 1724
668 87 222 1024 1724
789 1022 222 1024 1724
345 703 222 1024 1724
650 976 226 1024 1724
456 22 221 1024 1724
228 15 221 1024 1724
549 1022 247 1024 1724
668 88 221 1025 1725
789 1023 225 1025 1725
345 704 225 1025 1725
650 977 222 1025 1725
456 23 229 1025 1725
549 1023 235 1025 1725
668 89 227 1026 1726
345 705 226 1026 1726
549 1024 245 1026 1726
667 388 232 1027 1727
345 706 222 1027 1727
650 979 221 1027 1727
549 1025 231 1027 1727
668 91 221 1028 1728
667 389 230 1028 1728
667 391 224 1030 1730
345 709 222 1030 1730
650 982 226 1030 1730
549 1028 225 1030 1730
228 21 223 1031 1731
298 968 225 1031 1731
789 1029 222 1031 1731
667 392 224 1031 1731
650 983 226 1031 1731
549 1029 221 1031 1731
298 969 224 1032 1732
789 1030 223 1032 1732
549 1030 228 1032 1732
298 970 231 1033 1733
650 985 223 1033 1733
549 1031 229 1033 1733
228 24 226 1033 1733
668 97 223 1034 1734
789 1032 221 1034 1734
298 971 221 1034 1734
549 1032 228 1035 1735
789 1033 224 1035 1735
298 972 224 1035 1735
650 987 221 1035 1735
228 26 223 1035 1735
789 1034 229 1036 1736
298 973 227 1036 1736
650 988 225 1036 1736
549 1034 222 1036 1736
456 34 231 1037 1737
668 100 221 1037 1737
298 974 233 1037 1737
650 989 231 1037 1737
549 1035 227 1038 1738
789 1036 233 1038 1738
345 717 225 1038 1738
650 990 223 1038 1738
549 1036 232 1039 1739
789 1037 228 1039 1739
298 976 222 1039 1739
345 718 223 1039 1739
650 991 230 1039 1739
549 1037 231 1039 1739
668 103 227 1040 1740
789 1038 229 1040 1740
298 977 228 1040 1740
345 719 224 1040 1740
650 992 222 1040 1740
713 110 222 1041 1741
789 1039 228 1041 1741
298 978 221 1041 1741
667 402 223 1041 1741
650 993 233 1041 1741
228 32 225 1042 1742
668 105 221 1042 1742
789 1040 227 1042 1742
650 994 235 1042 1742
789 1041 228 1043 1743
549 1041 223 1044 1744
789 1042 224 1044 1744
650 996 233 1044 1744
668 108 224 1045 1745
789 1043 223 1045 1745
549 1043 222 1045 1745
228 36 223 1046 1746
713 115 224 1046 1746
789 1044 223 1046 1746
650 998 225 1046 1746
549 1044 221 1046 1746
789 1045 223 1047 1747
650 999 225 1047 1747
549 1045 231 1047 1747
668 111 224 1048 1748
789 1046 225 1048 1748
549 1046 233 1048 1748
668 112 224 1049 1749
789 1047 222 1049 1749
713 118 222 1049 1749
549 1047 223 1049 1749
228 40 222 1050 1750
789 1048 232 1050 1750
650 1002 229 1050 1750
228 41 233 1051 1751
789 1049 227 1051 1751
345 730 223 1051 1751
650 1003 223 1051 1751
549 1049 225 1051 1751
228 42 227 1052 1752
298 989 221 1052 1752
789 1050 231 1052 1752
330 5 221 1052 1752
668 1 223 1052 1752
650 1004 229 1052 1752
789 1051 230 1053 1753
228 44 226 1054 1754
298 991 221 1054 1754
789 1052 233 1054 1754
668 3 227 1054 1754
650 1006 237 1054 1754
549 1052 237 1054 1754
228 45 225 1055 1755
345 734 221 1055 1755
789 1 228 1055 1755
650 1007 233 1055 1755
228 46 226 1056 1756
667 417 223 1056 1756
789 2 227 1056 1756
650 1008 235 1056 1756
549 1054 234 1056 1756
298 994 226 1057 1757
789 3 226 1057 1757
650 1009 221 1057 1757
549 1055 226 1057 1757
298 995 225 1058 1758
345 737 225 1058 1758
789 4 225 1058 1758
650 1010 230 1058 1758
549 1056 221 1059 1759
789 5 221 1059 1759
650 1011 231 1059 1759
549 1057 227 1060 1760
713 129 223 1060 1760
54 1055 221 1060 1760
670 621 223 1060 1760
650 1012 224 1060 1760
549 1058 224 1060 1760
713 130 223 1061 1761
54 1056 221 1061 1761
650 1013 224 1061 1761
549 1059 228 1061 1761
713 131 221 1062 1762
549 1060 225 1062 1762
54 1058 221 1063 1763
570 544 222 1063 1763
549 1061 223 1063 1763
54 1059 223 1064 1764
670 625 221 1064 1764
549 1062 227 1064 1764
713 134 223 1065 1765
54 1060 222 1065 1765
667 426 224 1065 1765
650 1017 230 1065 1765
549 1063 227 1065 1765
54 1061 223 1066 1766
667 427 222 1066 1766
670 627 222 1066 1766
789 12 221 1066 1766
650 1018 233 1066 1766
549 1064 221 1066 1766
650 1019 233 1067 1767
549 1065 222 1067 1767
298 1005 226 1068 1768
670 629 221 1068 1768
650 1020 235 1068 1768
200 162 221 1068 1768
549 1066 227 1069 1769
298 1006 229 1069 1769
667 430 223 1069 1769
650 1021 235 1069 1769
228 60 223 1070 1770
298 1007 225 1070 1770
667 431 222 1070 1770
650 1022 225 1070 1770
298 1008 223 1071 1771
667 432 222 1071 1771
789 17 225 1071 1771
650 1023 228 1071 1771
549 1069 223 1071 1771
298 1009 221 1072 1772
789 18 225 1072 1772
650 1024 233 1072 1772
298 1010 225 1073 1773
713 142 223 1073 1773
667 434 221 1073 1773
789 19 222 1073 1773
650 1025 231 1073 1773
456 71 221 1074 1774
298 1011 222 1074 1774
789 20 223 1074 1774
650 1026 222 1074 1774
549 1072 225 1074 1774
667 436 223 1075 1775
650 1027 221 1075 1775
228 66 225 1076 1776
713 145 223 1076 1776
667 437 221 1076 1776
789 22 221 1076 1776
298 1014 221 1077 1777
667 438 221 1077 1777
789 23 226 1077 1777
789 24 224 1078 1778
549 1076 224 1078 1778
713 148 223 1079 1779
549 1077 221 1079 1779
298 1017 221 1080 1780
668 2 223 1080 1780
549 1078 225 1080 1780
298 1018 223 1081 1781
667 442 221 1081 1781
668 3 225 1081 1781
549 1079 230 1081 1781
298 1019 225 1082 1782
713 151 223 1082 1782
789 28 225 1082 1782
549 1080 223 1082 1782
228 73 231 1082 1782
298 1020 224 1083 1783
650 1035 223 1083 1783
668 5 227 1083 1783
549 1081 225 1083 1783
298 1021 223 1084 1784
650 1036 232 1084 1784
549 1082 222 1084 1784
298 1022 221 1085 1785
667 446 227 1085 1785
789 31 225 1085 1785
298 1023 222 1086 1786
667 447 227 1086 1786
789 32 229 1086 1786
650 1038 225 1086 1786
200 180 221 1086 1786
668 8 228 1086 1786
228 77 231 1086 1786
549 1084 235 1086 1786
667 448 227 1087 1787
789 33 228 1087 1787
228 78 223 1087 1787
650 1040 223 1088 1788
549 1086 221 1088 1788
298 1026 233 1089 1789
650 1041 222 1089 1789
298 1027 226 1090 1790
650 1042 225 1090 1790
549 1088 227 1090 1790
650 1043 223 1091 1791
549 1089 225 1091 1791
667 453 223 1092 1792
650 1044 225 1092 1792
549 1090 229 1092 1792
298 1030 222 1093 1793
549 1091 231 1094 1794
549 1092 233 1095 1795
789 41 229 1095 1795
549 1093 239 1096 1796
298 1033 222 1096 1796
789 42 225 1096 1796
228 87 227 1097 1797
549 1094 222 1097 1797
298 1034 227 1097 1797
345 776 227 1097 1797
789 43 221 1097 1797
668 19 229 1097 1797
228 88 229 1098 1798
549 1095 235 1098 1798
298 1035 224 1098 1798
345 777 229 1098 1798
789 44 223 1098 1798
650 1050 221 1098 1798
228 89 226 1099 1799
549 1096 231 1099 1799
345 778 227 1099 1799
228 90 225 1100 1800
549 1097 231 1100 1800
298 1037 226 1100 1800
345 779 229 1100 1800
298 1038 222 1101 1801
668 2 226 1101 1801
345 780 224 1101 1801
650 1053 221 1101 1801
549 1099 226 1102 1802
298 1039 224 1102 1802
668 3 227 1102 1802
345 781 227 1102 1802
650 1054 225 1102 1802
549 1100 227 1103 1803
298 1040 225 1103 1803
668 4 222 1103 1803
345 782 232 1103 1803
650 1055 225 1103 1803
549 1101 227 1104 1804
298 1041 224 1104 1804
668 5 223 1104 1804
345 783 223 1104 1804
650 1056 223 1104 1804
549 1102 229 1105 1805
298 1042 225 1105 1805
345 784 230 1105 1805
650 1057 227 1105 1805
549 1103 225 1106 1806
298 1043 225 1106 1806
345 785 231 1106 1806
668 7 222 1106 1806
650 1058 225 1106 1806
298 1044 224 1107 1807
345 786 227 1107 1807
549 1105 232 1108 1808
298 1045 223 1108 1808
345 787 224 1108 1808
668 9 225 1108 1808
549 1106 233 1109 1809
549 1107 230 1110 1810
650 1062 224 1110 1810
549 1108 231 1111 1811
345 790 225 1111 1811
668 12 231 1111 1811
650 1063 226 1111 1811
228 102 222 1112 1812
549 1109 229 1112 1812
345 791 233 1112 1812
668 13 231 1112 1812
549 1110 226 1113 1813
298 1050 242 1113 1813
789 59 223 1113 1813
668 1 221 1113 1813
549 1111 221 1114 1814
298 1051 237 1114 1814
345 793 225 1114 1814
789 60 223 1114 1814
668 2 229 1114 1814
650 1066 225 1114 1814
549 1112 231 1115 1815
298 1052 228 1115 1815
789 61 224 1115 1815
668 3 231 1115 1815
650 1067 225 1115 1815
549 1113 228 1116 1816
298 1053 233 1116 1816
345 795 228 1116 1816
668 4 227 1116 1816
650 1068 221 1116 1816
549 1114 225 1117 1817
298 1054 231 1117 1817
345 796 225 1117 1817
789 63 223 1117 1817
549 1115 231 1118 1818
298 1055 231 1118 1818
345 797 221 1118 1818
789 64 230 1118 1818
668 6 230 1118 1818
549 1116 229 1119 1819
298 1056 237 1119 1819
345 798 224 1119 1819
789 65 234 1119 1819
668 7 223 1119 1819
228 110 221 1119 1819
668 8 222 1120 1820
228 111 223 1120 1820
549 1118 222 1121 1821
298 1058 231 1121 1821
789 67 223 1121 1821
668 9 235 1121 1821
228 112 226 1121 1821
549 1119 225 1122 1822
298 1059 235 1122 1822
200 216 222 1122 1822
549 1120 233 1123 1823
298 1060 238 1123 1823
789 1 228 1123 1823
650 1075 221 1123 1823
549 1121 221 1124 1824
298 1061 225 1124 1824
345 803 227 1124 1824
668 12 224 1124 1824
650 1076 223 1124 1824
549 1122 226 1125 1825
650 1077 225 1125 1825
549 1123 233 1126 1826
298 1063 221 1126 1826
789 4 225 1126 1826
345 805 222 1126 1826
668 14 231 1126 1826
549 1124 229 1127 1827
789 5 223 1127 1827
345 806 225 1127 1827
549 1125 236 1128 1828
298 1065 225 1128 1828
345 807 221 1128 1828
668 16 226 1128 1828
650 1080 221 1128 1828
549 1126 233 1129 1829
298 1066 225 1129 1829
345 808 221 1129 1829
200 223 221 1129 1829
549 1127 231 1130 1830
298 1067 225 1130 1830
668 18 229 1130 1830
228 121 227 1131 1831
549 1128 223 1131 1831
298 1068 225 1131 1831
789 9 224 1131 1831
668 19 223 1131 1831
650 1083 229 1131 1831
228 122 236 1132 1832
549 1129 230 1132 1832
298 1069 234 1132 1832
789 10 232 1132 1832
345 811 223 1132 1832
668 20 224 1132 1832
228 123 229 1133 1833
549 1130 232 1133 1833
298 1070 234 1133 1833
789 11 224 1133 1833
200 227 223 1133 1833
650 1085 226 1133 1833
668 21 234 1133 1833
54 1129 221 1134 1834
298 1071 226 1134 1834
789 12 223 1134 1834
345 813 221 1134 1834
549 1132 223 1135 1835
298 1072 245 1135 1835
668 23 231 1135 1835
196 1132 223 1136 1836
298 1073 222 1136 1836
54 1131 222 1136 1836
345 815 223 1136 1836
200 230 224 1136 1836
650 1088 221 1136 1836
668 24 227 1137 1837
549 1134 227 1137 1837
196 1133 223 1137 1837
54 1132 225 1137 1837
298 1074 227 1137 1837
789 15 225 1137 1837
345 816 221 1137 1837
650 1089 223 1137 1837
668 25 229 1137 1837
549 1135 233 1138 1838
196 1134 227 1138 1838
298 1075 221 1138 1838
789 16 226 1138 1838
650 1090 225 1138 1838
668 26 225 1138 1838
361 226 221 1139 1839
196 1135 221 1139 1839
789 17 231 1139 1839
298 1076 239 1139 1839
668 27 223 1139 1839
549 1137 226 1140 1840
789 18 223 1140 1840
298 1077 232 1140 1840
670 701 223 1140 1840
384 108 223 1140 1840
668 28 222 1140 1840
789 19 223 1141 1841
298 1078 242 1141 1841
670 702 221 1141 1841
650 1093 221 1141 1841
549 1139 227 1142 1842
789 20 221 1142 1842
298 1079 241 1142 1842
345 821 222 1142 1842
670 703 223 1142 1842
549 1140 236 1143 1843
298 1080 242 1143 1843
670 704 222 1143 1843
549 1141 235 1144 1844
789 22 223 1144 1844
298 1081 242 1144 1844
549 1142 233 1145 1845
298 1082 242 1145 1845
670 706 221 1145 1845
650 1097 226 1145 1845
668 33 223 1145 1845
549 1143 235 1146 1846
298 1083 239 1146 1846
650 1098 224 1146 1846
668 34 221 1146 1846
549 1144 236 1147 1847
298 1084 245 1147 1847
345 826 223 1147 1847
549 1145 223 1148 1848
298 1085 248 1148 1848
670 709 221 1148 1848
650 1100 223 1148 1848
668 36 222 1148 1848
549 1146 232 1149 1849
789 27 224 1149 1849
298 1086 247 1149 1849
670 710 222 1149 1849
650 1101 225 1149 1849
668 37 223 1149 1849
549 1147 235 1150 1850
789 28 223 1150 1850
298 1087 238 1150 1850
650 1102 227 1150 1850
789 29 223 1151 1851
298 1088 243 1151 1851
54 1146 225 1151 1851
570 632 221 1151 1851
549 1149 238 1152 1852
298 1089 247 1152 1852
549 1150 240 1153 1853
298 1090 243 1153 1853
650 1105 221 1153 1853
549 1151 247 1154 1854
789 32 232 1154 1854
345 833 227 1154 1854
668 42 221 1154 1854
549 1152 231 1155 1855
789 33 222 1155 1855
298 1092 247 1155 1855
345 834 224 1155 1855
668 43 229 1155 1855
549 1153 234 1156 1856
298 1093 227 1156 1856
345 835 231 1156 1856
667 517 230 1156 1856
650 1108 229 1156 1856
668 44 223 1156 1856
549 1154 225 1157 1857
298 1094 231 1157 1857
345 836 235 1157 1857
667 518 225 1157 1857
71 6 223 1157 1857
342 1165 225 1158 1858
298 1095 233 1158 1858
765 243 234 1158 1858
71 7 224 1158 1858
783 1149 224 1158 1858
493 1149 227 1158 1858
667 520 225 1159 1859
493 1150 231 1159 1859
247 1165 235 1160 1860
789 38 224 1160 1860
500 1144 221 1160 1860
667 521 222 1160 1860
71 9 223 1160 1860
765 245 225 1160 1860
172 1168 233 1160 1860
445 1154 233 1160 1860
675 475 221 1160 1860
395 1098 224 1160 1860
368 1104 236 1161 1861
776 59 239 1161 1861
789 39 221 1161 1861
419 1151 222 1161 1861
468 1167 241 1161 1861
450 1167 222 1161 1861
465 64 221 1162 1862
493 1153 222 1162 1862
717 1168 237 1162 1862
317 75 231 1162 1862
112 266 223 1163 1863
315 3 223 1163 1863
503 1163 226 1163 1863
780 379 223 1163 1863
342 1173 223 1166 1866
71 2 225 1166 1866
522 856 221 1166 1866
281 370 231 1169 1869
281 371 228 1170 1870
635 181 232 1170 1870
493 1162 229 1171 1871
281 372 223 1171 1871
309 276 232 1171 1871
408 80 225 1171 1871
493 1163 225 1172 1872
281 373 222 1172 1872
408 81 222 1172 1872
493 1164 225 1173 1873
281 374 222 1173 1873
408 82 222 1173 1873
493 1165 221 1174 1874
493 1166 227 1175 1875
493 1167 223 1176 1876
493 1168 234 1177 1877
281 378 221 1177 1877
493 1169 225 1178 1878
592 354 221 1178 1878
652 489 227 1178 1878
493 1171 222 1180 1880
635 191 235 1180 1880
281 382 228 1181 1881
582 1183 225 1181 1881
307 1189 226 1181 1881
652 492 221 1181 1881
635 193 225 1182 1882
307 1190 226 1182 1882
493 1174 227 1183 1883
281 384 235 1183 1883
309 288 231 1183 1883
635 194 223 1183 1883
493 1175 235 1184 1884
281 385 226 1184 1884
309 289 221 1184 1884
635 195 225 1184 1884
307 1192 225 1184 1884
493 1176 232 1185 1885
281 386 224 1185 1885
309 290 235 1185 1885
582 1187 224 1185 1885
635 196 227 1185 1885
493 1177 235 1186 1886
281 387 226 1186 1886
309 291 231 1186 1886
582 1188 227 1186 1886
635 197 223 1186 1886
307 1194 223 1186 1886
493 1178 229 1187 1887
635 198 231 1187 1887
493 1179 226 1188 1888
309 293 221 1188 1888
582 1190 227 1188 1888
635 199 228 1188 1888
652 499 222 1188 1888
493 1180 231 1189 1889
309 294 223 1189 1889
408 98 221 1189 1889
582 1191 221 1189 1889
493 1181 237 1190 1890
309 295 227 1190 1890
582 1192 224 1190 1890
493 1182 228 1191 1891
592 367 222 1191 1891
307 1199 223 1191 1891
493 1183 239 1192 1892
307 1200 221 1192 1892
309 298 222 1193 1893
582 1195 223 1193 1893
309 299 229 1194 1894
281 395 221 1194 1894
582 1196 223 1194 1894
635 205 221 1194 1894
309 300 231 1195 1895
493 1186 227 1195 1895
309 301 224 1196 1896
493 1187 237 1196 1896
582 1198 221 1196 1896
635 207 221 1196 1896
652 507 226 1196 1896
309 302 225 1197 1897
493 1188 232 1197 1897
652 508 223 1197 1897
309 303 225 1198 1898
493 1189 227 1198 1898
582 1200 225 1198 1898
307 1206 227 1198 1898
582 1201 225 1199 1899
592 375 221 1199 1899
307 1207 227 1199 1899
281 401 224 1200 1900
582 1202 227 1200 1900
307 1208 227 1200 1900
309 306 221 1201 1901
582 1203 227 1201 1901
592 377 221 1201 1901
307 1209 227 1201 1901
309 307 228 1202 1902
493 1193 226 1202 1902
582 1204 231 1202 1902
309 308 231 1203 1903
493 1194 227 1203 1903
582 1205 225 1203 1903
652 514 223 1203 1903
309 309 224 1204 1904
281 405 234 1204 1904
635 215 222 1204 1904
309 310 223 1205 1905
281 406 221 1205 1905
635 216 223 1205 1905
309 311 231 1206 1906
493 1197 221 1206 1906
281 407 224 1206 1906
635 217 225 1206 1906
307 1214 221 1206 1906
309 312 228 1207 1907
582 1209 230 1207 1907
281 408 232 1207 1907
281 410 227 1209 1909
582 1211 222 1209 1909
281 419 224 1218 1918
582 1224 223 1222 1922
582 1226 221 1224 1924
309 337 221 1232 1932
309 340 225 1235 1935
652 547 225 1236 1936
582 1239 223 1237 1937
592 414 221 1238 1938
592 415 221 1239 1939
635 250 223 1239 1939
493 1231 223 1240 1940
309 345 222 1240 1940
635 251 221 1240 1940
493 1232 231 1241 1941
582 1243 223 1241 1941
493 1233 222 1242 1942
408 155 221 1246 1946
408 158 221 1249 1949
309 354 223 1249 1949
309 359 229 1254 1954
309 360 224 1255 1955
281 456 225 1255 1955
652 566 224 1255 1955
309 361 225 1256 1956
309 362 231 1257 1957
281 458 223 1257 1957
408 167 221 1258 1958
309 363 232 1258 1958
652 569 226 1258 1958
408 168 222 1259 1959
309 364 229 1259 1959
281 460 224 1259 1959
592 435 223 1259 1959
309 365 221 1260 1960
592 436 222 1260 1960
309 367 223 1262 1962
408 171 221 1262 1962
408 172 224 1263 1963
652 574 222 1263 1963
493 1256 225 1265 1965
309 370 225 1265 1965
652 576 222 1265 1965
635 276 223 1265 1965
493 1257 226 1266 1966
309 371 226 1266 1966
635 277 223 1266 1966
493 1258 225 1267 1967
309 372 221 1267 1967
652 578 224 1267 1967
635 278 223 1267 1967
309 373 222 1268 1968
652 579 223 1268 1968
635 279 223 1268 1968
493 1260 225 1269 1969
309 374 222 1269 1969
652 580 221 1269 1969
635 280 223 1269 1969
493 1261 221 1270 1970
408 179 224 1270 1970
652 581 222 1270 1970
493 1262 239 1271 1971
408 180 223 1271 1971
493 1263 239 1272 1972
309 377 221 1272 1972
408 181 222 1272 1972
652 583 222 1272 1972
493 1264 224 1273 1973
309 378 226 1273 1973
592 449 221 1273 1973
652 584 221 1273 1973
493 1265 223 1274 1974
493 1266 230 1275 1975
309 380 225 1275 1975
493 1267 224 1276 1976
493 1270 227 1279 1979
309 385 224 1280 1980
309 386 222 1281 1981
309 387 223 1282 1982
309 388 227 1283 1983
493 1275 223 1284 1984
493 1276 221 1285 1985
309 390 221 1285 1985
493 1277 221 1286 1986
309 397 223 1292 1992
309 401 221 1296 1996
493 1288 221 1297 1997
493 1289 221 1298 1998
309 403 223 1298 1998
652 609 221 1298 1998
652 610 221 1299 1999
493 1291 222 1299 1999
652 612 221 1301 2001
635 312 221 1301 2001
309 407 221 1302 2002
635 313 222 1302 2002
309 408 222 1303 2003
635 314 223 1303 2003
493 1295 224 1303 2003
652 615 223 1304 2004
635 315 225 1304 2004
493 1296 225 1304 2004
309 410 223 1305 2005
652 616 221 1305 2005
635 316 222 1305 2005
309 411 224 1306 2006
635 317 223 1306 2006
309 412 226 1307 2007
493 1299 223 1307 2007
309 413 227 1308 2008
309 414 224 1309 2009
493 1301 225 1309 2009
652 621 221 1310 2010
652 622 223 1311 2011
493 1303 227 1312 2012
309 417 223 1312 2012
652 623 221 1312 2012
493 1304 225 1313 2013
309 418 223 1313 2013
493 1305 223 1314 2014
652 625 224 1314 2014
493 1306 225 1315 2015
309 420 222 1315 2015
652 626 225 1315 2015
493 1307 221 1316 2016
652 627 226 1316 2016
635 327 221 1316 2016
281 518 221 1317 2017
652 628 223 1317 2017
635 329 223 1318 2018
309 424 221 1319 2019
582 1323 225 1321 2021
309 427 227 1322 2022
493 1314 223 1322 2022
582 1325 221 1323 2023
309 428 226 1323 2023
493 1315 221 1323 2023
309 429 227 1324 2024
592 500 223 1324 2024
493 1316 222 1324 2024
281 526 232 1324 2024
309 430 226 1325 2025
592 501 227 1325 2025
652 636 221 1325 2025
493 1317 225 1325 2025
206 1300 222 1326 2026
349 367 234 1326 2026
253 1079 244 1326 2026
246 344 232 1326 2026
531 216 228 1327 2027
663 638 229 1328 2028
646 158 225 1329 2029
574 161 222 1329 2029
493 1321 221 1330 2030
713 121 225 1330 2030
498 471 225 1330 2030
70 149 225 1331 2031
74 439 222 1332 2032
312 37 223 1332 2032
311 18 233 1332 2032
597 767 225 1333 2033
564 403 223 1333 2033
