361 3 223 0 692
1 121 237 1 693
361 4 222 1 693
716 2 224 2 694
364 2 227 3 695
716 3 243 3 695
361 6 227 3 695
335 2 228 3 695
364 3 225 4 696
1 124 230 4 696
716 4 243 4 696
361 7 223 4 696
335 3 231 4 696
364 4 239 5 697
325 1 242 5 697
1 125 237 5 697
716 5 247 5 697
361 8 227 5 697
335 4 224 5 697
364 5 222 6 698
325 2 221 6 698
1 126 224 6 698
716 6 233 6 698
335 5 230 6 698
361 9 225 6 698
364 6 231 7 699
325 3 243 7 699
1 127 229 7 699
335 6 223 7 699
361 10 221 7 699
716 7 227 7 699
325 4 237 8 700
1 128 237 8 700
716 8 235 9 701
361 11 226 9 701
364 8 221 9 701
325 5 237 9 701
1 129 224 9 701
716 9 227 10 702
364 9 231 10 702
325 6 241 10 702
335 9 222 11 703
361 13 225 11 703
716 10 237 11 703
364 10 234 11 703
325 7 230 11 703
361 14 223 12 704
716 11 241 12 704
325 8 235 12 704
716 12 227 13 705
364 12 227 13 705
325 9 240 13 705
335 12 221 14 706
716 13 229 14 706
325 10 236 14 706
335 13 232 14 706
361 17 222 15 707
716 14 236 15 707
364 14 221 15 707
325 11 237 15 707
335 14 221 16 708
716 15 239 16 708
325 12 240 16 708
335 15 225 17 709
716 16 228 17 709
364 16 229 17 709
325 13 231 17 709
361 20 231 17 709
335 16 229 18 710
1 137 223 18 710
364 17 224 18 710
325 14 231 18 710
361 21 227 19 711
335 17 225 19 711
1 138 221 19 711
716 18 233 19 711
325 15 227 19 711
361 22 228 19 711
1 139 227 20 712
364 19 221 20 712
686 1 223 20 712
325 16 234 20 712
716 20 234 21 713
364 20 225 21 713
686 2 223 21 713
325 17 235 21 713
361 24 231 21 713
716 21 228 22 714
364 21 229 22 714
686 3 233 22 714
325 18 229 22 714
716 22 232 23 715
686 4 243 23 715
325 19 238 23 715
1 143 225 24 716
716 23 230 24 716
364 23 247 24 716
686 5 233 24 716
325 20 231 24 716
361 27 222 25 717
1 144 221 25 717
716 24 227 25 717
364 24 227 25 717
686 6 241 25 717
325 21 230 25 717
361 28 225 25 717
716 25 222 26 718
364 25 225 26 718
686 7 235 26 718
325 22 230 26 718
335 25 229 27 719
1 146 223 27 719
716 26 235 27 719
686 8 232 27 719
325 23 227 27 719
335 26 223 28 720
1 147 226 28 720
686 9 222 28 720
325 24 233 28 720
364 28 221 29 721
325 25 229 29 721
361 32 224 29 721
1 149 223 30 722
716 29 235 30 722
325 26 231 30 722
335 29 222 31 723
716 30 230 31 723
364 30 221 31 723
325 27 237 31 723
716 31 230 32 724
364 31 223 32 724
325 28 239 32 724
716 32 224 33 725
364 32 231 33 725
686 14 231 33 725
325 29 235 33 725
716 33 229 34 726
364 33 225 34 726
686 15 222 34 726
325 30 239 34 726
335 33 224 34 726
1 154 226 35 727
716 34 223 35 727
686 16 227 35 727
325 31 247 35 727
335 34 235 36 728
716 35 239 36 728
1 155 224 36 728
364 35 230 36 728
686 17 233 36 728
325 32 247 36 728
335 35 237 37 729
1 156 227 37 729
716 36 222 37 729
364 36 227 37 729
361 40 224 37 729
335 36 225 38 730
1 157 232 38 730
716 37 223 38 730
686 19 224 38 730
325 34 241 38 730
361 41 221 38 730
335 37 224 38 730
1 158 224 39 731
716 38 230 39 731
364 38 225 39 731
686 20 222 39 731
325 35 235 39 731
335 38 224 39 731
1 159 227 40 732
716 39 231 40 732
364 39 237 40 732
686 21 225 40 732
325 36 231 40 732
335 39 229 40 732
1 160 227 41 733
716 40 234 41 733
364 40 221 41 733
325 37 236 41 733
335 40 225 41 733
1 161 225 42 734
716 41 234 42 734
364 41 223 42 734
686 23 223 42 734
325 38 237 42 734
335 41 226 42 734
716 42 230 43 735
325 39 225 43 735
335 42 225 43 735
716 43 232 43 735
364 43 221 44 736
686 25 225 44 736
325 40 237 44 736
335 43 223 44 736
716 44 238 45 737
686 26 224 45 737
325 41 222 45 737
361 48 222 45 737
716 45 223 45 737
686 27 223 46 738
325 42 229 46 738
335 45 224 46 738
716 46 229 47 739
364 46 223 47 739
686 28 223 47 739
325 43 238 47 739
335 46 233 47 739
716 47 226 48 740
364 47 223 48 740
325 44 223 48 740
335 47 224 49 741
364 49 221 50 742
686 31 223 50 742
325 46 224 50 742
335 49 224 51 743
716 50 223 51 743
364 50 222 51 743
686 32 222 51 743
335 50 225 52 744
716 51 223 52 744
364 51 221 52 744
325 48 225 52 744
716 52 223 53 745
686 34 222 53 745
325 49 223 53 745
361 56 224 53 745
335 52 225 53 745
716 53 222 54 746
686 35 224 54 746
325 50 226 54 746
361 57 221 54 746
716 54 223 55 747
364 54 221 55 747
686 36 221 55 747
361 58 223 55 747
716 55 221 56 748
686 37 228 56 748
364 55 224 56 748
325 52 225 56 748
686 38 230 57 749
364 56 222 57 749
361 60 221 57 749
686 39 225 58 750
364 57 221 58 750
325 54 225 58 750
361 61 229 58 750
716 58 221 59 751
686 40 228 59 751
325 55 224 59 751
361 62 224 60 752
686 41 222 60 752
325 56 227 60 752
361 63 223 61 753
716 60 227 61 753
364 60 222 61 753
335 60 225 61 753
325 57 237 61 753
361 64 222 61 753
716 61 228 62 754
364 61 221 62 754
686 43 223 62 754
335 61 222 62 754
716 62 226 63 755
1 182 224 63 755
364 62 221 63 755
335 62 234 63 755
716 63 221 64 756
1 183 223 64 756
364 63 222 64 756
686 45 224 64 756
335 63 247 64 756
325 60 225 64 756
716 64 222 65 757
364 64 225 65 757
686 46 227 65 757
335 64 237 65 757
325 61 239 65 757
361 68 228 66 758
716 65 229 66 758
335 65 239 66 758
325 62 233 66 758
716 66 228 67 759
686 48 225 67 759
335 66 222 67 759
325 63 233 67 759
716 67 223 68 760
686 49 228 68 760
335 67 237 68 760
325 64 222 68 760
716 68 227 69 761
686 50 231 69 761
335 68 231 69 761
325 65 237 69 761
716 69 231 70 762
364 69 225 70 762
325 66 227 70 762
716 70 222 71 763
364 70 223 71 763
325 67 235 71 763
335 70 224 71 763
716 71 221 72 764
686 53 227 72 764
325 68 231 72 764
335 71 227 72 764
716 72 227 73 765
325 69 239 73 765
716 73 237 74 766
325 70 235 74 766
335 73 236 74 766
361 77 222 75 767
716 74 238 75 767
364 74 228 75 767
325 71 233 75 767
335 74 225 75 767
716 75 235 76 768
325 72 224 76 768
335 75 221 76 768
716 76 239 77 769
325 73 237 77 769
716 77 236 78 770
686 59 223 78 770
325 74 237 78 770
335 77 227 78 770
361 81 221 79 771
716 78 241 79 771
364 78 223 79 771
325 75 239 79 771
335 78 225 79 771
716 79 240 80 772
364 79 222 80 772
686 61 221 80 772
335 79 223 80 772
361 83 224 80 772
716 80 235 81 773
364 80 227 81 773
686 62 221 81 773
325 77 235 81 773
335 80 221 81 773
361 84 223 81 773
716 81 233 82 774
686 63 221 82 774
325 78 227 82 774
325 79 228 83 775
368 21 221 85 777
662 83 224 85 777
457 86 225 85 777
361 88 222 85 777
280 82 223 85 777
703 69 221 86 778
183 83 234 86 778
722 22 230 86 778
237 82 222 86 778
330 30 222 86 778
232 40 227 87 779
271 29 225 88 780
390 82 230 88 780
17 103 243 88 780
358 95 227 88 780
271 30 234 89 781
626 60 233 89 781
614 80 228 89 781
271 31 237 90 782
229 96 242 90 782
45 84 245 90 782
109 65 224 91 783
45 85 247 91 783
740 15 232 91 783
358 98 241 91 783
45 86 227 92 784
358 99 232 92 784
37 77 236 93 785
79 89 227 93 785
45 87 228 93 785
150 94 223 93 785
563 96 221 94 786
518 94 222 94 786
518 95 226 95 787
769 64 233 95 787
779 59 247 95 787
633 78 222 95 787
79 91 225 95 787
206 61 224 95 787
604 86 225 96 788
107 94 223 96 788
218 54 228 96 788
677 39 221 96 788
50 82 226 96 788
57 88 229 97 789
369 93 243 97 789
619 65 224 97 789
757 69 233 97 789
215 7 221 97 789
611 84 227 97 789
50 83 222 97 789
326 101 227 97 789
245 103 241 97 789
757 70 243 98 790
326 102 223 98 790
551 97 223 99 791
283 67 222 99 791
272 103 221 99 791
639 102 233 99 791
639 103 235 100 792
271 41 228 100 792
512 79 225 100 792
27 92 222 100 792
407 101 237 100 792
78 89 227 100 792
271 42 227 101 793
639 104 241 101 793
512 80 233 101 793
407 102 227 101 793
78 90 221 101 793
61 107 221 102 794
271 43 226 102 794
639 105 227 102 794
512 81 236 102 794
326 106 223 102 794
78 91 224 102 794
61 108 226 103 795
271 44 242 103 795
639 106 254 103 795
512 82 239 103 795
27 95 223 103 795
326 107 224 103 795
271 45 231 104 796
512 83 225 104 796
27 96 223 104 796
78 93 221 104 796
61 110 222 104 796
324 98 222 105 797
271 46 234 105 797
639 108 241 105 797
742 58 224 105 797
61 111 226 105 797
271 47 241 106 798
639 109 245 106 798
512 85 226 106 798
149 67 221 106 798
61 112 224 106 798
271 48 240 107 799
639 110 241 107 799
271 49 224 108 800
639 111 233 108 800
512 87 221 108 800
271 50 227 109 801
639 112 237 109 801
407 110 223 109 801
639 113 237 110 802
512 89 227 110 802
407 111 226 110 802
78 99 226 110 802
639 114 241 111 803
78 100 222 111 803
639 115 238 112 804
742 65 223 112 804
407 113 221 112 804
271 54 233 113 805
639 116 231 113 805
742 66 223 113 805
407 114 228 113 805
271 55 232 114 806
639 117 236 114 806
149 75 221 114 806
742 67 225 114 806
407 115 227 114 806
61 120 233 114 806
271 56 235 115 807
639 118 224 115 807
512 94 225 115 807
61 121 225 115 807
271 57 227 116 808
512 95 224 116 808
27 108 225 116 808
271 58 231 117 809
639 120 231 117 809
512 96 230 117 809
27 109 223 117 809
271 59 238 118 810
512 97 229 118 810
27 110 222 118 810
149 79 225 118 810
78 107 233 118 810
271 60 242 119 811
639 122 221 119 811
512 98 228 119 811
324 113 221 120 812
271 61 245 120 812
512 99 224 120 812
639 123 222 120 812
27 112 231 120 812
512 100 223 121 813
639 124 243 121 813
271 63 227 122 814
639 125 225 122 814
271 64 226 123 815
639 126 247 123 815
27 115 223 123 815
639 127 247 124 816
78 113 221 124 816
512 104 228 125 817
639 128 243 125 817
271 67 241 126 818
512 105 243 126 818
639 129 224 126 818
27 118 227 126 818
407 127 223 127 819
271 68 225 127 819
639 130 223 127 819
271 69 231 128 820
512 107 234 128 820
271 70 234 129 821
639 132 227 129 821
512 108 237 129 821
27 121 222 129 821
369 126 221 130 822
271 71 223 130 822
512 109 229 130 822
78 119 224 130 822
639 134 230 131 823
512 110 221 131 823
78 120 224 131 823
271 73 233 132 824
639 135 221 132 824
271 74 242 133 825
369 129 222 133 825
639 136 232 133 825
78 122 224 133 825
271 75 223 134 826
639 137 231 134 826
27 126 223 134 826
149 95 223 134 826
407 135 226 135 827
78 124 223 135 827
78 125 221 136 828
271 78 229 137 829
271 79 233 138 830
27 130 221 138 830
271 80 225 139 831
149 100 222 139 831
61 145 221 140 832
271 81 224 140 832
27 132 222 140 832
407 141 223 140 832
271 82 222 141 833
78 130 226 141 833
271 83 228 142 834
639 145 222 142 834
78 131 222 142 834
407 144 223 143 835
78 132 221 143 835
512 123 225 144 836
639 147 230 144 836
639 148 227 145 837
271 88 226 147 839
27 139 229 147 839
78 136 229 147 839
271 89 225 148 840
512 127 223 148 840
639 151 222 148 840
27 140 223 148 840
61 154 223 148 840
271 90 230 149 841
27 141 223 149 841
78 138 224 149 841
27 142 223 150 842
639 154 221 151 843
339 134 224 151 843
407 152 221 151 843
369 148 223 152 844
639 155 233 152 844
339 135 223 152 844
407 153 228 152 844
271 94 233 153 845
639 156 222 153 845
512 132 223 153 845
27 145 225 153 845
78 142 226 153 845
639 157 226 154 846
407 155 228 154 846
149 116 221 155 847
339 138 223 155 847
78 144 221 155 847
407 156 226 155 847
271 97 229 156 848
639 159 226 156 848
407 157 226 156 848
271 98 235 157 849
639 160 227 157 849
407 158 225 157 849
639 161 237 158 850
149 119 224 158 850
27 150 222 158 850
339 141 224 158 850
78 147 221 158 850
407 159 226 158 850
271 100 227 159 851
742 44 221 159 851
639 162 240 159 851
78 148 226 159 851
271 101 233 159 851
742 45 223 160 852
639 163 227 160 852
78 149 223 160 852
639 164 231 161 853
27 153 221 161 853
742 47 221 162 854
639 165 239 162 854
27 154 225 162 854
271 104 232 162 854
324 156 221 163 855
639 166 237 163 855
271 105 233 163 855
639 167 237 164 856
271 106 230 164 856
639 168 227 165 857
271 107 231 165 857
639 169 230 166 858
512 145 221 166 858
407 167 221 166 858
271 108 221 166 858
639 170 237 167 859
512 146 233 167 859
78 156 226 167 859
271 109 232 167 859
639 171 233 168 860
512 147 223 168 860
271 110 225 168 860
639 172 236 169 861
512 148 225 169 861
271 111 246 169 861
639 173 234 170 862
149 131 222 170 862
78 159 221 170 862
407 171 221 170 862
271 112 241 170 862
639 174 242 171 863
271 113 224 171 863
639 175 241 172 864
512 151 225 172 864
78 161 221 172 864
271 114 225 172 864
639 176 245 173 865
271 115 226 173 865
639 177 227 174 866
271 116 230 174 866
742 60 224 174 866
639 178 237 175 867
78 164 225 175 867
271 117 229 175 867
407 176 226 175 867
639 179 239 176 868
78 165 223 176 868
271 118 232 176 868
639 180 237 177 869
512 156 225 177 869
78 166 227 177 869
407 178 221 177 869
639 181 239 178 870
512 157 224 178 870
407 179 222 178 870
271 120 231 178 870
742 64 221 178 870
639 182 242 179 871
407 180 223 179 871
271 121 222 179 871
742 65 222 179 871
639 183 243 180 872
407 181 222 180 872
271 122 222 180 872
742 66 222 181 873
639 184 241 181 873
271 123 226 181 873
742 67 222 182 874
639 185 242 182 874
407 183 223 182 874
271 124 226 182 874
742 68 223 183 875
639 186 239 183 875
78 172 225 183 875
407 184 224 183 875
271 125 221 183 875
639 187 237 184 876
512 163 222 184 876
78 173 225 184 876
271 126 224 184 876
639 188 243 185 877
324 178 221 185 877
512 164 224 185 877
27 177 223 185 877
639 189 226 186 878
27 178 224 186 878
742 72 223 186 878
639 190 230 187 879
78 176 221 187 879
271 129 225 187 879
742 73 230 188 880
639 191 228 188 880
512 167 223 188 880
271 130 228 188 880
742 74 221 189 881
639 192 235 189 881
639 193 229 190 882
512 169 227 190 882
271 132 227 190 882
742 76 223 190 882
639 194 233 191 883
512 170 228 191 883
27 183 223 191 883
271 133 226 191 883
639 195 233 192 884
512 171 221 192 884
326 196 221 192 884
271 134 225 192 884
742 78 221 192 884
407 5 221 193 885
639 196 233 193 885
512 172 225 193 885
271 135 221 193 885
639 197 231 194 886
639 198 227 195 887
512 174 225 195 887
639 199 230 196 888
512 175 224 196 888
639 200 234 197 889
512 176 225 197 889
742 83 224 197 889
639 201 227 198 890
512 177 223 198 890
742 84 223 198 890
639 202 233 199 891
512 178 225 199 891
639 203 233 200 892
512 179 227 200 892
742 86 223 200 892
639 204 241 201 893
512 180 226 201 893
639 205 230 202 894
27 194 223 202 894
742 88 224 202 894
271 144 225 202 894
639 206 241 203 895
639 207 239 204 896
512 183 224 204 896
271 146 223 205 897
639 208 236 205 897
512 184 227 205 897
27 197 221 205 897
742 91 223 205 897
271 147 230 206 898
639 209 238 206 898
512 185 224 206 898
742 92 222 207 899
271 148 225 207 899
639 210 239 207 899
512 186 223 207 899
271 149 225 208 900
742 93 223 208 900
639 211 241 208 900
512 187 227 208 900
271 150 225 209 901
742 94 221 209 901
639 212 241 209 901
512 188 226 209 901
271 151 229 209 901
742 95 221 210 902
639 213 241 210 902
639 214 231 211 903
512 190 226 211 903
742 97 229 211 903
271 154 225 212 904
512 192 225 213 905
149 174 221 213 905
27 205 222 213 905
271 155 227 213 905
639 217 230 214 906
512 193 229 214 906
78 203 222 214 906
271 156 224 214 906
639 218 226 215 907
512 194 227 215 907
149 176 221 215 907
512 195 231 216 908
27 208 223 216 908
326 220 221 216 908
271 158 225 216 908
512 196 227 217 909
639 221 224 218 910
271 160 232 218 910
742 104 223 218 910
639 222 237 219 911
512 198 222 219 911
639 223 233 220 912
512 199 221 220 912
271 162 229 220 912
639 224 239 221 913
512 200 221 221 913
639 225 234 222 914
639 226 234 223 915
639 227 233 224 916
639 228 224 225 917
271 167 222 225 917
639 229 227 226 918
639 230 225 227 919
639 231 222 228 920
639 232 223 229 921
78 218 225 229 921
61 235 221 229 921
271 171 224 229 921
639 233 227 230 922
271 172 222 230 922
639 234 229 231 923
271 173 222 231 923
639 235 223 232 924
639 236 222 233 925
78 222 224 233 925
271 175 231 233 925
639 237 224 234 926
27 226 223 234 926
78 223 224 234 926
271 176 222 234 926
639 238 228 235 927
78 224 229 235 927
639 239 229 236 928
512 215 223 236 928
78 225 221 236 928
271 178 225 236 928
639 240 226 237 929
512 216 229 237 929
78 226 221 237 929
639 241 223 238 930
512 217 232 238 930
639 242 229 239 931
512 218 227 239 931
78 228 223 239 931
271 181 221 239 931
639 243 231 240 932
512 219 231 240 932
271 182 224 240 932
742 126 222 240 932
639 244 223 241 933
512 220 225 241 933
271 183 233 241 933
639 245 225 242 934
512 221 231 242 934
78 231 223 242 934
339 225 221 242 934
271 184 233 242 934
742 128 223 242 934
512 222 224 243 935
639 247 226 244 936
512 223 229 244 936
271 186 221 244 936
639 248 222 245 937
512 224 231 245 937
271 187 223 245 937
639 249 240 246 938
512 225 223 246 938
271 188 222 246 938
742 132 227 246 938
639 250 243 247 939
339 230 221 247 939
271 189 225 247 939
742 133 222 247 939
639 251 242 248 940
512 227 226 248 940
742 134 223 248 940
639 252 242 249 941
512 228 224 249 941
271 191 221 249 941
639 253 247 250 942
512 229 223 250 942
271 192 227 250 942
639 254 231 251 943
742 137 221 251 943
639 255 230 252 944
512 231 225 252 944
271 194 227 252 944
639 256 242 252 944
271 195 221 253 945
639 257 241 253 945
271 196 222 254 946
639 258 246 254 946
271 197 227 255 947
742 141 221 255 947
639 259 241 255 947
512 235 229 256 948
271 198 233 256 948
639 260 227 256 948
512 236 223 257 949
271 199 224 257 949
742 143 225 257 949
639 261 246 257 949
369 254 226 257 949
512 237 224 258 950
271 200 234 258 950
639 262 241 258 950
512 238 225 259 951
271 201 233 259 951
742 145 224 259 951
78 249 221 260 952
271 202 231 260 952
639 264 242 260 952
512 240 231 261 953
271 203 229 261 953
639 265 241 261 953
512 241 226 262 954
27 254 221 262 954
324 3 221 262 954
78 251 227 262 954
271 204 233 262 954
639 266 241 262 954
324 4 221 263 955
78 252 227 263 955
271 205 224 263 955
639 267 231 263 955
78 253 222 264 956
271 206 233 264 956
639 268 235 264 956
27 257 223 265 957
78 254 230 265 957
271 207 228 265 957
639 269 233 265 957
512 245 223 266 958
78 255 221 266 958
639 270 247 266 958
639 271 229 267 959
512 247 225 268 960
324 9 221 268 960
271 210 227 268 960
639 272 242 268 960
149 230 224 269 961
27 261 226 269 961
271 211 225 269 961
339 252 223 269 961
78 258 225 269 961
639 273 233 269 961
512 249 222 270 962
149 231 226 270 962
27 262 225 270 962
271 212 225 270 962
78 259 235 270 962
639 274 225 270 962
149 232 225 271 963
27 263 221 271 963
339 254 225 271 963
78 260 233 271 963
639 275 237 271 963
512 251 223 272 964
27 264 225 272 964
339 255 222 272 964
78 261 238 272 964
639 276 233 272 964
512 252 225 273 965
271 215 225 273 965
78 262 230 273 965
639 277 239 273 965
512 253 224 274 966
271 216 233 274 966
78 263 230 274 966
639 278 231 274 966
27 267 230 275 967
271 217 231 275 967
639 279 224 275 967
512 255 222 276 968
324 17 224 276 968
271 218 232 276 968
61 282 222 276 968
639 280 233 276 968
512 256 233 277 969
149 238 223 277 969
324 18 227 277 969
271 219 233 277 969
639 281 237 277 969
512 257 227 278 970
271 220 221 278 970
639 282 236 278 970
271 221 226 279 971
639 283 239 279 971
512 259 230 280 972
271 222 224 280 972
78 269 221 280 972
639 284 235 280 972
369 277 221 280 972
407 35 231 281 973
512 260 223 281 973
324 22 223 281 973
61 287 223 281 973
639 285 239 281 973
512 261 224 282 974
324 23 223 282 974
271 224 229 282 974
639 286 231 282 974
407 37 230 283 975
271 225 227 283 975
639 287 231 283 975
27 276 221 284 976
324 25 227 284 976
271 226 223 284 976
639 288 224 284 976
742 170 221 284 976
639 289 238 285 977
27 278 223 286 978
324 27 221 286 978
271 228 230 286 978
639 290 227 286 978
742 172 224 286 978
407 41 222 287 979
512 266 223 287 979
78 276 223 287 979
639 291 231 287 979
742 173 224 287 979
369 284 225 287 979
271 230 221 288 980
78 277 228 288 980
639 292 228 288 980
369 285 222 288 980
326 293 222 289 981
271 231 222 289 981
639 293 233 289 981
512 269 225 290 982
27 282 224 290 982
639 294 233 290 982
61 296 223 290 982
324 32 234 291 983
271 233 224 291 983
339 274 221 291 983
639 295 235 291 983
61 297 228 291 983
512 271 221 292 984
271 234 231 292 984
639 296 233 292 984
61 298 223 292 984
27 285 221 293 985
324 34 223 293 985
271 235 227 293 985
78 282 227 293 985
639 297 240 293 985
61 299 221 293 985
512 273 225 294 986
324 35 227 294 986
271 236 227 294 986
639 298 225 294 986
742 180 224 294 986
61 300 221 294 986
271 237 225 295 987
639 299 237 295 987
742 181 221 295 987
639 300 227 296 988
512 276 230 297 989
27 289 221 297 989
639 301 239 297 989
271 240 227 298 990
78 287 237 298 990
639 302 239 298 990
512 278 223 299 991
271 241 227 299 991
639 303 240 299 991
149 261 223 300 992
512 279 223 300 992
271 242 239 300 992
639 304 245 300 992
326 305 222 301 993
271 243 235 301 993
639 305 240 301 993
149 263 221 302 994
324 43 222 302 994
271 244 235 302 994
639 306 239 302 994
61 308 223 302 994
271 245 228 303 995
78 292 223 303 995
639 307 238 303 995
61 309 221 303 995
326 308 222 304 996
324 45 225 304 996
271 246 231 304 996
78 293 221 304 996
639 308 233 304 996
512 284 223 305 997
27 297 221 305 997
271 247 233 305 997
339 288 222 305 997
639 309 245 305 997
271 248 235 306 998
639 310 240 306 998
369 303 232 307 999
149 268 224 307 999
512 286 221 307 999
271 249 222 307 999
78 296 227 307 999
639 311 241 307 999
742 193 227 308 1000
512 287 221 308 1000
271 250 226 308 1000
78 297 223 308 1000
639 312 233 308 1000
512 288 222 309 1001
78 298 221 309 1001
339 292 222 309 1001
639 313 237 309 1001
512 289 229 310 1002
27 302 221 310 1002
271 252 233 310 1002
639 314 247 310 1002
512 290 226 311 1003
271 253 240 311 1003
78 300 223 311 1003
639 315 244 311 1003
512 291 225 312 1004
271 254 239 312 1004
78 301 229 312 1004
639 316 243 312 1004
512 292 223 313 1005
271 255 230 313 1005
78 302 231 313 1005
639 317 245 313 1005
512 293 225 314 1006
271 256 235 314 1006
78 303 224 314 1006
639 318 244 314 1006
742 200 222 315 1007
512 294 232 315 1007
271 257 239 315 1007
78 304 231 315 1007
639 319 244 315 1007
512 295 227 316 1008
271 258 231 316 1008
78 305 229 316 1008
639 320 244 316 1008
78 306 223 317 1009
271 259 222 317 1009
639 321 244 317 1009
512 297 224 318 1010
78 307 223 318 1010
271 260 239 318 1010
639 322 245 318 1010
27 311 223 319 1011
78 308 224 319 1011
271 261 237 319 1011
639 323 244 319 1011
149 281 221 320 1012
78 309 232 320 1012
271 262 235 320 1012
639 324 244 320 1012
27 313 225 321 1013
78 310 222 321 1013
271 263 223 321 1013
639 325 238 321 1013
512 301 221 322 1014
639 326 238 322 1014
407 34 221 323 1015
78 312 225 323 1015
639 327 222 323 1015
61 329 224 324 1016
78 313 223 324 1016
271 266 238 324 1016
61 330 227 324 1016
369 321 225 325 1017
407 36 226 325 1017
326 329 223 325 1017
61 331 221 325 1017
369 322 227 326 1018
174 307 226 326 1018
551 221 227 326 1018
61 332 223 326 1018
369 323 223 327 1019
769 296 233 327 1019
57 319 239 327 1019
61 333 225 327 1019
242 28 221 328 1020
666 327 231 329 1021
199 327 223 329 1021
370 327 221 330 1022
537 314 236 330 1022
253 75 227 330 1022
199 328 241 330 1022
370 328 224 331 1023
537 315 221 331 1023
677 204 233 332 1024
663 330 233 332 1024
370 330 233 333 1025
61 340 227 334 1026
663 332 226 334 1026
430 236 227 335 1027
171 289 229 335 1027
663 333 228 335 1027
370 333 222 336 1028
324 77 224 336 1028
171 290 221 336 1028
430 238 221 337 1029
370 334 226 337 1029
304 328 223 337 1029
171 291 221 337 1029
430 239 227 337 1029
370 335 225 338 1030
772 341 239 338 1030
304 329 246 338 1030
325 334 221 338 1030
324 79 223 338 1030
430 240 222 338 1030
772 342 235 339 1031
114 130 221 339 1031
171 1 221 339 1031
304 330 250 339 1031
325 335 226 339 1031
324 80 223 339 1031
61 345 221 339 1031
370 337 222 340 1032
772 343 231 340 1032
171 2 224 340 1032
304 331 235 340 1032
325 336 231 340 1032
304 332 239 341 1033
325 337 237 341 1033
324 82 221 341 1033
430 243 224 342 1034
772 345 232 342 1034
114 133 231 342 1034
304 333 232 342 1034
325 338 222 342 1034
324 83 229 342 1034
772 346 225 343 1035
114 134 226 343 1035
304 334 227 343 1035
325 339 231 343 1035
211 342 221 343 1035
324 84 223 343 1035
313 253 225 343 1035
114 135 228 344 1036
304 335 223 344 1036
313 254 227 344 1036
430 246 221 344 1036
772 348 231 345 1037
325 341 229 345 1037
324 86 221 345 1037
313 255 224 345 1037
304 337 237 346 1038
313 256 222 346 1038
629 262 230 347 1039
114 138 231 347 1039
370 345 223 348 1040
772 351 223 348 1040
313 258 223 348 1040
304 340 231 349 1041
325 345 227 349 1041
430 251 226 350 1042
772 353 223 350 1042
114 141 229 350 1042
304 342 224 351 1043
324 92 221 351 1043
430 253 221 351 1043
370 349 221 352 1044
304 343 225 352 1044
325 348 223 352 1044
304 344 223 353 1045
313 263 222 353 1045
304 345 227 354 1046
304 346 226 355 1047
663 353 221 355 1047
772 359 221 356 1048
304 347 227 356 1048
325 352 225 356 1048
313 266 222 356 1048
324 97 221 356 1048
370 354 223 357 1049
304 348 228 357 1049
211 12 221 357 1049
370 355 221 358 1050
324 99 221 358 1050
171 21 223 359 1051
325 356 222 360 1052
171 23 222 361 1053
325 357 221 361 1053
370 359 222 362 1054
772 365 221 362 1054
171 24 223 362 1054
325 358 227 362 1054
772 366 221 363 1055
325 359 226 363 1055
772 367 223 364 1056
325 360 222 364 1056
325 361 227 365 1057
325 362 231 366 1058
772 370 222 367 1059
325 363 227 367 1059
114 159 222 368 1060
325 364 229 368 1060
114 160 225 369 1061
325 365 229 369 1061
211 24 221 370 1062
430 271 223 370 1062
114 161 227 370 1062
325 366 224 370 1062
325 367 227 371 1063
430 273 223 372 1064
772 375 223 372 1064
171 34 221 372 1064
304 363 221 372 1064
325 369 225 373 1065
304 365 222 374 1066
325 370 223 374 1066
171 37 222 375 1067
430 277 224 376 1068
325 372 223 376 1068
430 278 225 377 1069
171 39 222 377 1069
325 375 225 379 1071
313 289 221 379 1071
629 295 221 380 1072
114 171 229 380 1072
304 371 222 380 1072
313 292 221 382 1074
114 177 222 386 1078
430 288 223 387 1079
43 386 221 387 1079
772 390 221 387 1079
114 178 222 387 1079
430 289 223 388 1080
171 50 223 388 1080
430 290 223 389 1081
43 388 221 389 1081
114 180 225 389 1081
304 380 222 389 1081
171 51 222 389 1081
324 130 227 389 1081
430 291 225 390 1082
114 181 222 390 1082
171 52 225 390 1082
324 131 226 390 1082
430 292 222 391 1083
43 390 221 391 1083
772 394 221 391 1083
114 182 222 391 1083
171 53 222 391 1083
114 184 223 393 1085
772 396 221 393 1085
114 185 221 394 1086
772 397 221 394 1086
171 56 221 394 1086
304 386 221 395 1087
324 136 221 396 1088
324 137 224 396 1088
663 395 221 398 1090
114 189 221 398 1090
171 60 221 398 1090
325 394 221 398 1090
313 308 221 398 1090
43 398 221 399 1091
629 315 221 400 1092
114 191 223 400 1092
325 396 227 400 1092
324 141 225 401 1093
114 192 223 401 1093
430 304 227 403 1095
114 194 221 403 1095
772 406 222 403 1095
304 394 221 403 1095
313 313 221 403 1095
304 396 222 405 1097
325 401 221 405 1097
313 316 223 406 1098
313 317 223 407 1099
313 318 223 408 1100
313 319 225 409 1101
313 320 225 410 1102
313 321 223 411 1103
629 327 222 412 1104
114 204 223 413 1105
313 323 221 413 1105
171 77 222 415 1107
171 78 222 416 1108
313 326 232 416 1108
211 71 221 417 1109
171 80 222 418 1110
325 414 222 418 1110
772 422 224 419 1111
114 211 225 420 1112
43 419 221 420 1112
313 330 224 420 1112
324 161 221 421 1113
430 322 227 421 1113
772 424 222 421 1113
313 331 224 422 1114
772 425 223 422 1114
313 332 227 423 1115
339 405 223 423 1115
325 421 222 425 1117
313 335 223 426 1118
325 422 221 426 1118
313 336 225 427 1119
313 337 223 428 1120
313 340 223 431 1123
325 427 222 431 1123
313 341 223 432 1124
325 428 221 432 1124
325 429 221 433 1125
313 343 222 434 1126
324 174 223 434 1126
339 417 223 435 1127
772 441 221 438 1130
339 421 221 439 1131
325 437 221 441 1133
114 233 226 442 1134
313 352 223 443 1135
370 440 223 443 1135
114 234 227 443 1135
772 446 221 443 1135
324 185 221 445 1137
114 236 225 445 1137
304 437 221 446 1138
313 356 221 446 1138
726 11 230 447 1139
171 109 222 447 1139
304 439 222 448 1140
370 446 221 449 1141
114 240 224 449 1141
313 359 225 449 1141
370 448 223 451 1143
325 447 223 451 1143
325 448 226 452 1144
726 17 223 453 1145
324 193 221 453 1145
726 18 221 453 1145
605 2 223 454 1146
772 457 221 454 1146
313 365 221 455 1147
324 196 221 456 1148
325 452 227 456 1148
324 197 223 457 1149
325 453 223 457 1149
313 367 222 457 1149
324 198 227 458 1150
325 454 227 458 1150
324 199 225 459 1151
370 457 221 460 1152
114 253 222 462 1154
605 11 222 463 1155
114 254 222 463 1155
325 459 221 463 1155
325 460 222 464 1156
304 455 227 464 1156
325 461 223 465 1157
726 30 221 465 1157
325 462 221 466 1158
324 207 223 466 1158
43 466 221 467 1159
114 259 227 468 1160
324 209 222 468 1160
313 378 223 468 1160
772 472 224 469 1161
313 379 227 469 1161
114 261 223 470 1162
43 469 233 470 1162
325 466 222 470 1162
313 380 231 471 1163
114 262 221 471 1163
43 470 221 471 1163
304 462 222 471 1163
325 467 226 471 1163
640 48 221 471 1163
726 36 227 471 1163
324 212 223 471 1163
313 381 228 472 1164
114 263 224 472 1164
313 382 222 472 1164
313 383 225 474 1166
114 265 223 474 1166
313 384 227 475 1167
370 472 224 475 1167
772 478 222 475 1167
325 471 221 475 1167
114 267 229 476 1168
772 479 221 476 1168
171 138 221 476 1168
726 42 225 477 1169
304 469 224 478 1170
726 43 224 478 1170
726 44 225 479 1171
430 381 221 479 1171
313 389 227 479 1171
325 476 221 480 1172
304 471 223 480 1172
726 45 229 480 1172
313 390 223 480 1172
726 46 225 481 1173
114 273 221 482 1174
304 473 221 482 1174
726 47 225 482 1174
304 474 221 483 1175
726 48 225 483 1175
171 146 221 484 1176
726 49 225 484 1176
629 400 221 485 1177
114 276 221 485 1177
726 50 222 485 1177
726 51 223 486 1178
171 149 222 487 1179
726 52 223 487 1179
114 279 221 488 1180
304 479 222 488 1180
726 53 225 488 1180
304 480 221 489 1181
171 151 224 489 1181
726 54 225 489 1181
726 55 225 490 1182
304 482 224 491 1183
325 488 225 492 1184
304 483 225 492 1184
325 489 226 493 1185
304 484 225 493 1185
304 487 222 496 1188
726 61 221 496 1188
211 152 221 498 1190
114 289 225 498 1190
114 290 221 499 1191
325 495 223 499 1191
430 401 221 499 1191
325 496 221 500 1192
304 491 225 500 1192
537 484 223 500 1192
304 492 221 501 1193
537 485 226 501 1193
772 505 221 502 1194
171 164 221 502 1194
304 493 227 502 1194
537 486 231 502 1194
324 243 222 502 1194
325 499 221 503 1195
537 487 238 503 1195
325 500 231 504 1196
537 488 233 504 1196
726 69 225 504 1196
324 245 225 504 1196
325 501 229 505 1197
537 489 224 505 1197
726 70 221 505 1197
324 246 221 505 1197
313 415 221 506 1198
370 503 221 506 1198
325 502 229 506 1198
304 497 221 506 1198
537 490 236 506 1198
726 71 223 506 1198
537 491 234 507 1199
114 299 221 508 1200
537 492 235 508 1200
325 505 224 509 1201
537 493 234 509 1201
370 507 222 510 1202
325 506 231 510 1202
537 494 234 510 1202
313 420 222 511 1203
325 507 225 511 1203
537 495 233 511 1203
313 421 222 512 1204
370 509 222 512 1204
772 515 223 512 1204
114 303 225 512 1204
325 508 229 512 1204
171 174 222 512 1204
537 496 234 512 1204
726 77 222 512 1204
629 428 223 513 1205
171 175 222 513 1205
537 497 223 513 1205
726 78 223 513 1205
772 517 221 514 1206
537 498 239 514 1206
114 306 222 515 1207
537 499 239 515 1207
324 256 222 516 1208
537 500 237 516 1208
726 81 223 516 1208
629 432 226 517 1209
325 513 224 517 1209
537 501 228 517 1209
726 82 224 517 1209
325 514 228 518 1210
537 502 233 518 1210
537 503 235 519 1211
726 84 224 519 1211
537 504 230 520 1212
313 430 230 521 1213
325 517 221 521 1213
537 505 233 521 1213
313 431 227 522 1214
114 313 222 522 1214
537 506 233 522 1214
726 87 222 522 1214
325 519 226 523 1215
171 185 221 523 1215
537 507 235 523 1215
726 88 225 523 1215
313 433 224 524 1216
325 520 229 524 1216
537 508 233 524 1216
171 186 223 524 1216
324 265 222 524 1216
370 522 221 525 1217
61 530 223 525 1217
171 187 227 525 1217
537 509 237 525 1217
430 427 223 525 1217
325 522 225 526 1218
171 188 221 526 1218
537 510 237 526 1218
114 318 223 527 1219
537 511 239 527 1219
313 437 226 528 1220
114 319 224 528 1220
325 524 224 528 1220
537 512 239 528 1220
324 269 221 528 1220
313 438 225 529 1221
325 525 222 529 1221
537 513 239 529 1221
537 514 241 530 1222
325 527 223 531 1223
304 522 221 531 1223
537 515 235 531 1223
171 193 221 531 1223
304 523 225 532 1224
537 516 227 532 1224
114 324 222 533 1225
537 517 233 533 1225
313 443 224 534 1226
114 325 221 534 1226
726 99 222 534 1226
629 450 223 535 1227
537 519 231 535 1227
114 327 222 536 1228
313 446 222 537 1229
537 521 231 537 1229
325 534 223 538 1230
537 522 233 538 1230
339 521 223 539 1231
313 448 223 539 1231
304 530 226 539 1231
726 104 221 539 1231
537 523 229 539 1231
324 280 223 539 1231
313 449 228 540 1232
61 545 221 540 1232
304 531 224 540 1232
537 524 232 540 1232
313 450 224 541 1233
114 332 221 541 1233
304 532 222 541 1233
537 525 233 541 1233
324 282 221 541 1233
313 451 229 542 1234
772 545 222 542 1234
537 526 233 542 1234
313 452 223 543 1235
304 534 223 543 1235
726 108 228 543 1235
537 527 237 543 1235
61 549 224 544 1236
114 335 223 544 1236
325 540 223 544 1236
304 535 227 544 1236
171 206 222 544 1236
537 528 236 544 1236
324 285 221 544 1236
313 454 221 545 1237
61 550 223 545 1237
772 548 221 545 1237
325 541 223 545 1237
304 536 222 545 1237
171 207 221 545 1237
726 110 225 545 1237
537 529 237 545 1237
324 286 225 545 1237
313 455 222 546 1238
61 551 227 546 1238
537 530 233 546 1238
61 552 224 547 1239
772 550 221 547 1239
537 531 235 547 1239
313 457 225 548 1240
61 553 224 548 1240
324 289 223 548 1240
313 458 222 549 1241
325 545 226 549 1241
304 540 226 549 1241
324 290 225 549 1241
339 532 221 549 1241
325 546 224 550 1242
171 212 221 550 1242
537 534 235 550 1242
663 548 221 551 1243
211 205 221 551 1243
325 547 225 551 1243
537 535 228 551 1243
339 534 222 551 1243
313 461 225 552 1244
325 548 224 552 1244
537 536 229 552 1244
339 535 221 552 1244
313 462 234 553 1245
211 207 221 553 1245
629 468 221 553 1245
726 118 224 553 1245
537 537 231 553 1245
370 551 223 554 1246
313 463 228 554 1246
772 557 221 554 1246
304 545 221 554 1246
537 538 233 554 1246
313 464 223 555 1247
211 209 221 555 1247
325 551 222 555 1247
114 346 224 555 1247
304 546 224 555 1247
324 296 221 555 1247
313 465 227 556 1248
629 471 222 556 1248
772 559 223 556 1248
114 347 227 556 1248
304 547 224 556 1248
726 121 224 556 1248
324 297 225 556 1248
537 540 225 556 1248
772 560 224 557 1249
114 348 221 557 1249
325 553 229 557 1249
370 555 221 558 1250
313 467 224 558 1250
325 554 223 558 1250
171 220 227 558 1250
537 542 223 558 1250
537 543 239 559 1251
339 542 221 560 1252
325 556 225 560 1252
537 544 234 560 1252
339 543 227 561 1253
325 557 224 561 1253
432 365 227 561 1253
605 110 226 561 1253
537 545 228 561 1253
663 559 236 561 1253
339 544 228 562 1254
313 471 233 562 1254
625 32 221 562 1254
537 546 240 562 1254
325 559 233 563 1255
621 560 232 563 1255
537 547 241 563 1255
254 392 228 564 1256
171 226 223 564 1256
653 187 221 564 1256
726 129 222 564 1256
564 301 226 564 1256
537 548 238 564 1256
547 566 223 564 1256
788 527 227 565 1257
247 563 233 565 1257
632 105 222 565 1257
171 227 223 565 1257
537 549 242 565 1257
143 542 221 566 1258
579 574 243 566 1258
537 550 235 566 1258
665 367 224 568 1260
678 160 221 568 1260
632 108 224 568 1260
116 575 223 569 1261
632 109 224 569 1261
91 5 226 569 1261
505 467 228 569 1261
595 255 235 570 1262
304 561 226 570 1262
595 256 224 571 1263
49 439 221 571 1263
16 246 224 571 1263
639 575 221 571 1263
746 248 221 571 1263
671 579 225 571 1263
49 440 228 572 1264
654 561 223 572 1264
206 538 224 572 1264
408 573 223 572 1264
368 508 221 572 1264
205 289 233 572 1264
493 556 222 572 1264
206 539 228 573 1265
333 569 225 573 1265
751 6 222 573 1265
372 549 227 573 1265
650 517 223 573 1265
205 290 231 573 1265
683 437 231 573 1265
708 5 230 573 1265
244 567 225 573 1265
385 32 239 573 1265
12 148 223 574 1266
454 577 223 574 1266
254 402 225 574 1266
454 578 221 575 1267
372 551 231 575 1267
683 439 236 575 1267
699 469 231 575 1267
106 35 221 576 1268
372 552 223 576 1268
469 9 223 576 1268
555 567 225 576 1268
362 574 226 577 1269
32 553 223 577 1269
611 564 221 577 1269
675 256 221 578 1270
386 165 232 578 1270
49 446 233 578 1270
244 572 226 578 1270
30 249 222 578 1270
696 571 231 579 1271
772 582 221 579 1271
229 585 226 579 1271
621 576 221 579 1271
696 572 232 580 1272
677 95 221 580 1272
621 577 237 580 1272
30 251 233 580 1272
696 573 234 581 1273
621 578 236 581 1273
30 252 231 581 1273
696 574 235 582 1274
411 473 227 582 1274
416 578 233 582 1274
621 579 237 582 1274
10 88 221 583 1275
696 575 231 583 1275
772 586 224 583 1275
676 583 228 583 1275
696 576 230 584 1276
520 583 221 584 1276
563 586 227 584 1276
676 584 223 584 1276
147 592 226 584 1276
290 587 227 585 1277
696 577 233 585 1277
563 587 221 585 1277
581 591 221 585 1277
147 593 235 585 1277
30 256 241 585 1277
208 588 225 585 1277
696 578 227 586 1278
621 583 245 586 1278
30 257 227 586 1278
208 589 222 586 1278
696 579 226 587 1279
65 530 229 587 1279
621 584 244 587 1279
30 258 231 587 1279
748 585 224 587 1279
696 580 223 588 1280
147 596 227 588 1280
621 585 236 588 1280
30 259 223 588 1280
696 581 235 589 1281
65 532 224 589 1281
147 597 227 589 1281
676 589 226 589 1281
621 586 241 589 1281
30 260 224 589 1281
696 582 229 590 1282
676 590 225 590 1282
147 598 221 590 1282
621 587 240 590 1282
30 261 231 590 1282
696 583 226 591 1283
65 534 230 591 1283
676 591 227 591 1283
147 599 231 591 1283
621 588 243 591 1283
30 262 227 591 1283
475 114 221 592 1284
696 584 230 592 1284
65 535 222 592 1284
676 592 222 592 1284
147 600 225 592 1284
621 589 239 592 1284
30 263 234 592 1284
696 585 241 593 1285
65 536 223 593 1285
676 593 225 593 1285
621 590 237 593 1285
30 264 234 593 1285
696 586 223 594 1286
147 602 234 594 1286
30 265 233 594 1286
621 591 241 594 1286
696 587 232 595 1287
676 595 223 595 1287
147 603 227 595 1287
621 592 231 595 1287
30 266 221 595 1287
147 604 223 596 1288
621 593 243 596 1288
65 540 224 597 1289
434 589 230 597 1289
678 20 221 598 1290
517 149 231 598 1290
614 589 225 598 1290
251 591 227 598 1290
621 595 221 598 1290
400 416 222 599 1291
690 536 223 599 1291
221 598 223 599 1291
203 44 233 600 1292
369 597 228 601 1293
290 603 233 601 1293
768 657 225 601 1293
382 595 223 603 1295
65 546 226 603 1295
252 37 225 604 1296
144 244 224 605 1297
696 597 225 605 1297
639 609 232 605 1297
30 276 234 605 1297
255 198 224 605 1297
696 598 223 606 1298
65 549 222 606 1298
181 110 221 606 1298
418 605 242 606 1298
65 550 225 607 1299
676 607 234 607 1299
147 615 239 607 1299
707 552 227 608 1300
475 130 223 608 1300
65 551 221 608 1300
676 608 235 608 1300
147 616 233 608 1300
30 279 223 608 1300
475 131 225 609 1301
177 153 244 609 1301
676 609 227 609 1301
147 617 235 609 1301
614 601 227 610 1302
475 132 224 610 1302
177 154 243 610 1302
407 8 225 610 1302
203 55 221 611 1303
475 133 225 611 1303
177 155 230 611 1303
762 34 224 611 1303
676 611 236 611 1303
177 156 241 612 1304
676 612 237 612 1304
147 620 227 612 1304
177 157 227 613 1305
65 556 226 613 1305
676 613 233 613 1305
147 621 238 613 1305
177 158 246 614 1306
65 557 236 614 1306
676 614 235 614 1306
147 622 231 614 1306
177 159 246 615 1307
676 615 241 615 1307
147 623 241 615 1307
177 160 238 616 1308
65 559 228 616 1308
676 616 241 616 1308
147 624 242 616 1308
177 161 249 617 1309
65 560 231 617 1309
676 617 242 617 1309
147 625 229 617 1309
177 162 248 618 1310
65 561 231 618 1310
676 618 234 618 1310
177 163 244 619 1311
65 562 221 619 1311
676 619 223 619 1311
177 164 246 620 1312
65 563 227 620 1312
676 620 227 620 1312
221 619 223 620 1312
49 489 224 621 1313
315 298 222 621 1313
500 598 228 621 1313
84 619 223 621 1313
147 629 229 621 1313
201 788 221 622 1314
701 619 222 622 1314
202 623 247 622 1314
147 630 239 622 1314
49 491 231 623 1315
543 290 221 623 1315
147 631 221 623 1315
144 263 227 624 1316
49 492 222 624 1316
321 293 221 624 1316
147 632 237 624 1316
2 618 228 624 1316
329 558 225 625 1317
783 608 224 625 1317
649 45 231 625 1317
378 592 223 625 1317
307 625 221 625 1317
147 633 227 625 1317
385 84 229 625 1317
745 626 223 625 1317
787 312 221 625 1317
2 619 233 625 1317
546 317 221 626 1318
251 619 221 626 1318
321 295 233 626 1318
147 634 228 626 1318
595 312 222 627 1319
291 617 239 627 1319
400 444 225 627 1319
65 571 231 628 1320
291 618 224 628 1320
291 619 239 629 1321
144 269 222 630 1322
65 573 221 630 1322
147 638 223 630 1322
144 270 221 631 1323
65 575 221 632 1324
291 622 231 632 1324
147 640 241 632 1324
144 272 228 633 1325
666 631 226 633 1325
85 314 231 633 1325
712 631 221 633 1325
639 637 223 633 1325
32 610 229 634 1326
442 630 227 634 1326
701 631 235 634 1326
65 577 221 634 1326
147 642 223 634 1326
144 274 231 635 1327
65 578 227 635 1327
22 581 227 635 1327
147 643 226 635 1327
144 275 241 636 1328
65 579 229 636 1328
635 394 221 636 1328
555 627 221 636 1328
2 630 221 636 1328
119 603 221 638 1330
398 642 232 638 1330
329 572 224 638 1330
652 630 221 639 1331
329 573 224 639 1331
441 576 233 640 1332
475 162 231 640 1332
202 641 221 640 1332
555 631 233 640 1332
398 644 233 640 1332
398 646 221 642 1334
475 165 225 643 1335
398 647 233 643 1335
398 648 233 644 1336
676 645 233 645 1337
333 641 234 645 1337
398 649 222 645 1337
398 650 233 646 1338
398 651 235 647 1339
398 652 235 648 1340
398 653 230 649 1341
237 646 239 649 1341
329 583 233 649 1341
398 655 231 651 1343
144 292 223 653 1345
144 293 238 654 1346
398 658 221 654 1346
144 294 235 655 1347
283 344 233 655 1347
713 651 225 655 1347
475 179 222 657 1349
398 661 232 657 1349
652 3 223 660 1352
398 665 223 661 1353
329 596 221 662 1354
118 120 223 664 1356
193 651 223 664 1356
144 305 223 665 1357
65 609 233 666 1358
398 670 223 666 1358
329 600 221 666 1358
65 610 225 667 1359
329 601 225 667 1359
144 307 225 667 1359
65 611 225 668 1360
329 602 230 668 1360
144 308 233 668 1360
65 612 231 669 1361
130 663 221 669 1361
398 673 229 669 1361
329 603 228 669 1361
144 309 228 669 1361
310 659 235 670 1362
329 604 223 670 1362
65 614 227 671 1363
78 116 229 671 1363
329 605 233 671 1363
65 616 232 673 1365
329 607 222 673 1365
760 4 235 674 1366
760 5 233 675 1367
65 618 223 675 1367
329 609 221 675 1367
760 6 237 676 1368
65 619 225 676 1368
555 667 225 676 1368
139 658 225 676 1368
539 84 225 676 1368
703 660 224 676 1368
760 7 243 677 1369
65 620 221 677 1369
442 673 221 677 1369
555 668 232 677 1369
144 317 227 677 1369
760 8 236 678 1370
65 621 223 678 1370
329 612 224 678 1370
703 662 221 678 1370
65 622 227 679 1371
329 613 228 679 1371
144 319 225 679 1371
730 672 226 680 1372
760 10 235 680 1372
65 623 223 680 1372
144 320 222 680 1372
65 625 222 682 1374
349 677 223 683 1375
315 23 229 683 1375
144 323 239 683 1375
349 678 221 684 1376
119 649 230 684 1376
683 548 221 684 1376
75 37 223 684 1376
350 688 228 684 1376
707 629 227 684 1376
409 61 221 685 1377
91 1 251 685 1377
43 684 223 685 1377
181 35 221 685 1377
119 650 227 685 1377
15 681 223 685 1377
124 671 223 685 1377
718 591 224 685 1377
520 685 227 685 1377
409 62 227 686 1378
91 2 221 686 1378
119 651 221 686 1378
683 550 228 686 1378
605 235 223 686 1378
719 354 221 686 1378
3 61 224 686 1378
520 686 227 686 1378
91 3 228 687 1379
117 594 227 687 1379
605 236 224 687 1379
3 62 243 687 1379
91 4 240 688 1380
760 18 224 688 1380
117 595 227 688 1380
605 237 221 688 1380
719 356 225 688 1380
3 63 234 688 1380
91 5 228 689 1381
760 19 237 689 1381
117 596 224 689 1381
517 241 221 689 1381
3 64 221 689 1381
91 6 242 690 1382
696 682 235 690 1382
73 358 235 690 1382
745 691 235 690 1382
760 21 228 691 1383
696 683 233 691 1383
753 561 221 691 1383
147 699 227 691 1383
605 240 224 691 1383
169 684 221 691 1383
760 22 243 692 1384
696 684 222 692 1384
147 700 232 692 1384
73 360 237 692 1384
3 67 224 692 1384
760 23 239 693 1385
696 685 231 693 1385
147 701 236 693 1385
30 364 221 693 1385
73 361 224 693 1385
605 242 225 693 1385
169 686 225 693 1385
293 681 225 693 1385
255 286 230 693 1385
3 68 221 693 1385
760 24 235 694 1386
696 686 223 694 1386
118 150 225 694 1386
147 702 237 694 1386
605 243 229 694 1386
452 520 223 694 1386
147 703 239 695 1387
285 11 232 695 1387
364 695 230 695 1387
326 700 221 696 1388
147 704 231 696 1388
696 689 232 697 1389
326 701 224 697 1389
78 142 222 697 1389
147 705 221 697 1389
696 690 222 698 1390
78 143 230 698 1390
147 706 232 698 1390
696 691 229 699 1391
118 155 223 699 1391
696 692 228 700 1392
118 156 223 700 1392
142 5 223 701 1393
118 157 225 701 1393
78 146 221 701 1393
147 709 229 701 1393
753 572 226 702 1394
73 370 225 702 1394
142 7 227 703 1395
753 573 223 703 1395
147 711 241 703 1395
142 8 230 704 1396
696 696 228 704 1396
118 160 224 704 1396
753 574 223 704 1396
147 712 241 704 1396
3 79 221 704 1396
142 9 232 705 1397
696 697 229 705 1397
78 150 226 705 1397
753 575 224 705 1397
147 713 235 705 1397
73 373 222 705 1397
132 1 221 705 1397
696 698 223 706 1398
142 10 231 706 1398
78 151 225 706 1398
147 714 229 706 1398
73 374 222 706 1398
696 699 229 707 1399
142 11 233 707 1399
78 152 225 707 1399
753 577 221 707 1399
147 715 234 707 1399
73 375 222 707 1399
696 700 231 708 1400
142 12 228 708 1400
118 164 224 708 1400
78 153 223 708 1400
147 716 223 708 1400
293 696 222 708 1400
696 701 224 709 1401
142 13 228 709 1401
78 154 222 709 1401
118 165 221 709 1401
147 717 233 709 1401
73 377 221 709 1401
132 5 222 709 1401
142 14 223 710 1402
78 155 223 710 1402
118 166 221 710 1402
147 718 232 710 1402
142 15 225 711 1403
147 719 237 711 1403
73 379 230 711 1403
696 704 227 712 1404
147 720 228 712 1404
696 705 223 713 1405
118 169 222 713 1405
147 721 221 713 1405
293 701 223 713 1405
132 9 224 713 1405
696 706 222 714 1406
142 19 223 715 1407
118 171 223 715 1407
696 709 223 717 1409
147 725 241 717 1409
132 13 221 717 1409
696 710 225 718 1410
142 22 225 718 1410
118 174 225 718 1410
147 726 224 718 1410
73 386 225 718 1410
132 14 221 718 1410
696 711 227 719 1411
142 23 230 719 1411
147 727 222 719 1411
73 387 222 719 1411
118 176 225 720 1412
132 16 221 720 1412
118 177 233 721 1413
147 729 230 721 1413
118 178 227 722 1414
147 730 221 722 1414
73 390 222 722 1414
696 715 231 723 1415
147 731 222 723 1415
753 593 222 723 1415
696 716 229 724 1416
147 732 225 724 1416
753 594 222 724 1416
696 717 227 725 1417
147 733 223 725 1417
753 595 221 725 1417
3 100 222 726 1418
696 718 226 726 1418
118 182 226 726 1418
753 596 221 726 1418
61 732 225 726 1418
696 719 229 727 1419
78 172 222 727 1419
118 183 225 727 1419
73 395 223 727 1419
753 597 223 727 1419
748 725 222 727 1419
61 733 223 727 1419
696 720 221 728 1420
142 32 227 728 1420
118 184 221 728 1420
147 736 223 728 1420
753 598 221 728 1420
696 721 221 729 1421
142 33 221 729 1421
78 174 221 729 1421
73 397 221 729 1421
61 735 224 729 1421
3 104 224 730 1422
73 398 223 730 1422
61 737 223 731 1423
696 724 225 732 1424
147 740 222 732 1424
748 730 221 732 1424
147 741 221 733 1425
91 50 222 734 1426
118 190 221 734 1426
748 732 221 734 1426
3 109 221 735 1427
91 51 231 735 1427
147 743 225 735 1427
696 728 223 736 1428
147 744 231 736 1428
696 729 221 737 1429
147 745 225 737 1429
696 730 226 738 1430
147 746 231 738 1430
91 55 221 739 1431
696 731 223 739 1431
147 747 233 739 1431
696 732 227 740 1432
147 748 229 740 1432
753 610 222 740 1432
696 733 225 741 1433
147 749 233 741 1433
73 409 221 741 1433
91 58 225 742 1434
696 734 229 742 1434
147 750 231 742 1434
73 410 223 742 1434
753 612 222 742 1434
91 59 225 743 1435
696 735 225 743 1435
147 751 231 743 1435
73 411 222 743 1435
748 741 224 743 1435
91 60 225 744 1436
118 200 223 744 1436
147 752 235 744 1436
91 61 222 745 1437
118 201 222 745 1437
147 753 223 745 1437
91 62 230 746 1438
91 63 226 747 1439
91 64 231 748 1440
696 740 226 748 1440
142 52 229 748 1440
147 756 225 748 1440
753 618 221 748 1440
91 65 221 749 1441
142 53 230 749 1441
91 66 231 750 1442
142 54 231 750 1442
142 55 234 751 1443
118 207 222 751 1443
147 759 225 751 1443
753 621 221 751 1443
696 744 223 752 1444
142 56 235 752 1444
3 127 221 753 1445
696 745 225 753 1445
142 57 233 753 1445
78 198 221 753 1445
73 421 223 753 1445
3 128 221 754 1446
142 58 235 754 1446
3 129 221 755 1447
142 59 235 755 1447
147 763 222 755 1447
3 130 221 756 1448
696 748 224 756 1448
147 764 224 756 1448
3 131 221 757 1449
696 749 222 757 1449
142 61 226 757 1449
147 765 224 757 1449
73 425 223 757 1449
748 755 221 757 1449
91 74 231 758 1450
147 766 225 758 1450
91 75 225 759 1451
142 63 221 759 1451
118 215 221 759 1451
147 767 225 759 1451
91 76 225 760 1452
91 77 226 761 1453
91 78 225 762 1454
142 66 221 762 1454
91 79 241 763 1455
147 771 223 763 1455
142 68 223 764 1456
147 772 223 764 1456
147 773 222 765 1457
91 82 237 766 1458
696 758 222 766 1458
142 70 223 766 1458
3 141 221 767 1459
91 83 229 767 1459
147 775 221 767 1459
91 84 239 768 1460
147 776 221 768 1460
91 85 237 769 1461
91 86 235 770 1462
91 87 235 771 1463
147 779 231 771 1463
91 88 227 772 1464
696 764 227 772 1464
147 780 229 772 1464
91 89 221 773 1465
142 77 225 773 1465
696 765 222 773 1465
3 148 221 774 1466
91 90 225 774 1466
696 766 221 774 1466
147 782 222 774 1466
91 91 223 775 1467
142 79 221 775 1467
696 767 227 775 1467
147 783 223 775 1467
91 92 232 776 1468
696 768 222 776 1468
326 780 222 776 1468
147 784 226 776 1468
91 93 227 777 1469
142 81 221 777 1469
696 769 225 777 1469
91 94 227 778 1470
142 82 221 778 1470
696 770 221 778 1470
91 95 225 779 1471
142 83 221 779 1471
147 787 221 779 1471
696 772 224 780 1472
118 236 221 780 1472
147 788 231 780 1472
142 85 221 781 1473
147 789 226 781 1473
73 449 221 781 1473
3 156 221 782 1474
91 98 237 782 1474
142 86 223 782 1474
696 1 225 782 1474
118 238 230 782 1474
91 99 234 783 1475
118 239 225 783 1475
73 451 223 783 1475
91 100 239 784 1476
118 240 223 784 1476
696 4 227 785 1477
91 102 236 786 1478
696 5 222 786 1478
147 794 223 786 1478
91 103 238 787 1479
326 791 221 787 1479
696 6 229 787 1479
748 785 222 787 1479
696 7 229 788 1480
147 796 221 788 1480
91 105 233 789 1481
696 8 229 789 1481
147 797 224 789 1481
696 9 233 790 1482
147 798 223 790 1482
293 778 221 790 1482
91 107 237 791 1483
696 10 233 791 1483
147 799 222 791 1483
118 248 223 792 1484
147 800 222 792 1484
696 12 229 793 1485
118 249 221 793 1485
147 801 225 793 1485
91 110 225 794 1486
696 13 222 794 1486
118 250 221 794 1486
147 802 225 794 1486
293 782 223 794 1486
91 111 231 795 1487
696 14 222 795 1487
147 803 223 795 1487
293 783 225 795 1487
91 112 231 796 1488
696 15 229 796 1488
118 252 224 796 1488
147 804 226 796 1488
293 784 224 796 1488
696 16 225 797 1489
147 805 221 797 1489
73 465 221 797 1489
91 114 227 798 1490
696 17 223 798 1490
147 806 227 798 1490
91 115 241 799 1491
91 116 240 800 1492
147 808 223 800 1492
91 117 240 801 1493
147 809 223 801 1493
91 118 238 802 1494
696 21 222 802 1494
147 810 223 802 1494
91 119 238 803 1495
696 22 222 803 1495
147 811 221 803 1495
91 120 248 804 1496
3 178 221 804 1496
696 23 222 804 1496
118 260 231 804 1496
748 802 222 805 1497
91 121 246 805 1497
142 109 222 805 1497
3 179 222 805 1497
696 24 225 805 1497
118 261 227 805 1497
147 813 221 805 1497
61 811 221 805 1497
91 122 235 806 1498
3 180 222 806 1498
696 25 223 806 1498
118 262 229 806 1498
147 814 223 806 1498
61 812 223 806 1498
91 123 233 807 1499
3 181 226 807 1499
696 26 222 807 1499
118 263 227 807 1499
61 813 222 807 1499
293 795 224 807 1499
73 475 222 807 1499
3 182 227 808 1500
91 1 247 808 1500
118 264 227 808 1500
147 816 223 808 1500
293 796 227 808 1500
748 806 221 808 1500
3 183 225 809 1501
696 28 227 809 1501
91 2 246 809 1501
118 265 231 809 1501
147 817 222 809 1501
293 797 227 809 1501
3 184 229 810 1502
696 29 225 810 1502
91 3 243 810 1502
118 266 225 810 1502
61 816 225 810 1502
147 818 226 810 1502
73 478 223 810 1502
3 185 223 811 1503
696 30 224 811 1503
91 4 223 811 1503
118 267 232 811 1503
147 819 225 811 1503
61 817 225 811 1503
73 479 221 811 1503
293 799 223 811 1503
748 809 226 811 1503
696 31 231 812 1504
91 5 238 812 1504
147 820 224 812 1504
73 480 222 812 1504
3 187 224 813 1505
91 6 223 813 1505
118 269 224 813 1505
147 821 231 813 1505
61 819 221 813 1505
753 683 223 813 1505
293 801 226 813 1505
3 188 221 814 1506
118 270 225 814 1506
147 822 223 814 1506
293 802 225 814 1506
696 34 222 815 1507
118 271 222 815 1507
147 823 221 815 1507
61 821 221 815 1507
293 803 221 815 1507
748 813 222 815 1507
3 190 221 816 1508
118 272 224 816 1508
748 814 221 816 1508
91 1 237 817 1509
696 36 222 817 1509
118 273 223 817 1509
147 825 229 817 1509
61 823 227 817 1509
73 485 221 817 1509
696 37 229 818 1510
147 826 228 818 1510
61 824 227 818 1510
132 114 222 818 1510
142 123 223 819 1511
91 3 237 819 1511
696 38 229 819 1511
147 827 230 819 1511
61 825 227 819 1511
142 124 222 820 1512
91 4 241 820 1512
696 39 227 820 1512
147 828 225 820 1512
61 826 230 820 1512
142 125 222 821 1513
91 5 239 821 1513
696 40 221 821 1513
147 829 225 821 1513
61 827 231 821 1513
142 126 222 822 1514
91 6 243 822 1514
696 41 221 822 1514
118 278 221 822 1514
147 830 223 822 1514
61 828 231 822 1514
91 7 234 823 1515
147 831 223 823 1515
61 829 222 823 1515
293 811 222 823 1515
91 8 240 824 1516
696 43 231 824 1516
326 828 221 824 1516
147 832 237 824 1516
61 830 222 824 1516
91 9 234 825 1517
147 833 239 825 1517
748 823 221 825 1517
91 10 226 826 1518
118 282 225 826 1518
147 834 240 826 1518
91 11 223 827 1519
696 46 231 827 1519
147 835 233 827 1519
293 815 225 827 1519
91 12 231 828 1520
696 47 223 828 1520
118 284 234 828 1520
147 836 237 828 1520
293 816 224 828 1520
91 13 231 829 1521
118 285 234 829 1521
147 837 237 829 1521
293 817 221 829 1521
91 14 231 830 1522
696 49 223 830 1522
147 838 237 830 1522
61 836 221 830 1522
91 15 231 831 1523
147 839 239 831 1523
696 51 229 832 1524
118 288 223 832 1524
147 840 241 832 1524
61 838 223 832 1524
753 702 221 832 1524
293 820 221 832 1524
91 17 223 833 1525
696 52 224 833 1525
147 841 241 833 1525
293 821 221 833 1525
696 53 224 834 1526
118 290 227 834 1526
147 842 239 834 1526
91 19 226 835 1527
696 54 223 835 1527
147 843 237 835 1527
748 833 223 835 1527
696 55 225 836 1528
147 844 222 836 1528
118 293 223 837 1529
147 845 226 837 1529
748 835 222 837 1529
753 707 223 837 1529
293 825 223 837 1529
142 142 230 838 1530
753 708 222 838 1530
91 23 225 839 1531
696 58 239 839 1531
61 845 222 839 1531
696 59 230 840 1532
91 25 228 841 1533
3 215 226 841 1533
696 60 227 841 1533
293 829 221 841 1533
142 146 221 842 1534
696 61 229 842 1534
142 147 228 843 1535
91 27 224 843 1535
696 62 226 843 1535
61 849 223 843 1535
293 831 224 843 1535
91 28 231 844 1536
3 218 223 844 1536
696 63 228 844 1536
91 29 222 845 1537
696 65 223 846 1538
61 852 223 846 1538
293 834 223 846 1538
3 221 223 847 1539
696 66 225 847 1539
61 853 231 847 1539
147 855 221 847 1539
91 32 223 848 1540
696 67 233 848 1540
118 304 221 848 1540
61 854 228 848 1540
293 836 226 848 1540
142 153 221 849 1541
91 33 227 849 1541
61 855 222 849 1541
293 837 223 849 1541
132 145 221 849 1541
91 34 239 850 1542
293 838 228 850 1542
753 720 223 850 1542
132 146 226 850 1542
91 35 227 851 1543
3 225 221 851 1543
61 857 229 851 1543
293 839 222 851 1543
753 721 221 851 1543
132 147 225 851 1543
91 36 232 852 1544
3 226 222 852 1544
61 858 225 852 1544
73 520 221 852 1544
132 148 221 852 1544
91 37 231 853 1545
61 859 230 853 1545
73 521 221 853 1545
91 38 230 854 1546
61 860 221 854 1546
293 842 221 854 1546
91 39 237 855 1547
3 229 222 855 1547
293 843 227 855 1547
753 725 224 855 1547
91 40 237 856 1548
3 230 225 856 1548
118 312 223 856 1548
293 844 223 856 1548
753 726 223 856 1548
132 152 221 856 1548
91 41 237 857 1549
3 231 223 857 1549
293 845 227 857 1549
91 42 237 858 1550
3 232 224 858 1550
293 846 221 858 1550
91 43 238 859 1551
3 233 226 859 1551
753 729 222 859 1551
91 44 231 860 1552
78 305 223 860 1552
696 79 227 860 1552
61 866 223 860 1552
91 45 233 861 1553
61 867 222 861 1553
91 46 233 862 1554
78 307 221 862 1554
61 868 222 862 1554
91 47 233 863 1555
118 319 225 863 1555
61 869 231 863 1555
293 851 225 863 1555
91 48 221 864 1556
61 870 224 864 1556
73 532 221 864 1556
91 49 225 865 1557
118 321 227 865 1557
61 871 227 865 1557
753 735 221 865 1557
142 170 221 866 1558
3 240 223 866 1558
753 736 221 866 1558
3 241 223 867 1559
91 52 227 868 1560
3 242 222 868 1560
696 87 221 868 1560
91 53 223 869 1561
3 243 223 869 1561
326 873 221 869 1561
696 88 229 869 1561
61 875 224 869 1561
293 857 229 869 1561
142 174 225 870 1562
326 874 223 870 1562
696 89 233 870 1562
61 876 221 870 1562
293 858 230 870 1562
73 538 221 870 1562
91 55 226 871 1563
696 90 236 871 1563
61 877 227 871 1563
293 859 222 871 1563
73 539 223 871 1563
326 876 225 872 1564
696 91 233 872 1564
61 878 227 872 1564
73 540 227 872 1564
326 877 223 873 1565
696 92 233 873 1565
61 879 229 873 1565
73 541 225 873 1565
132 169 226 874 1566
326 878 223 874 1566
696 93 233 874 1566
78 319 221 874 1566
61 880 228 874 1566
73 542 224 874 1566
753 744 224 874 1566
132 170 227 875 1567
91 59 221 875 1567
326 879 225 875 1567
696 94 229 875 1567
61 881 227 875 1567
132 171 226 875 1567
91 60 224 876 1568
696 96 221 877 1569
91 62 221 878 1570
696 97 221 878 1570
696 98 221 879 1571
91 64 223 880 1572
326 885 223 881 1573
696 100 221 881 1573
696 101 227 882 1574
61 888 221 882 1574
696 102 230 883 1575
61 889 221 883 1575
91 68 221 884 1576
73 552 221 884 1576
91 69 221 885 1577
696 104 227 885 1577
293 873 230 885 1577
61 891 223 885 1577
73 553 221 885 1577
696 105 222 886 1578
293 874 222 886 1578
61 892 223 886 1578
73 554 222 886 1578
91 71 222 887 1579
696 106 222 887 1579
293 875 226 887 1579
73 555 222 887 1579
91 72 223 888 1580
696 107 227 888 1580
61 894 223 888 1580
73 556 221 888 1580
91 73 230 889 1581
61 895 222 889 1581
73 557 221 889 1581
326 894 222 890 1582
696 109 225 890 1582
61 896 221 890 1582
73 558 221 890 1582
118 347 221 891 1583
326 895 222 891 1583
696 110 229 891 1583
61 897 223 891 1583
73 559 221 891 1583
326 896 223 892 1584
61 898 221 892 1584
696 111 227 892 1584
73 560 221 892 1584
326 897 223 893 1585
696 112 227 893 1585
61 899 222 893 1585
91 78 222 894 1586
326 898 223 894 1586
61 900 221 894 1586
696 113 231 894 1586
91 79 230 895 1587
326 899 222 895 1587
61 901 222 895 1587
696 114 227 895 1587
73 563 221 895 1587
91 80 226 896 1588
61 902 221 896 1588
696 115 233 896 1588
73 564 221 896 1588
91 81 228 897 1589
326 901 221 897 1589
61 903 221 897 1589
696 116 230 897 1589
326 902 221 898 1590
61 904 221 898 1590
696 117 231 898 1590
91 83 224 899 1591
61 905 221 899 1591
696 118 231 899 1591
91 84 224 900 1592
61 906 221 900 1592
696 119 225 900 1592
91 85 221 901 1593
78 346 223 901 1593
61 907 221 901 1593
696 120 225 901 1593
91 86 227 902 1594
293 890 223 902 1594
91 87 227 903 1595
293 891 225 903 1595
91 88 226 904 1596
61 910 222 904 1596
696 123 224 904 1596
293 892 225 904 1596
91 89 227 905 1597
293 893 226 905 1597
696 124 222 905 1597
91 90 227 906 1598
326 910 221 906 1598
293 894 225 906 1598
91 91 226 907 1599
91 92 227 908 1600
618 1 221 908 1600
91 93 223 909 1601
293 897 223 909 1601
91 94 224 910 1602
293 898 223 910 1602
547 912 223 910 1602
91 95 224 911 1603
293 899 225 911 1603
91 96 227 912 1604
61 918 223 912 1604
293 900 225 912 1604
696 131 224 912 1604
91 97 223 913 1605
696 132 230 913 1605
91 98 223 914 1606
293 902 230 914 1606
696 133 229 914 1606
3 289 223 915 1607
293 903 226 915 1607
142 220 223 916 1608
696 136 221 917 1609
696 137 223 918 1610
293 906 225 918 1610
91 103 222 919 1611
293 907 224 919 1611
91 104 222 920 1612
293 908 224 920 1612
91 105 222 921 1613
147 929 223 921 1613
91 106 228 922 1614
3 297 222 923 1615
91 107 225 923 1615
452 749 228 923 1615
93 839 221 924 1616
696 143 222 924 1616
745 925 224 924 1616
210 35 223 925 1617
567 879 227 925 1617
452 751 233 925 1617
129 933 227 926 1618
578 475 225 926 1618
168 911 238 926 1618
145 186 226 926 1618
760 73 245 926 1618
147 934 239 926 1618
717 925 238 926 1618
216 859 224 926 1618
646 907 227 927 1619
582 921 222 927 1619
602 59 232 927 1619
780 136 229 927 1619
646 908 223 928 1620
271 871 239 929 1621
757 372 235 930 1622
271 872 239 930 1622
757 373 237 931 1623
271 873 235 931 1623
757 374 225 932 1624
271 874 231 932 1624
757 375 233 933 1625
757 376 245 934 1626
271 876 225 934 1626
757 377 241 935 1627
271 877 241 935 1627
757 378 223 936 1628
271 878 222 936 1628
757 379 232 937 1629
271 879 233 937 1629
757 380 241 938 1630
271 880 225 938 1630
271 881 232 939 1631
681 58 223 943 1635
271 887 223 945 1637
271 888 225 946 1638
271 890 227 948 1640
195 310 229 949 1641
757 393 247 951 1643
757 396 231 954 1646
271 899 234 957 1649
271 901 230 959 1651
271 903 228 961 1653
271 904 232 962 1654
271 905 224 963 1655
271 906 221 964 1656
271 908 223 966 1658
271 909 225 967 1659
271 910 231 968 1660
271 912 222 970 1662
271 913 239 971 1663
271 916 231 974 1666
271 920 237 978 1670
271 921 225 979 1671
271 923 229 981 1673
271 925 221 983 1675
271 926 223 984 1676
271 927 221 985 1677
271 928 226 986 1678
271 929 224 987 1679
122 161 226 987 1679
757 431 223 989 1681
271 931 231 989 1681
271 932 227 990 1682
271 933 227 991 1683
271 934 223 992 1684
757 435 229 993 1685
271 935 236 993 1685
757 436 227 994 1686
271 936 221 994 1686
757 437 227 995 1687
271 937 221 995 1687
757 450 227 1008 1700
271 953 239 1011 1703
302 1018 225 1015 1707
271 958 224 1016 1708
757 460 221 1018 1710
41 1018 225 1019 1711
757 461 233 1019 1711
271 961 231 1019 1711
757 462 233 1020 1712
271 962 235 1020 1712
757 463 231 1021 1713
271 963 235 1021 1713
757 464 223 1022 1714
271 964 227 1022 1714
757 465 224 1023 1715
271 965 224 1023 1715
271 966 225 1024 1716
757 467 233 1025 1717
271 967 233 1025 1717
757 468 237 1026 1718
271 968 223 1026 1718
757 469 231 1027 1719
271 969 237 1027 1719
757 470 222 1028 1720
757 472 229 1030 1722
271 972 230 1030 1722
271 974 233 1032 1724
271 975 238 1033 1725
757 476 221 1034 1726
757 480 228 1038 1730
271 982 221 1040 1732
271 983 229 1041 1733
271 984 231 1042 1734
757 485 223 1043 1735
757 486 242 1044 1736
271 986 235 1044 1736
757 487 230 1045 1737
757 488 241 1046 1738
757 489 232 1047 1739
271 990 223 1048 1740
757 491 223 1049 1741
271 991 227 1049 1741
757 492 224 1050 1742
757 494 221 1052 1744
757 495 226 1053 1745
271 995 229 1053 1745
757 496 235 1054 1746
271 996 225 1054 1746
757 497 230 1055 1747
271 997 223 1055 1747
271 998 221 1056 1748
271 999 237 1057 1749
271 1000 222 1058 1750
271 1001 243 1059 1751
757 502 223 1060 1752
271 1003 245 1061 1753
271 1004 226 1062 1754
757 506 235 1064 1756
271 1006 227 1064 1756
757 507 223 1065 1757
757 512 221 1070 1762
271 1015 222 1073 1765
271 1020 224 1078 1770
271 1021 233 1079 1771
271 1024 221 1082 1774
271 1026 230 1084 1776
271 1027 227 1085 1777
271 1028 234 1086 1778
271 1029 231 1087 1779
271 1030 232 1088 1780
271 1031 223 1089 1781
271 1032 238 1090 1782
271 1034 238 1092 1784
271 1035 233 1093 1785
271 1036 239 1094 1786
271 1037 221 1095 1787
271 1038 227 1096 1788
271 1041 235 1099 1791
757 542 221 1100 1792
757 544 228 1102 1794
757 550 238 1108 1800
757 551 239 1109 1801
757 552 241 1110 1802
757 553 241 1111 1803
757 554 229 1112 1804
757 555 237 1113 1805
757 556 240 1114 1806
757 557 239 1115 1807
757 558 241 1116 1808
757 559 241 1117 1809
757 560 231 1118 1810
757 561 231 1119 1811
757 562 237 1120 1812
757 563 237 1121 1813
757 564 233 1122 1814
757 565 222 1123 1815
757 566 239 1124 1816
757 567 238 1125 1817
757 568 229 1126 1818
757 569 232 1127 1819
271 1069 230 1127 1819
271 1070 221 1128 1820
757 571 224 1129 1821
757 572 228 1130 1822
757 573 233 1131 1823
757 574 238 1132 1824
271 1074 233 1132 1824
757 575 227 1133 1825
271 1075 227 1133 1825
271 1076 231 1134 1826
757 577 229 1135 1827
271 1077 237 1135 1827
757 578 223 1136 1828
271 1078 221 1136 1828
757 580 239 1138 1830
271 1080 227 1138 1830
757 581 241 1139 1831
271 1081 221 1139 1831
757 582 245 1140 1832
271 1082 222 1140 1832
757 583 221 1141 1833
271 1083 229 1141 1833
757 584 223 1142 1834
757 585 221 1143 1835
271 1085 221 1143 1835
757 586 221 1144 1836
271 1087 238 1145 1837
757 588 235 1146 1838
271 1089 224 1147 1839
271 1090 233 1148 1840
271 1091 224 1149 1841
271 1092 225 1150 1842
271 1093 221 1151 1843
757 594 226 1152 1844
271 1094 221 1152 1844
757 595 230 1153 1845
757 596 224 1154 1846
757 597 225 1155 1847
757 599 231 1157 1849
757 601 235 1159 1851
757 602 223 1160 1852
65 84 226 1160 1852
712 1161 221 1163 1855
65 88 230 1164 1856
757 608 225 1166 1858
757 609 222 1167 1859
65 92 221 1168 1860
679 748 225 1170 1862
154 259 230 1171 1863
396 651 227 1171 1863
52 1161 221 1172 1864
65 96 226 1172 1864
154 260 229 1172 1864
65 97 226 1173 1865
598 282 227 1175 1867
139 1157 221 1176 1868
412 1121 223 1176 1868
91 252 248 1177 1869
598 284 227 1177 1869
343 1161 223 1178 1870
91 254 244 1179 1871
231 590 222 1179 1871
