510 2 229 5 707
672 1 233 6 708
510 3 233 6 708
672 2 225 7 709
510 4 232 7 709
672 3 240 8 710
510 5 221 8 710
672 4 242 9 711
510 6 241 9 711
612 2 221 10 712
672 5 245 10 712
510 7 238 10 712
612 3 233 11 713
672 6 244 11 713
510 8 237 11 713
646 1 236 11 713
612 4 227 12 714
672 7 247 12 714
510 9 247 12 714
646 2 242 12 714
612 5 223 13 715
672 8 248 13 715
510 10 248 13 715
646 3 239 13 715
612 6 225 14 716
672 9 247 14 716
510 11 247 14 716
646 4 222 14 716
612 7 224 15 717
564 1 221 15 717
672 10 246 15 717
510 12 241 15 717
646 5 225 15 717
612 8 235 16 718
564 2 228 16 718
266 2 227 16 718
462 8 221 16 718
672 11 241 16 718
510 13 231 16 718
612 9 221 17 719
266 3 221 17 719
372 1 223 17 719
672 12 245 17 719
510 14 247 17 719
646 7 222 17 719
612 10 227 18 720
672 13 237 18 720
510 15 237 18 720
612 11 238 19 721
672 14 237 19 721
510 16 239 19 721
564 6 221 19 721
612 12 233 20 722
672 15 239 20 722
510 17 236 20 722
80 32 235 20 722
672 16 228 21 723
510 18 235 21 723
80 33 222 21 723
612 14 223 22 724
672 17 249 22 724
510 19 229 22 724
672 18 247 23 725
510 20 239 23 725
612 16 235 23 725
510 21 245 24 726
96 9 225 25 727
266 11 221 25 727
672 20 239 25 727
646 15 222 25 727
96 10 239 26 728
372 10 228 26 728
510 23 241 26 728
556 41 246 27 729
672 22 226 27 729
510 24 231 27 729
672 23 237 28 730
510 25 234 28 730
462 21 223 29 731
556 43 241 29 731
672 24 241 29 731
510 26 227 29 731
556 44 250 30 732
672 25 245 30 732
510 27 245 30 732
462 23 224 31 733
510 28 223 31 733
372 16 221 32 734
646 22 241 32 734
564 19 246 32 734
462 25 231 33 735
646 23 245 33 735
612 26 235 33 735
564 20 242 33 735
462 26 247 34 736
576 10 225 34 736
646 24 250 34 736
612 27 241 34 736
564 21 248 34 736
372 19 221 35 737
646 25 247 35 737
612 28 239 35 737
564 22 240 35 737
462 28 233 36 738
372 20 229 36 738
646 26 248 36 738
612 29 230 36 738
564 23 233 36 738
462 29 235 37 739
213 26 222 37 739
510 34 221 37 739
646 27 245 37 739
612 30 243 37 739
96 22 222 37 739
564 24 221 37 739
96 23 224 38 740
372 23 227 39 741
510 36 230 39 741
672 34 233 39 741
96 24 231 39 741
510 37 245 40 742
672 35 247 40 742
121 55 221 40 742
266 27 221 41 743
682 51 223 41 743
576 17 235 41 743
510 38 240 41 743
672 36 239 41 743
96 26 224 41 743
121 56 231 41 743
564 28 221 41 743
266 28 222 42 744
462 34 228 42 744
576 18 229 42 744
510 39 235 42 744
672 37 239 42 744
96 27 226 42 744
121 57 233 42 744
510 40 241 43 745
672 38 240 43 745
576 20 224 44 746
510 41 230 44 746
266 31 223 45 747
24 1 225 45 747
576 21 225 45 747
510 42 243 45 747
96 30 223 45 747
576 22 228 46 748
510 43 225 46 748
96 31 222 46 748
576 23 222 47 749
510 44 231 47 749
24 4 241 48 750
672 43 248 48 750
646 38 231 48 750
266 35 225 49 751
24 5 233 49 751
576 25 224 49 751
510 46 241 49 751
576 26 231 50 752
510 47 239 50 752
363 1 227 50 752
510 48 237 51 753
96 36 235 51 753
24 8 235 52 754
510 49 237 52 754
24 9 233 53 755
672 48 237 53 755
24 10 243 54 756
646 44 244 54 756
372 39 221 55 757
564 41 242 55 757
462 47 242 55 757
224 36 230 55 757
576 31 224 55 757
510 52 241 55 757
672 50 251 55 757
462 48 223 56 758
24 12 225 56 758
646 46 229 56 758
612 49 223 56 758
564 43 233 57 759
24 13 227 57 759
646 47 233 57 759
564 44 221 58 760
646 48 235 59 761
564 45 226 59 761
24 15 221 59 761
363 10 227 59 761
612 52 225 59 761
646 49 231 60 762
564 46 224 60 762
672 55 222 60 762
510 57 231 60 762
121 76 223 62 764
372 46 221 62 764
24 18 227 62 764
213 51 223 62 764
612 55 221 62 764
24 19 223 63 765
576 39 225 63 765
672 58 233 63 765
672 59 227 64 766
24 21 221 65 767
576 41 226 65 767
672 60 233 65 767
510 62 231 65 767
672 61 239 66 768
121 81 223 66 768
462 59 221 67 769
24 23 231 67 769
213 56 221 67 769
576 43 223 67 769
672 62 246 67 769
510 64 229 67 769
612 60 223 67 769
121 82 223 67 769
24 24 235 68 770
576 44 225 68 770
672 63 245 68 770
510 65 223 68 770
612 61 221 68 770
672 64 245 69 771
510 66 224 69 771
646 59 226 69 771
372 54 237 70 772
672 65 237 70 772
510 67 237 70 772
372 55 233 71 773
672 66 246 71 773
121 86 237 71 773
24 28 221 72 774
672 67 233 72 774
510 69 233 72 774
121 87 223 72 774
372 57 225 73 775
213 62 229 73 775
224 54 223 73 775
576 49 223 73 775
672 68 242 73 775
121 88 227 73 775
646 63 225 73 775
372 58 233 74 776
24 30 225 74 776
672 69 248 74 776
510 72 224 75 777
462 5 221 76 778
213 65 221 76 778
24 32 222 76 778
672 71 247 76 778
510 73 233 76 778
121 91 248 76 778
564 63 235 77 779
372 61 229 77 779
213 66 222 77 779
24 33 231 77 779
672 72 223 77 779
510 74 221 77 779
121 92 231 77 779
462 7 222 78 780
572 85 221 78 780
555 79 221 80 782
138 96 227 80 782
177 91 231 80 782
80 92 241 80 782
572 88 225 81 783
556 95 223 81 783
574 80 243 81 783
194 75 226 81 783
216 22 221 81 783
177 92 239 81 783
327 127 225 84 786
70 97 225 86 788
70 98 233 87 789
216 28 225 87 789
434 87 231 87 789
70 99 225 88 790
284 99 233 88 790
284 100 229 89 791
363 40 227 89 791
70 101 227 90 792
216 31 223 90 792
284 101 241 90 792
119 65 221 90 792
70 102 223 91 793
717 98 223 91 793
170 85 228 91 793
284 102 237 91 793
119 66 224 91 793
363 42 231 91 793
70 103 225 92 794
216 33 225 92 794
434 92 229 92 794
284 103 237 92 794
119 67 226 92 794
363 43 229 92 794
280 98 225 93 795
284 104 237 93 795
170 87 225 93 795
119 68 223 93 795
363 44 237 93 795
216 35 223 94 796
434 94 233 94 796
284 105 236 94 796
170 88 226 94 796
70 106 232 95 797
717 102 227 95 797
280 100 226 95 797
434 95 227 95 797
284 106 239 95 797
70 107 227 96 798
717 103 221 96 798
216 37 225 96 798
284 107 245 96 798
119 71 231 96 798
363 47 221 96 798
70 108 225 97 799
216 38 221 97 799
284 108 227 97 799
70 109 229 98 800
216 39 223 98 800
170 92 221 98 800
119 73 226 98 800
363 49 227 98 800
74 112 221 98 800
70 110 228 98 800
216 40 233 99 801
363 50 223 99 801
70 111 223 99 801
434 100 221 100 802
284 112 228 101 803
434 101 222 101 803
363 52 224 101 803
70 113 225 101 803
284 113 228 102 804
170 96 227 102 804
363 53 223 102 804
119 77 224 102 804
717 110 223 103 805
284 114 224 103 805
119 78 225 103 805
717 111 221 104 806
284 118 223 107 809
70 122 222 111 813
284 122 227 111 813
363 62 224 111 813
70 123 226 111 813
70 124 230 112 814
70 125 228 114 816
70 126 230 115 817
70 127 222 116 818
216 57 222 116 818
280 121 227 116 818
500 102 223 116 818
170 110 231 116 818
119 91 225 116 818
363 67 238 116 818
280 122 227 117 819
717 124 225 117 819
284 128 221 117 819
33 89 229 117 819
70 129 222 118 820
313 36 221 118 820
216 59 231 118 820
280 123 227 118 820
717 125 222 118 820
284 129 231 118 820
434 118 229 118 820
170 112 233 118 820
33 90 224 118 820
363 69 237 118 820
70 130 223 119 821
280 124 227 119 821
717 126 231 119 821
33 91 227 119 821
216 61 240 120 822
284 131 230 120 822
170 114 222 120 822
216 62 232 121 823
455 131 225 121 823
119 96 229 121 823
33 93 221 121 823
284 133 232 122 824
170 116 226 122 824
119 97 225 122 824
70 134 235 123 825
284 134 231 123 825
170 117 226 123 825
119 98 233 123 825
70 135 225 124 826
284 135 228 124 826
119 99 223 124 826
33 96 221 124 826
363 75 221 124 826
216 66 224 125 827
717 132 223 125 827
284 136 231 125 827
170 119 228 125 827
33 97 222 125 827
363 76 223 125 827
717 133 223 126 828
530 88 221 126 828
284 137 226 126 828
170 120 229 126 828
363 77 230 126 828
119 101 225 126 828
33 98 227 126 828
284 138 226 127 829
170 121 224 127 829
119 102 225 127 829
363 78 224 127 829
70 139 225 128 830
216 69 226 128 830
284 139 227 128 830
170 122 227 128 830
363 79 224 128 830
119 103 223 128 830
280 134 221 129 831
216 70 221 129 831
717 136 221 129 831
284 140 222 129 831
170 123 225 129 831
363 80 227 129 831
33 101 223 129 831
70 141 221 130 832
216 71 226 130 832
717 137 225 130 832
284 141 227 130 832
170 124 227 130 832
70 142 221 131 833
216 72 225 131 833
284 142 224 131 833
170 125 225 131 833
119 106 223 131 833
33 103 224 131 833
363 82 225 132 834
70 143 221 132 834
284 143 221 132 834
170 126 221 132 834
33 104 225 132 834
119 107 227 132 834
363 83 227 132 834
216 74 223 133 835
284 144 232 133 835
170 127 225 133 835
119 108 231 133 835
33 105 224 133 835
363 84 225 133 835
70 145 221 134 836
216 75 221 134 836
284 145 231 134 836
170 128 222 134 836
119 109 227 134 836
363 85 225 134 836
33 106 226 134 836
216 76 227 135 837
284 146 226 135 837
119 110 228 135 837
363 86 226 135 837
33 107 225 135 837
70 147 221 136 838
216 77 226 136 838
284 147 230 136 838
119 111 227 136 838
363 87 227 136 838
33 108 227 136 838
216 78 223 137 839
170 131 221 137 839
119 112 227 137 839
363 88 227 137 839
33 109 224 137 839
284 149 227 138 840
119 113 229 138 840
363 89 222 138 840
33 110 225 138 840
70 150 221 139 841
717 146 231 139 841
216 80 227 139 841
284 150 226 139 841
434 139 221 139 841
170 133 223 139 841
33 111 224 139 841
119 114 225 139 841
717 147 221 140 842
216 81 239 140 842
203 141 222 140 842
33 112 221 140 842
363 91 222 140 842
119 115 224 140 842
70 152 228 141 843
717 148 233 141 843
216 82 223 141 843
119 116 231 141 843
70 153 226 142 844
717 149 231 142 844
216 83 223 142 844
170 136 229 142 844
119 117 226 142 844
70 154 231 143 845
280 148 221 143 845
717 150 237 143 845
216 84 231 143 845
170 137 229 143 845
70 155 226 144 846
717 151 234 144 846
216 85 221 144 846
170 138 230 144 846
119 119 223 144 846
363 95 223 145 847
70 156 237 145 847
216 86 235 145 847
500 131 221 145 847
455 155 222 145 847
119 120 225 145 847
170 139 230 145 847
717 153 223 146 848
284 157 221 146 848
434 146 221 146 848
33 118 229 146 848
170 140 233 146 848
119 121 225 147 849
363 97 233 147 849
70 158 226 147 849
216 88 224 147 849
717 154 225 147 849
284 158 225 147 849
33 119 226 147 849
170 141 223 148 850
119 122 236 148 850
363 98 227 148 850
70 159 221 148 850
349 150 221 148 850
280 153 224 148 850
216 89 223 148 850
717 155 231 148 850
33 120 229 148 850
170 142 225 148 850
119 123 235 149 851
363 99 231 149 851
216 90 224 149 851
717 156 231 149 851
33 121 227 149 851
170 143 231 149 851
363 100 223 150 852
216 91 231 150 852
717 157 230 150 852
284 161 221 150 852
170 144 231 150 852
33 122 225 150 852
119 125 224 151 853
363 101 221 151 853
70 162 225 151 853
216 92 235 151 853
717 158 227 151 853
170 145 233 151 853
363 102 230 152 854
280 157 225 152 854
717 159 231 152 854
216 93 236 152 854
170 146 233 152 854
119 127 223 153 855
363 103 231 153 855
280 158 221 153 855
216 94 236 153 855
717 160 235 153 855
284 164 224 153 855
170 147 229 153 855
33 125 221 153 855
119 128 223 154 856
363 104 225 154 856
70 165 227 154 856
284 165 223 154 856
170 148 228 154 856
119 129 223 155 857
363 105 225 155 857
70 166 227 155 857
717 162 224 155 857
216 96 223 155 857
284 166 226 155 857
170 149 226 155 857
33 127 222 155 857
119 130 222 156 858
363 106 224 156 858
70 167 227 156 858
280 161 222 156 858
284 167 225 156 858
170 150 224 156 858
363 107 221 157 859
70 168 231 157 859
717 164 224 157 859
284 168 227 157 859
33 129 228 157 859
119 132 227 158 860
70 169 222 158 860
717 165 224 158 860
284 169 225 158 860
33 130 226 158 860
119 133 225 159 861
284 170 223 159 861
33 131 226 159 861
170 153 222 159 861
119 134 226 160 862
284 171 223 160 862
33 132 227 160 862
170 154 223 161 863
119 135 225 161 863
284 172 221 161 863
33 133 227 161 863
170 155 221 161 863
119 136 228 162 864
717 169 221 162 864
284 173 227 162 864
33 134 228 163 865
119 137 230 163 865
284 174 230 163 865
33 135 228 164 866
170 157 221 164 866
119 138 229 164 866
363 114 222 164 866
284 175 221 164 866
33 136 226 164 866
170 158 221 165 867
70 176 223 165 867
284 176 229 165 867
33 137 226 165 867
717 173 225 166 868
284 177 233 166 868
33 138 225 166 868
119 141 223 167 869
363 117 225 167 869
284 178 229 167 869
33 139 225 167 869
170 161 233 168 870
363 118 221 168 870
70 179 225 168 870
717 175 226 168 870
284 179 225 168 870
119 143 221 169 871
170 162 226 169 871
284 180 232 169 871
119 144 221 170 872
170 163 229 170 872
363 120 226 170 872
70 181 225 170 872
284 181 233 170 872
119 145 221 170 872
170 164 229 171 873
70 182 227 171 873
284 182 225 171 873
170 165 233 172 874
363 122 223 172 874
284 183 225 172 874
170 166 223 173 875
363 123 225 173 875
70 184 226 173 875
717 180 231 173 875
216 114 228 173 875
284 184 221 173 875
119 148 225 174 876
170 167 231 174 876
70 185 227 174 876
717 181 222 174 876
216 115 225 174 876
119 149 222 175 877
170 168 233 175 877
70 186 231 175 877
717 182 227 175 877
216 116 227 175 877
119 150 221 176 878
170 169 239 176 878
70 187 230 176 878
717 183 225 176 878
216 117 230 176 878
284 187 221 176 878
119 151 225 177 879
717 184 225 177 879
216 118 231 177 879
284 188 222 177 879
170 171 233 178 880
70 189 225 178 880
284 189 223 178 880
170 172 231 179 881
70 190 223 179 881
216 120 225 179 881
33 151 225 179 881
170 173 233 180 882
119 154 222 180 882
70 191 223 180 882
216 121 225 180 882
284 191 227 180 882
33 152 224 180 882
170 174 229 181 883
363 131 225 181 883
119 155 221 181 883
70 192 225 181 883
216 122 225 181 883
284 192 229 181 883
170 175 228 182 884
363 132 224 182 884
119 156 224 182 884
70 193 225 182 884
216 123 221 182 884
284 193 230 182 884
170 176 232 183 885
119 157 224 183 885
70 194 227 183 885
216 124 224 183 885
284 194 226 183 885
33 155 221 183 885
170 177 233 184 886
363 134 222 184 886
119 158 223 184 886
280 189 223 184 886
70 195 227 184 886
284 195 226 184 886
170 178 237 185 887
119 159 221 185 887
284 196 227 185 887
33 157 222 185 887
170 179 239 186 888
280 191 223 186 888
70 197 223 186 888
170 180 239 187 889
280 192 223 187 889
70 198 225 187 889
33 159 224 188 890
170 181 238 188 890
363 138 221 188 890
70 199 224 188 890
363 139 221 189 891
363 140 221 190 892
284 202 224 191 893
70 203 222 192 894
284 203 221 192 894
284 204 223 193 895
170 187 226 194 896
363 144 222 194 896
284 205 222 194 896
170 188 231 195 897
170 191 221 198 900
284 209 233 198 900
33 170 224 198 900
170 192 223 199 901
284 210 227 199 901
70 211 221 200 902
119 177 227 203 905
284 215 221 204 906
119 179 221 205 907
70 216 224 205 907
284 216 221 205 907
119 180 224 206 908
70 217 223 206 908
170 200 227 207 909
119 181 221 207 909
70 218 224 207 909
216 148 221 207 909
170 201 233 208 910
33 180 223 209 911
170 202 235 209 911
70 220 227 209 911
216 150 225 209 911
33 181 221 209 911
170 203 232 209 911
70 221 225 210 912
216 151 223 210 912
284 221 221 210 912
33 182 221 210 912
170 204 226 210 912
70 222 223 211 913
216 152 222 211 913
284 222 224 211 913
170 205 231 211 913
119 186 221 212 914
70 223 222 212 914
216 153 225 212 914
284 223 230 212 914
33 184 221 212 914
170 206 234 213 915
70 224 225 213 915
216 154 225 213 915
284 224 231 213 915
33 185 223 213 915
170 207 231 214 916
119 188 222 214 916
70 225 230 214 916
216 155 221 214 916
284 225 237 214 916
33 186 221 214 916
170 208 231 215 917
717 222 224 215 917
284 226 235 215 917
170 209 229 216 918
717 223 221 216 918
216 157 222 216 918
284 227 234 216 918
170 210 232 217 919
284 228 237 217 919
119 192 233 218 920
284 229 231 218 920
170 212 221 219 921
119 193 232 219 921
33 191 222 219 921
119 194 231 220 922
33 192 227 220 922
170 214 222 221 923
70 232 222 221 923
119 195 233 221 923
284 232 230 221 923
33 193 229 222 924
70 233 221 222 924
119 196 233 222 924
33 194 221 223 925
70 234 222 223 925
119 197 224 223 925
33 195 225 223 925
170 217 226 224 926
119 198 227 224 926
216 165 223 224 926
434 224 224 224 926
170 218 222 225 927
119 199 225 225 927
33 197 223 225 927
170 219 231 226 928
119 200 228 226 928
216 167 222 226 928
284 237 225 226 928
170 220 234 227 929
70 238 222 227 929
119 201 226 227 929
170 227 223 234 936
33 206 221 234 936
284 245 225 234 936
170 228 233 235 937
33 207 225 235 937
70 247 221 236 938
284 247 221 236 938
284 249 225 238 940
170 232 231 239 941
70 250 227 239 941
119 213 221 239 941
717 246 223 239 941
170 233 227 240 942
70 251 223 240 942
119 214 223 240 942
717 247 221 240 942
284 251 224 240 942
170 234 233 241 943
70 252 221 241 943
717 248 222 241 943
284 252 234 242 944
170 235 229 242 944
280 247 223 242 944
284 253 227 243 945
170 236 235 243 945
70 254 221 243 945
119 217 225 243 945
280 248 223 243 945
284 254 225 244 946
170 237 222 244 946
119 218 227 244 946
717 251 226 244 946
284 255 225 245 947
170 238 222 245 947
363 195 224 245 947
119 219 231 245 947
170 239 222 246 948
284 256 230 246 948
363 196 226 246 948
119 220 227 246 948
284 257 229 247 949
70 258 221 247 949
363 197 226 247 949
119 221 227 247 949
717 254 224 247 949
284 258 237 248 950
70 259 223 248 950
363 198 227 248 950
119 222 224 248 950
170 242 225 249 951
284 259 235 249 951
70 260 228 249 951
363 199 224 249 951
119 223 230 249 951
717 256 224 249 951
280 254 221 249 951
216 190 221 249 951
284 260 235 250 952
70 261 226 250 952
119 224 221 250 952
717 257 221 250 952
280 255 221 250 952
284 261 234 251 953
70 262 225 251 953
717 258 222 251 953
284 262 231 252 954
363 202 221 252 954
717 259 223 252 954
216 193 223 252 954
280 257 224 252 954
170 246 222 252 954
284 263 237 253 955
70 264 227 253 955
363 203 223 253 955
119 227 221 253 955
717 260 223 253 955
280 258 225 253 955
434 253 223 253 955
170 247 225 253 955
284 264 235 254 956
70 265 225 254 956
363 204 226 254 956
119 228 223 254 956
280 259 222 254 956
434 254 223 254 956
170 248 221 254 956
284 265 232 255 957
717 262 221 255 957
170 249 223 255 957
284 266 228 256 958
70 267 225 256 958
119 230 221 256 958
717 263 222 256 958
170 250 223 256 958
284 267 233 257 959
363 207 221 257 959
119 231 221 257 959
170 251 224 257 959
119 232 227 258 960
170 252 223 258 960
363 209 226 259 961
119 233 222 259 961
280 264 225 259 961
434 259 221 259 961
170 253 223 259 961
284 270 225 259 961
119 234 224 260 962
170 254 222 260 962
284 271 231 260 962
363 211 223 261 963
119 235 224 261 963
284 272 226 261 963
284 273 226 262 964
70 274 223 263 965
119 238 225 264 966
119 239 225 265 967
363 216 221 266 968
119 240 225 266 968
216 207 221 266 968
363 217 223 267 969
119 241 226 267 969
216 208 223 267 969
119 242 227 268 970
216 209 222 268 970
119 243 226 269 971
216 210 223 269 971
119 244 226 270 972
216 211 223 270 972
284 281 223 270 972
119 245 227 271 973
216 212 223 271 973
284 282 229 271 973
119 246 225 272 974
216 213 227 272 974
284 283 225 273 975
170 266 221 273 975
284 284 225 274 976
170 267 224 274 976
284 285 227 275 977
170 268 223 275 977
119 249 224 275 977
284 286 223 276 978
170 269 227 276 978
363 226 223 276 978
70 287 222 276 978
284 287 224 277 979
170 270 229 277 979
170 271 226 278 980
170 272 235 279 981
70 290 227 279 981
170 273 237 280 982
70 291 227 280 982
170 274 231 281 983
119 255 223 281 983
216 222 225 281 983
170 275 237 282 984
284 292 223 282 984
119 256 221 282 984
70 293 223 282 984
216 223 223 282 984
170 276 225 283 985
119 257 229 283 985
70 294 224 283 985
284 294 222 284 986
119 258 225 284 986
119 259 227 285 987
717 292 227 285 987
284 296 222 286 988
119 260 226 286 988
717 293 221 286 988
280 291 227 286 988
170 280 221 287 989
119 261 223 287 989
170 281 223 288 990
284 298 229 288 990
70 299 223 288 990
280 293 223 288 990
170 282 223 289 991
284 299 229 289 991
70 300 221 289 991
717 296 221 289 991
284 300 229 290 992
70 301 221 290 992
119 264 223 290 992
717 297 221 290 992
170 284 221 291 993
284 301 227 291 993
70 302 223 291 993
717 298 221 291 993
216 232 221 291 993
170 285 222 291 993
216 233 225 292 994
170 286 230 292 994
284 303 228 293 995
216 234 227 293 995
170 287 225 293 995
119 268 223 294 996
717 301 223 294 996
216 235 223 294 996
170 288 224 295 997
119 269 223 295 997
284 306 221 296 998
119 270 223 296 998
216 237 222 296 998
284 307 221 297 999
119 271 221 297 999
216 238 227 297 999
170 291 224 297 999
284 308 225 297 999
70 309 221 298 1000
717 305 221 298 1000
216 239 223 298 1000
170 292 227 298 1000
284 309 226 299 1001
216 240 223 299 1001
717 307 225 300 1002
170 294 231 301 1003
284 311 232 301 1003
70 312 229 301 1003
119 275 222 301 1003
717 308 223 301 1003
280 306 223 301 1003
170 295 226 301 1003
284 312 229 302 1004
280 307 221 302 1004
284 313 225 303 1005
280 308 221 303 1005
170 297 223 303 1005
284 314 229 304 1006
119 278 223 304 1006
280 309 226 304 1006
70 316 225 305 1007
717 312 221 305 1007
280 310 225 305 1007
170 299 222 305 1007
170 300 221 306 1008
284 317 224 307 1009
70 318 224 307 1009
170 301 223 307 1009
284 318 231 308 1010
70 319 224 308 1010
717 315 227 308 1010
280 313 221 308 1010
170 302 231 308 1010
284 319 223 309 1011
70 320 233 309 1011
119 283 221 309 1011
717 316 222 309 1011
280 314 221 309 1011
170 303 223 309 1011
434 310 223 310 1012
717 317 226 310 1012
216 251 221 310 1012
284 321 227 310 1012
70 322 222 311 1013
119 285 223 311 1013
363 262 222 311 1013
170 306 232 312 1014
70 324 229 313 1015
216 254 223 313 1015
170 307 233 313 1015
284 324 221 314 1016
119 288 225 314 1016
434 314 225 314 1016
170 308 233 314 1016
284 325 232 315 1017
70 326 225 315 1017
119 289 225 315 1017
717 322 222 315 1017
280 320 222 315 1017
363 266 228 316 1018
284 326 231 316 1018
80 328 226 317 1019
80 329 235 318 1020
284 328 226 318 1020
80 331 247 320 1022
785 319 223 320 1022
293 317 227 321 1023
80 333 247 321 1023
284 332 221 322 1024
77 329 226 322 1024
209 176 224 322 1024
80 334 227 322 1024
70 334 232 323 1025
394 325 221 323 1025
77 330 225 323 1025
574 322 223 323 1025
80 335 243 323 1025
70 335 224 324 1026
212 334 223 325 1027
312 320 221 325 1027
177 336 241 325 1027
266 75 222 326 1028
213 316 235 326 1028
655 257 223 326 1028
679 339 226 326 1028
196 324 233 327 1029
213 317 231 327 1029
655 258 240 327 1029
568 335 239 327 1029
679 340 224 327 1029
713 332 231 328 1030
196 325 231 328 1030
281 143 222 328 1030
266 77 227 328 1030
655 259 235 328 1030
568 336 239 328 1030
80 340 226 328 1030
213 319 223 329 1031
568 337 229 329 1031
655 260 228 329 1031
713 334 225 330 1032
196 327 221 330 1032
655 261 224 330 1032
372 315 223 331 1033
568 339 235 331 1033
80 343 224 331 1033
713 336 229 332 1034
196 329 232 332 1034
253 85 221 332 1034
568 340 239 332 1034
655 263 221 332 1034
80 344 229 332 1034
713 337 233 333 1035
196 330 230 333 1035
372 317 225 333 1035
253 86 225 333 1035
568 341 241 333 1035
655 264 222 333 1035
80 345 225 333 1035
713 338 226 334 1036
568 342 232 334 1036
655 265 222 334 1036
679 347 226 334 1036
272 347 229 334 1036
568 343 238 335 1037
80 347 239 335 1037
568 344 239 336 1038
655 267 233 336 1038
80 348 241 336 1038
222 350 225 336 1038
568 345 241 337 1039
655 268 223 337 1039
80 349 239 337 1039
568 346 231 338 1040
679 351 221 338 1040
655 269 221 338 1040
80 350 231 338 1040
713 343 229 339 1041
568 347 237 339 1041
80 351 233 339 1041
713 344 225 340 1042
196 337 223 340 1042
568 348 235 340 1042
80 352 231 340 1042
713 345 221 340 1042
196 338 226 341 1043
253 94 223 341 1043
655 272 225 341 1043
568 349 232 341 1043
80 353 227 341 1043
222 355 221 341 1043
196 339 222 342 1044
253 95 223 342 1044
655 273 229 342 1044
568 350 237 342 1044
253 96 222 343 1045
568 351 236 343 1045
80 355 233 343 1045
372 328 222 344 1046
568 352 237 344 1046
80 356 224 344 1046
166 324 230 345 1047
253 98 235 345 1047
281 160 222 345 1047
679 358 231 345 1047
568 353 244 345 1047
50 340 221 345 1047
713 350 231 345 1047
166 325 227 346 1048
196 343 224 346 1048
372 330 233 346 1048
253 99 223 346 1048
568 354 233 346 1048
713 351 227 346 1048
372 331 231 347 1049
630 19 221 347 1049
253 100 223 347 1049
213 337 221 347 1049
679 360 237 347 1049
568 355 237 347 1049
372 332 231 348 1050
568 356 238 348 1050
713 353 227 348 1050
372 333 223 349 1051
655 2 225 349 1051
196 346 221 349 1051
679 362 227 349 1051
568 357 240 349 1051
713 354 225 349 1051
196 347 221 350 1052
679 363 229 350 1052
568 358 223 350 1052
679 364 229 351 1053
568 359 241 351 1053
713 356 226 351 1053
372 336 229 352 1054
679 365 222 352 1054
213 343 221 353 1055
679 366 222 353 1055
568 361 229 353 1055
196 351 221 354 1056
568 362 233 354 1056
372 339 245 355 1057
196 352 221 355 1057
568 363 233 355 1057
372 340 247 356 1058
679 369 223 356 1058
568 364 239 356 1058
80 368 221 356 1058
713 361 227 356 1058
372 341 223 357 1059
568 365 234 357 1059
372 342 231 358 1060
568 366 233 358 1060
713 363 225 358 1060
372 343 226 359 1061
196 356 225 359 1061
679 372 225 359 1061
568 367 241 359 1061
713 364 229 359 1061
372 344 242 360 1062
196 357 231 360 1062
679 373 223 360 1062
568 368 231 360 1062
372 345 235 361 1063
196 358 230 361 1063
253 114 221 361 1063
568 369 238 361 1063
713 366 222 361 1063
372 346 231 362 1064
568 370 235 362 1064
372 347 233 363 1065
679 376 226 363 1065
568 371 225 363 1065
272 376 225 363 1065
713 368 225 363 1065
655 17 221 364 1066
372 348 238 364 1066
196 361 225 364 1066
568 372 231 364 1066
272 377 225 364 1066
80 376 226 364 1066
372 349 223 365 1067
166 344 227 365 1067
196 362 225 365 1067
679 378 247 365 1067
568 373 237 365 1067
272 378 227 365 1067
80 377 221 365 1067
713 370 225 365 1067
372 350 226 366 1068
196 363 236 366 1068
213 356 225 366 1068
679 379 241 366 1068
568 374 237 366 1068
272 379 222 366 1068
713 371 223 366 1068
372 351 237 367 1069
630 39 223 367 1069
166 346 225 367 1069
196 364 227 367 1069
568 375 226 367 1069
713 372 227 367 1069
372 352 237 368 1070
166 347 226 368 1070
196 365 233 368 1070
213 358 227 368 1070
679 381 233 368 1070
568 376 244 368 1070
80 380 221 368 1070
713 373 227 368 1070
372 353 229 368 1070
630 41 224 369 1071
196 366 233 369 1071
679 382 229 369 1071
568 377 239 369 1071
713 374 222 369 1071
372 354 222 369 1071
630 42 221 370 1072
568 378 239 370 1072
272 383 225 370 1072
372 355 240 370 1072
253 124 222 371 1073
213 361 221 371 1073
568 379 237 371 1073
50 366 221 371 1073
372 356 241 371 1073
196 369 233 372 1074
679 385 221 372 1074
568 380 240 372 1074
50 367 224 372 1074
713 377 226 372 1074
372 357 227 372 1074
568 381 227 373 1075
713 378 224 373 1075
372 358 235 373 1075
166 353 223 374 1076
679 387 237 374 1076
568 382 241 374 1076
80 386 223 374 1076
372 359 231 374 1076
679 388 235 375 1077
568 383 230 375 1077
372 360 242 375 1077
196 373 221 375 1077
166 355 223 375 1077
679 389 237 376 1078
372 361 238 376 1078
568 385 227 377 1079
372 362 227 377 1079
679 391 233 378 1080
372 363 239 378 1080
568 387 227 379 1081
272 392 222 379 1081
713 384 222 379 1081
372 364 231 379 1081
679 393 227 380 1082
568 388 224 380 1082
272 393 223 380 1082
372 365 223 380 1082
196 378 223 381 1083
568 389 235 381 1083
372 366 221 381 1083
568 390 231 382 1084
372 367 227 382 1084
679 396 226 383 1085
568 391 227 383 1085
272 396 221 383 1085
372 368 227 383 1085
196 381 221 384 1086
679 397 223 384 1086
568 392 233 384 1086
372 369 226 384 1086
679 398 224 385 1087
568 393 232 385 1087
372 370 225 385 1087
196 383 226 386 1088
253 139 221 386 1088
679 399 231 386 1088
568 394 237 386 1088
713 391 222 386 1088
372 371 227 386 1088
679 400 233 387 1089
568 395 229 387 1089
713 392 223 387 1089
372 372 233 387 1089
679 401 221 388 1090
568 396 226 388 1090
372 373 233 388 1090
196 386 222 389 1091
213 379 221 389 1091
568 397 225 389 1091
372 374 233 389 1091
196 387 221 390 1092
679 403 224 390 1092
568 398 227 390 1092
213 381 227 391 1093
679 404 231 391 1093
568 399 231 391 1093
80 403 221 391 1093
372 376 241 391 1093
213 382 221 392 1094
679 405 235 392 1094
568 400 223 392 1094
372 377 237 392 1094
213 383 227 393 1095
679 406 221 393 1095
679 407 223 394 1096
372 379 232 394 1096
679 408 225 395 1097
568 403 222 395 1097
80 407 227 395 1097
372 380 224 395 1097
679 409 223 396 1098
568 404 229 396 1098
713 401 221 396 1098
372 381 226 396 1098
713 402 225 397 1099
372 382 223 397 1099
679 413 222 400 1102
568 408 228 400 1102
568 409 230 401 1103
272 414 221 401 1103
713 406 224 401 1103
372 386 227 401 1103
568 410 243 402 1104
713 407 225 402 1104
253 156 221 403 1105
196 400 223 403 1105
568 411 247 403 1105
372 388 235 403 1105
679 417 228 404 1106
568 412 226 404 1106
713 409 226 404 1106
272 417 225 404 1106
372 389 225 404 1106
196 402 225 405 1107
679 418 242 405 1107
568 413 232 405 1107
372 390 233 405 1107
679 419 239 406 1108
372 391 229 406 1108
679 420 234 407 1109
372 392 236 407 1109
196 405 221 408 1110
679 421 235 408 1110
568 416 223 408 1110
713 413 222 408 1110
372 393 240 408 1110
50 403 223 408 1110
196 406 225 409 1111
679 422 225 409 1111
568 417 225 409 1111
372 394 239 409 1111
50 404 227 409 1111
196 407 223 409 1111
679 423 229 410 1112
568 418 229 410 1112
372 395 228 410 1112
372 396 229 411 1113
568 420 230 412 1114
372 397 227 412 1114
655 66 221 413 1115
568 421 226 413 1115
372 398 231 413 1115
655 67 224 413 1115
253 167 223 414 1116
568 422 231 414 1116
713 419 223 414 1116
372 399 225 414 1116
568 423 232 415 1117
679 2 233 415 1117
713 420 229 415 1117
372 400 225 415 1117
568 424 232 416 1118
679 3 224 416 1118
372 401 224 416 1118
80 428 230 416 1118
196 414 224 416 1118
253 170 225 416 1118
679 4 228 417 1119
80 429 227 417 1119
568 426 224 418 1120
253 172 221 418 1120
213 410 224 420 1122
80 432 221 420 1122
694 77 223 420 1122
655 74 221 420 1122
568 429 237 421 1123
266 59 224 422 1124
568 430 229 422 1124
568 431 229 423 1125
266 61 221 424 1126
568 432 235 424 1126
196 423 221 425 1127
568 434 227 426 1128
568 435 226 427 1129
80 439 223 427 1129
196 425 222 427 1129
694 84 221 427 1129
272 441 224 428 1130
694 85 223 428 1130
568 437 223 429 1131
568 438 222 430 1132
272 443 225 430 1132
80 442 223 430 1132
222 444 221 430 1132
80 443 229 431 1133
630 104 223 431 1133
222 446 221 432 1134
272 445 221 432 1134
272 446 223 433 1135
568 3 221 434 1136
80 447 223 435 1137
266 73 221 436 1138
80 448 222 436 1138
266 74 221 437 1139
266 77 221 440 1142
568 1 221 441 1143
222 455 221 441 1143
272 454 222 441 1143
80 453 221 441 1143
196 439 224 441 1143
655 95 223 441 1143
253 195 221 442 1144
372 428 225 443 1145
679 30 221 443 1145
655 97 223 444 1146
568 4 225 444 1146
372 429 225 444 1146
679 31 221 444 1146
272 457 221 444 1146
655 98 221 445 1147
213 435 225 445 1147
568 5 235 445 1147
713 450 221 445 1147
655 99 223 446 1148
568 6 225 446 1148
372 431 222 446 1148
713 451 221 446 1148
679 33 224 446 1148
568 7 224 447 1149
372 432 223 447 1149
679 34 226 447 1149
253 201 221 448 1150
568 8 221 448 1150
272 461 221 448 1150
655 102 226 449 1151
253 202 223 449 1151
568 9 222 449 1151
713 454 229 449 1151
253 203 221 450 1152
713 455 227 450 1152
80 462 223 450 1152
372 436 222 451 1153
272 464 221 451 1153
568 12 226 452 1154
372 437 221 452 1154
80 464 222 452 1154
253 206 228 453 1155
568 13 224 453 1155
80 465 225 453 1155
679 41 223 454 1156
372 439 226 454 1156
80 466 228 454 1156
372 441 221 456 1158
679 43 227 456 1158
50 451 223 456 1158
80 468 231 456 1158
253 210 221 457 1159
679 44 221 457 1159
80 469 222 457 1159
568 18 224 458 1160
679 45 221 458 1160
568 19 221 459 1161
372 444 223 459 1161
80 471 225 459 1161
80 472 221 460 1162
50 456 223 461 1163
679 50 226 463 1165
655 117 225 463 1165
253 217 223 464 1166
272 477 221 464 1166
655 118 221 464 1166
222 479 221 465 1167
80 477 224 465 1167
372 451 221 466 1168
222 480 233 466 1168
80 479 227 467 1169
80 480 225 468 1170
80 481 224 469 1171
266 107 221 470 1172
266 108 222 471 1173
222 485 225 471 1173
80 483 221 471 1173
50 466 221 471 1173
222 486 221 472 1174
80 484 223 472 1174
253 226 228 473 1175
222 487 225 473 1175
222 488 223 474 1176
266 112 223 475 1177
222 489 229 475 1177
266 113 223 476 1178
222 490 221 476 1178
222 491 223 477 1179
266 115 225 478 1180
222 492 233 478 1180
372 463 223 478 1180
679 65 221 478 1180
222 493 227 479 1181
222 494 229 480 1182
372 465 223 480 1182
266 118 224 481 1183
253 234 222 481 1183
222 495 225 481 1183
372 466 222 481 1183
196 479 223 481 1183
266 119 222 482 1184
253 235 221 482 1184
222 496 231 482 1184
266 120 225 483 1185
655 137 223 483 1185
266 121 223 484 1186
253 237 222 484 1186
222 498 233 484 1186
222 499 233 485 1187
222 500 239 486 1188
222 501 235 487 1189
655 141 231 487 1189
568 48 224 488 1190
222 502 234 488 1190
568 49 223 489 1191
372 474 241 489 1191
713 494 221 489 1191
196 487 231 489 1191
266 127 223 490 1192
679 77 247 490 1192
679 78 225 491 1193
266 129 221 492 1194
679 79 228 492 1194
266 130 233 493 1195
679 80 225 493 1195
372 478 233 493 1195
266 131 221 494 1196
253 247 223 494 1196
679 81 231 494 1196
372 479 227 494 1196
679 82 233 495 1197
372 480 221 495 1197
372 481 223 496 1198
372 482 221 497 1199
372 483 222 498 1200
679 87 231 500 1202
372 487 223 502 1204
372 488 221 503 1205
372 489 223 504 1206
679 92 227 505 1207
372 490 227 505 1207
568 15 221 505 1207
679 93 223 506 1208
372 491 226 506 1208
272 520 221 507 1209
196 505 222 507 1209
166 487 223 507 1209
266 145 223 508 1210
679 95 225 508 1210
372 493 235 508 1210
272 521 222 508 1210
166 488 226 508 1210
213 499 223 509 1211
372 494 225 509 1211
281 326 221 510 1212
196 508 222 510 1212
253 264 227 511 1213
679 98 231 511 1213
372 496 229 511 1213
266 149 223 512 1214
253 265 226 512 1214
679 99 226 512 1214
372 497 230 512 1214
196 513 221 515 1217
253 269 231 516 1218
679 103 222 516 1218
372 501 235 516 1218
253 270 223 517 1219
679 104 231 517 1219
372 502 225 517 1219
679 105 224 518 1220
372 504 240 519 1221
272 532 224 519 1221
166 499 223 519 1221
196 517 224 519 1221
253 273 221 520 1222
222 534 221 520 1222
568 30 221 520 1222
568 31 235 521 1223
655 176 222 522 1224
568 32 223 522 1224
568 33 233 523 1225
568 34 221 524 1226
568 35 229 525 1227
568 36 229 526 1228
568 37 226 527 1229
568 40 222 530 1232
568 41 221 531 1233
568 42 221 532 1234
568 44 225 534 1236
80 548 227 536 1238
80 549 223 537 1239
50 532 227 537 1239
568 47 224 537 1239
80 550 237 538 1240
713 543 221 538 1240
568 48 227 538 1240
80 551 225 539 1241
713 544 223 539 1241
568 49 231 539 1241
253 293 221 540 1242
80 552 233 540 1242
655 194 224 540 1242
568 50 224 540 1242
679 128 221 541 1243
80 553 224 541 1243
568 51 239 541 1243
655 196 222 542 1244
80 555 225 543 1245
655 197 223 543 1245
568 53 225 543 1245
568 54 229 544 1246
568 55 225 545 1247
568 56 221 546 1248
372 532 221 547 1249
713 552 226 547 1249
568 58 221 548 1250
713 554 222 549 1251
568 59 221 549 1251
568 60 233 550 1252
196 548 223 550 1252
568 61 223 551 1253
568 62 227 552 1254
713 558 221 553 1255
80 567 221 555 1257
568 65 230 555 1257
713 561 227 556 1258
281 372 225 556 1258
568 66 245 556 1258
213 547 234 557 1259
679 144 229 557 1259
483 4 223 557 1259
6 504 225 557 1259
177 111 231 558 1260
383 562 235 558 1260
129 574 223 558 1260
459 550 235 559 1261
177 113 245 560 1262
82 500 225 560 1262
276 550 231 560 1262
196 558 223 560 1262
177 114 224 561 1263
177 115 225 562 1264
497 569 225 564 1266
404 537 232 564 1266
177 117 227 564 1266
596 567 227 564 1266
50 559 221 564 1266
497 570 225 565 1267
578 123 225 565 1267
716 573 222 565 1267
404 538 233 565 1267
177 118 235 565 1267
596 568 223 565 1267
578 124 231 566 1268
177 119 223 566 1268
483 6 223 568 1270
177 121 241 568 1270
564 314 241 568 1270
167 212 223 569 1271
177 122 247 569 1271
564 315 227 569 1271
224 481 221 569 1271
483 8 229 569 1271
167 213 223 570 1272
287 278 223 570 1272
177 123 230 570 1272
196 568 226 570 1272
564 316 223 570 1272
483 9 222 570 1272
320 24 223 571 1273
287 279 231 571 1273
177 124 251 571 1273
233 584 223 571 1273
684 300 229 571 1273
564 317 232 571 1273
483 10 223 571 1273
88 549 224 571 1273
320 25 225 572 1274
299 80 231 572 1274
287 280 223 572 1274
177 125 223 572 1274
233 585 223 572 1274
633 564 221 572 1274
564 318 225 572 1274
320 26 231 573 1275
167 216 222 573 1275
143 558 230 573 1275
196 571 221 573 1275
483 12 227 573 1275
425 458 225 574 1276
564 320 231 574 1276
483 13 221 574 1276
320 28 227 574 1276
287 283 225 575 1277
684 304 224 575 1277
483 14 221 575 1277
224 487 221 575 1277
483 15 229 576 1278
287 285 225 577 1279
564 323 229 577 1279
483 16 229 577 1279
37 242 225 577 1279
684 307 223 578 1280
483 17 223 578 1280
564 325 225 579 1281
483 18 232 579 1281
564 326 221 580 1282
588 582 233 580 1282
483 19 229 580 1282
564 327 221 581 1283
588 583 225 581 1283
483 20 221 581 1283
588 584 236 582 1284
446 581 222 582 1284
588 585 226 583 1285
425 468 229 584 1286
684 313 233 584 1286
564 330 241 584 1286
88 562 221 584 1286
320 38 222 585 1287
287 293 242 585 1287
318 589 222 585 1287
429 622 239 585 1287
684 314 230 585 1287
564 331 232 585 1287
483 24 223 585 1287
224 497 231 586 1288
143 571 222 586 1288
287 294 222 586 1288
485 7 223 586 1288
564 332 228 586 1288
483 25 235 586 1288
224 498 225 586 1288
143 572 226 587 1289
287 295 224 587 1289
196 585 221 587 1289
429 624 227 587 1289
684 316 228 587 1289
564 333 227 587 1289
483 26 231 587 1289
88 565 223 588 1290
287 296 221 588 1290
633 580 224 588 1290
684 317 227 588 1290
564 334 221 588 1290
483 27 235 588 1290
143 574 224 589 1291
425 473 232 589 1291
633 581 225 589 1291
564 335 233 589 1291
224 501 225 589 1291
483 28 235 589 1291
287 298 233 590 1292
684 319 246 590 1292
564 336 240 590 1292
483 29 244 591 1293
143 576 222 591 1293
287 299 245 591 1293
425 475 223 591 1293
196 589 223 591 1293
429 628 224 591 1293
684 320 237 591 1293
287 300 221 592 1294
425 476 233 592 1294
684 321 241 592 1294
564 338 230 592 1294
88 570 221 592 1294
224 504 225 592 1294
287 301 231 593 1295
684 322 238 593 1295
564 339 233 593 1295
483 32 225 593 1295
287 302 233 594 1296
684 323 231 594 1296
564 340 231 594 1296
483 33 233 594 1296
320 48 225 595 1297
287 303 233 595 1297
425 479 225 595 1297
564 341 247 595 1297
483 34 241 595 1297
320 49 223 596 1298
287 304 241 596 1298
429 633 225 596 1298
483 35 237 597 1299
287 305 235 597 1299
320 50 227 597 1299
429 634 221 597 1299
684 326 237 597 1299
564 343 235 597 1299
483 36 248 597 1299
287 306 241 598 1300
320 51 233 598 1300
425 482 229 598 1300
684 327 241 598 1300
564 344 245 598 1300
483 37 250 598 1300
287 307 239 599 1301
320 52 227 599 1301
318 603 224 599 1301
633 591 223 599 1301
196 597 225 599 1301
684 328 241 599 1301
564 345 247 599 1301
483 38 235 599 1301
287 308 238 600 1302
320 53 227 600 1302
684 329 244 600 1302
564 346 237 600 1302
483 39 233 600 1302
287 309 223 601 1303
633 593 223 601 1303
564 347 235 601 1303
483 40 242 602 1304
287 310 226 602 1304
320 55 222 602 1304
318 606 224 602 1304
633 594 221 602 1304
684 331 233 602 1304
88 580 221 602 1304
564 348 243 602 1304
483 41 245 602 1304
287 311 231 603 1305
167 246 222 603 1305
425 487 221 603 1305
564 349 221 603 1305
483 42 243 603 1305
287 312 221 604 1306
633 596 221 604 1306
684 333 222 604 1306
564 350 231 604 1306
483 43 241 604 1306
287 313 235 605 1307
318 609 223 605 1307
684 334 223 605 1307
564 351 227 605 1307
483 44 243 605 1307
320 59 240 606 1308
287 314 229 606 1308
684 335 223 606 1308
564 352 243 606 1308
483 45 241 606 1308
320 60 251 607 1309
287 315 235 607 1309
483 46 245 607 1309
167 251 223 608 1310
320 61 241 608 1310
287 316 239 608 1310
483 47 225 608 1310
320 62 232 609 1311
287 317 241 609 1311
318 613 225 609 1311
564 355 233 609 1311
684 338 229 609 1311
88 587 223 609 1311
318 614 222 610 1312
564 356 225 610 1312
684 339 225 610 1312
483 49 225 610 1312
633 603 224 611 1313
196 609 221 611 1313
684 340 224 611 1313
483 50 227 611 1313
224 523 225 612 1314
320 65 225 612 1314
287 320 227 612 1314
633 604 222 612 1314
429 649 230 612 1314
196 612 225 614 1316
564 360 230 614 1316
684 343 227 614 1316
320 68 225 614 1316
287 323 228 614 1316
425 499 227 614 1316
485 36 223 614 1316
633 607 227 615 1317
602 602 221 615 1317
684 344 225 615 1317
88 593 222 615 1317
483 54 221 615 1317
224 527 229 615 1317
143 601 227 615 1317
287 324 231 615 1317
633 608 224 616 1318
196 614 221 616 1318
602 603 221 616 1318
564 362 222 616 1318
684 345 227 616 1318
483 55 221 616 1318
224 528 227 616 1318
287 325 233 616 1318
633 609 228 617 1319
196 615 225 617 1319
564 363 225 617 1319
483 56 229 617 1319
684 346 222 617 1319
143 603 228 617 1319
167 261 221 617 1319
287 326 229 617 1319
485 39 221 617 1319
633 610 221 618 1320
429 655 227 618 1320
684 347 231 618 1320
143 604 230 618 1320
320 72 225 618 1320
287 327 230 618 1320
318 623 229 618 1320
633 611 224 619 1321
483 58 229 619 1321
684 348 221 619 1321
143 605 221 619 1321
287 328 221 619 1321
483 59 229 620 1322
684 349 221 620 1322
483 62 233 623 1325
483 63 226 624 1326
483 64 229 625 1327
88 604 223 626 1328
483 65 224 626 1328
483 66 229 627 1329
684 357 224 628 1330
483 67 223 628 1330
318 633 222 628 1330
483 68 226 629 1331
287 338 222 629 1331
633 622 229 630 1332
429 667 223 630 1332
483 69 235 630 1332
287 339 224 630 1332
429 668 223 631 1333
684 360 225 631 1333
483 70 231 631 1333
143 617 221 631 1333
88 610 223 632 1334
483 71 237 632 1334
485 54 224 632 1334
633 625 222 632 1334
483 72 235 633 1335
485 55 226 633 1335
483 73 238 634 1336
88 612 221 634 1336
684 363 225 634 1336
143 620 221 634 1336
320 88 222 634 1336
287 343 225 634 1336
483 74 235 635 1337
684 364 225 635 1337
143 621 226 635 1337
167 279 221 635 1337
318 640 223 635 1337
429 673 224 636 1338
88 614 223 636 1338
483 75 234 636 1338
143 622 222 636 1338
318 641 221 636 1338
633 629 223 636 1338
429 674 229 637 1339
564 383 221 637 1339
483 76 234 637 1339
425 522 224 637 1339
633 630 223 638 1340
564 384 224 638 1340
483 77 228 638 1340
429 676 221 639 1341
483 78 221 639 1341
684 368 226 639 1341
143 625 225 639 1341
167 283 225 639 1341
633 632 226 640 1342
483 79 221 640 1342
224 552 221 640 1342
684 369 222 640 1342
88 619 221 641 1343
483 80 226 641 1343
224 553 221 641 1343
684 370 224 641 1343
143 627 223 641 1343
320 95 223 641 1343
167 285 222 641 1343
429 679 223 642 1344
483 81 222 642 1344
684 371 224 642 1344
429 680 223 643 1345
88 621 223 643 1345
224 555 223 643 1345
684 372 225 643 1345
320 97 224 643 1345
287 352 225 643 1345
425 528 221 643 1345
485 65 222 643 1345
429 681 227 644 1346
483 83 225 644 1346
143 630 223 644 1346
320 98 221 644 1346
287 353 225 644 1346
88 623 221 645 1347
483 84 228 645 1347
483 85 223 646 1348
88 624 222 646 1348
287 356 221 647 1349
425 532 223 647 1349
88 626 223 648 1350
483 87 221 648 1350
88 627 223 649 1351
483 88 223 649 1351
88 628 222 650 1352
287 360 225 651 1353
167 295 232 651 1353
318 656 230 651 1353
196 650 224 651 1353
429 689 222 652 1354
483 91 229 652 1354
684 381 223 652 1354
287 361 221 652 1354
564 399 222 653 1355
88 631 223 653 1355
483 92 227 653 1355
167 297 229 653 1355
401 648 224 653 1355
602 641 229 653 1355
633 646 223 653 1355
429 691 225 654 1356
483 93 222 654 1356
684 383 223 654 1356
320 108 226 654 1356
167 298 227 654 1356
318 659 223 654 1356
602 642 221 654 1356
633 647 221 654 1356
88 633 225 655 1357
564 401 223 655 1357
483 94 225 655 1357
684 384 229 655 1357
167 299 229 655 1357
318 660 222 655 1357
425 540 223 655 1357
633 648 225 655 1357
602 643 221 655 1357
429 693 222 656 1358
224 568 221 656 1358
483 95 222 656 1358
88 634 225 656 1358
167 300 225 656 1358
633 649 222 656 1358
602 644 221 656 1358
485 78 221 656 1358
429 694 226 657 1359
483 96 230 657 1359
167 301 223 657 1359
429 695 229 658 1360
224 570 221 658 1360
684 387 229 658 1360
564 405 221 659 1361
684 388 230 659 1361
320 113 231 659 1361
602 647 230 659 1361
429 697 223 660 1362
684 389 233 660 1362
320 114 222 660 1362
684 390 229 661 1363
320 115 231 661 1363
602 649 221 661 1363
429 699 223 662 1364
287 371 222 662 1364
429 700 224 663 1365
224 575 221 663 1365
88 641 221 663 1365
167 307 221 663 1365
485 85 223 664 1366
684 393 224 664 1366
287 373 227 664 1366
88 644 221 666 1368
684 395 222 666 1368
684 397 223 668 1370
684 398 228 669 1371
684 399 227 670 1372
425 555 225 670 1372
684 400 226 671 1373
684 401 226 672 1374
425 557 230 672 1374
318 677 225 672 1374
167 316 227 672 1374
429 710 223 673 1375
143 659 224 673 1375
318 678 224 673 1375
318 679 226 674 1376
318 680 223 675 1377
602 663 221 676 1378
564 422 223 676 1378
318 681 235 676 1378
429 715 222 678 1380
318 683 226 678 1380
602 666 233 679 1381
564 425 221 679 1381
684 408 221 679 1381
143 665 223 679 1381
602 667 222 680 1382
485 101 225 680 1382
88 658 223 680 1382
684 409 221 680 1382
485 102 225 681 1383
602 668 221 681 1383
429 718 223 681 1383
88 659 225 681 1383
485 103 232 682 1384
429 719 223 682 1384
564 428 224 682 1384
684 411 227 682 1384
485 104 237 683 1385
287 392 221 683 1385
318 688 225 683 1385
485 105 235 684 1386
429 721 224 684 1386
684 413 221 684 1386
318 690 223 685 1387
485 107 226 686 1388
429 723 225 686 1388
483 125 221 686 1388
224 598 223 686 1388
143 672 223 686 1388
602 674 227 687 1389
485 108 222 687 1389
88 665 228 687 1389
483 126 233 687 1389
167 331 223 687 1389
633 680 227 688 1390
564 434 223 688 1390
483 127 233 688 1390
224 600 224 688 1390
684 417 225 688 1390
167 332 221 688 1390
485 110 224 689 1391
429 726 225 689 1391
564 435 223 689 1391
483 128 227 689 1391
224 601 221 689 1391
684 418 227 689 1391
485 111 224 690 1392
196 688 223 690 1392
429 727 229 690 1392
564 436 225 690 1392
88 668 237 690 1392
483 129 230 690 1392
684 419 222 690 1392
287 399 226 690 1392
318 695 221 690 1392
633 683 230 691 1393
196 689 221 691 1393
429 728 227 691 1393
88 669 237 691 1393
564 437 225 691 1393
483 130 225 691 1393
224 603 231 691 1393
320 145 225 691 1393
684 420 223 691 1393
287 400 225 691 1393
167 335 223 691 1393
318 696 225 691 1393
602 679 221 692 1394
633 684 224 692 1394
429 729 227 692 1394
88 670 221 692 1394
564 438 221 692 1394
483 131 231 692 1394
684 421 231 692 1394
287 401 223 692 1394
602 680 221 693 1395
633 685 221 693 1395
483 132 225 693 1395
224 605 231 693 1395
633 686 227 694 1396
224 606 233 694 1396
684 423 225 694 1396
167 338 221 694 1396
633 687 227 695 1397
429 732 223 695 1397
224 607 236 695 1397
684 424 222 695 1397
602 683 227 696 1398
633 688 233 696 1398
429 733 229 696 1398
224 608 227 696 1398
684 425 221 696 1398
167 340 225 696 1398
602 684 227 696 1398
633 689 230 697 1399
196 695 222 697 1399
224 609 223 697 1399
602 685 221 698 1400
633 690 230 698 1400
485 119 222 698 1400
88 676 223 698 1400
425 583 223 698 1400
602 686 222 698 1400
633 691 224 699 1401
224 611 229 699 1401
684 428 227 699 1401
167 343 221 699 1401
602 687 222 699 1401
196 698 222 700 1402
429 737 225 700 1402
564 446 225 700 1402
143 686 225 700 1402
684 429 224 700 1402
633 693 224 701 1403
564 447 231 701 1403
143 687 227 701 1403
602 689 221 701 1403
429 739 223 702 1404
564 448 235 702 1404
684 431 223 702 1404
167 346 221 702 1404
425 587 221 702 1404
564 449 233 703 1405
143 689 223 703 1405
684 432 222 703 1405
602 691 221 703 1405
425 588 224 703 1405
196 702 221 704 1406
564 450 223 704 1406
143 690 223 704 1406
684 433 227 704 1406
602 692 226 704 1406
196 703 222 705 1407
564 451 230 705 1407
143 691 223 705 1407
684 434 225 705 1407
564 452 237 706 1408
684 435 225 706 1408
684 436 229 707 1409
143 693 227 707 1409
602 695 234 707 1409
429 745 232 708 1410
684 437 225 708 1410
602 696 229 708 1410
684 438 225 709 1411
318 714 221 709 1411
602 697 231 709 1411
143 1 221 710 1412
684 439 221 710 1412
602 698 229 710 1412
429 748 225 711 1413
684 440 226 711 1413
287 420 221 711 1413
602 699 231 711 1413
429 749 221 712 1414
88 690 221 712 1414
684 441 230 712 1414
602 700 221 712 1414
564 459 221 713 1415
318 718 229 713 1415
167 357 225 713 1415
602 701 231 713 1415
684 443 226 714 1416
684 444 223 715 1417
167 359 227 716 1418
425 600 223 716 1418
684 445 225 716 1418
167 360 229 717 1419
602 704 221 717 1419
425 601 221 717 1419
429 754 229 717 1419
564 463 221 717 1419
684 446 221 717 1419
425 602 222 718 1420
633 710 221 718 1420
564 464 221 718 1420
684 447 237 718 1420
167 362 225 719 1421
425 603 223 719 1421
429 756 222 719 1421
684 448 231 719 1421
287 428 225 719 1421
602 707 233 720 1422
564 466 221 720 1422
287 429 221 720 1422
425 605 235 721 1423
633 713 221 721 1423
564 467 222 721 1423
684 450 225 721 1423
318 726 223 721 1423
425 606 229 722 1424
429 759 229 722 1424
564 468 225 722 1424
287 431 228 722 1424
684 451 222 722 1424
320 30 221 722 1424
485 144 221 722 1424
602 710 221 722 1424
425 607 240 723 1425
633 715 223 723 1425
88 701 227 723 1425
684 452 222 723 1425
287 432 225 723 1425
318 728 223 723 1425
167 367 225 724 1426
425 608 236 724 1426
684 453 226 724 1426
287 433 231 724 1426
320 32 223 724 1426
318 729 223 724 1426
425 609 241 725 1427
633 717 222 725 1427
143 9 221 725 1427
684 454 237 725 1427
602 713 227 726 1428
425 610 247 726 1428
684 455 221 726 1428
287 435 226 726 1428
318 731 221 726 1428
602 714 223 727 1429
425 611 243 727 1429
633 719 224 727 1429
429 764 225 727 1429
684 456 223 727 1429
287 436 223 727 1429
320 2 231 727 1429
485 149 221 728 1430
287 437 226 728 1430
143 13 221 729 1431
684 458 221 729 1431
320 4 233 729 1431
318 734 223 730 1432
425 614 223 730 1432
633 722 222 730 1432
143 14 221 730 1432
224 642 222 730 1432
684 459 230 730 1432
320 5 231 730 1432
429 768 222 731 1433
224 643 233 731 1433
684 460 223 731 1433
287 440 229 731 1433
602 719 224 732 1434
318 736 239 732 1434
425 616 222 732 1434
143 16 224 732 1434
684 461 227 732 1434
602 720 227 732 1434
318 737 223 733 1435
429 770 223 733 1435
564 479 221 733 1435
684 462 224 733 1435
485 155 225 733 1435
602 721 225 734 1436
318 738 230 734 1436
425 618 223 734 1436
633 726 225 734 1436
684 463 223 734 1436
485 156 222 734 1436
602 722 224 734 1436
318 739 225 735 1437
429 772 224 735 1437
485 157 224 735 1437
633 728 224 736 1438
88 714 221 736 1438
684 465 235 736 1438
485 158 238 736 1438
602 724 224 736 1438
318 741 225 737 1439
429 774 226 737 1439
88 715 235 737 1439
684 466 233 737 1439
224 649 222 737 1439
602 725 233 737 1439
485 159 222 737 1439
429 775 223 738 1440
88 716 223 738 1440
684 467 232 738 1440
224 650 221 738 1440
602 726 221 738 1440
485 160 225 738 1440
167 382 224 739 1441
429 776 227 739 1441
684 468 231 739 1441
485 161 225 740 1442
684 469 231 740 1442
485 162 238 741 1443
684 470 233 741 1443
224 653 224 741 1443
287 450 221 741 1443
485 163 241 742 1444
425 626 221 742 1444
167 385 222 742 1444
633 734 223 742 1444
483 181 235 742 1444
224 654 221 742 1444
429 780 225 743 1445
483 182 230 743 1445
684 472 221 743 1445
224 655 225 743 1445
318 748 221 744 1446
564 490 221 744 1446
684 473 224 744 1446
224 656 229 744 1446
287 453 224 744 1446
167 388 223 745 1447
429 782 229 745 1447
564 491 221 745 1447
483 184 230 745 1447
684 474 230 745 1447
224 657 221 745 1447
287 454 221 745 1447
633 738 224 746 1448
483 185 231 746 1448
684 475 223 746 1448
224 658 221 746 1448
483 186 227 747 1449
684 476 227 747 1449
224 659 224 747 1449
287 456 226 747 1449
485 169 223 747 1449
425 632 231 748 1450
429 785 223 748 1450
224 660 226 748 1450
425 633 223 749 1451
633 741 228 749 1451
429 786 225 749 1451
602 737 229 749 1451
429 787 223 750 1452
564 496 227 750 1452
602 738 225 750 1452
429 788 223 751 1453
602 739 223 751 1453
167 395 221 752 1454
429 789 226 752 1454
564 498 225 752 1454
602 740 230 752 1454
429 790 225 753 1455
224 665 222 753 1455
320 14 223 753 1455
167 397 223 753 1455
633 746 221 754 1456
143 4 227 754 1456
429 791 225 754 1456
320 15 228 754 1456
602 742 227 754 1456
564 501 223 755 1457
602 743 230 755 1457
684 486 225 757 1459
602 745 221 757 1459
633 750 221 758 1460
602 746 221 758 1460
429 796 223 759 1461
684 489 226 760 1462
684 490 222 761 1463
224 674 224 762 1464
602 750 227 762 1464
485 184 227 762 1464
167 406 221 763 1465
429 800 225 763 1465
684 492 226 763 1465
602 751 228 763 1465
143 14 223 764 1466
684 493 225 764 1466
602 752 227 764 1466
684 494 221 765 1467
602 753 226 765 1467
602 754 227 766 1468
684 496 227 767 1469
602 755 229 767 1469
167 411 222 768 1470
320 29 223 768 1470
684 497 223 768 1470
167 412 224 769 1471
429 806 237 769 1471
320 30 234 769 1471
684 498 223 769 1471
287 478 229 769 1471
429 807 221 770 1472
320 31 222 770 1472
485 192 225 770 1472
320 32 230 771 1473
318 776 221 772 1474
564 518 239 772 1474
318 777 227 773 1475
564 519 241 773 1475
429 810 223 773 1475
318 778 223 774 1476
564 520 235 774 1476
88 752 222 774 1476
483 213 231 774 1476
224 686 221 774 1476
318 779 224 775 1477
429 812 223 775 1477
564 521 230 775 1477
224 687 221 775 1477
429 813 221 776 1478
564 522 223 776 1478
287 485 231 776 1478
602 764 225 776 1478
167 420 227 777 1479
483 216 231 777 1479
320 38 225 777 1479
287 486 229 777 1479
602 765 223 777 1479
167 421 229 778 1480
196 776 233 778 1480
429 815 223 778 1480
483 217 227 778 1480
602 766 233 778 1480
196 777 224 779 1481
564 525 225 779 1481
224 691 224 779 1481
602 767 225 779 1481
224 692 232 780 1482
602 768 229 780 1482
287 490 225 781 1483
287 491 233 782 1484
167 426 227 783 1485
88 762 223 784 1486
320 45 225 784 1486
287 494 229 785 1487
224 697 223 785 1487
320 46 222 785 1487
483 225 241 786 1488
287 495 241 786 1488
224 698 236 786 1488
684 517 239 788 1490
224 701 223 789 1491
483 229 225 790 1492
684 520 235 791 1493
287 500 233 791 1493
438 121 226 792 1494
684 521 223 792 1494
483 231 232 792 1494
287 501 231 792 1494
684 522 221 793 1495
287 502 226 793 1495
483 232 224 793 1495
340 213 224 793 1495
438 123 225 794 1496
684 523 221 794 1496
287 503 235 794 1496
483 233 239 794 1496
497 801 221 795 1497
483 234 233 795 1497
780 14 222 796 1498
79 362 221 796 1498
556 4 235 797 1499
603 799 224 797 1499
358 466 231 797 1499
253 551 231 797 1499
483 236 237 797 1499
190 580 225 797 1499
45 466 237 797 1499
556 5 226 798 1500
512 786 249 798 1500
104 802 231 798 1500
358 467 235 798 1500
64 786 223 798 1500
121 29 226 798 1500
89 811 221 798 1500
45 467 237 798 1500
42 456 221 799 1501
556 6 237 799 1501
512 787 229 799 1501
726 373 226 799 1501
358 468 239 799 1501
729 220 223 799 1501
438 128 223 799 1501
141 195 229 799 1501
596 802 225 799 1501
309 240 236 799 1501
235 370 223 799 1501
7 796 225 799 1501
556 7 250 800 1502
536 813 221 800 1502
608 231 226 800 1502
299 308 232 800 1502
63 789 222 800 1502
512 788 221 800 1502
86 503 221 800 1502
498 385 231 800 1502
556 8 223 801 1503
299 309 225 801 1503
63 790 227 801 1503
482 951 225 801 1503
86 504 227 801 1503
166 781 221 801 1503
470 725 222 801 1503
547 812 221 801 1503
597 237 233 801 1503
89 814 231 801 1503
299 310 222 802 1504
688 202 225 802 1504
97 624 226 802 1504
102 805 221 802 1504
123 791 227 802 1504
191 200 221 802 1504
649 232 221 802 1504
476 269 226 803 1505
510 64 246 803 1505
777 802 223 803 1505
243 51 225 803 1505
665 612 231 803 1505
210 179 235 803 1505
510 65 246 804 1506
566 802 221 804 1506
777 803 226 804 1506
665 613 237 804 1506
210 180 225 804 1506
510 66 237 805 1507
777 804 225 805 1507
665 614 235 805 1507
684 534 226 805 1507
515 135 223 805 1507
210 181 237 805 1507
510 67 227 806 1508
399 54 235 806 1508
336 97 223 806 1508
665 615 221 806 1508
211 244 231 806 1508
299 315 222 807 1509
733 816 230 807 1509
589 824 225 807 1509
785 806 230 807 1509
340 227 224 807 1509
211 245 227 807 1509
589 825 235 808 1510
759 805 225 808 1510
332 18 221 808 1510
609 249 226 809 1511
134 169 225 809 1511
57 810 233 809 1511
491 674 222 809 1511
482 960 221 810 1512
507 4 231 810 1512
302 823 235 810 1512
393 566 240 810 1512
776 673 223 811 1513
141 207 235 811 1513
150 583 227 811 1513
253 565 223 811 1513
455 166 223 811 1513
332 21 221 811 1513
60 828 233 812 1514
415 811 222 812 1514
399 60 237 812 1514
395 752 227 812 1514
320 73 225 812 1514
332 22 223 812 1514
482 963 224 813 1515
431 528 225 813 1515
423 812 222 813 1515
311 25 230 813 1515
16 497 224 813 1515
340 233 221 813 1515
314 488 224 813 1515
332 23 222 814 1516
740 747 225 814 1516
689 254 227 814 1516
320 75 235 814 1516
340 234 233 814 1516
314 489 246 814 1516
567 778 225 815 1517
395 755 235 815 1517
186 88 222 816 1518
602 803 223 816 1518
582 819 222 816 1518
733 825 228 816 1518
498 401 224 816 1518
724 825 221 816 1518
295 796 227 816 1518
596 819 230 816 1518
433 4 225 816 1518
508 733 227 816 1518
126 470 223 816 1518
665 625 226 816 1518
121 47 225 816 1518
649 246 223 816 1518
578 375 233 817 1519
393 572 221 817 1519
556 24 226 817 1519
358 486 241 817 1519
121 48 244 817 1519
210 193 224 817 1519
358 487 236 818 1520
77 354 223 818 1520
510 79 223 818 1520
777 817 224 818 1520
121 49 235 818 1520
578 377 224 819 1521
556 26 227 819 1521
358 488 243 819 1521
589 836 238 819 1521
217 830 227 819 1521
121 50 241 819 1521
45 488 221 819 1521
578 378 225 820 1522
358 489 240 820 1522
589 837 241 820 1522
217 831 223 820 1522
121 51 230 820 1522
210 196 222 820 1522
578 379 229 820 1522
556 28 221 821 1523
358 490 230 821 1523
589 838 231 821 1523
217 832 224 821 1523
187 821 223 821 1523
665 630 231 821 1523
121 52 241 821 1523
210 197 224 821 1523
578 380 231 821 1523
358 491 230 822 1524
589 839 234 822 1524
217 833 223 822 1524
187 822 222 822 1524
121 53 237 822 1524
358 492 247 823 1525
589 840 237 823 1525
665 632 221 823 1525
121 54 233 823 1525
578 382 225 824 1526
358 493 237 824 1526
589 841 237 824 1526
284 835 222 824 1526
787 520 221 824 1526
187 824 221 824 1526
121 55 233 824 1526
210 200 229 824 1526
578 383 229 825 1527
358 494 231 825 1527
45 494 228 825 1527
210 201 223 825 1527
578 384 225 826 1528
358 495 241 826 1528
510 87 223 826 1528
777 825 221 826 1528
45 495 223 826 1528
121 57 227 826 1528
578 385 227 827 1529
358 496 237 827 1529
510 88 222 827 1529
787 523 223 827 1529
358 497 244 828 1530
510 89 223 828 1530
589 845 234 828 1530
665 637 221 828 1530
121 59 225 828 1530
518 839 223 828 1530
358 498 245 829 1531
121 60 233 829 1531
556 37 222 830 1532
358 499 247 830 1532
589 847 227 830 1532
98 834 224 830 1532
121 61 235 830 1532
518 841 221 830 1532
556 38 222 831 1533
358 500 243 831 1533
510 92 221 831 1533
589 848 231 831 1533
121 62 239 831 1533
518 842 223 831 1533
578 390 223 832 1534
358 501 247 832 1534
589 849 231 832 1534
121 63 237 832 1534
518 843 221 832 1534
358 502 247 833 1535
510 94 225 833 1535
589 850 233 833 1535
121 64 230 833 1535
518 1 221 834 1536
358 503 247 834 1536
589 851 233 834 1536
735 475 221 834 1536
121 65 236 834 1536
518 2 221 835 1537
358 504 237 835 1537
589 852 221 835 1537
121 66 233 835 1537
578 394 221 836 1538
217 847 221 836 1538
358 505 239 836 1538
589 853 231 836 1538
121 67 231 836 1538
358 506 231 837 1539
589 854 227 837 1539
665 646 225 837 1539
121 68 232 837 1539
217 849 223 838 1540
358 507 227 838 1540
510 99 232 838 1540
735 479 235 838 1540
589 855 226 838 1540
50 834 234 839 1541
201 1015 222 839 1541
634 176 223 839 1541
54 836 221 839 1541
40 510 226 839 1541
50 835 227 840 1542
211 278 225 840 1542
615 832 227 841 1543
410 843 223 841 1543
616 657 226 841 1543
735 482 221 841 1543
314 516 223 841 1543
359 299 223 842 1544
358 511 221 842 1544
231 263 223 842 1544
143 93 224 843 1545
672 839 242 844 1546
608 275 238 844 1546
549 843 222 844 1546
50 839 227 844 1546
173 65 244 844 1546
630 221 224 844 1546
672 840 249 845 1547
655 106 227 845 1547
335 853 225 845 1547
173 66 233 845 1547
672 841 224 846 1548
158 125 223 846 1548
173 67 230 846 1548
453 1 233 846 1548
423 846 227 847 1549
173 68 225 847 1549
453 2 221 847 1549
425 732 222 847 1549
672 843 224 848 1550
716 856 223 848 1550
29 858 221 848 1550
354 747 224 848 1550
584 768 237 848 1550
672 844 235 849 1551
787 545 221 849 1551
173 70 229 849 1551
697 856 225 849 1551
4 849 235 849 1551
672 845 235 850 1552
167 493 221 850 1552
642 70 227 850 1552
45 520 222 851 1553
672 847 223 852 1554
776 715 233 853 1555
357 2 235 853 1555
562 148 224 853 1555
672 849 221 854 1556
476 320 233 854 1556
782 808 232 854 1556
688 254 221 854 1556
133 872 227 854 1556
45 523 233 854 1556
70 70 221 855 1557
45 524 228 855 1557
45 525 231 856 1558
70 72 233 857 1559
724 866 225 857 1559
70 73 229 858 1560
722 79 225 858 1560
45 527 233 858 1560
70 74 223 859 1561
121 11 227 859 1561
358 528 238 859 1561
70 75 225 860 1562
121 12 230 860 1562
358 529 237 860 1562
45 529 231 860 1562
70 76 227 861 1563
121 13 225 861 1563
358 530 233 861 1563
589 878 226 861 1563
589 879 223 862 1564
484 8 223 863 1565
589 880 229 863 1565
589 881 222 864 1566
534 877 225 865 1567
98 869 222 865 1567
589 882 237 865 1567
495 860 229 866 1568
463 71 223 866 1568
589 883 232 866 1568
589 884 224 867 1569
589 885 235 868 1570
589 886 237 869 1571
589 887 241 870 1572
589 888 233 871 1573
302 884 223 871 1573
589 889 223 872 1574
302 885 225 872 1574
589 895 223 878 1580
302 895 221 882 1584
589 901 228 884 1586
589 902 247 885 1587
589 903 238 886 1588
589 904 222 887 1589
589 905 227 888 1590
589 906 227 889 1591
589 907 227 890 1592
589 908 233 891 1593
589 909 221 892 1594
589 910 239 893 1595
217 905 224 894 1596
589 911 237 894 1596
589 912 239 895 1597
589 913 237 896 1598
589 914 226 897 1599
589 915 224 898 1600
589 916 227 899 1601
589 917 221 900 1602
589 918 233 901 1603
589 921 231 904 1606
217 916 225 905 1607
589 922 223 905 1607
217 917 227 906 1608
638 900 224 906 1608
589 923 228 906 1608
589 925 242 908 1610
589 926 227 909 1611
589 927 231 910 1612
589 928 225 911 1613
589 929 239 912 1614
589 930 240 913 1615
589 931 228 914 1616
322 921 222 924 1626
401 27 225 926 1628
177 10 231 927 1629
401 28 221 927 1629
294 33 226 927 1629
401 29 229 928 1630
363 363 227 929 1631
249 291 221 929 1631
249 292 225 931 1633
397 312 227 931 1633
424 947 223 931 1633
281 135 222 933 1635
397 315 230 934 1636
424 950 225 934 1636
397 317 231 936 1638
397 321 225 940 1642
177 29 229 946 1648
507 144 221 950 1652
177 33 224 950 1652
397 337 225 956 1658
507 150 234 956 1658
72 29 233 956 1658
507 151 224 957 1659
177 40 245 957 1659
177 41 225 958 1660
177 42 239 959 1661
249 321 224 960 1662
72 33 223 960 1662
177 43 229 960 1662
397 342 225 961 1663
72 34 222 961 1663
177 44 227 961 1663
72 35 221 962 1664
177 45 233 962 1664
397 344 223 962 1664
177 46 237 963 1665
72 37 222 964 1666
177 47 237 964 1666
646 954 231 964 1666
72 38 226 965 1667
177 48 233 965 1667
646 955 225 965 1667
177 49 226 966 1668
646 956 221 966 1668
177 50 232 967 1669
363 401 233 967 1669
646 957 227 967 1669
72 41 221 968 1670
177 51 231 968 1670
363 402 231 968 1670
646 958 225 968 1670
397 350 222 969 1671
177 52 229 969 1671
646 959 235 969 1671
72 46 221 973 1675
72 47 222 974 1676
397 357 221 976 1678
177 71 232 988 1690
397 374 221 993 1695
397 375 224 994 1696
646 985 221 996 1698
646 986 224 997 1699
72 73 226 1000 1702
177 83 227 1000 1702
646 991 224 1002 1704
424 28 221 1005 1707
177 88 226 1005 1707
177 89 233 1006 1708
397 388 225 1007 1709
646 996 224 1007 1709
177 90 225 1007 1709
177 91 227 1008 1710
177 92 221 1009 1711
177 93 233 1010 1712
177 94 223 1011 1713
646 1001 223 1012 1714
72 85 221 1012 1714
363 446 221 1012 1714
646 1002 227 1013 1715
72 86 227 1013 1715
177 98 222 1015 1717
397 397 221 1016 1718
177 99 227 1016 1718
177 100 225 1017 1719
177 101 225 1018 1720
397 400 224 1019 1721
363 453 222 1019 1721
177 102 235 1019 1721
728 861 223 1020 1722
728 862 221 1021 1723
177 104 228 1021 1723
72 95 221 1022 1724
397 404 224 1023 1725
72 96 222 1023 1725
177 106 237 1023 1725
72 97 223 1024 1726
177 107 228 1024 1726
646 1015 223 1026 1728
72 100 226 1027 1729
397 410 221 1029 1731
72 102 223 1029 1731
397 412 226 1031 1733
397 414 225 1033 1735
177 116 237 1033 1735
397 415 221 1034 1736
646 1023 223 1034 1736
363 468 221 1034 1736
397 416 225 1035 1737
177 118 227 1035 1737
397 417 223 1036 1738
177 119 244 1036 1738
397 418 223 1037 1739
177 120 247 1037 1739
397 419 223 1038 1740
646 1027 225 1038 1740
424 61 222 1038 1740
363 472 222 1038 1740
397 421 221 1040 1742
646 1029 221 1040 1742
72 113 223 1040 1742
363 474 221 1040 1742
397 422 222 1041 1743
363 475 223 1041 1743
72 115 222 1042 1744
72 116 224 1043 1745
177 127 224 1044 1746
177 128 223 1045 1747
646 1035 224 1046 1748
646 1036 225 1047 1749
177 130 227 1047 1749
72 120 229 1047 1749
177 131 226 1048 1750
177 132 223 1049 1751
72 125 223 1052 1754
177 136 226 1053 1755
177 138 221 1055 1757
177 140 221 1057 1759
177 141 224 1058 1760
177 142 225 1059 1761
177 143 223 1060 1762
363 495 225 1061 1763
177 144 233 1061 1763
397 443 221 1062 1764
363 496 227 1062 1764
177 145 239 1062 1764
72 135 233 1062 1764
72 136 226 1063 1765
177 146 225 1063 1765
177 147 245 1064 1766
72 137 223 1064 1766
177 148 233 1065 1767
72 138 227 1065 1767
507 260 226 1066 1768
363 500 228 1066 1768
72 139 229 1066 1768
177 149 221 1066 1768
728 907 221 1066 1768
646 1056 222 1067 1769
424 90 221 1067 1769
507 261 225 1067 1769
728 908 223 1067 1769
424 91 223 1068 1770
646 1058 222 1069 1771
72 142 222 1069 1771
177 152 254 1069 1771
177 153 246 1070 1772
177 154 239 1071 1773
646 1061 227 1072 1774
363 506 226 1072 1774
177 155 248 1072 1774
363 507 232 1073 1775
72 146 222 1073 1775
177 157 248 1074 1776
397 457 221 1076 1778
424 99 221 1076 1778
72 151 225 1078 1780
72 152 225 1079 1781
177 164 233 1081 1783
646 1072 221 1083 1785
177 166 237 1083 1785
177 168 234 1085 1787
363 520 224 1086 1788
177 170 223 1087 1789
177 171 237 1088 1790
177 172 235 1089 1791
177 173 247 1090 1792
363 525 222 1091 1793
177 174 227 1091 1793
397 473 222 1092 1794
177 175 237 1092 1794
728 933 225 1093 1795
177 176 234 1093 1795
424 3 222 1093 1795
363 528 222 1094 1796
72 167 225 1094 1796
177 177 224 1094 1796
72 168 222 1095 1797
177 179 244 1096 1798
72 170 228 1097 1799
177 180 241 1097 1799
252 156 221 1098 1800
177 181 225 1098 1800
646 1088 229 1098 1800
177 182 239 1099 1801
177 183 235 1100 1802
177 184 223 1101 1803
177 188 246 1105 1807
177 189 223 1106 1808
177 190 221 1107 1809
177 191 229 1108 1810
177 193 229 1110 1812
177 197 245 1114 1816
