659 1 223 0 694
699 1 223 0 694
745 3 233 0 694
456 1 225 1 695
669 1 225 1 695
699 2 223 1 695
745 4 237 1 695
456 2 226 2 696
669 2 227 2 696
662 2 226 2 696
699 3 221 2 696
745 5 231 2 696
659 4 221 3 697
669 3 227 3 697
745 6 225 3 697
745 7 222 4 698
669 5 223 5 699
745 8 227 5 699
745 9 225 6 700
669 7 221 7 701
745 11 222 8 702
155 3 221 9 703
669 9 221 9 703
745 12 227 9 703
155 4 225 10 704
662 10 221 10 704
745 13 230 10 704
456 11 226 11 705
745 14 237 11 705
745 15 226 12 706
745 16 228 13 707
124 2 221 14 708
456 15 228 15 709
662 16 221 16 710
155 11 225 17 711
745 20 225 17 711
745 21 222 18 712
669 20 225 20 714
431 3 226 20 714
669 21 225 21 715
699 22 223 21 715
669 22 227 22 716
431 5 225 22 716
669 23 221 23 717
745 26 225 23 717
124 12 221 24 718
456 24 225 24 718
669 24 223 24 718
431 7 221 24 718
745 27 222 24 718
669 25 225 25 719
662 25 223 25 719
456 26 227 26 720
662 26 224 26 720
669 26 222 26 720
745 29 225 26 720
124 15 223 27 721
456 27 224 27 721
669 27 224 27 721
745 30 225 27 721
659 29 223 28 722
456 28 223 28 722
669 28 223 28 722
124 17 221 29 723
456 29 223 29 723
669 29 223 29 723
431 12 233 29 723
745 32 225 29 723
669 30 224 30 724
431 13 241 30 724
745 33 223 30 724
456 31 222 31 725
431 14 239 31 725
431 15 243 32 726
431 16 236 33 727
431 17 243 34 728
124 23 223 35 729
431 18 243 35 729
655 16 235 35 729
745 38 225 35 729
124 24 223 36 730
431 19 241 36 730
745 39 227 36 730
431 20 241 37 731
669 37 221 37 731
745 40 227 37 731
350 43 222 37 731
124 26 221 38 732
431 21 246 38 732
669 38 222 38 732
456 38 234 38 732
745 41 222 38 732
659 40 222 39 733
124 27 221 39 733
431 22 243 39 733
669 39 221 39 733
456 39 237 39 733
124 28 221 40 734
431 23 241 40 734
456 40 235 40 734
745 43 235 40 734
431 24 238 41 735
456 41 228 41 735
431 25 241 42 736
456 42 226 42 736
431 26 241 43 737
456 43 230 43 737
745 46 226 43 737
431 27 241 44 738
669 44 241 44 738
456 44 225 44 738
745 47 237 44 738
431 28 241 45 739
431 29 240 46 740
669 46 222 46 740
745 49 234 46 740
431 30 235 47 741
669 47 221 47 741
745 50 221 47 741
431 31 236 48 742
669 48 227 48 742
456 48 221 48 742
745 51 223 48 742
431 32 240 49 743
669 49 227 49 743
456 49 225 49 743
745 52 235 49 743
431 33 247 50 744
669 50 225 50 744
456 50 221 50 744
431 34 227 51 745
456 51 221 51 745
699 52 223 51 745
745 54 226 51 745
431 35 237 52 746
669 52 221 52 746
431 36 227 53 747
124 42 224 54 748
431 37 231 54 748
669 54 222 54 748
456 54 233 54 748
745 57 225 54 748
431 38 239 55 749
456 55 221 55 749
431 39 225 56 750
699 57 221 56 750
745 59 224 56 750
431 40 227 57 751
456 57 233 57 751
431 41 239 58 752
456 58 225 58 752
431 42 239 59 753
669 59 225 59 753
456 60 221 60 754
431 44 225 61 755
456 61 227 61 755
431 45 228 62 756
456 62 227 62 756
699 63 232 62 756
431 46 227 63 757
669 63 221 63 757
456 63 221 63 757
431 47 227 64 758
745 67 230 64 758
431 48 231 65 759
456 65 237 65 759
745 68 229 65 759
431 49 243 66 760
456 66 235 66 760
155 60 221 66 760
745 69 227 66 760
431 50 240 67 761
456 67 226 67 761
155 61 225 67 761
745 70 227 67 761
431 51 239 68 762
662 68 225 68 762
745 71 223 68 762
431 52 240 69 763
456 69 225 69 763
431 53 225 70 764
456 70 227 70 764
431 54 234 71 765
669 71 225 71 765
456 71 223 71 765
431 55 241 72 766
669 72 221 72 766
456 72 227 72 766
662 73 221 73 767
456 73 226 73 767
431 57 229 74 768
669 74 221 74 768
456 74 223 74 768
124 63 221 75 769
431 58 239 75 769
662 75 222 75 769
456 75 231 75 769
431 59 237 76 770
124 64 225 76 770
662 76 223 76 770
124 65 221 77 771
431 60 236 77 771
662 77 233 77 771
745 80 235 77 771
431 61 238 78 772
456 78 225 78 772
124 67 222 79 773
669 79 226 79 773
745 82 231 79 773
431 63 227 80 774
669 80 224 80 774
662 80 235 80 774
699 81 223 80 774
745 83 221 80 774
124 69 222 81 775
669 81 226 81 775
659 82 225 81 775
456 81 237 81 775
669 82 231 82 776
456 82 224 82 776
155 76 223 82 776
19 79 223 83 777
713 81 234 83 777
244 79 228 83 777
123 65 222 83 777
230 63 227 83 777
420 55 226 83 777
171 39 225 83 777
496 76 227 83 777
19 80 225 84 778
329 20 222 85 779
431 68 227 85 779
552 83 227 85 779
522 88 227 85 779
420 57 223 85 779
431 69 243 86 780
584 20 221 86 780
499 34 227 86 780
186 76 224 87 781
738 23 231 87 781
366 24 223 87 781
421 90 225 87 781
307 89 221 87 781
193 76 221 88 782
773 14 229 88 782
393 83 224 88 782
440 84 221 88 782
405 21 221 88 782
10 34 226 89 783
230 69 221 89 783
12 91 225 89 783
516 89 221 89 783
185 93 225 90 784
19 86 225 90 784
773 16 227 90 784
350 96 226 90 784
10 36 243 90 784
773 17 222 91 785
350 97 223 91 785
10 37 231 92 786
773 18 223 92 786
774 97 229 92 786
350 98 225 92 786
10 38 229 93 787
208 98 223 93 787
112 78 227 93 787
350 99 229 93 787
294 92 227 94 788
773 20 224 94 788
384 98 221 94 788
112 80 221 95 789
350 101 221 95 789
10 41 223 95 789
294 94 227 96 790
773 22 221 96 790
350 102 222 96 790
712 97 221 98 792
10 43 227 98 792
641 78 222 98 792
10 44 221 99 793
19 95 238 99 793
350 105 226 99 793
712 99 221 100 794
294 98 221 100 794
19 96 225 100 794
641 80 221 100 794
774 105 229 100 794
350 106 225 100 794
712 100 224 101 795
19 97 229 101 795
641 81 223 101 795
19 98 221 102 796
641 82 221 102 796
774 107 222 102 796
426 78 225 102 796
19 99 221 103 797
774 108 222 103 797
294 102 221 104 798
19 100 227 104 798
641 84 221 104 798
774 109 225 104 798
335 105 221 104 798
223 104 227 105 799
774 110 229 105 799
712 105 222 106 800
208 111 225 106 800
5 108 221 106 800
223 105 223 106 800
384 110 221 106 800
774 111 230 106 800
774 112 230 107 801
516 107 221 107 801
10 53 222 108 802
712 107 221 108 802
19 104 235 108 802
774 113 232 108 802
426 84 221 108 802
19 105 231 109 803
208 114 221 109 803
5 111 222 109 803
774 114 233 109 803
516 109 221 109 803
712 109 221 110 804
294 108 221 110 804
5 112 223 110 804
223 109 221 110 804
774 115 228 110 804
426 86 224 110 804
712 110 222 111 805
294 109 226 111 805
19 107 225 111 805
516 111 222 111 805
10 57 223 112 806
19 108 225 112 806
774 117 222 112 806
19 109 224 113 807
743 28 222 113 807
230 93 221 113 807
10 59 222 114 808
294 112 221 114 808
10 60 223 115 809
19 111 225 115 809
350 121 221 115 809
19 112 232 116 810
774 121 221 116 810
19 113 225 117 811
208 122 221 117 811
223 116 221 117 811
658 120 221 117 811
294 116 221 118 812
19 114 221 118 812
223 117 221 118 812
208 124 222 119 813
294 118 221 120 814
19 116 226 120 814
208 125 225 120 814
208 127 225 122 816
658 125 225 122 816
350 128 227 122 816
774 127 223 122 816
426 98 223 122 816
102 118 222 123 817
641 103 225 123 817
19 119 235 123 817
743 38 225 123 817
405 56 221 123 817
658 126 225 123 817
10 69 225 123 817
641 104 221 124 818
743 39 223 124 818
440 120 221 124 818
112 109 222 124 818
350 130 226 124 818
101 109 221 124 818
19 121 225 125 819
658 128 226 125 819
350 131 229 125 819
101 110 225 125 819
208 131 221 126 820
350 132 227 126 820
101 111 222 126 820
10 72 221 127 821
19 123 223 127 821
223 126 224 127 821
658 130 223 127 821
350 133 226 127 821
516 127 226 127 821
101 112 226 127 821
10 73 221 128 822
712 127 223 128 822
102 123 221 128 822
101 113 225 128 822
10 74 223 129 823
712 128 224 129 823
19 125 231 129 823
679 135 221 129 823
5 131 221 129 823
208 134 223 129 823
658 132 227 129 823
101 114 227 129 823
102 125 223 130 824
19 126 221 130 824
230 110 221 130 824
5 132 221 130 824
658 133 225 130 824
101 115 225 130 824
10 76 221 130 824
294 129 221 131 825
712 130 223 131 825
19 127 227 131 825
10 77 221 132 826
712 131 227 132 826
102 127 228 132 826
223 131 221 132 826
350 138 221 132 826
46 125 222 132 826
10 78 222 133 827
712 132 227 133 827
679 139 222 133 827
712 133 230 134 828
19 130 223 134 828
516 134 223 134 828
10 80 222 135 829
712 134 227 135 829
712 135 227 136 830
19 132 229 136 830
101 121 221 136 830
712 136 224 137 831
330 83 222 137 831
19 135 225 139 833
658 142 221 139 833
294 138 223 140 834
19 136 225 140 834
516 140 223 140 834
19 137 223 141 835
230 121 221 141 835
426 117 221 141 835
437 99 225 142 836
294 140 224 142 836
112 127 230 142 836
223 141 222 142 836
350 148 221 142 836
712 142 225 143 837
19 139 223 143 837
112 128 222 143 837
426 119 225 144 838
294 142 221 144 838
712 143 221 144 838
112 129 223 144 838
658 147 229 144 838
774 149 223 144 838
294 143 231 145 839
679 151 223 145 839
658 148 229 145 839
774 150 225 145 839
12 148 226 146 840
208 151 221 146 840
426 122 227 147 841
101 131 225 147 841
102 142 227 147 841
384 151 235 147 841
774 152 228 147 841
516 147 227 147 841
426 123 223 148 842
10 93 227 148 842
294 146 225 148 842
641 128 231 148 842
139 132 221 148 842
19 144 233 148 842
440 144 235 148 842
12 150 221 148 842
112 133 227 148 842
223 147 227 148 842
660 138 224 148 842
774 153 221 148 842
294 147 222 149 843
230 129 225 149 843
223 148 221 149 843
335 150 222 149 843
774 154 223 149 843
516 149 221 149 843
294 148 225 150 844
19 146 222 150 844
10 96 227 151 845
294 149 223 151 845
230 131 227 151 845
112 136 221 151 845
223 150 221 151 845
350 157 223 151 845
774 156 221 151 845
10 97 227 152 846
19 148 221 152 846
230 132 225 152 846
112 137 222 152 846
208 157 225 152 846
426 128 221 152 846
10 98 225 153 847
641 133 221 153 847
440 149 221 153 847
230 133 229 153 847
208 158 225 153 847
774 158 221 153 847
426 129 221 153 847
10 99 231 154 848
712 153 222 154 848
19 150 227 154 848
230 134 231 154 848
112 139 221 154 848
774 159 222 154 848
10 100 227 155 849
712 154 221 155 849
102 150 221 155 849
294 153 221 155 849
19 151 224 155 849
230 135 227 155 849
112 140 223 155 849
774 160 223 155 849
712 155 222 156 850
102 151 221 156 850
641 136 221 156 850
223 155 225 156 850
5 158 221 156 850
10 102 221 157 851
101 141 227 157 851
19 153 225 157 851
223 156 225 157 851
19 154 229 158 852
230 138 237 158 852
743 73 223 158 852
5 160 221 158 852
335 159 221 158 852
101 143 227 159 853
230 139 229 159 853
350 165 223 159 853
101 144 225 160 854
773 86 221 160 854
5 162 225 160 854
350 166 225 160 854
712 160 227 161 855
661 14 224 161 855
405 94 221 161 855
12 7 224 161 855
350 167 223 161 855
774 166 229 161 855
10 107 224 162 856
712 161 227 162 856
19 158 221 162 856
230 142 225 162 856
208 167 221 162 856
516 162 223 162 856
774 167 227 162 856
712 162 227 163 857
641 143 221 163 857
743 78 221 163 857
350 169 227 163 857
516 163 224 163 857
712 163 227 164 858
661 17 225 164 858
19 160 225 164 858
774 169 221 164 858
712 164 226 165 859
101 149 222 165 859
661 18 221 165 859
350 171 233 165 859
19 162 221 166 860
230 146 222 166 860
5 168 223 166 860
350 172 227 166 860
10 112 221 167 861
102 162 221 167 861
294 165 221 167 861
19 163 225 167 861
112 152 221 167 861
743 82 221 167 861
384 171 221 167 861
5 169 223 167 861
46 160 221 167 861
516 167 221 167 861
774 172 223 168 862
712 167 223 168 862
102 163 224 168 862
10 113 225 168 862
641 148 226 168 862
294 166 221 168 862
19 164 223 168 862
112 153 222 168 862
743 83 221 168 862
223 167 222 168 862
5 170 226 168 862
774 173 225 169 863
294 167 221 169 863
5 171 224 169 863
405 102 223 169 863
658 172 221 169 863
774 174 223 169 863
101 154 223 170 864
294 168 225 170 864
19 166 221 170 864
743 85 227 170 864
223 169 221 170 864
5 172 225 170 864
405 103 222 170 864
12 16 222 170 864
712 170 223 171 865
101 155 224 171 865
19 167 223 171 865
743 86 225 171 865
223 170 233 171 865
335 172 221 171 865
350 177 227 171 865
658 174 221 171 865
516 171 222 171 865
712 171 224 172 866
102 167 221 172 866
101 156 225 172 866
19 168 229 172 866
743 87 225 172 866
112 157 223 172 866
223 171 235 172 866
5 174 221 172 866
335 173 221 172 866
350 178 223 172 866
774 177 225 172 866
712 172 226 173 867
102 168 223 173 867
661 26 223 173 867
641 153 221 173 867
19 169 227 173 867
743 88 225 173 867
112 158 223 173 867
223 172 224 173 867
335 174 221 173 867
405 106 222 173 867
350 179 223 173 867
712 173 223 174 868
102 169 225 174 868
641 154 222 174 868
743 89 225 174 868
19 170 233 174 868
208 179 224 174 868
350 180 227 174 868
774 179 224 174 868
102 170 221 175 869
743 90 221 175 869
19 171 221 175 869
350 181 227 175 869
774 180 223 175 869
102 171 222 176 870
10 121 223 176 870
641 156 221 176 870
223 175 221 176 870
208 181 223 176 870
350 182 221 176 870
101 161 230 177 871
19 173 223 177 871
350 183 221 177 871
102 173 221 178 872
101 162 224 178 872
10 123 221 178 872
112 163 224 178 872
223 177 221 178 872
350 184 223 178 872
101 163 228 179 873
102 174 226 179 873
208 184 224 179 873
350 185 234 179 873
101 164 221 180 874
19 176 221 180 874
223 179 221 180 874
12 3 221 180 874
208 185 223 180 874
350 186 231 180 874
102 176 221 181 875
661 34 221 181 875
294 179 223 181 875
350 187 226 181 875
101 166 223 182 876
10 127 222 182 876
661 35 221 182 876
294 180 227 182 876
350 188 227 182 876
101 167 225 183 877
661 36 222 183 877
19 179 226 183 877
350 189 230 183 877
230 164 221 184 878
223 183 221 184 878
350 190 221 184 878
101 169 225 185 879
661 38 221 185 879
350 191 227 185 879
516 185 223 185 879
101 170 229 186 880
294 184 222 186 880
350 192 225 186 880
101 171 225 187 881
294 185 221 187 881
208 192 221 187 881
350 193 233 187 881
101 172 231 188 882
19 184 227 188 882
208 193 221 188 882
350 194 231 188 882
101 173 233 189 883
102 184 221 189 883
19 185 221 189 883
101 174 231 190 884
350 196 225 190 884
101 175 229 191 885
102 186 221 191 885
294 189 221 191 885
10 136 221 191 885
101 176 223 192 886
10 137 223 192 886
208 197 225 192 886
350 198 221 192 886
516 192 221 192 886
712 192 221 193 887
294 191 222 193 887
743 108 223 193 887
208 198 222 193 887
774 198 223 193 887
102 189 223 194 888
19 190 221 194 888
101 179 227 195 889
294 193 224 195 889
223 194 221 195 889
774 200 223 195 889
101 180 231 196 890
350 202 222 196 890
101 181 225 197 891
102 192 223 197 891
101 182 228 198 892
102 193 223 198 892
12 21 221 198 892
350 204 228 198 892
101 183 227 199 893
350 205 225 199 893
101 184 225 200 894
712 201 222 202 896
712 202 221 203 897
774 208 223 203 897
712 203 222 204 898
10 149 221 204 898
712 204 221 205 899
230 185 221 205 899
774 210 226 206 900
10 151 223 206 900
743 121 221 206 900
712 206 225 207 901
10 152 226 207 901
774 212 233 208 902
10 153 225 208 902
658 211 221 208 902
350 214 223 208 902
774 213 233 209 903
743 124 221 209 903
294 207 221 209 903
774 214 231 209 903
774 215 227 210 904
350 217 221 211 905
774 216 228 211 905
230 192 225 212 906
223 211 221 212 906
350 218 223 212 906
774 217 231 212 906
712 212 223 213 907
102 208 223 213 907
19 209 226 213 907
350 219 224 213 907
208 218 227 213 907
774 218 234 213 907
101 198 221 214 908
230 194 221 214 908
19 210 226 214 908
350 220 231 214 908
230 195 222 215 909
350 221 227 215 909
208 220 225 215 909
712 215 223 216 910
102 211 223 216 910
350 222 224 216 910
712 216 227 217 911
101 201 222 217 911
743 132 221 217 911
19 213 234 217 911
208 222 221 217 911
712 217 227 218 912
743 133 221 218 912
350 224 226 218 912
774 223 222 218 912
101 203 221 219 913
19 215 227 219 913
774 224 231 219 913
10 165 221 220 914
102 215 221 220 914
350 226 221 220 914
774 225 233 220 914
10 166 221 221 915
773 147 221 221 915
774 226 222 222 916
641 202 223 222 916
19 218 221 222 916
230 202 224 222 916
350 228 238 222 916
774 227 227 223 917
208 227 221 223 917
350 229 225 223 917
774 228 225 224 918
10 169 221 224 918
102 219 221 224 918
19 220 222 224 918
426 200 221 224 918
774 229 225 224 918
208 229 221 225 919
10 170 221 225 919
19 221 221 225 919
350 231 234 225 919
774 230 227 225 919
516 225 222 226 920
101 210 221 226 920
19 222 225 226 920
350 232 238 226 920
774 231 225 226 920
19 223 223 227 921
350 233 238 227 921
774 232 225 227 921
101 212 225 228 922
641 208 221 228 922
350 234 227 228 922
774 233 227 228 922
10 174 223 229 923
101 213 225 229 923
19 225 225 229 923
774 234 224 229 923
101 214 221 230 924
19 226 221 230 924
350 236 233 230 924
774 235 232 230 924
10 176 223 231 925
774 236 221 231 925
294 230 224 232 926
19 228 221 232 926
223 231 221 232 926
350 238 221 232 926
774 237 225 233 927
743 148 223 233 927
294 231 223 233 927
19 229 223 233 927
774 238 225 233 927
208 238 223 234 928
743 149 225 234 928
19 230 223 234 928
658 237 221 234 928
774 239 223 235 929
208 239 227 235 929
743 150 222 235 929
19 231 227 235 929
12 13 221 235 929
774 240 225 236 930
10 181 227 236 930
101 220 223 236 930
19 232 237 236 930
350 242 221 236 930
774 241 231 236 930
19 233 223 237 931
350 243 225 237 931
12 15 223 237 931
774 242 227 238 932
102 233 221 238 932
19 234 223 238 932
774 243 230 239 933
774 244 225 240 934
774 245 227 241 935
774 246 227 242 936
5 244 221 242 936
774 247 225 243 937
208 247 221 243 937
350 249 228 243 937
774 248 227 244 938
208 248 222 244 938
743 159 221 244 938
774 249 236 245 939
10 190 226 245 939
101 229 221 245 939
102 240 223 245 939
335 246 221 245 939
350 251 225 245 939
774 250 233 246 940
102 241 222 246 940
19 242 231 246 940
658 249 222 246 940
335 247 225 246 940
350 252 225 246 940
774 251 227 247 941
208 251 227 247 941
102 242 223 247 941
440 243 223 247 941
19 243 233 247 941
335 248 223 247 941
350 253 225 247 941
208 252 227 248 942
774 252 232 248 942
102 243 223 248 942
774 253 229 249 943
208 253 230 249 943
102 244 224 249 943
112 234 223 249 943
350 255 221 249 943
208 254 221 250 944
350 258 227 252 946
12 30 225 252 946
774 257 225 253 947
208 257 221 253 947
19 249 227 253 947
350 259 224 253 947
774 258 223 254 948
10 199 221 254 948
440 250 221 254 948
19 250 229 254 948
335 255 222 254 948
774 259 221 255 949
10 200 221 255 949
230 235 221 255 949
19 251 221 255 949
350 261 226 255 949
774 260 223 256 950
10 201 223 256 950
350 262 221 256 950
774 261 227 257 951
102 252 221 257 951
19 253 224 257 951
350 263 231 257 951
774 262 227 258 952
774 263 224 259 953
19 255 222 259 953
350 265 223 259 953
774 264 235 260 954
208 264 221 260 954
712 259 221 260 954
10 205 221 260 954
350 266 225 260 954
10 206 227 261 955
19 257 221 261 955
350 267 225 261 955
774 266 227 262 956
208 266 221 262 956
10 207 225 262 956
5 264 221 262 956
658 265 221 262 956
350 268 222 262 956
774 267 227 263 957
208 267 221 263 957
10 208 225 263 957
5 265 223 263 957
641 243 221 263 957
774 268 230 264 958
208 268 225 264 958
10 209 227 264 958
350 270 221 264 958
208 270 225 266 960
774 270 232 266 960
223 265 221 266 960
19 262 225 266 960
774 271 231 267 961
19 263 227 267 961
774 272 222 268 962
102 263 224 268 962
12 46 221 268 962
712 268 221 269 963
774 273 224 269 963
102 264 221 269 963
5 271 221 269 963
112 255 221 270 964
712 270 222 271 965
208 275 227 271 965
294 269 222 271 965
350 277 222 271 965
19 267 231 271 965
12 49 229 271 965
712 271 225 272 966
208 276 226 272 966
774 276 222 272 966
393 20 221 272 966
10 217 227 272 966
101 256 222 272 966
773 198 227 272 966
102 267 222 272 966
112 257 221 272 966
335 273 223 272 966
426 248 221 273 967
774 277 222 273 967
208 277 225 273 967
101 257 223 273 967
773 199 222 273 967
112 258 221 273 967
19 269 226 273 967
335 274 221 273 967
516 273 221 274 968
208 278 224 274 968
101 258 221 274 968
102 269 223 274 968
223 273 227 274 968
350 280 222 274 968
19 270 221 274 968
774 279 221 275 969
10 220 221 275 969
102 270 223 275 969
350 281 225 275 969
712 275 222 276 970
208 280 229 276 970
19 272 223 276 970
350 283 223 277 971
10 223 223 278 972
350 285 223 279 973
19 275 223 279 973
12 57 223 279 973
335 280 225 279 973
208 284 229 280 974
101 264 221 280 974
294 278 224 280 974
223 279 231 280 974
350 286 225 280 974
774 285 223 281 975
712 280 225 281 975
208 285 223 281 975
773 207 225 281 975
101 265 222 281 975
223 280 221 281 975
350 287 231 281 975
774 286 231 282 976
208 286 225 282 976
712 281 225 282 976
712 282 222 283 977
712 284 223 285 979
350 291 222 285 979
774 290 223 286 980
712 286 225 287 981
350 293 225 287 981
774 292 221 288 982
712 287 221 288 982
19 284 226 288 982
774 293 222 289 983
712 288 221 289 983
10 234 224 289 983
102 284 222 289 983
101 273 224 289 983
774 294 227 290 984
208 294 223 290 984
10 235 226 290 984
294 288 221 290 984
223 289 222 290 984
773 217 221 291 985
294 289 225 291 985
774 296 221 292 986
208 296 225 292 986
773 218 231 292 986
774 297 227 293 987
294 291 221 293 987
223 292 223 293 987
350 299 225 293 987
774 298 221 294 988
10 239 222 294 988
101 278 221 294 988
774 299 225 295 989
208 299 226 295 989
10 240 221 295 989
101 279 221 295 989
223 294 223 295 989
19 291 226 295 989
208 300 233 296 990
19 292 228 296 990
10 242 223 297 991
223 296 221 297 991
350 304 221 298 992
294 297 225 299 993
350 305 221 299 993
774 304 222 300 994
10 245 223 300 994
350 306 223 300 994
426 276 223 301 995
774 305 229 301 995
516 300 225 301 995
10 246 223 301 995
101 285 223 301 995
19 297 223 301 995
774 306 225 302 996
19 298 221 302 996
774 307 223 303 997
743 218 222 303 997
350 309 224 303 997
774 308 226 304 998
208 308 222 304 998
10 249 223 304 998
223 303 223 304 998
19 300 224 304 998
774 309 225 305 999
516 304 225 305 999
10 250 222 305 999
294 303 224 305 999
774 310 221 306 1000
10 251 223 306 1000
230 286 221 306 1000
294 304 221 306 1000
223 305 221 306 1000
10 252 226 307 1001
743 222 224 307 1001
223 306 221 307 1001
350 313 223 307 1001
774 312 224 308 1002
10 253 225 308 1002
102 303 222 308 1002
223 307 225 308 1002
350 314 223 308 1002
774 313 225 309 1003
516 308 221 309 1003
10 254 223 309 1003
223 308 221 309 1003
294 307 223 309 1003
350 315 224 309 1003
774 314 223 309 1003
10 255 223 310 1004
294 308 223 310 1004
350 316 223 310 1004
774 315 223 310 1004
208 315 221 311 1005
440 2 221 311 1005
641 291 223 311 1005
350 317 227 311 1005
774 316 227 311 1005
208 316 227 312 1006
10 257 229 312 1006
335 313 221 312 1006
774 317 226 312 1006
208 317 221 313 1007
641 293 224 313 1007
350 319 223 313 1007
516 313 221 313 1007
10 259 225 314 1008
384 318 221 314 1008
101 298 221 314 1008
350 320 228 314 1008
335 315 223 314 1008
516 314 222 314 1008
774 319 224 314 1008
208 319 222 315 1009
10 260 227 315 1009
102 310 223 315 1009
350 321 225 315 1009
19 311 229 315 1009
335 316 221 315 1009
102 311 221 316 1010
294 314 221 316 1010
139 300 221 316 1010
350 322 223 316 1010
335 317 223 316 1010
774 321 225 316 1010
208 321 229 317 1011
10 262 229 317 1011
773 243 221 317 1011
102 312 229 317 1011
661 170 222 317 1011
223 316 229 317 1011
294 315 223 317 1011
330 263 221 317 1011
350 323 231 317 1011
232 273 227 317 1011
19 313 226 317 1011
658 320 223 317 1011
516 317 221 317 1011
102 313 223 318 1012
641 298 230 318 1012
294 316 221 318 1012
139 302 221 318 1012
330 264 223 318 1012
350 324 227 318 1012
335 319 231 318 1012
516 318 224 318 1012
208 323 228 319 1013
440 10 222 319 1013
10 264 239 319 1013
102 314 225 319 1013
101 303 227 319 1013
350 325 222 319 1013
19 315 225 319 1013
774 324 225 319 1013
223 319 224 320 1014
350 326 229 320 1014
335 321 226 320 1014
516 320 221 320 1014
774 325 222 320 1014
208 325 229 321 1015
641 301 226 321 1015
671 332 229 322 1016
177 327 223 323 1017
99 55 231 323 1017
208 328 239 324 1018
302 329 221 324 1018
440 15 239 324 1018
365 3 227 324 1018
294 322 223 324 1018
481 83 224 324 1018
99 56 228 324 1018
671 334 229 324 1018
208 329 233 325 1019
290 329 225 325 1019
529 201 245 325 1019
356 4 227 325 1019
659 326 226 325 1019
263 141 222 325 1019
82 258 221 325 1019
130 321 223 325 1019
547 330 227 326 1020
361 331 223 326 1020
754 324 235 326 1020
422 319 223 327 1021
75 20 225 327 1021
116 335 225 327 1021
361 332 238 327 1021
185 331 225 328 1022
529 204 225 328 1022
423 320 227 328 1022
590 334 223 332 1026
317 332 222 332 1026
455 335 225 332 1026
317 333 225 333 1027
317 334 228 334 1028
317 335 229 335 1029
317 336 229 336 1030
455 339 221 336 1030
317 337 235 337 1031
421 340 221 338 1032
317 338 228 338 1032
317 339 237 339 1033
478 368 221 365 1059
455 379 221 376 1070
317 376 225 376 1070
317 377 223 377 1071
317 378 221 378 1072
478 382 225 379 1073
317 379 225 379 1073
478 383 221 380 1074
317 380 224 380 1074
317 383 221 383 1077
317 385 222 385 1079
421 388 221 385 1079
317 387 225 387 1081
317 388 221 388 1082
421 391 221 388 1082
317 389 227 389 1083
478 393 221 390 1084
317 390 231 390 1084
317 391 230 391 1085
478 395 224 392 1086
317 392 228 392 1086
317 393 226 393 1087
317 394 233 394 1088
317 395 228 395 1089
317 396 223 396 1090
421 399 227 397 1091
317 397 223 397 1091
317 398 227 398 1092
421 401 225 399 1093
421 403 221 401 1095
421 405 221 403 1097
478 406 221 403 1097
317 403 227 403 1097
317 405 222 405 1099
421 412 221 410 1104
317 410 230 410 1104
767 410 221 410 1104
478 414 229 411 1105
317 411 233 411 1105
478 415 221 412 1106
317 412 224 412 1106
317 413 233 413 1107
421 416 226 414 1108
478 417 223 414 1108
317 414 228 414 1108
317 415 222 415 1109
767 415 221 415 1109
390 411 223 415 1109
421 418 245 416 1110
455 419 235 416 1110
317 416 237 416 1110
712 416 221 416 1110
421 419 225 417 1111
421 420 221 418 1112
317 418 237 418 1112
767 418 221 418 1112
390 414 223 418 1112
317 419 233 419 1113
767 419 225 419 1113
421 422 227 419 1113
455 423 221 420 1114
317 420 232 420 1114
455 424 221 421 1115
317 421 241 421 1115
455 425 222 422 1116
317 422 241 422 1116
317 423 241 423 1117
317 424 241 424 1118
317 425 241 425 1119
317 426 240 426 1120
317 427 231 427 1121
317 428 221 428 1122
317 429 225 429 1123
317 430 233 430 1124
317 431 232 431 1125
421 434 221 431 1125
317 432 231 432 1126
317 433 231 433 1127
421 437 222 434 1128
421 438 221 435 1129
317 437 227 437 1131
317 440 222 440 1134
421 443 221 440 1134
317 441 233 441 1135
317 442 223 442 1136
421 445 221 442 1136
455 446 226 443 1137
317 443 236 443 1137
712 443 223 443 1137
317 444 221 444 1138
390 440 221 444 1138
455 448 227 445 1139
317 445 235 445 1139
455 449 240 446 1140
317 446 235 446 1140
712 446 221 446 1140
421 449 223 446 1140
455 450 223 447 1141
317 447 226 447 1141
455 451 224 448 1142
317 448 238 448 1142
455 452 223 449 1143
317 449 227 449 1143
767 449 224 449 1143
390 445 225 449 1143
455 453 221 450 1144
455 454 225 451 1145
455 455 227 452 1146
317 452 225 452 1146
712 452 221 452 1146
455 456 222 453 1147
712 453 227 453 1147
455 457 222 454 1148
712 454 229 454 1148
712 455 231 455 1149
712 456 227 456 1150
317 457 223 457 1151
712 457 227 457 1151
712 458 227 458 1152
712 459 225 459 1153
712 460 222 460 1154
455 464 225 461 1155
455 465 223 462 1156
317 462 223 462 1156
712 462 225 462 1156
455 466 225 463 1157
712 463 223 463 1157
455 467 224 464 1158
712 464 223 464 1158
455 468 223 465 1159
712 465 222 465 1159
421 468 233 465 1159
455 469 223 466 1160
712 466 223 466 1160
421 469 229 466 1160
455 470 225 467 1161
317 467 233 467 1161
455 471 224 468 1162
317 468 235 468 1162
455 472 223 469 1163
317 469 227 469 1163
455 473 223 470 1164
317 470 227 470 1164
455 474 225 471 1165
317 471 234 471 1165
455 475 221 472 1166
317 472 233 472 1166
712 472 221 472 1166
455 476 224 473 1167
317 473 233 473 1167
712 473 221 473 1167
455 477 225 474 1168
317 474 233 474 1168
712 474 221 474 1168
455 478 225 475 1169
317 475 231 475 1169
390 471 223 475 1169
455 479 223 476 1170
317 476 234 476 1170
390 472 222 476 1170
712 476 221 476 1170
455 480 223 477 1171
317 477 233 477 1171
390 473 222 477 1171
455 481 227 478 1172
317 478 231 478 1172
390 474 224 478 1172
421 481 227 478 1172
455 482 225 479 1173
317 479 233 479 1173
390 475 226 479 1173
421 482 229 479 1173
455 483 229 480 1174
317 480 235 480 1174
390 476 223 480 1174
455 484 231 481 1175
317 481 235 481 1175
390 477 224 481 1175
455 485 227 482 1176
317 482 237 482 1176
390 478 221 482 1176
455 486 225 483 1177
317 483 233 483 1177
455 487 225 484 1178
317 484 231 484 1178
455 488 225 485 1179
317 485 231 485 1179
455 489 225 486 1180
317 486 231 486 1180
455 490 227 487 1181
317 487 231 487 1181
455 491 226 487 1181
317 488 225 488 1182
455 492 227 488 1182
317 489 230 489 1183
455 493 226 489 1183
317 490 229 490 1184
421 493 225 490 1184
455 494 227 490 1184
421 494 233 491 1185
455 495 227 491 1185
317 492 221 492 1186
421 495 233 492 1186
455 496 227 492 1186
317 493 222 493 1187
421 496 234 493 1187
455 497 226 493 1187
421 497 234 494 1188
455 498 227 494 1188
317 495 222 495 1189
421 498 234 495 1189
455 499 227 495 1189
421 499 233 496 1190
455 500 226 496 1190
317 497 221 497 1191
421 500 221 497 1191
455 501 225 497 1191
317 498 226 498 1192
421 501 233 498 1192
455 502 226 498 1192
317 499 225 499 1193
421 502 233 499 1193
455 503 225 499 1193
317 500 221 500 1194
421 503 231 500 1194
455 504 221 500 1194
317 501 227 501 1195
421 504 231 501 1195
455 505 221 501 1195
317 502 226 502 1196
421 505 227 502 1196
390 498 222 502 1196
317 503 226 503 1197
390 499 225 503 1197
421 506 227 503 1197
317 504 227 504 1198
390 500 223 504 1198
421 507 228 504 1198
317 505 224 505 1199
421 508 224 505 1199
455 509 231 505 1199
317 506 233 506 1200
390 502 223 506 1200
421 509 221 506 1200
455 510 231 506 1200
317 507 231 507 1201
390 503 224 507 1201
455 511 232 507 1201
317 508 231 508 1202
390 504 224 508 1202
421 511 225 508 1202
455 512 230 508 1202
317 509 230 509 1203
390 505 224 509 1203
455 513 229 509 1203
317 510 233 510 1204
390 506 223 510 1204
421 513 225 510 1204
455 514 229 510 1204
317 511 233 511 1205
455 515 227 511 1205
317 512 222 512 1206
455 516 230 512 1206
317 513 227 513 1207
421 516 223 513 1207
455 517 224 514 1208
317 514 226 514 1208
421 517 224 514 1208
455 518 225 514 1208
317 515 223 515 1209
421 518 227 515 1209
455 519 227 515 1209
317 516 228 516 1210
421 519 225 516 1210
455 520 227 516 1210
317 517 227 517 1211
421 520 226 517 1211
455 521 231 518 1212
317 518 227 518 1212
455 522 232 519 1213
317 519 223 519 1213
421 522 221 519 1213
390 515 223 519 1213
455 523 231 520 1214
317 520 221 520 1214
455 524 225 521 1215
317 521 235 521 1215
421 524 223 521 1215
390 517 225 521 1215
455 525 225 522 1216
317 522 227 522 1216
421 525 223 522 1216
455 526 223 523 1217
317 523 227 523 1217
421 526 225 523 1217
390 519 221 523 1217
455 527 223 524 1218
317 524 225 524 1218
421 527 228 524 1218
455 528 222 525 1219
317 525 226 525 1219
421 528 223 525 1219
455 529 221 526 1220
317 526 235 526 1220
421 529 223 526 1220
455 530 224 527 1221
317 527 239 527 1221
390 523 227 527 1221
317 528 222 528 1222
455 532 221 529 1223
390 525 222 529 1223
390 526 221 530 1224
390 527 223 531 1225
390 528 223 532 1226
390 529 223 533 1227
390 530 221 534 1228
390 532 229 536 1230
390 533 225 537 1231
317 538 221 538 1232
712 538 221 538 1232
317 539 231 539 1233
317 540 233 540 1234
421 543 221 540 1234
317 541 231 541 1235
317 543 235 543 1237
317 544 223 544 1238
317 545 233 545 1239
317 546 235 546 1240
317 547 223 547 1241
421 550 224 547 1241
317 548 247 548 1242
317 549 229 549 1243
317 552 240 552 1246
613 467 225 560 1254
54 552 236 562 1256
185 567 237 564 1258
185 568 241 565 1259
185 569 223 566 1260
365 230 231 566 1260
777 558 221 566 1260
664 557 225 567 1261
185 570 240 567 1261
365 231 223 567 1261
590 570 226 568 1262
185 571 239 568 1262
365 232 244 568 1262
664 559 235 569 1263
365 233 221 569 1263
185 573 231 570 1264
314 242 233 574 1268
613 482 221 575 1269
82 508 233 575 1269
365 240 221 576 1270
509 534 223 578 1272
198 192 235 578 1272
590 581 225 578 1272
82 512 221 579 1273
314 247 223 579 1273
198 193 223 579 1273
590 583 224 580 1274
449 335 221 581 1275
593 264 221 581 1275
198 196 223 582 1276
773 510 221 583 1277
185 587 221 584 1278
569 581 222 585 1279
773 512 226 585 1279
590 588 225 585 1279
509 542 225 586 1280
593 269 223 586 1280
590 589 222 586 1280
613 494 230 587 1281
509 543 235 587 1281
613 495 223 588 1282
590 591 223 588 1282
613 496 222 589 1283
239 586 233 589 1283
590 592 223 589 1283
613 497 223 590 1284
365 254 221 590 1284
449 344 225 590 1284
239 587 222 590 1284
590 593 223 590 1284
613 498 225 591 1285
239 588 225 591 1285
449 346 223 592 1286
239 589 227 592 1286
449 347 223 593 1287
239 590 237 593 1287
590 596 223 593 1287
449 348 224 594 1288
365 258 221 594 1288
239 591 238 594 1288
449 349 221 595 1289
239 592 235 595 1289
590 598 223 595 1289
449 350 222 596 1290
239 593 235 596 1290
239 594 238 597 1291
590 600 226 597 1291
239 595 224 598 1292
365 263 221 599 1293
239 596 237 599 1293
449 354 224 600 1294
239 597 235 600 1294
509 556 221 600 1294
590 603 226 600 1294
239 598 240 601 1295
593 284 221 601 1295
239 599 237 602 1296
509 558 221 602 1296
590 605 221 602 1296
613 510 221 603 1297
365 267 225 603 1297
239 600 233 603 1297
198 217 221 603 1297
613 511 221 604 1298
239 601 237 604 1298
590 607 226 604 1298
239 602 225 605 1299
239 603 242 606 1300
590 609 228 606 1300
613 514 223 607 1301
239 604 237 607 1301
590 610 221 607 1301
365 272 231 608 1302
239 605 227 608 1302
590 611 227 608 1302
613 516 223 609 1303
239 606 233 609 1303
509 565 225 609 1303
590 612 222 609 1303
365 274 223 610 1304
239 607 237 610 1304
239 608 233 611 1305
590 614 223 611 1305
239 609 228 612 1306
590 615 224 612 1306
239 610 233 613 1307
593 296 223 613 1307
239 612 228 615 1309
590 618 226 615 1309
239 613 233 616 1310
590 619 225 616 1310
613 524 222 617 1311
239 614 237 617 1311
590 620 221 617 1311
314 285 223 617 1311
239 615 231 618 1312
509 574 221 618 1312
449 373 222 619 1313
239 616 231 619 1313
773 546 221 619 1313
593 302 228 619 1313
590 622 233 619 1313
449 375 221 621 1315
239 618 227 621 1315
185 625 223 622 1316
239 619 227 622 1316
239 620 233 623 1317
773 550 221 623 1317
590 626 223 623 1317
239 621 232 624 1318
773 551 223 624 1318
239 622 225 625 1319
239 623 231 626 1320
239 624 235 627 1321
239 625 227 628 1322
239 626 231 629 1323
449 384 223 630 1324
239 627 226 630 1324
590 633 221 630 1324
239 628 231 631 1325
590 634 225 631 1325
239 629 229 632 1326
590 635 223 632 1326
593 315 225 632 1326
239 630 225 633 1327
239 631 233 634 1328
590 638 225 635 1329
239 633 227 636 1330
590 639 222 636 1330
239 634 224 637 1331
590 640 231 637 1331
239 635 221 638 1332
590 641 221 638 1332
449 393 223 639 1333
239 636 237 639 1333
590 642 221 639 1333
449 394 221 640 1334
239 637 236 640 1334
590 643 227 640 1334
449 395 223 641 1335
239 638 228 641 1335
509 597 221 641 1335
449 396 223 642 1336
239 639 225 642 1336
590 645 225 642 1336
593 325 230 642 1336
365 307 223 643 1337
613 551 221 644 1338
449 399 223 645 1339
590 648 221 645 1339
590 650 224 647 1341
593 330 221 647 1341
593 331 223 648 1342
593 332 222 649 1343
590 653 223 650 1344
593 333 223 650 1344
593 334 223 651 1345
593 335 223 652 1346
509 609 221 653 1347
185 657 221 654 1348
365 318 222 654 1348
239 651 221 654 1348
449 408 227 654 1348
590 657 229 654 1348
509 610 223 654 1348
593 337 227 654 1348
314 322 225 654 1348
584 567 224 655 1349
239 652 221 655 1349
82 588 227 655 1349
449 409 226 655 1349
590 658 225 655 1349
314 323 223 655 1349
593 338 230 655 1349
584 568 223 656 1350
365 320 223 656 1350
449 410 227 656 1350
590 659 227 656 1350
509 612 225 656 1350
593 339 227 656 1350
613 564 227 657 1351
449 411 225 657 1351
590 660 225 657 1351
509 613 221 657 1351
593 340 222 657 1351
613 565 225 658 1352
449 412 227 658 1352
613 566 231 659 1353
449 413 224 659 1353
613 567 231 660 1354
449 414 225 660 1354
509 616 226 660 1354
593 343 221 660 1354
449 415 221 661 1355
590 664 221 661 1355
449 416 221 662 1356
449 417 221 663 1357
590 666 221 663 1357
584 576 222 664 1358
613 571 233 664 1358
449 418 223 664 1358
590 668 227 665 1359
590 671 225 668 1362
449 423 221 669 1363
590 672 228 669 1363
365 334 225 670 1364
239 667 222 670 1364
613 577 221 670 1364
449 424 225 670 1364
593 353 221 671 1365
449 425 223 671 1365
590 674 233 671 1365
239 669 221 672 1366
365 336 222 672 1366
449 426 222 672 1366
590 675 221 672 1366
239 670 231 673 1367
449 427 225 673 1367
590 676 225 673 1367
314 341 222 673 1367
239 671 223 674 1368
449 428 221 674 1368
613 582 221 675 1369
365 340 221 676 1370
449 430 223 676 1370
590 679 221 676 1370
509 633 223 677 1371
593 361 224 679 1373
613 586 223 679 1373
449 433 221 679 1373
590 683 223 680 1374
590 684 223 681 1375
593 364 225 682 1376
613 589 221 682 1376
590 685 235 682 1376
198 297 223 683 1377
509 639 223 683 1377
590 686 235 683 1377
593 366 223 684 1378
239 681 225 684 1378
55 683 221 684 1378
449 438 223 684 1378
239 682 226 685 1379
365 349 227 685 1379
449 439 221 685 1379
590 688 229 685 1379
613 593 221 686 1380
593 369 223 687 1381
314 354 225 687 1381
365 351 221 687 1381
613 594 222 687 1381
509 643 221 687 1381
590 690 225 687 1381
365 352 221 688 1382
593 371 225 689 1383
239 686 222 689 1383
365 353 223 689 1383
449 444 222 690 1384
509 646 221 690 1384
590 693 231 690 1384
593 373 223 691 1385
449 445 221 691 1385
365 356 223 692 1386
590 695 222 692 1386
239 690 229 693 1387
590 696 228 693 1387
239 691 221 694 1388
590 697 224 694 1388
239 692 221 695 1389
365 359 224 695 1389
613 602 221 695 1389
509 651 221 695 1389
590 698 225 695 1389
365 360 221 696 1390
509 652 221 696 1390
773 623 222 696 1390
239 694 225 697 1391
198 311 222 697 1391
590 700 225 697 1391
365 362 227 698 1392
449 452 221 698 1392
509 654 221 698 1392
590 701 233 698 1392
239 696 221 699 1393
239 697 227 700 1394
239 698 221 701 1395
239 700 235 703 1397
239 701 227 704 1398
590 708 224 705 1399
590 709 221 706 1400
590 710 221 707 1401
239 705 227 708 1402
590 711 223 708 1402
613 616 221 709 1403
239 706 225 709 1403
590 712 225 709 1403
613 617 223 710 1404
590 713 223 710 1404
449 468 223 714 1408
590 717 222 714 1408
239 712 231 715 1409
590 719 221 716 1410
239 714 227 717 1411
239 715 221 718 1412
509 677 222 721 1415
239 720 222 723 1417
590 727 221 725 1419
613 634 222 727 1421
239 725 227 728 1422
590 731 221 729 1423
613 637 225 730 1424
239 727 229 730 1424
590 733 223 731 1425
239 728 228 731 1425
509 687 225 731 1425
590 734 223 732 1426
613 639 222 732 1426
365 396 223 732 1426
239 729 221 732 1426
509 688 239 732 1426
590 735 221 733 1427
613 640 225 733 1427
239 730 227 733 1427
239 731 226 734 1428
509 690 221 734 1428
613 642 221 735 1429
239 732 231 735 1429
509 691 224 735 1429
239 733 225 736 1430
569 732 221 736 1430
590 739 222 737 1431
613 644 225 737 1431
239 734 225 737 1431
239 735 229 738 1432
613 646 225 739 1433
613 647 221 740 1434
239 738 223 741 1435
365 407 229 743 1437
239 740 235 743 1437
239 741 241 744 1438
239 742 233 745 1439
590 748 221 746 1440
239 743 233 746 1440
239 744 227 747 1441
590 750 224 748 1442
239 745 223 748 1442
509 704 221 748 1442
590 751 226 749 1443
239 746 223 749 1443
593 432 221 750 1444
185 753 221 750 1444
239 747 221 750 1444
593 433 226 751 1445
590 753 225 751 1445
613 658 224 751 1445
509 707 223 751 1445
590 754 227 752 1446
613 659 221 752 1446
365 416 224 752 1446
239 750 227 753 1447
509 709 227 753 1447
239 751 233 754 1448
449 508 227 754 1448
593 437 221 755 1449
590 757 223 755 1449
239 752 227 755 1449
449 509 223 755 1449
509 711 221 755 1449
239 754 229 757 1451
239 755 230 758 1452
590 761 226 759 1453
365 423 221 759 1453
239 756 233 759 1453
198 373 223 759 1453
590 762 221 760 1454
365 424 224 760 1454
239 757 236 760 1454
449 514 221 760 1454
590 763 223 761 1455
239 758 229 761 1455
590 764 222 762 1456
239 759 235 762 1456
509 718 221 762 1456
239 760 224 763 1457
365 428 223 764 1458
239 761 225 764 1458
569 761 221 765 1459
239 762 228 765 1459
590 768 223 766 1460
239 763 225 766 1460
239 765 227 768 1462
198 382 221 768 1462
239 766 225 769 1463
239 767 221 770 1464
590 773 222 771 1465
239 768 221 771 1465
590 774 229 772 1466
239 769 233 772 1466
590 775 223 773 1467
569 769 223 773 1467
239 770 235 773 1467
239 773 222 776 1470
590 779 221 777 1471
239 775 226 778 1472
590 781 224 779 1473
239 776 225 779 1473
198 393 221 779 1473
509 735 227 780 1474
239 777 223 780 1474
590 783 223 781 1475
239 778 221 781 1475
590 785 222 783 1477
365 447 221 783 1477
239 780 227 783 1477
239 781 228 784 1478
239 782 229 785 1479
509 741 223 786 1480
239 783 221 786 1480
590 790 227 788 1482
198 402 221 788 1482
239 786 229 789 1483
590 792 223 790 1484
239 787 225 790 1484
509 746 222 790 1484
590 793 222 791 1485
365 455 222 791 1485
239 788 227 791 1485
449 545 225 791 1485
509 747 223 791 1485
314 459 223 792 1486
239 789 221 792 1486
198 406 221 792 1486
590 795 221 793 1487
239 790 221 793 1487
590 796 221 794 1488
590 797 225 795 1489
239 792 224 795 1489
365 460 223 796 1490
239 793 228 796 1490
569 793 227 797 1491
239 794 235 797 1491
82 730 227 797 1491
593 480 221 798 1492
590 801 229 799 1493
239 796 222 799 1493
664 793 229 802 1496
569 800 224 804 1498
590 807 245 805 1499
509 761 221 806 1500
365 471 222 807 1501
509 763 235 808 1502
590 810 221 808 1502
82 741 223 808 1502
198 422 225 808 1502
584 721 226 808 1502
509 764 225 809 1503
593 491 237 809 1503
590 811 241 809 1503
239 806 229 809 1503
185 812 223 809 1503
613 716 222 809 1503
82 742 221 809 1503
509 765 237 810 1504
773 736 224 810 1504
239 807 243 810 1504
509 766 225 811 1505
773 737 222 811 1505
314 478 224 811 1505
590 813 233 811 1505
239 808 247 811 1505
613 718 223 811 1505
82 744 227 811 1505
198 425 223 811 1505
584 724 229 811 1505
773 738 229 812 1506
239 811 227 814 1508
185 817 231 814 1508
239 812 233 815 1509
239 813 231 816 1510
239 814 225 817 1511
239 815 232 818 1512
239 816 237 819 1513
773 746 221 820 1514
365 484 225 820 1514
239 817 247 820 1514
773 747 224 820 1514
239 818 227 821 1515
43 823 226 822 1516
630 191 222 822 1516
365 486 221 822 1516
239 819 241 822 1516
509 778 222 822 1516
239 820 227 823 1517
397 197 225 823 1517
694 473 225 823 1517
653 448 242 823 1517
169 123 241 823 1517
239 821 226 824 1518
397 198 237 824 1518
653 449 241 824 1518
169 124 237 824 1518
239 822 237 825 1519
397 199 223 825 1519
169 125 237 825 1519
509 781 237 825 1519
333 824 229 826 1520
239 824 221 827 1521
509 783 235 827 1521
239 825 223 828 1522
9 833 221 829 1523
239 826 227 829 1523
509 785 226 829 1523
239 827 235 830 1524
344 824 223 830 1524
453 1 230 831 1525
717 832 227 831 1525
738 767 233 831 1525
602 812 221 832 1526
58 499 233 832 1526
239 829 228 832 1526
717 833 222 832 1526
16 509 225 832 1526
239 830 233 833 1527
55 832 227 833 1527
547 837 221 833 1527
607 801 223 834 1528
239 831 225 834 1528
629 751 225 834 1528
523 824 247 834 1528
171 86 225 834 1528
89 840 222 834 1528
263 419 221 835 1529
583 35 230 836 1530
239 833 237 836 1530
659 72 223 836 1530
374 836 221 837 1531
483 268 226 837 1531
257 756 232 837 1531
583 36 223 837 1531
537 823 223 837 1531
458 848 222 837 1531
239 835 228 838 1532
257 758 228 839 1533
239 836 237 839 1533
476 298 225 839 1533
112 824 221 839 1533
788 804 221 839 1533
530 101 222 840 1534
483 271 245 840 1534
190 22 227 840 1534
435 720 235 840 1534
29 843 221 840 1534
239 837 233 840 1534
379 24 225 840 1534
332 43 221 841 1535
670 396 241 841 1535
29 844 223 841 1535
741 818 222 841 1535
288 17 223 841 1535
266 32 226 841 1535
332 44 227 842 1536
425 719 224 842 1536
239 839 245 842 1536
705 938 227 842 1536
412 790 223 842 1536
756 163 223 842 1536
759 832 221 842 1536
332 45 240 843 1537
716 844 225 843 1537
693 5 235 844 1538
716 845 224 844 1538
29 847 228 844 1538
216 779 225 844 1538
693 6 221 845 1539
239 842 246 845 1539
47 537 223 845 1539
552 844 221 845 1539
425 723 223 846 1540
394 842 225 846 1540
54 836 221 846 1540
506 307 223 847 1541
536 853 221 847 1541
429 877 239 847 1541
787 536 221 847 1541
121 71 223 847 1541
69 46 224 848 1542
608 272 225 848 1542
239 845 232 848 1542
447 754 223 848 1542
239 846 235 849 1543
467 52 225 849 1543
281 45 225 849 1543
771 718 234 850 1544
239 847 229 850 1544
776 705 236 850 1544
239 848 225 851 1545
431 559 227 851 1545
186 117 224 852 1546
239 849 226 852 1546
776 707 231 852 1546
431 561 225 853 1547
776 708 221 853 1547
239 851 233 854 1548
431 562 227 854 1548
776 709 233 854 1548
186 120 222 855 1549
239 852 225 855 1549
431 563 221 855 1549
776 710 233 855 1549
239 853 226 856 1550
431 564 227 856 1550
776 711 245 856 1550
239 854 221 857 1551
431 565 225 857 1551
776 712 234 857 1551
186 123 221 858 1552
239 855 223 858 1552
431 566 230 858 1552
776 713 235 858 1552
239 856 223 859 1553
776 714 239 859 1553
431 567 233 859 1553
186 125 223 860 1554
776 715 233 860 1554
431 568 223 860 1554
776 716 235 861 1555
431 569 223 861 1555
186 127 229 862 1556
239 859 230 862 1556
776 717 233 862 1556
431 570 224 862 1556
186 128 233 863 1557
776 718 239 863 1557
431 571 235 863 1557
431 572 227 864 1558
604 57 223 865 1559
431 573 233 865 1559
431 574 239 866 1560
456 867 222 867 1561
431 575 242 867 1561
431 576 235 868 1562
431 578 227 870 1564
655 125 225 871 1565
431 579 237 871 1565
322 861 221 872 1566
393 620 229 872 1566
46 865 231 872 1566
345 546 233 872 1566
402 353 224 872 1566
506 333 235 873 1567
670 428 221 873 1567
160 867 241 874 1568
425 751 223 874 1568
593 556 222 874 1568
284 878 223 874 1568
217 878 226 874 1568
380 814 225 874 1568
687 884 222 874 1568
209 723 223 874 1568
666 875 235 875 1569
608 299 226 875 1569
421 97 221 875 1569
455 223 221 876 1570
431 584 226 876 1570
472 597 229 876 1570
714 814 221 877 1571
431 586 221 877 1571
431 588 237 879 1573
776 736 225 880 1574
745 884 231 881 1575
164 404 222 881 1575
359 332 247 881 1575
395 815 221 882 1576
359 333 223 882 1576
395 819 221 886 1580
658 890 223 887 1581
658 891 233 888 1582
498 24 225 888 1582
365 553 223 888 1582
239 9 233 888 1582
516 889 222 888 1582
294 887 221 889 1583
651 890 225 889 1583
133 900 221 889 1583
454 895 221 889 1583
446 2 225 889 1583
192 125 233 889 1583
658 893 225 890 1584
312 879 223 890 1584
431 599 238 890 1584
192 127 229 891 1585
476 352 221 892 1586
763 303 221 893 1587
272 900 221 894 1588
133 905 221 894 1588
365 559 225 894 1588
239 15 223 894 1588
763 305 223 895 1589
105 870 221 896 1590
239 18 223 897 1591
88 870 225 899 1593
735 533 221 899 1593
89 905 225 899 1593
105 873 226 899 1593
88 871 221 900 1594
133 911 221 900 1594
7 890 227 900 1594
192 136 221 900 1594
105 874 221 900 1594
789 894 225 901 1595
89 907 224 901 1595
322 891 223 901 1595
414 903 221 901 1595
7 892 221 902 1596
105 876 221 902 1596
88 874 221 903 1597
340 317 221 904 1598
239 25 225 904 1598
516 905 221 904 1598
89 911 221 905 1599
7 895 231 905 1599
235 50 222 906 1600
340 319 229 906 1600
414 908 222 906 1600
533 51 221 906 1600
105 880 223 906 1600
25 875 223 907 1601
366 2 228 907 1601
497 906 221 907 1601
518 40 222 907 1601
95 591 228 907 1601
383 905 229 907 1601
309 7 229 907 1601
516 909 223 908 1602
150 85 221 908 1602
444 918 222 909 1603
518 42 225 909 1603
552 908 240 909 1603
383 907 225 909 1603
616 719 235 910 1604
552 909 221 910 1604
95 594 223 910 1604
239 31 229 910 1604
262 152 227 910 1604
476 370 221 910 1604
616 720 223 910 1604
383 909 224 911 1605
7 901 227 911 1605
239 32 222 911 1605
616 721 221 912 1606
190 95 223 912 1606
616 722 227 913 1607
95 597 227 913 1607
309 13 225 913 1607
608 338 227 913 1607
242 207 223 913 1607
239 34 223 913 1607
616 723 227 914 1608
231 328 226 914 1608
383 912 233 914 1608
7 904 225 914 1608
239 35 233 914 1608
616 724 227 915 1609
231 329 235 915 1609
239 36 221 915 1609
262 157 221 915 1609
616 726 226 917 1611
776 3 246 917 1611
231 331 223 917 1611
365 582 223 917 1611
192 153 223 917 1611
776 4 235 918 1612
241 925 223 918 1612
773 845 225 918 1612
192 154 224 918 1612
776 5 225 919 1613
256 701 233 919 1613
773 846 225 919 1613
7 909 223 919 1613
256 702 233 920 1614
616 730 221 921 1615
256 703 227 921 1615
190 104 221 921 1615
192 157 223 921 1615
616 731 231 922 1616
253 669 225 922 1616
239 3 244 922 1616
241 929 221 922 1616
773 849 222 922 1616
435 803 222 922 1616
616 732 221 923 1617
776 9 221 923 1617
239 4 236 923 1617
776 10 223 924 1618
518 57 221 924 1618
468 926 223 925 1619
235 69 222 925 1619
776 11 227 925 1619
133 936 223 925 1619
239 6 233 925 1619
695 398 221 925 1619
776 12 226 926 1620
239 7 233 926 1620
695 399 229 926 1620
318 924 222 926 1620
154 17 221 927 1621
609 360 222 927 1621
776 13 233 927 1621
239 8 237 927 1621
435 808 221 927 1621
154 18 221 928 1622
246 918 223 928 1622
239 9 235 928 1622
373 27 225 928 1622
616 738 221 928 1622
431 637 227 929 1623
239 10 233 929 1623
776 16 221 930 1624
373 29 231 930 1624
7 920 221 930 1624
732 885 226 932 1626
430 837 223 932 1626
217 937 231 933 1627
172 936 227 933 1627
103 943 221 933 1627
626 225 224 934 1628
455 282 229 934 1628
170 922 223 934 1628
685 59 231 934 1628
103 944 225 934 1628
555 928 221 935 1629
775 652 233 935 1629
775 653 246 936 1630
496 577 225 938 1632
775 656 235 939 1633
170 928 225 940 1634
103 950 221 940 1634
170 929 226 941 1635
775 659 227 942 1636
170 930 227 942 1636
775 660 224 943 1637
455 291 226 943 1637
170 931 224 943 1637
306 146 224 944 1638
775 661 224 944 1638
306 148 227 946 1640
738 885 241 949 1643
306 153 221 951 1645
555 944 221 951 1645
306 154 223 952 1646
775 671 226 954 1648
306 157 221 955 1649
103 965 221 955 1649
775 673 223 956 1650
655 211 222 956 1650
103 966 221 956 1650
775 674 237 957 1651
306 160 221 958 1652
775 676 239 959 1653
306 162 225 960 1654
80 966 221 960 1654
103 970 229 960 1654
170 948 235 960 1654
587 954 221 960 1654
569 957 227 961 1655
80 967 226 961 1655
170 949 238 961 1655
170 950 245 962 1656
500 942 227 963 1657
455 311 224 963 1657
685 88 223 963 1657
455 312 228 964 1658
685 89 225 964 1658
587 958 237 964 1658
110 45 233 965 1659
500 944 228 965 1659
685 90 223 965 1659
587 959 239 965 1659
93 883 242 965 1659
110 46 241 966 1660
500 945 223 966 1660
455 314 229 966 1660
685 91 237 966 1660
587 960 224 966 1660
93 884 237 966 1660
110 47 242 967 1661
500 946 233 967 1661
587 961 227 967 1661
569 964 234 968 1662
306 6 226 968 1662
555 961 223 968 1662
655 223 221 968 1662
93 886 222 968 1662
569 965 221 969 1663
306 7 239 969 1663
555 962 225 969 1663
555 963 224 970 1664
772 230 221 971 1665
306 9 227 971 1665
636 362 221 971 1665
555 965 222 972 1666
306 10 222 972 1666
655 227 222 972 1666
170 960 224 972 1666
775 690 225 973 1667
555 966 223 973 1667
306 11 225 973 1667
110 54 236 974 1668
93 892 222 974 1668
569 971 227 975 1669
500 954 224 975 1669
170 966 222 978 1672
306 24 231 986 1680
306 25 230 987 1681
685 112 225 987 1681
306 26 221 988 1682
306 28 223 990 1684
306 29 231 991 1685
306 32 223 994 1688
306 34 225 996 1690
103 1007 223 997 1691
655 252 223 997 1691
306 40 221 1002 1696
306 41 223 1003 1697
306 42 225 1004 1698
685 129 221 1004 1698
555 1001 221 1008 1702
306 46 221 1008 1702
555 1003 221 1010 1704
555 1004 221 1011 1705
306 49 225 1011 1705
170 1002 223 1014 1708
306 53 221 1015 1709
306 57 221 1019 1713
306 58 225 1020 1714
775 738 221 1021 1715
306 59 225 1021 1715
110 102 223 1022 1716
775 739 225 1022 1716
306 60 223 1022 1716
306 62 225 1024 1718
555 1018 221 1025 1719
685 152 221 1027 1721
306 66 222 1028 1722
306 67 222 1029 1723
306 68 221 1030 1724
306 69 221 1031 1725
306 70 221 1032 1726
306 71 223 1033 1727
306 73 221 1035 1729
306 78 221 1040 1734
306 80 222 1042 1736
306 81 225 1043 1737
306 82 223 1044 1738
306 83 222 1045 1739
306 84 225 1046 1740
306 85 222 1047 1741
198 666 227 1052 1746
780 263 233 1052 1746
457 1055 221 1052 1746
457 1056 226 1053 1747
457 1057 224 1054 1748
198 669 224 1055 1749
198 673 223 1059 1753
93 978 221 1060 1754
587 1054 221 1060 1754
170 1048 249 1061 1755
500 1040 230 1061 1755
110 141 223 1061 1755
103 1071 222 1061 1755
170 1049 247 1062 1756
636 452 226 1062 1756
569 1058 221 1062 1756
500 1041 231 1062 1756
110 142 222 1062 1756
103 1072 223 1062 1756
500 1042 224 1063 1757
496 702 221 1063 1757
306 101 223 1063 1757
93 981 222 1063 1757
685 188 231 1063 1757
500 1043 221 1064 1758
110 144 225 1064 1758
306 102 221 1064 1758
685 189 227 1064 1758
170 1052 221 1065 1759
636 455 221 1065 1759
569 1061 223 1065 1759
500 1044 227 1065 1759
110 145 226 1065 1759
306 103 221 1065 1759
103 1075 221 1065 1759
587 1059 225 1065 1759
500 1045 221 1066 1760
555 1059 221 1066 1760
306 104 225 1066 1760
170 1054 223 1067 1761
569 1063 223 1067 1761
500 1046 223 1067 1761
110 147 224 1067 1761
306 105 224 1067 1761
587 1061 227 1067 1761
636 458 223 1068 1762
500 1047 224 1068 1762
306 106 222 1068 1762
80 1074 229 1068 1762
103 1078 221 1068 1762
170 1056 221 1069 1763
569 1065 221 1069 1763
500 1048 221 1069 1763
555 1062 222 1069 1763
80 1075 223 1069 1763
685 194 221 1069 1763
170 1057 226 1070 1764
636 460 228 1070 1764
569 1066 223 1070 1764
110 150 227 1070 1764
555 1063 221 1070 1764
306 108 223 1070 1764
80 1076 223 1070 1764
103 1080 221 1070 1764
170 1058 221 1071 1765
636 461 223 1071 1765
569 1067 225 1071 1765
110 151 223 1071 1765
555 1064 223 1071 1765
80 1077 224 1071 1765
170 1060 223 1073 1767
655 327 221 1073 1767
655 328 224 1074 1768
170 1066 225 1079 1773
569 1075 224 1079 1773
110 159 224 1079 1773
306 8 221 1079 1773
685 204 222 1079 1773
170 1067 226 1080 1774
636 470 221 1080 1774
110 160 222 1080 1774
306 9 221 1080 1774
685 205 225 1080 1774
170 1068 223 1081 1775
636 471 222 1081 1775
569 1077 221 1081 1775
500 1060 224 1081 1775
555 1074 222 1081 1775
103 1091 224 1081 1775
685 206 223 1081 1775
636 472 221 1082 1776
636 473 221 1083 1777
569 1079 223 1083 1777
636 475 221 1085 1779
387 11 224 1086 1780
306 15 222 1086 1780
555 1080 221 1087 1781
685 213 221 1089 1783
170 1076 228 1089 1783
110 169 227 1089 1783
306 18 221 1089 1783
170 1077 228 1090 1784
306 19 225 1090 1784
306 20 221 1091 1785
636 482 231 1092 1786
306 21 221 1092 1786
387 18 225 1093 1787
306 22 228 1093 1787
80 1100 232 1094 1788
306 23 221 1094 1788
80 1101 233 1095 1789
306 24 225 1095 1789
103 1105 221 1096 1790
636 486 221 1096 1790
170 1083 225 1096 1790
80 1102 229 1096 1790
306 25 233 1096 1790
103 1106 225 1096 1790
110 177 229 1097 1791
80 1103 228 1097 1791
103 1107 224 1098 1792
587 1091 223 1098 1792
110 178 231 1098 1792
80 1104 229 1098 1792
587 1092 229 1099 1793
110 179 229 1099 1793
80 1105 225 1099 1793
775 816 221 1099 1793
103 1109 223 1100 1794
655 354 223 1100 1794
110 180 227 1100 1794
80 1106 228 1100 1794
587 1094 226 1101 1795
170 1088 223 1101 1795
110 181 225 1101 1795
80 1107 227 1101 1795
587 1095 221 1102 1796
170 1089 227 1102 1796
80 1108 227 1102 1796
103 1112 227 1102 1796
587 1096 225 1103 1797
170 1090 231 1103 1797
110 183 222 1103 1797
685 228 229 1104 1798
170 1091 229 1104 1798
80 1110 223 1104 1798
170 1092 225 1105 1799
587 1099 225 1106 1800
170 1093 229 1106 1800
455 454 221 1106 1800
587 1100 225 1107 1801
587 1101 223 1108 1802
80 1114 230 1108 1802
587 1102 223 1109 1803
80 1115 227 1109 1803
636 500 226 1110 1804
80 1116 233 1110 1804
103 1120 223 1110 1804
587 1104 226 1111 1805
636 501 224 1111 1805
170 1098 221 1111 1805
80 1117 227 1111 1805
103 1121 223 1112 1806
587 1105 226 1112 1806
636 502 229 1112 1806
80 1118 226 1112 1806
80 1119 225 1113 1807
455 461 227 1113 1807
170 1101 223 1114 1808
80 1120 229 1114 1808
455 463 221 1115 1809
587 1109 222 1116 1810
170 1103 231 1116 1810
306 45 221 1116 1810
587 1110 227 1117 1811
636 507 228 1117 1811
170 1104 226 1117 1811
306 46 221 1117 1811
587 1111 223 1118 1812
170 1105 227 1118 1812
569 1114 241 1118 1812
387 43 231 1118 1812
455 466 224 1118 1812
80 1124 222 1118 1812
306 47 221 1118 1812
170 1106 227 1119 1813
569 1115 243 1119 1813
387 44 223 1119 1813
587 1113 229 1120 1814
636 510 228 1120 1814
170 1107 227 1120 1814
80 1126 221 1120 1814
455 468 225 1120 1814
655 375 225 1121 1815
636 511 225 1121 1815
170 1108 228 1121 1815
569 1117 226 1121 1815
110 201 222 1121 1815
80 1127 225 1121 1815
775 838 222 1121 1815
306 50 221 1121 1815
587 1115 222 1122 1816
170 1109 229 1122 1816
569 1118 235 1122 1816
110 202 223 1122 1816
80 1128 223 1122 1816
636 513 227 1123 1817
170 1110 229 1123 1817
569 1119 233 1123 1817
80 1129 227 1123 1817
636 514 227 1124 1818
170 1111 229 1124 1818
569 1120 227 1124 1818
80 1130 227 1124 1818
636 515 221 1125 1819
170 1112 231 1125 1819
569 1121 235 1125 1819
80 1131 229 1125 1819
455 473 226 1125 1819
306 54 223 1125 1819
636 516 221 1126 1820
170 1113 227 1126 1820
569 1122 227 1126 1820
775 843 222 1126 1820
80 1132 234 1126 1820
306 55 221 1126 1820
170 1114 232 1127 1821
569 1123 231 1127 1821
500 1106 224 1127 1821
80 1133 239 1127 1821
170 1115 227 1128 1822
500 1107 225 1128 1822
455 476 221 1128 1822
80 1134 241 1128 1822
569 1125 228 1129 1823
500 1108 224 1129 1823
455 477 221 1129 1823
80 1135 233 1129 1823
636 520 223 1130 1824
170 1117 227 1130 1824
569 1126 230 1130 1824
500 1109 223 1130 1824
455 478 221 1130 1824
80 1136 237 1130 1824
685 255 227 1131 1825
636 521 231 1131 1825
170 1118 225 1131 1825
569 1127 233 1131 1825
500 1110 225 1131 1825
80 1137 233 1131 1825
685 256 223 1132 1826
170 1119 227 1132 1826
569 1128 225 1132 1826
500 1111 225 1132 1826
455 480 221 1132 1826
80 1138 234 1132 1826
306 61 227 1132 1826
306 62 228 1133 1827
685 258 229 1134 1828
170 1121 223 1134 1828
569 1130 223 1134 1828
455 482 224 1134 1828
80 1140 231 1134 1828
306 63 221 1134 1828
685 259 225 1135 1829
170 1122 221 1135 1829
569 1131 227 1135 1829
80 1141 221 1135 1829
685 260 223 1136 1830
170 1123 224 1136 1830
80 1142 225 1136 1830
80 1143 226 1137 1831
587 1131 225 1138 1832
80 1144 225 1138 1832
80 1145 226 1139 1833
80 1146 227 1140 1834
170 1128 230 1141 1835
80 1147 222 1141 1835
170 1129 221 1142 1836
80 1148 237 1142 1836
170 1130 222 1143 1837
555 1136 221 1143 1837
80 1149 237 1143 1837
170 1131 227 1144 1838
569 1140 223 1144 1838
555 1137 221 1144 1838
80 1150 237 1144 1838
587 1138 223 1145 1839
569 1141 221 1145 1839
80 1151 236 1145 1839
170 1133 221 1146 1840
569 1142 227 1146 1840
555 1139 222 1146 1840
80 1152 236 1146 1840
80 1153 234 1147 1841
170 1135 235 1148 1842
569 1144 234 1148 1842
555 1141 223 1148 1842
80 1154 228 1148 1842
569 1145 221 1149 1843
80 1155 235 1149 1843
170 1137 221 1150 1844
587 1143 224 1150 1844
80 1156 229 1150 1844
80 1157 229 1151 1845
636 542 225 1152 1846
170 1139 225 1152 1846
80 1158 237 1152 1846
80 1159 230 1153 1847
80 1160 239 1154 1848
80 1161 235 1155 1849
170 1143 222 1156 1850
80 1162 233 1156 1850
170 1144 223 1157 1851
80 1163 238 1157 1851
170 1145 223 1158 1852
80 1164 242 1158 1852
387 84 221 1159 1853
775 876 225 1159 1853
306 88 227 1159 1853
93 1077 222 1160 1854
555 1153 223 1160 1854
387 85 225 1160 1854
455 25 225 1161 1855
775 878 226 1161 1855
587 1155 228 1162 1856
239 244 250 1163 1857
419 1149 227 1164 1858
642 160 225 1164 1858
45 826 242 1165 1859
315 507 221 1165 1859
785 1157 221 1165 1859
492 412 233 1166 1860
700 1025 238 1166 1860
280 1165 223 1166 1860
709 234 221 1166 1860
497 1166 227 1167 1861
85 5 225 1167 1861
677 396 239 1167 1861
712 1167 227 1167 1861
360 71 237 1168 1862
262 141 233 1168 1862
338 522 221 1168 1862
338 524 226 1170 1864
338 525 229 1171 1865
709 239 230 1171 1865
205 891 225 1171 1865
640 751 223 1172 1866
85 10 231 1172 1866
338 526 228 1172 1866
626 9 229 1172 1866
246 185 222 1172 1866
205 892 223 1172 1866
640 752 223 1173 1867
85 11 230 1173 1867
338 527 221 1173 1867
246 186 221 1173 1867
205 893 225 1173 1867
640 753 221 1174 1868
124 1163 232 1175 1869
464 1178 230 1175 1869
312 1164 236 1175 1869
338 529 223 1175 1869
626 12 223 1175 1869
212 341 233 1175 1869
508 1085 236 1175 1869
124 1164 227 1176 1870
464 1179 224 1176 1870
312 1165 244 1176 1870
709 244 223 1176 1870
212 342 221 1176 1870
312 1166 235 1177 1871
709 245 236 1177 1871
205 897 223 1177 1871
464 1181 221 1178 1872
85 16 222 1178 1872
763 270 221 1178 1872
312 1167 242 1178 1872
709 246 221 1178 1872
205 898 225 1178 1872
212 344 221 1178 1872
763 271 221 1179 1873
312 1168 245 1179 1873
626 3 221 1179 1873
338 533 221 1179 1873
709 247 221 1179 1873
246 192 224 1179 1873
124 1168 233 1180 1874
464 1183 229 1180 1874
312 1169 252 1180 1874
626 4 231 1180 1874
709 248 224 1180 1874
508 1090 223 1180 1874
640 760 221 1181 1875
426 6 223 1181 1875
464 1184 223 1181 1875
763 273 221 1181 1875
665 274 224 1181 1875
312 1170 231 1181 1875
626 5 221 1181 1875
508 1091 223 1181 1875
665 275 225 1182 1876
312 1171 237 1182 1876
626 6 221 1182 1876
426 8 225 1183 1877
85 21 223 1183 1877
312 1172 227 1183 1877
626 7 224 1183 1877
338 537 223 1183 1877
212 349 221 1183 1877
464 1187 221 1184 1878
312 1173 234 1184 1878
626 8 223 1184 1878
85 23 223 1185 1879
426 11 221 1186 1880
85 24 230 1186 1880
312 1175 234 1186 1880
464 1190 223 1187 1881
85 25 225 1187 1881
312 1176 229 1187 1881
426 13 221 1188 1882
464 1191 227 1188 1882
85 26 222 1188 1882
312 1177 225 1188 1882
626 12 225 1188 1882
426 14 221 1189 1883
464 1192 221 1189 1883
85 27 223 1189 1883
312 1178 229 1189 1883
626 13 225 1189 1883
464 1193 223 1190 1884
85 28 221 1190 1884
251 166 221 1190 1884
312 1179 231 1190 1884
626 14 221 1190 1884
464 1194 223 1191 1885
85 29 221 1191 1885
763 283 223 1191 1885
312 1180 243 1191 1885
626 15 225 1191 1885
709 259 221 1191 1885
464 1195 223 1192 1886
312 1181 232 1192 1886
626 16 231 1192 1886
709 260 225 1192 1886
426 18 228 1193 1887
85 31 225 1193 1887
251 169 228 1193 1887
312 1182 237 1193 1887
426 19 225 1194 1888
251 170 222 1194 1888
464 1198 226 1195 1889
426 20 225 1195 1889
312 1184 233 1195 1889
626 19 228 1195 1889
709 263 221 1195 1889
85 1 222 1195 1889
626 20 237 1196 1890
709 264 222 1196 1890
85 2 236 1196 1890
426 22 221 1197 1891
85 3 225 1197 1891
312 1187 221 1198 1892
709 266 225 1198 1892
85 4 221 1198 1892
312 1188 227 1199 1893
85 5 233 1199 1893
312 1189 228 1200 1894
626 24 233 1200 1894
338 554 227 1200 1894
85 6 235 1200 1894
426 26 221 1201 1895
763 293 221 1201 1895
312 1190 233 1201 1895
626 25 223 1201 1895
709 269 225 1201 1895
85 7 223 1201 1895
763 294 221 1202 1896
626 26 229 1202 1896
85 8 235 1202 1896
464 1206 222 1203 1897
763 295 227 1203 1897
85 9 229 1203 1897
464 1207 221 1204 1898
626 28 229 1204 1898
709 272 228 1204 1898
85 10 231 1204 1898
426 30 223 1205 1899
312 1194 239 1205 1899
626 29 226 1205 1899
763 298 224 1206 1900
312 1195 228 1206 1900
626 30 227 1206 1900
85 12 229 1206 1900
312 1196 227 1207 1901
626 31 229 1207 1901
709 275 221 1207 1901
763 300 224 1208 1902
312 1197 225 1208 1902
626 32 221 1208 1902
709 276 222 1208 1902
85 14 231 1209 1903
763 301 223 1209 1903
464 1212 221 1209 1903
312 1198 223 1209 1903
626 33 221 1209 1903
709 277 222 1209 1903
464 1213 221 1210 1904
763 302 221 1210 1904
626 34 225 1210 1904
709 278 221 1210 1904
85 16 228 1211 1905
464 1214 223 1211 1905
626 35 223 1211 1905
709 279 221 1211 1905
85 17 223 1212 1906
464 1215 221 1212 1906
312 1201 227 1212 1906
626 36 228 1212 1906
85 18 227 1213 1907
626 37 226 1213 1907
626 38 231 1214 1908
85 20 221 1214 1908
312 1204 230 1215 1909
626 39 233 1215 1909
709 283 225 1215 1909
85 21 226 1215 1909
312 1205 224 1216 1910
626 40 228 1216 1910
709 284 225 1216 1910
85 22 223 1216 1910
763 309 221 1217 1911
312 1206 225 1217 1911
626 41 228 1217 1911
709 285 224 1217 1911
85 23 223 1217 1911
464 1221 226 1218 1912
312 1207 234 1218 1912
626 42 230 1218 1912
85 24 227 1218 1912
626 43 233 1219 1913
85 25 225 1219 1913
312 1209 225 1220 1914
626 44 231 1220 1914
85 26 226 1220 1914
763 313 221 1221 1915
312 1210 225 1221 1915
626 45 228 1221 1915
709 289 223 1221 1915
85 27 231 1221 1915
763 314 221 1222 1916
626 46 229 1222 1916
85 28 226 1222 1916
626 47 225 1223 1917
85 29 227 1223 1917
464 1227 221 1224 1918
312 1213 221 1224 1918
626 48 238 1224 1918
709 292 222 1224 1918
85 30 225 1224 1918
312 1214 231 1225 1919
626 49 230 1225 1919
709 293 223 1225 1919
312 1215 224 1226 1920
626 50 233 1226 1920
709 294 223 1226 1920
85 32 223 1226 1920
763 319 223 1227 1921
312 1216 228 1227 1921
626 51 222 1227 1921
85 33 228 1227 1921
426 53 222 1228 1922
763 320 223 1228 1922
312 1217 225 1228 1922
626 52 222 1228 1922
85 34 226 1228 1922
464 1232 223 1229 1923
312 1218 232 1229 1923
626 53 233 1229 1923
709 297 221 1229 1923
85 35 224 1229 1923
763 322 221 1230 1924
312 1219 226 1230 1924
626 54 235 1230 1924
709 298 225 1230 1924
85 36 224 1230 1924
640 810 221 1231 1925
312 1220 225 1231 1925
626 55 226 1231 1925
246 244 223 1231 1925
85 37 226 1231 1925
626 56 223 1232 1926
709 300 222 1232 1926
426 58 221 1233 1927
763 325 223 1233 1927
464 1236 223 1233 1927
312 1222 226 1233 1927
626 57 241 1233 1927
709 301 228 1233 1927
246 246 221 1233 1927
426 59 227 1234 1928
763 326 223 1234 1928
312 1223 227 1234 1928
626 58 240 1234 1928
709 302 226 1234 1928
246 247 224 1234 1928
426 60 223 1235 1929
763 327 222 1235 1929
626 59 240 1235 1929
709 303 230 1235 1929
246 248 223 1235 1929
426 61 221 1236 1930
763 328 224 1236 1930
312 1225 233 1236 1930
626 60 239 1236 1930
709 304 229 1236 1930
85 42 221 1236 1930
426 62 223 1237 1931
312 1226 236 1237 1931
626 61 234 1237 1931
709 305 227 1237 1931
426 63 223 1238 1932
312 1227 223 1238 1932
626 62 233 1238 1932
709 306 229 1238 1932
426 64 221 1239 1933
709 307 229 1239 1933
626 63 235 1239 1933
709 308 224 1240 1934
626 64 231 1240 1934
426 66 223 1241 1935
763 333 225 1241 1935
312 1230 227 1241 1935
709 309 225 1241 1935
626 65 235 1241 1935
85 47 223 1241 1935
426 67 222 1242 1936
464 1245 229 1242 1936
763 334 221 1242 1936
312 1231 231 1242 1936
709 310 223 1242 1936
626 66 232 1242 1936
464 1246 221 1243 1937
763 335 227 1243 1937
709 311 227 1243 1937
338 597 221 1243 1937
626 67 237 1243 1937
85 49 223 1243 1937
709 312 227 1244 1938
626 68 233 1244 1938
85 50 221 1244 1938
709 313 230 1245 1939
626 69 235 1245 1939
246 258 223 1245 1939
85 51 226 1245 1939
709 314 233 1246 1940
626 70 237 1246 1940
246 259 223 1246 1940
85 52 231 1246 1940
426 72 221 1247 1941
763 339 223 1247 1941
626 71 225 1247 1941
709 315 232 1247 1941
246 260 226 1247 1941
426 73 221 1248 1942
763 340 223 1248 1942
709 316 229 1248 1942
626 72 231 1248 1942
246 261 223 1248 1942
85 54 225 1248 1942
626 73 229 1249 1943
709 317 232 1249 1943
508 1159 221 1249 1943
85 55 222 1249 1943
763 342 221 1250 1944
640 829 223 1250 1944
626 74 229 1250 1944
709 318 231 1250 1944
246 263 221 1250 1944
763 343 225 1251 1945
640 830 222 1251 1945
626 75 233 1251 1945
246 264 222 1251 1945
85 57 222 1251 1945
464 1255 223 1252 1946
312 1241 229 1252 1946
626 76 229 1252 1946
709 320 231 1252 1946
85 58 227 1252 1946
464 1256 225 1253 1947
763 345 225 1253 1947
626 77 231 1253 1947
709 321 231 1253 1947
246 266 223 1253 1947
85 59 225 1253 1947
312 1243 221 1254 1948
640 833 221 1254 1948
763 346 222 1254 1948
626 78 237 1254 1948
709 322 229 1254 1948
464 1258 227 1255 1949
640 834 223 1255 1949
763 347 223 1255 1949
626 79 234 1255 1949
709 323 231 1255 1949
246 268 225 1255 1949
85 61 227 1255 1949
312 1245 233 1256 1950
640 835 225 1256 1950
763 348 223 1256 1950
626 80 237 1256 1950
709 324 236 1256 1950
212 422 222 1256 1950
246 269 225 1256 1950
85 62 226 1256 1950
312 1246 225 1257 1951
640 836 221 1257 1951
763 349 222 1257 1951
709 325 225 1257 1951
85 63 225 1257 1951
85 64 221 1258 1952
426 84 221 1259 1953
464 1262 221 1259 1953
312 1248 221 1259 1953
626 83 228 1259 1953
709 327 221 1259 1953
85 65 227 1259 1953
554 31 221 1260 1954
426 85 222 1260 1954
665 353 221 1260 1954
626 84 227 1260 1954
709 328 227 1260 1954
85 66 226 1260 1954
763 353 223 1261 1955
626 85 225 1261 1955
709 329 233 1261 1955
464 1265 221 1262 1956
763 354 221 1262 1956
709 330 231 1262 1956
626 86 229 1262 1956
85 68 223 1262 1956
464 1266 224 1263 1957
312 1252 221 1263 1957
626 87 225 1263 1957
709 331 221 1263 1957
246 276 221 1263 1957
85 69 223 1263 1957
709 332 224 1264 1958
626 88 223 1264 1958
85 70 221 1264 1958
464 1268 221 1265 1959
312 1254 225 1265 1959
763 357 225 1265 1959
709 333 229 1265 1959
85 71 222 1265 1959
464 1269 226 1266 1960
763 358 224 1266 1960
709 334 225 1266 1960
626 90 223 1266 1960
312 1256 226 1267 1961
709 335 231 1267 1961
763 359 221 1267 1961
626 91 225 1267 1961
464 1271 221 1268 1962
709 336 227 1268 1962
626 92 227 1268 1962
763 360 223 1268 1962
85 74 223 1268 1962
464 1272 225 1269 1963
312 1258 225 1269 1963
640 848 223 1269 1963
709 337 235 1269 1963
626 93 229 1269 1963
763 361 222 1269 1963
246 282 223 1269 1963
85 75 223 1269 1963
640 849 221 1270 1964
709 338 231 1270 1964
626 94 229 1270 1964
85 76 226 1270 1964
464 1274 223 1271 1965
626 95 237 1271 1965
709 339 237 1271 1965
763 363 221 1271 1965
85 77 223 1271 1965
709 340 231 1272 1966
763 364 223 1272 1966
665 366 221 1273 1967
709 341 233 1273 1967
763 365 225 1273 1967
85 79 223 1273 1967
426 99 221 1274 1968
554 45 221 1274 1968
709 342 231 1274 1968
246 287 222 1274 1968
85 80 223 1274 1968
312 1264 229 1275 1969
640 854 222 1275 1969
709 343 236 1275 1969
626 99 235 1275 1969
763 367 223 1275 1969
212 441 222 1275 1969
85 81 225 1275 1969
312 1265 223 1276 1970
640 855 225 1276 1970
464 1279 224 1276 1970
709 344 235 1276 1970
626 100 235 1276 1970
763 368 223 1276 1970
246 289 222 1276 1970
85 82 221 1276 1970
709 345 229 1277 1971
626 101 227 1277 1971
246 290 221 1277 1971
85 83 227 1278 1972
426 103 223 1278 1972
464 1281 223 1278 1972
709 346 225 1278 1972
626 102 239 1278 1972
426 104 225 1279 1973
312 1268 225 1279 1973
464 1282 227 1279 1973
709 347 229 1279 1973
626 103 231 1279 1973
212 445 223 1279 1973
426 105 225 1280 1974
312 1269 223 1280 1974
273 842 221 1280 1974
464 1283 227 1280 1974
709 348 225 1280 1974
626 104 223 1280 1974
251 256 222 1280 1974
246 293 221 1280 1974
85 86 225 1280 1974
426 106 223 1281 1975
709 349 226 1281 1975
626 105 227 1281 1975
251 257 223 1281 1975
763 373 224 1281 1975
85 87 223 1281 1975
426 107 221 1282 1976
312 1271 227 1282 1976
709 350 224 1282 1976
626 106 226 1282 1976
251 258 225 1282 1976
85 88 236 1282 1976
426 108 221 1283 1977
312 1272 232 1283 1977
464 1286 225 1283 1977
709 351 225 1283 1977
626 107 221 1283 1977
251 259 221 1283 1977
85 89 228 1283 1977
426 109 221 1284 1978
312 1273 233 1284 1978
464 1287 223 1284 1978
626 108 221 1284 1978
251 260 221 1284 1978
246 297 221 1284 1978
85 90 225 1284 1978
312 1274 227 1285 1979
464 1288 227 1285 1979
709 353 227 1285 1979
626 109 232 1285 1979
251 261 223 1285 1979
246 298 223 1285 1979
312 1275 228 1286 1980
464 1289 224 1286 1980
709 354 223 1286 1980
626 110 224 1286 1980
251 262 223 1286 1980
246 299 221 1286 1980
85 92 226 1286 1980
312 1276 229 1287 1981
709 355 223 1287 1981
626 111 233 1287 1981
251 263 225 1287 1981
763 379 223 1287 1981
85 93 230 1287 1981
312 1277 231 1288 1982
464 1291 223 1288 1982
85 94 231 1288 1982
426 114 223 1289 1983
640 868 228 1289 1983
312 1278 223 1289 1983
709 357 221 1289 1983
763 381 221 1289 1983
665 383 221 1290 1984
709 358 223 1290 1984
626 114 232 1290 1984
251 266 225 1290 1984
85 96 221 1290 1984
312 1280 221 1291 1985
464 1294 225 1291 1985
709 359 222 1291 1985
626 115 227 1291 1985
246 304 222 1291 1985
85 97 223 1291 1985
426 117 225 1292 1986
709 360 227 1292 1986
626 116 222 1292 1986
763 384 223 1292 1986
246 305 227 1292 1986
85 98 223 1292 1986
426 118 225 1293 1987
665 386 223 1293 1987
312 1282 230 1293 1987
709 361 230 1293 1987
251 269 223 1293 1987
85 99 223 1293 1987
426 119 222 1294 1988
312 1283 229 1294 1988
709 362 227 1294 1988
763 386 227 1294 1988
246 307 222 1294 1988
508 1204 221 1294 1988
85 100 221 1294 1988
205 1014 223 1294 1988
665 388 223 1295 1989
312 1284 225 1295 1989
709 363 221 1295 1989
338 649 221 1295 1989
763 387 223 1295 1989
246 308 227 1295 1989
212 2 227 1295 1989
640 875 223 1296 1990
312 1285 233 1296 1990
763 388 222 1296 1990
85 102 228 1296 1990
212 3 221 1296 1990
426 122 227 1297 1991
312 1286 229 1297 1991
508 1207 221 1297 1991
312 1287 233 1298 1992
508 1208 233 1298 1992
640 878 221 1299 1993
312 1288 237 1299 1993
640 879 222 1300 1994
312 1289 226 1300 1994
338 654 222 1300 1994
640 880 225 1301 1995
312 1 231 1301 1995
124 1290 229 1302 1996
338 656 221 1302 1996
312 2 233 1302 1996
338 657 223 1303 1997
640 883 223 1304 1998
338 658 221 1304 1998
312 4 230 1304 1998
640 884 223 1305 1999
338 659 224 1305 1999
640 885 221 1306 2000
312 6 225 1306 2000
124 1295 223 1307 2001
640 887 225 1308 2002
312 8 227 1308 2002
640 888 221 1309 2003
312 9 225 1309 2003
640 889 225 1310 2004
640 890 221 1311 2005
338 672 226 1318 2012
338 673 224 1319 2013
312 20 224 1320 2014
338 676 223 1322 2016
312 22 223 1322 2016
312 23 239 1323 2017
312 24 225 1324 2018
338 679 222 1325 2019
655 103 223 1325 2019
338 680 226 1326 2020
338 681 224 1327 2021
312 27 222 1327 2021
312 28 233 1328 2022
312 29 230 1329 2023
312 30 227 1330 2024
708 346 226 1331 2025
405 3 221 1332 2026
235 476 239 1332 2026
338 686 236 1332 2026
585 544 225 1333 2027
107 120 223 1333 2027
666 76 229 1333 2027
481 129 221 1333 2027
179 654 224 1333 2027
502 195 225 1333 2027
690 122 222 1333 2027
729 749 245 1334 2028
393 274 229 1335 2029
377 1370 233 1335 2029
717 1336 223 1335 2029
65 262 232 1335 2029
209 17 228 1336 2030
785 1329 221 1336 2030
