27 1 223 0 702
749 1 221 0 702
587 1 229 0 702
137 1 226 0 702
27 2 231 1 703
587 2 223 1 703
137 2 227 1 703
27 3 235 2 704
749 3 221 2 704
443 1 235 2 704
137 3 223 2 704
27 4 234 3 705
749 4 227 3 705
443 2 226 3 705
587 4 225 3 705
137 4 221 3 705
27 5 250 4 706
443 3 225 4 706
587 5 226 4 706
27 6 224 5 707
443 4 228 5 707
27 7 221 5 707
701 12 221 6 708
443 5 228 6 708
587 7 223 6 708
27 8 223 7 709
443 6 228 7 709
27 9 226 8 710
443 7 223 8 710
587 9 222 8 710
27 10 232 9 711
443 8 223 9 711
759 6 226 9 711
137 10 224 9 711
27 11 227 10 712
749 11 223 10 712
443 9 221 10 712
492 11 223 10 712
759 7 221 10 712
137 11 222 10 712
27 12 225 11 713
749 12 221 11 713
443 10 225 11 713
492 12 223 11 713
587 12 231 11 713
27 13 221 12 714
587 13 221 12 714
759 9 223 12 714
27 14 233 13 715
137 14 221 13 715
27 15 229 14 716
305 113 230 16 718
137 17 221 16 718
27 18 225 17 719
759 14 232 17 719
137 18 227 17 719
27 19 228 18 720
492 19 225 18 720
587 19 225 18 720
759 15 227 18 720
137 19 221 18 720
27 20 225 19 721
587 20 223 19 721
759 16 222 19 721
137 20 224 19 721
27 21 225 20 722
759 17 230 20 722
27 22 234 21 723
443 20 227 21 723
587 22 221 21 723
27 23 235 22 724
443 21 222 22 724
587 23 225 22 724
759 19 225 22 724
305 121 237 24 726
587 25 222 24 726
759 21 231 24 726
137 25 225 24 726
27 26 226 25 727
759 22 237 25 727
137 26 235 25 727
27 27 227 26 728
443 25 221 26 728
759 23 225 26 728
137 27 237 26 728
27 28 225 27 729
443 26 229 27 729
759 24 224 27 729
137 28 239 27 729
27 29 236 28 730
587 29 229 28 730
305 127 234 30 732
622 128 241 30 732
587 31 237 30 732
492 31 223 30 732
759 27 221 30 732
137 31 222 30 732
27 32 225 31 733
759 28 222 31 733
137 32 223 31 733
759 29 225 32 734
27 34 229 33 735
749 34 221 33 735
137 34 223 33 735
27 35 232 34 736
749 35 225 34 736
443 33 225 34 736
759 31 224 34 736
137 35 227 34 736
27 36 227 35 737
443 34 221 35 737
587 36 225 35 737
759 32 225 35 737
137 36 227 35 737
27 37 224 36 738
492 37 223 36 738
137 37 225 36 738
587 38 225 37 739
492 38 223 37 739
429 74 223 37 739
137 38 223 37 739
429 75 223 38 740
137 39 223 38 740
443 38 226 39 741
492 40 221 39 741
587 40 228 39 741
759 36 224 39 741
429 76 223 39 741
429 77 225 40 742
27 42 235 41 743
443 40 233 41 743
759 38 232 41 743
137 42 222 41 743
27 43 236 42 744
749 43 228 42 744
587 43 224 42 744
759 39 231 42 744
27 44 232 43 745
749 44 225 43 745
443 42 225 43 745
587 44 221 43 745
759 40 233 43 745
27 45 233 44 746
749 45 224 44 746
759 41 230 44 746
27 46 233 45 747
749 46 225 45 747
443 44 223 45 747
587 46 221 45 747
759 42 227 45 747
27 47 234 46 748
749 47 221 46 748
759 43 226 46 748
27 48 236 47 749
443 46 229 47 749
587 48 223 47 749
759 44 221 47 749
27 49 235 48 750
443 47 229 48 750
100 2 224 48 750
587 49 221 48 750
137 49 222 48 750
27 50 235 49 751
749 50 226 49 751
443 48 229 49 751
100 3 224 49 751
587 50 223 49 751
27 51 236 50 752
443 49 228 50 752
759 47 229 50 752
587 51 223 50 752
27 52 237 51 753
749 52 222 51 753
443 50 229 51 753
759 48 229 51 753
587 52 221 51 753
137 52 221 51 753
27 53 231 52 754
749 53 231 52 754
443 51 221 52 754
587 53 221 52 754
27 54 233 53 755
749 54 236 53 755
100 7 221 53 755
759 50 227 53 755
492 54 221 53 755
587 54 227 53 755
27 55 227 54 756
749 55 235 54 756
443 53 225 54 756
100 8 222 54 756
27 56 238 55 757
749 56 228 55 757
443 54 232 55 757
100 9 225 55 757
587 56 221 55 757
137 56 221 55 757
27 57 227 56 758
749 57 227 56 758
443 55 235 56 758
27 58 233 57 759
27 59 227 58 760
749 59 223 58 760
443 57 222 58 760
100 12 226 58 760
759 55 228 58 760
137 59 228 58 760
27 60 233 59 761
749 60 229 59 761
443 58 234 59 761
492 3 237 59 761
100 13 221 59 761
759 56 227 59 761
27 61 229 60 762
749 61 230 60 762
443 59 237 60 762
759 57 225 60 762
137 61 224 60 762
27 62 239 61 763
749 62 231 61 763
443 60 233 61 763
305 159 223 62 764
27 63 245 62 764
749 63 223 62 764
443 61 238 62 764
27 64 239 63 765
749 64 223 63 765
443 62 237 63 765
137 64 221 63 765
27 65 237 64 766
749 65 227 64 766
443 63 221 64 766
100 18 225 64 766
587 65 223 64 766
27 66 233 65 767
749 66 226 65 767
137 66 222 65 767
27 67 224 66 768
749 67 222 66 768
587 67 223 66 768
749 68 229 67 769
443 66 221 67 769
759 64 222 67 769
100 21 227 67 769
587 68 227 67 769
137 68 225 67 769
492 7 225 67 769
27 69 223 68 770
749 69 222 68 770
443 67 226 68 770
759 65 223 68 770
100 22 230 68 770
137 69 230 68 770
443 68 221 69 771
137 70 223 69 771
550 79 221 72 774
622 171 221 73 775
305 172 237 75 777
305 174 227 77 779
305 175 223 78 780
622 176 231 78 780
305 178 225 80 782
549 83 223 83 785
432 83 224 87 789
432 84 235 88 790
305 186 228 88 790
613 4 223 89 791
550 97 221 90 792
451 104 224 91 793
305 189 226 92 794
622 190 223 92 794
305 199 222 102 804
432 99 225 103 805
305 204 223 107 809
305 205 222 108 810
622 206 221 108 810
305 206 222 109 811
305 207 223 110 812
622 208 223 110 812
305 210 223 113 815
550 121 221 114 816
587 117 223 116 818
188 70 232 116 818
305 214 223 117 819
432 117 226 120 822
432 118 221 121 823
432 119 232 123 825
432 120 221 124 826
432 1 229 127 829
566 126 231 128 830
432 3 225 129 831
566 127 235 129 831
432 4 221 130 832
624 154 233 130 832
432 5 222 131 833
624 155 238 131 833
566 129 234 131 833
432 6 231 132 834
624 156 241 132 834
566 130 221 132 834
624 157 237 133 835
566 131 227 133 835
624 158 233 134 836
432 12 222 138 840
44 153 223 138 840
693 190 230 139 841
432 13 232 139 841
432 14 233 140 842
432 15 233 141 843
133 160 227 142 844
653 136 235 142 844
725 61 225 142 844
432 16 221 142 844
438 150 227 142 844
446 142 224 143 845
173 151 226 143 845
133 161 235 143 845
653 137 235 143 845
725 62 222 143 845
787 134 241 143 845
432 17 226 143 845
778 150 224 144 846
173 152 226 144 846
133 162 229 144 846
653 138 230 144 846
503 147 233 144 846
438 152 230 144 846
446 144 225 145 847
173 153 225 145 847
133 163 238 145 847
636 155 225 145 847
653 139 235 145 847
503 148 231 145 847
725 64 221 145 847
787 136 230 145 847
432 19 223 145 847
438 153 221 145 847
432 20 229 146 848
624 170 248 146 848
575 154 223 148 850
624 172 223 148 850
432 23 236 149 851
575 155 233 149 851
432 24 223 150 852
575 156 235 150 852
624 174 223 150 852
432 25 239 151 853
575 157 228 151 853
624 175 239 151 853
624 176 244 152 854
545 24 223 153 855
432 28 227 154 856
432 29 225 155 857
432 31 223 157 859
492 97 225 158 860
432 33 226 159 861
432 34 233 160 862
432 37 223 163 865
432 38 222 164 866
432 40 225 166 868
432 41 228 167 869
432 42 235 168 870
624 192 222 168 870
433 122 225 169 871
624 193 236 169 871
566 167 226 169 871
433 123 231 170 872
624 194 240 170 872
566 168 231 170 872
432 45 231 171 873
432 47 233 173 875
432 48 231 174 876
432 51 221 177 879
635 94 231 177 879
635 95 231 178 880
635 96 228 179 881
432 54 226 180 882
635 97 223 180 882
624 206 235 182 884
432 58 225 184 886
432 1 235 188 890
432 4 236 191 893
432 8 225 195 897
432 9 237 196 898
14 195 233 196 898
140 235 231 197 899
14 196 226 197 899
140 236 237 198 900
432 11 235 198 900
14 197 240 198 900
140 237 226 199 901
274 280 231 200 902
681 134 226 200 902
128 166 227 200 902
436 190 236 201 903
274 281 221 201 903
681 135 228 201 903
432 14 230 201 903
436 191 231 202 904
681 136 233 202 904
432 15 223 202 904
96 188 221 203 905
432 16 238 203 905
432 17 234 204 906
432 18 227 205 907
478 217 223 206 908
674 149 227 208 910
674 150 225 209 911
432 22 226 209 911
432 23 222 210 912
624 234 227 210 912
674 152 239 211 913
624 235 244 211 913
432 25 233 212 914
624 236 233 212 914
472 23 232 213 915
432 26 231 213 915
624 237 239 213 915
432 27 228 214 916
432 28 233 215 917
624 239 227 215 917
613 130 225 215 917
117 132 237 216 918
395 156 223 216 918
241 230 223 216 918
141 213 221 216 918
427 237 225 216 918
624 240 237 216 918
613 131 241 216 918
689 129 223 216 918
399 222 225 216 918
117 133 224 217 919
300 210 221 217 919
6 164 227 217 919
395 157 225 217 919
432 30 231 217 919
613 132 234 217 919
117 134 226 218 920
432 31 229 218 920
624 242 225 218 920
432 32 237 219 921
432 33 239 220 922
305 318 236 221 923
622 319 223 221 923
432 34 245 221 923
783 214 221 222 924
432 35 238 222 924
483 242 223 223 925
672 219 221 223 925
432 36 224 223 925
432 37 239 224 926
432 38 239 225 927
624 249 237 225 927
432 39 227 226 928
624 250 231 226 928
624 251 242 227 929
432 41 234 228 930
624 252 248 228 930
624 253 239 229 931
305 327 223 230 932
432 43 231 230 932
432 47 225 234 936
432 49 223 236 938
432 50 221 237 939
432 59 223 246 948
132 228 241 251 953
132 229 231 252 954
305 350 247 253 955
305 351 225 254 956
132 232 232 255 957
305 352 232 255 957
132 233 235 256 958
305 353 237 256 958
132 234 229 257 959
305 354 239 257 959
68 310 222 257 959
305 355 228 258 960
305 356 234 259 961
305 357 232 260 962
305 358 231 261 963
305 362 231 265 967
305 363 229 266 968
622 365 225 267 969
622 372 221 274 976
305 372 225 275 977
305 377 221 280 982
305 388 221 291 993
622 390 223 292 994
305 391 221 294 996
305 394 222 297 999
305 397 221 300 1002
305 401 221 304 1006
77 318 221 310 1012
305 408 222 311 1013
305 409 221 312 1014
68 365 230 312 1014
368 258 221 312 1014
22 268 221 313 1015
305 411 231 314 1016
305 412 232 315 1017
305 413 221 316 1018
305 416 223 319 1021
622 419 223 321 1023
305 419 231 322 1024
622 423 223 325 1027
305 424 221 327 1029
305 427 226 330 1032
305 428 221 331 1033
305 429 223 332 1034
560 341 221 332 1034
305 430 221 333 1035
305 431 226 334 1036
255 316 221 335 1037
305 434 223 337 1039
305 439 223 342 1044
305 440 230 343 1045
305 441 221 344 1046
640 182 221 596 1298
715 522 226 606 1308
382 608 227 606 1308
454 619 233 607 1309
238 592 230 607 1309
22 562 239 607 1309
496 253 232 607 1309
528 36 223 607 1309
469 50 221 608 1310
787 304 237 608 1310
229 623 226 608 1310
774 620 224 608 1310
59 519 227 609 1311
501 586 221 609 1311
611 605 223 609 1311
487 53 229 609 1311
269 31 223 609 1311
787 305 231 609 1311
769 588 223 609 1311
249 166 233 609 1311
783 602 231 609 1311
378 586 225 610 1312
648 332 221 610 1312
611 606 222 610 1312
543 286 223 610 1312
513 611 223 610 1312
487 54 233 610 1312
255 212 221 610 1312
419 602 221 610 1312
787 306 247 610 1312
179 446 229 610 1312
37 275 225 610 1312
783 603 224 610 1312
696 612 222 610 1312
279 620 221 611 1313
146 532 238 611 1313
111 596 221 611 1313
543 287 226 611 1313
307 620 224 611 1313
214 499 228 611 1313
513 612 227 611 1313
419 603 225 611 1313
255 213 222 611 1313
487 55 230 611 1313
787 307 242 611 1313
179 447 232 611 1313
351 428 221 611 1313
291 611 227 612 1314
202 622 223 612 1314
408 622 223 612 1314
648 334 226 612 1314
652 612 227 612 1314
269 34 236 612 1314
513 613 224 612 1314
487 56 230 612 1314
787 308 241 612 1314
2 615 223 612 1314
329 555 226 612 1314
179 448 227 612 1314
783 605 223 612 1314
279 622 223 613 1315
543 289 225 613 1315
269 35 221 613 1315
244 616 227 613 1315
513 614 231 613 1315
255 215 221 613 1315
487 57 234 613 1315
787 309 247 613 1315
2 616 221 613 1315
179 449 227 613 1315
144 262 228 613 1315
783 606 222 613 1315
696 615 226 613 1315
279 623 223 614 1316
291 613 231 614 1316
307 623 222 614 1316
559 499 223 614 1316
244 617 224 614 1316
652 614 226 614 1316
513 615 231 614 1316
487 58 229 614 1316
787 310 246 614 1316
696 616 222 614 1316
669 622 221 614 1316
701 621 225 614 1316
333 620 225 615 1317
513 616 223 615 1317
255 217 228 615 1317
487 59 235 615 1317
787 311 234 615 1317
2 618 221 615 1317
783 608 230 615 1317
696 617 223 615 1317
84 623 223 616 1318
501 593 221 616 1318
333 621 223 616 1318
147 633 224 616 1318
244 619 231 616 1318
513 617 223 616 1318
487 60 228 616 1318
385 84 221 616 1318
745 626 227 616 1318
787 312 241 616 1318
783 609 230 616 1318
696 618 223 616 1318
461 591 222 617 1319
333 622 223 617 1319
400 443 226 617 1319
304 617 232 617 1319
307 626 232 617 1319
559 502 225 617 1319
421 627 228 617 1319
513 618 223 617 1319
487 61 233 617 1319
787 313 235 617 1319
283 316 226 617 1319
437 47 222 618 1320
563 629 226 618 1320
111 603 222 618 1320
304 618 223 618 1320
244 621 227 618 1320
513 619 225 618 1320
269 40 227 618 1320
487 62 225 618 1320
787 314 241 618 1320
255 220 225 618 1320
730 620 221 618 1320
696 620 221 618 1320
347 622 231 619 1321
244 622 225 619 1321
513 620 236 619 1321
269 41 227 619 1321
487 63 223 619 1321
787 315 240 619 1321
419 611 221 619 1321
783 612 222 619 1321
119 594 224 620 1322
378 596 225 620 1322
244 623 231 620 1322
487 64 221 620 1322
269 42 232 620 1322
502 576 227 620 1322
787 316 242 620 1322
774 632 227 620 1322
179 456 235 620 1322
783 613 223 620 1322
378 597 223 621 1323
333 626 231 621 1323
111 606 221 621 1323
307 630 221 621 1323
244 624 225 621 1323
269 43 222 621 1323
787 317 242 621 1323
179 457 230 621 1323
265 638 222 621 1323
333 627 237 622 1324
111 607 223 622 1324
787 318 235 622 1324
419 614 225 622 1324
10 137 225 622 1324
111 608 221 623 1325
708 64 222 623 1325
787 319 241 623 1325
172 633 223 623 1325
179 459 224 623 1325
111 609 221 624 1326
787 320 247 624 1326
136 404 221 624 1326
762 57 231 625 1327
787 321 245 625 1327
606 593 224 625 1327
236 629 225 625 1327
179 461 233 625 1327
378 602 231 626 1328
419 618 224 626 1328
787 322 239 626 1328
179 462 223 626 1328
378 603 229 627 1329
111 612 225 627 1329
787 323 245 627 1329
730 629 231 627 1329
177 181 221 627 1329
787 324 248 628 1330
215 548 222 628 1330
409 14 221 628 1330
43 637 225 628 1330
770 78 232 628 1330
520 637 223 628 1330
787 325 227 629 1331
194 624 223 629 1331
360 79 227 629 1331
570 113 239 629 1331
67 574 227 630 1332
215 551 223 631 1333
707 585 235 631 1333
520 640 222 631 1333
182 77 232 631 1333
265 648 221 631 1333
743 554 226 632 1334
527 640 237 632 1334
130 635 225 632 1334
10 148 229 633 1335
707 587 222 633 1335
146 556 226 634 1336
3 20 230 636 1338
182 82 221 636 1338
17 362 221 638 1340
347 641 225 638 1340
39 653 223 638 1340
296 656 227 638 1340
623 482 224 639 1341
296 657 231 639 1341
11 96 232 639 1341
623 483 223 640 1342
39 655 227 640 1342
296 658 233 640 1342
11 97 223 640 1342
623 484 223 641 1343
296 659 228 641 1343
11 98 226 641 1343
623 485 223 642 1344
39 657 222 642 1344
296 660 229 642 1344
11 99 228 642 1344
296 661 229 643 1345
296 662 227 644 1346
11 101 222 644 1346
570 129 223 645 1347
296 663 226 645 1347
11 102 234 645 1347
570 130 224 646 1348
296 664 230 646 1348
11 103 223 646 1348
39 662 222 647 1349
524 280 239 647 1349
570 131 221 647 1349
296 665 236 647 1349
11 104 229 647 1349
623 491 223 648 1350
524 281 227 648 1350
296 666 235 648 1350
524 282 227 649 1351
296 667 231 649 1351
11 106 226 649 1351
39 665 222 650 1352
524 283 227 650 1352
296 668 230 650 1352
11 107 225 650 1352
39 666 221 651 1353
524 284 221 651 1353
570 135 223 651 1353
296 669 231 651 1353
11 108 226 651 1353
524 285 225 652 1354
570 136 223 652 1354
296 670 233 652 1354
11 109 227 652 1354
623 496 221 653 1355
296 671 223 653 1355
11 110 228 653 1355
623 497 225 654 1356
296 672 235 654 1356
11 111 225 654 1356
296 673 227 655 1357
296 674 228 656 1358
11 113 232 656 1358
623 500 230 657 1359
296 675 227 657 1359
11 114 234 657 1359
623 501 231 658 1360
623 502 237 659 1361
524 292 223 659 1361
711 10 237 660 1362
39 675 225 660 1362
623 503 223 660 1362
11 117 222 660 1362
711 11 237 660 1362
623 504 230 661 1363
11 118 231 661 1363
711 12 237 661 1363
623 505 229 662 1364
11 119 225 662 1364
711 13 233 662 1364
623 506 232 663 1365
11 120 234 663 1365
711 14 236 663 1365
623 507 227 664 1366
524 297 221 664 1366
11 121 237 664 1366
711 15 239 664 1366
623 508 231 665 1367
524 298 226 665 1367
711 16 234 665 1367
623 509 233 666 1368
524 299 225 666 1368
711 17 235 666 1368
623 510 228 667 1369
524 300 222 667 1369
711 18 235 667 1369
524 301 222 668 1370
711 19 233 668 1370
524 302 225 669 1371
711 20 238 669 1371
524 303 223 670 1372
711 21 234 670 1372
524 304 227 671 1373
711 22 229 672 1374
524 305 227 672 1374
711 23 230 672 1374
524 306 227 673 1375
711 24 234 674 1376
623 517 235 674 1376
524 307 229 674 1376
711 25 235 675 1377
524 308 228 675 1377
570 159 221 675 1377
711 26 224 676 1378
623 519 225 676 1378
711 27 227 677 1379
524 311 223 678 1380
711 29 237 678 1380
623 522 222 679 1381
711 30 233 679 1381
623 523 225 680 1382
524 313 225 680 1382
711 31 234 681 1383
623 524 221 681 1383
711 32 243 682 1384
623 525 227 682 1384
711 33 239 683 1385
623 526 232 683 1385
711 34 235 683 1385
635 451 222 684 1386
711 35 227 685 1387
723 682 235 685 1387
623 528 221 685 1387
635 452 230 685 1387
711 36 221 686 1388
723 684 223 687 1389
711 38 229 688 1390
623 531 223 688 1390
711 39 228 689 1391
623 532 221 689 1391
711 40 227 689 1391
723 687 225 690 1392
635 457 221 690 1392
711 41 233 690 1392
723 688 222 691 1393
623 534 225 691 1393
723 689 224 691 1393
723 690 223 692 1394
711 43 223 693 1395
723 691 221 693 1395
711 44 229 694 1396
711 45 223 695 1397
623 538 222 695 1397
635 462 221 695 1397
723 693 221 696 1398
711 46 227 696 1398
623 539 225 696 1398
635 463 227 696 1398
524 329 222 696 1398
723 694 231 697 1399
711 47 239 697 1399
635 464 225 697 1399
524 330 222 697 1399
723 695 231 698 1400
711 48 233 698 1400
623 541 222 698 1400
635 465 226 698 1400
711 49 227 699 1401
723 697 221 700 1402
711 50 224 700 1402
723 698 221 701 1403
723 699 221 702 1404
711 52 231 702 1404
711 53 234 703 1405
623 546 221 703 1405
635 470 221 703 1405
723 701 221 704 1406
711 54 234 704 1406
623 547 224 704 1406
524 337 222 704 1406
711 55 231 705 1407
623 548 225 705 1407
635 472 221 705 1407
723 703 242 705 1407
711 56 237 706 1408
622 55 223 707 1409
510 9 225 748 1450
723 746 238 749 1451
723 747 239 750 1452
755 753 242 751 1453
755 754 239 752 1454
171 11 223 752 1454
153 121 225 752 1454
389 746 224 753 1455
755 757 221 755 1457
433 184 246 755 1457
528 89 221 755 1457
750 308 223 756 1458
755 758 226 756 1458
755 759 245 757 1459
495 751 224 757 1459
297 699 222 757 1459
447 670 223 757 1459
153 126 227 757 1459
755 760 237 758 1460
297 700 225 758 1460
636 155 224 758 1460
755 761 236 759 1461
297 701 231 759 1461
636 156 223 759 1461
519 682 221 759 1461
153 128 226 759 1461
755 762 236 760 1462
495 754 223 760 1462
297 702 224 760 1462
636 157 225 760 1462
447 673 222 760 1462
755 763 246 761 1463
519 684 221 761 1463
755 764 243 762 1464
169 69 221 762 1464
433 191 231 762 1464
297 704 222 762 1464
153 131 225 762 1464
68 815 223 762 1464
433 193 237 764 1466
755 767 238 765 1467
433 194 245 765 1467
755 768 239 766 1468
433 195 243 766 1468
68 819 225 766 1468
755 769 239 767 1469
653 399 221 767 1469
433 196 247 767 1469
636 164 224 767 1469
755 770 231 768 1470
397 149 227 768 1470
433 197 244 768 1470
566 766 221 768 1470
68 821 225 768 1470
633 761 222 769 1471
755 771 237 769 1471
433 198 240 769 1471
755 772 246 770 1472
653 402 221 770 1472
433 199 240 770 1472
566 768 231 770 1472
153 139 222 770 1472
755 773 235 771 1473
447 684 226 771 1473
566 769 234 771 1473
755 774 229 772 1474
433 201 237 772 1474
297 714 222 772 1474
447 685 223 772 1474
566 770 231 772 1474
153 141 221 772 1474
68 825 242 772 1474
633 765 222 773 1475
755 775 237 773 1475
294 778 223 773 1475
433 202 239 773 1475
447 686 222 773 1475
566 771 227 773 1475
153 142 221 773 1475
68 826 246 773 1475
755 776 237 774 1476
433 203 239 774 1476
566 772 226 774 1476
68 827 246 774 1476
755 777 237 775 1477
433 204 238 775 1477
566 773 225 775 1477
68 828 248 775 1477
755 778 235 776 1478
433 205 236 776 1478
566 774 225 776 1478
68 829 246 776 1478
755 779 237 777 1479
433 206 241 777 1479
566 775 230 777 1479
68 830 247 777 1479
755 780 237 778 1480
433 207 240 778 1480
566 776 231 778 1480
68 831 243 778 1480
755 781 239 779 1481
433 208 241 779 1481
566 777 227 779 1481
68 832 244 779 1481
755 782 241 780 1482
433 209 236 780 1482
566 778 228 780 1482
68 833 242 780 1482
755 783 244 781 1483
294 786 222 781 1483
433 210 243 781 1483
566 779 225 781 1483
68 834 241 781 1483
755 784 240 782 1484
433 211 239 782 1484
566 780 227 782 1484
68 835 241 782 1484
755 785 241 783 1485
433 212 240 783 1485
68 836 243 783 1485
755 786 241 784 1486
433 213 241 784 1486
566 782 231 784 1486
68 837 241 784 1486
433 214 237 785 1487
755 787 239 785 1487
68 838 241 785 1487
433 215 241 786 1488
755 788 241 786 1488
566 784 230 786 1488
755 789 241 787 1489
433 216 240 787 1489
755 790 241 788 1490
433 217 237 788 1490
755 791 243 789 1491
433 218 239 789 1491
447 702 221 789 1491
740 723 221 790 1492
495 784 227 790 1492
755 792 241 790 1492
433 219 239 790 1492
447 703 221 790 1492
495 785 221 791 1493
755 793 241 791 1493
433 220 239 791 1493
447 704 221 791 1493
582 795 221 792 1494
755 794 239 792 1494
433 221 235 792 1494
687 809 227 792 1494
755 795 238 793 1495
433 222 242 793 1495
447 706 225 793 1495
755 796 239 794 1496
601 806 223 794 1496
433 1 239 794 1496
519 717 221 794 1496
447 707 221 794 1496
755 797 246 795 1497
519 718 237 795 1497
755 798 246 796 1498
433 1 238 796 1498
189 751 221 797 1499
755 799 243 797 1499
777 796 223 797 1499
586 806 224 797 1499
102 800 221 797 1499
530 66 221 798 1500
755 800 240 798 1500
264 461 224 798 1500
534 810 231 798 1500
777 797 239 798 1500
519 721 221 798 1500
682 809 227 798 1500
665 607 231 798 1500
433 1 223 799 1501
755 801 239 799 1501
724 808 233 799 1501
777 798 224 799 1501
433 2 229 800 1502
763 216 221 800 1502
755 802 241 800 1502
512 788 229 800 1502
724 809 223 800 1502
566 798 233 800 1502
583 7 222 801 1503
223 247 223 801 1503
433 3 238 801 1503
755 803 240 801 1503
777 800 226 801 1503
278 814 227 801 1503
191 199 221 801 1503
210 177 221 802 1504
433 4 241 802 1504
725 251 227 802 1504
755 804 232 802 1504
562 97 221 802 1504
586 811 223 802 1504
566 800 235 802 1504
450 810 223 802 1504
210 178 223 803 1505
433 5 240 803 1505
658 813 221 803 1505
755 805 236 803 1505
476 269 221 803 1505
586 812 225 803 1505
566 801 235 803 1505
470 727 229 803 1505
259 190 221 804 1506
536 817 224 804 1506
755 806 231 804 1506
444 820 224 804 1506
566 802 236 804 1506
433 1 221 805 1507
755 807 228 805 1507
497 811 221 805 1507
586 814 221 805 1507
566 803 240 805 1507
684 534 223 805 1507
458 823 221 805 1507
433 2 233 806 1508
755 808 230 806 1508
103 822 225 806 1508
510 67 221 806 1508
788 778 229 806 1508
566 804 233 806 1508
121 37 229 806 1508
433 3 235 807 1509
518 817 221 807 1509
403 146 224 807 1509
659 50 222 807 1509
510 68 221 807 1509
566 805 237 807 1509
433 4 235 808 1510
755 810 234 808 1510
438 137 224 808 1510
566 806 237 808 1510
508 725 221 808 1510
160 809 223 808 1510
433 5 231 809 1511
70 24 223 809 1511
755 811 231 809 1511
566 807 237 809 1511
160 810 225 809 1511
210 185 221 810 1512
433 6 232 810 1512
755 812 235 810 1512
566 808 235 810 1512
433 7 242 811 1513
755 813 233 811 1513
566 809 240 811 1513
518 822 221 812 1514
393 567 221 812 1514
755 814 238 812 1514
777 811 223 812 1514
433 1 233 812 1514
566 810 240 812 1514
755 815 239 813 1515
625 9 222 813 1515
616 629 221 813 1515
566 811 234 813 1515
433 1 237 813 1515
383 818 222 813 1515
692 758 222 814 1516
210 189 224 814 1516
725 263 223 814 1516
523 811 221 814 1516
331 160 221 814 1516
25 789 234 814 1516
426 14 232 814 1516
405 754 224 814 1516
568 324 221 814 1516
566 812 227 814 1516
788 786 222 814 1516
785 813 231 814 1516
433 2 243 814 1516
508 731 221 814 1516
366 3 233 814 1516
692 759 223 815 1517
518 825 225 815 1517
331 161 224 815 1517
549 814 222 815 1517
625 11 223 815 1517
586 824 221 815 1517
777 814 221 815 1517
568 325 223 815 1517
424 831 231 815 1517
433 3 246 815 1517
518 826 222 816 1518
578 374 221 816 1518
366 1 222 816 1518
735 457 223 816 1518
586 825 225 816 1518
568 326 225 816 1518
433 4 231 816 1518
121 47 223 816 1518
359 274 231 817 1519
431 532 239 817 1519
564 563 224 817 1519
24 68 225 817 1519
634 154 234 817 1519
81 814 227 818 1520
738 761 233 818 1520
433 6 223 818 1520
83 263 243 819 1521
750 371 222 819 1521
143 69 226 819 1521
188 310 229 819 1521
163 221 241 819 1521
433 7 238 819 1521
373 816 232 819 1521
773 753 231 819 1521
725 269 230 820 1522
564 566 225 820 1522
779 793 221 820 1522
433 9 228 821 1523
433 10 233 822 1524
433 11 228 823 1525
433 12 227 824 1526
433 13 233 825 1527
433 14 238 826 1528
666 834 224 827 1529
433 15 229 827 1529
72 286 221 828 1530
638 822 228 828 1530
433 16 238 828 1530
433 17 239 829 1531
433 19 247 831 1533
433 20 233 832 1534
433 21 227 833 1535
433 22 230 834 1536
433 23 223 835 1537
433 24 225 836 1538
433 25 225 837 1539
433 26 226 838 1540
433 27 223 839 1541
433 30 229 842 1544
65 797 221 845 1547
433 33 224 845 1547
749 531 221 846 1548
433 34 234 846 1548
65 799 222 847 1549
433 35 234 847 1549
66 789 223 849 1551
524 528 232 896 1598
524 529 235 896 1598
431 615 227 900 1602
106 370 224 902 1604
106 371 229 903 1605
106 372 231 904 1606
106 373 231 904 1606
106 374 226 905 1607
106 375 227 906 1608
106 376 226 907 1609
106 377 233 908 1610
546 610 221 909 1611
58 585 225 910 1612
524 543 223 910 1612
274 59 226 911 1613
524 544 228 911 1613
563 279 226 917 1619
68 975 232 922 1624
68 976 229 923 1625
68 977 232 924 1626
68 979 239 926 1628
68 980 236 927 1629
68 981 233 928 1630
68 982 225 929 1631
68 983 231 930 1632
68 984 233 931 1633
68 985 233 932 1634
68 986 229 933 1635
601 946 226 934 1636
305 1043 221 947 1649
73 626 224 949 1651
305 1046 225 950 1652
73 627 225 950 1652
73 633 221 956 1658
73 634 221 957 1659
73 635 221 958 1660
622 330 223 982 1684
305 1082 221 986 1688
305 1090 223 994 1696
305 1091 222 995 1697
305 1092 223 996 1698
278 1014 222 1001 1703
305 1101 227 1005 1707
305 1104 223 1008 1710
305 1106 221 1010 1712
27 676 221 1011 1713
305 1109 221 1013 1715
305 1113 225 1017 1719
305 1114 223 1018 1720
622 29 234 1018 1720
305 1129 221 1033 1735
601 1049 222 1037 1739
136 825 221 1046 1748
391 979 223 1048 1750
601 1071 222 1059 1761
601 1072 221 1060 1762
136 840 223 1061 1763
136 841 222 1062 1764
136 842 223 1063 1765
305 1163 221 1067 1769
305 1164 225 1068 1770
27 733 221 1068 1770
74 176 221 1068 1770
305 1165 221 1069 1771
601 1112 221 1100 1802
305 1200 229 1104 1806
305 1201 233 1105 1807
305 1206 223 1110 1812
73 793 222 1116 1818
434 1120 221 1120 1822
601 1135 221 1123 1825
305 1223 222 1127 1829
305 1225 223 1129 1831
305 1226 221 1130 1832
305 1227 226 1131 1833
305 1229 221 1133 1835
305 1230 221 1134 1836
305 1234 223 1138 1840
601 1153 223 1141 1843
601 1154 223 1142 1844
27 815 221 1150 1852
305 1249 221 1153 1855
73 831 221 1154 1856
305 1252 229 1156 1858
601 1 222 1156 1858
305 1253 237 1157 1859
305 1256 222 1160 1862
305 1257 222 1161 1863
305 1258 221 1162 1864
305 1259 221 1163 1865
617 411 221 1172 1874
68 1226 227 1173 1875
68 1242 227 1189 1891
305 1322 229 1226 1928
146 1153 221 1231 1933
192 6 227 1234 1936
305 1339 223 1243 1945
305 1341 245 1245 1947
305 1342 225 1246 1948
305 1352 239 1256 1958
305 1365 223 1269 1971
305 1366 221 1270 1972
305 1367 225 1271 1973
305 1369 221 1273 1975
305 1370 224 1274 1976
636 672 240 1275 1977
636 675 232 1278 1980
305 1402 221 1306 2008
305 1403 230 1307 2009
68 1365 227 1312 2014
305 1408 223 1312 2014
305 1409 223 1313 2015
305 1417 226 1321 2023
305 1427 221 1331 2033
305 1441 221 1345 2047
305 1453 221 1357 2059
