67 5 221 0 692
668 2 229 0 692
23 3 231 1 693
597 4 228 1 693
457 2 225 1 693
668 3 235 1 693
597 5 227 2 694
457 3 224 2 694
590 3 229 2 694
668 4 230 2 694
307 2 225 3 695
597 6 225 3 695
457 4 221 3 695
590 4 233 3 695
668 5 233 4 696
307 3 229 4 696
23 6 224 4 696
597 7 223 4 696
590 5 234 4 696
307 4 227 5 697
668 6 227 5 697
597 8 227 5 697
590 6 232 5 697
307 5 225 6 698
668 7 233 6 698
23 8 229 6 698
457 7 223 6 698
590 7 241 6 698
307 6 225 7 699
23 9 230 7 699
597 10 222 7 699
590 8 237 7 699
307 7 224 8 700
668 9 227 8 700
23 10 225 8 700
590 9 247 8 700
307 8 230 9 701
668 10 229 9 701
597 12 224 9 701
590 10 248 9 701
307 9 227 10 702
668 11 235 10 702
590 11 223 10 702
307 10 227 11 703
668 12 226 11 703
590 12 234 11 703
457 13 227 12 704
590 13 255 12 704
307 12 221 13 705
668 14 223 13 705
590 14 221 13 705
307 13 227 14 706
668 15 225 14 706
23 17 223 15 707
597 18 224 15 707
457 16 223 15 707
590 16 226 15 707
307 16 226 16 708
23 19 235 17 709
590 18 233 17 709
307 17 221 17 709
668 19 225 18 710
590 19 241 18 710
23 21 229 19 711
668 21 223 20 712
23 22 225 20 712
668 22 221 21 713
328 15 226 21 713
457 22 221 21 713
590 22 227 21 713
668 23 221 22 714
23 24 233 22 714
597 25 223 22 714
590 23 235 22 714
307 22 223 22 714
457 24 221 23 715
590 24 225 23 715
307 23 229 23 715
23 26 235 24 716
307 24 221 24 716
23 27 239 25 717
597 28 225 25 717
307 25 224 25 717
668 27 223 26 718
23 28 241 26 718
457 27 222 26 718
307 26 225 26 718
668 28 224 27 719
23 29 243 27 719
590 28 222 27 719
307 27 228 27 719
668 29 223 28 720
23 30 229 28 720
597 31 230 28 720
457 29 229 28 720
307 28 228 28 720
668 30 221 29 721
23 31 236 29 721
307 29 223 29 721
590 30 222 30 722
23 32 239 30 722
597 33 221 30 722
307 30 231 30 722
590 31 237 31 723
307 31 227 31 723
590 32 231 31 723
307 32 224 32 724
590 33 247 33 725
328 27 222 33 725
307 33 229 33 725
590 34 241 33 725
307 34 237 34 726
590 35 239 35 727
307 35 233 35 727
590 36 238 35 727
23 38 226 36 728
307 36 225 36 728
590 37 235 37 729
307 37 226 37 729
590 38 228 38 730
307 38 225 39 731
23 41 223 39 731
590 40 239 39 731
307 39 235 39 731
23 42 223 40 732
307 40 223 40 732
590 41 241 40 732
23 43 225 41 733
307 41 231 41 733
590 42 235 42 734
23 44 221 42 734
307 42 227 42 734
590 43 239 42 734
23 45 227 43 735
590 44 241 43 735
307 43 233 43 735
23 46 221 44 736
590 45 234 44 736
307 44 235 44 736
590 46 241 45 737
307 45 228 45 737
590 47 239 46 738
307 46 229 46 738
590 48 235 47 739
307 47 222 47 739
590 49 241 48 740
307 48 226 49 741
590 50 238 49 741
307 49 227 49 741
23 52 221 50 742
590 51 245 50 742
307 50 222 50 742
590 52 235 51 743
307 51 235 51 743
307 52 231 52 744
590 53 229 52 744
307 53 233 53 745
590 54 231 53 745
668 56 222 54 746
307 54 227 54 746
590 55 235 54 746
307 55 228 55 747
590 56 238 55 747
23 58 237 56 748
597 59 224 56 748
307 56 225 56 748
590 57 241 56 748
590 58 228 57 749
307 57 226 57 749
23 60 224 58 750
597 61 223 58 750
590 59 221 58 750
307 58 228 59 751
590 60 241 60 752
307 59 227 60 752
590 61 237 61 753
307 60 230 61 753
590 62 233 62 754
307 61 227 62 754
307 62 224 63 755
23 65 223 63 755
668 65 226 63 755
590 64 237 63 755
307 63 226 64 756
590 65 225 64 756
457 65 221 65 757
307 64 224 65 757
590 66 225 65 757
307 65 227 66 758
457 66 223 66 758
668 68 227 66 758
590 67 223 67 759
307 66 229 67 759
668 69 225 67 759
590 68 233 67 759
23 70 231 68 760
668 70 226 68 760
590 69 235 68 760
307 68 227 69 761
23 71 229 69 761
668 71 224 69 761
590 70 239 69 761
23 72 223 70 762
597 73 241 70 762
668 72 244 70 762
457 71 221 70 762
590 71 238 70 762
597 74 239 71 763
590 72 233 71 763
457 72 227 71 763
597 75 243 72 764
457 73 221 72 764
590 73 237 72 764
597 76 229 73 765
457 74 237 73 765
590 74 239 73 765
307 73 221 73 765
457 75 237 74 766
23 77 225 75 767
597 78 243 75 767
668 77 225 75 767
457 76 223 75 767
23 78 239 76 768
597 79 243 76 768
668 78 225 76 768
457 77 221 76 768
590 77 233 76 768
23 79 249 77 769
457 78 225 77 769
590 78 229 77 769
23 80 244 78 770
597 81 222 78 770
668 80 227 78 770
457 79 229 78 770
307 78 223 78 770
590 79 239 78 770
23 81 241 79 771
597 82 236 79 771
668 81 227 79 771
307 79 233 79 771
457 81 225 80 772
590 81 223 80 772
307 80 225 80 772
23 83 243 81 773
668 83 221 81 773
358 88 221 81 773
307 81 233 81 773
23 85 229 83 775
590 84 239 83 775
277 36 223 84 776
483 93 227 84 776
131 70 224 84 776
691 72 225 84 776
368 20 226 84 776
187 74 223 84 776
23 86 227 84 776
775 79 241 84 776
320 79 227 84 776
254 92 236 85 777
368 21 222 85 777
54 73 228 85 777
590 86 235 85 777
686 67 221 86 778
668 88 227 86 778
590 87 233 86 778
560 86 221 87 779
186 74 225 87 779
554 86 223 87 779
29 88 226 87 779
590 88 244 87 779
449 98 233 88 780
188 32 223 88 780
590 89 221 88 780
396 89 226 89 781
489 30 230 89 781
396 90 224 90 782
6 28 221 90 782
564 68 225 90 782
462 11 227 90 782
161 59 225 91 783
6 29 233 91 783
660 79 226 91 783
577 95 243 91 783
125 97 231 91 783
517 84 221 92 784
169 84 225 92 784
776 95 221 92 784
306 98 227 92 784
6 30 226 92 784
246 80 231 92 784
618 94 221 92 784
598 94 227 92 784
574 83 227 92 784
776 96 223 93 785
246 81 229 93 785
280 90 227 94 786
674 26 223 94 786
322 81 224 94 786
214 85 223 94 786
776 97 233 94 786
776 98 223 95 787
141 83 223 96 788
776 99 239 96 788
246 84 227 96 788
776 100 225 97 789
776 101 224 98 790
331 77 227 99 791
246 87 240 99 791
331 78 221 100 792
476 100 237 100 792
246 88 237 100 792
776 104 231 101 793
246 89 235 101 793
476 102 231 102 794
776 105 232 102 794
246 90 227 102 794
476 103 239 103 795
425 97 221 103 795
776 106 235 103 795
246 92 224 104 796
190 32 221 104 796
422 95 227 105 797
331 83 233 105 797
476 105 233 105 797
331 84 223 106 798
476 106 233 106 798
431 87 223 106 798
776 109 223 106 798
322 93 227 106 798
190 34 223 107 799
783 89 222 107 799
431 88 221 107 799
476 1 222 107 799
190 35 225 108 800
431 90 221 109 801
476 3 223 109 801
783 92 221 110 802
322 97 221 110 802
776 113 225 110 802
331 89 227 111 803
322 98 223 111 803
246 99 227 111 803
476 5 221 111 803
239 106 225 112 804
190 39 224 112 804
431 93 221 112 804
476 6 226 112 804
776 116 221 113 805
190 41 221 114 806
783 96 221 114 806
322 101 223 114 806
776 117 224 114 806
476 8 225 114 806
239 109 223 115 807
476 9 230 115 807
422 106 223 116 808
431 97 226 116 808
776 119 225 116 808
783 99 221 117 809
322 104 223 117 809
190 45 221 118 810
322 105 221 118 810
776 121 221 118 810
476 12 221 118 810
331 97 225 119 811
776 122 229 119 811
476 13 225 119 811
776 123 223 120 812
783 103 225 121 813
331 99 223 121 813
246 109 222 121 813
776 125 221 122 814
331 101 225 123 815
322 110 222 123 815
783 106 223 124 816
431 105 235 124 816
331 102 229 124 816
783 107 229 125 817
331 103 228 125 817
422 117 223 127 819
331 105 222 127 819
431 108 241 127 819
431 109 235 128 820
322 115 221 128 820
776 131 229 128 820
239 123 221 129 821
431 110 222 129 821
331 107 243 129 821
246 117 224 129 821
476 23 233 129 821
783 112 221 130 822
476 24 233 130 822
476 25 233 131 823
246 120 222 132 824
476 26 225 132 824
239 127 223 133 825
776 136 226 133 825
239 128 224 134 826
431 115 235 134 826
776 137 233 134 826
771 1 221 134 826
246 122 225 134 826
239 129 221 135 827
431 116 223 135 827
776 138 229 135 827
476 29 227 135 827
239 130 224 136 828
431 117 231 136 828
776 139 227 136 828
246 124 225 136 828
476 30 227 136 828
239 131 224 137 829
422 127 222 137 829
431 118 221 137 829
476 31 229 137 829
422 128 225 138 830
331 116 221 138 830
431 122 223 141 833
88 110 221 142 834
476 36 233 142 834
331 121 223 143 835
476 37 235 143 835
239 138 225 144 836
422 134 224 144 836
476 38 238 144 836
239 139 223 145 837
422 135 223 145 837
783 127 221 145 837
236 140 223 145 837
331 123 225 145 837
776 148 221 145 837
476 39 237 145 837
239 140 221 146 838
783 128 223 146 838
776 149 225 146 838
476 40 240 146 838
422 137 222 147 839
776 150 228 147 839
246 135 221 147 839
246 136 224 148 840
476 42 227 148 840
422 139 229 149 841
431 130 225 149 841
322 136 227 149 841
776 2 235 149 841
476 44 236 150 842
239 145 221 151 843
783 133 227 151 843
422 141 225 151 843
431 132 224 151 843
331 129 221 151 843
322 138 221 151 843
776 4 234 151 843
476 45 229 151 843
783 134 227 152 844
422 142 225 152 844
331 130 221 152 844
431 133 221 152 844
246 140 222 152 844
476 46 224 152 844
783 135 225 153 845
422 143 221 153 845
331 131 221 153 845
431 134 223 153 845
322 140 225 153 845
776 6 233 153 845
246 141 225 153 845
476 47 221 153 845
783 136 224 154 846
239 148 224 154 846
431 135 222 154 846
322 141 223 154 846
776 7 223 154 846
246 142 225 154 846
476 48 225 154 846
776 8 235 155 847
476 49 234 155 847
322 143 223 156 848
476 50 226 156 848
331 135 221 157 849
322 144 221 157 849
776 10 226 157 849
246 145 221 157 849
476 51 221 157 849
476 52 226 158 850
783 141 221 159 851
431 140 222 159 851
322 146 225 159 851
776 12 226 159 851
246 147 223 159 851
476 53 231 159 851
476 54 223 160 852
776 14 225 161 853
246 149 226 161 853
476 55 228 161 853
331 140 223 162 854
476 56 221 162 854
776 16 227 163 855
476 57 228 163 855
776 17 223 164 856
246 152 222 164 856
476 58 227 164 856
783 147 222 165 857
322 152 221 165 857
776 18 228 165 857
246 153 227 165 857
783 148 222 166 858
422 156 223 166 858
476 60 222 166 858
422 157 227 167 859
331 145 221 167 859
776 20 225 167 859
422 158 223 168 860
476 62 221 168 860
322 156 224 169 861
776 22 228 169 861
246 157 227 169 861
422 160 223 170 862
776 23 221 170 862
246 158 222 170 862
422 161 227 171 863
331 149 225 171 863
776 24 222 171 863
476 65 221 171 863
239 166 221 172 864
422 162 225 172 864
246 160 222 172 864
476 66 225 172 864
422 163 224 173 865
331 151 225 173 865
776 26 221 173 865
246 161 225 173 865
476 67 231 173 865
331 152 225 174 866
476 68 235 174 866
239 169 221 175 867
331 153 222 175 867
322 162 225 175 867
476 69 225 175 867
190 103 224 176 868
476 70 221 176 868
246 165 221 177 869
476 71 222 177 869
190 105 221 178 870
322 165 221 178 870
776 31 223 178 870
476 72 226 178 870
190 106 227 179 871
322 166 226 179 871
246 167 226 179 871
476 73 225 179 871
322 168 221 181 873
331 160 221 182 874
776 35 223 182 874
476 76 231 182 874
776 36 227 183 875
476 77 228 183 875
776 37 225 184 876
476 78 225 184 876
476 79 221 185 877
776 40 224 187 879
776 43 227 190 882
776 44 222 191 883
190 121 221 193 885
776 47 221 194 886
331 175 221 197 889
331 176 223 198 890
322 186 225 199 891
776 52 225 199 891
776 53 224 200 892
476 95 229 202 894
776 56 223 203 895
776 57 221 204 896
246 193 223 205 897
88 174 225 206 898
776 59 223 206 898
476 100 223 207 899
88 175 225 207 899
476 102 221 209 901
190 137 223 210 902
476 103 221 210 902
783 192 225 210 902
776 63 223 210 902
476 104 229 211 903
422 201 221 211 903
239 205 221 211 903
476 105 223 212 904
422 202 223 212 904
190 140 223 213 905
476 106 229 213 905
422 203 227 213 905
476 107 222 214 906
422 204 223 214 906
776 68 227 215 907
246 203 225 215 907
431 197 226 216 908
783 198 221 216 908
776 69 223 216 908
476 110 233 217 909
422 207 221 217 909
776 70 230 217 909
476 111 245 218 910
431 199 225 218 910
331 196 221 218 910
476 112 226 219 911
476 113 229 220 912
246 208 233 220 912
476 114 229 221 913
331 199 223 221 913
246 209 227 221 913
476 115 231 222 914
422 212 224 222 914
783 204 223 222 914
246 210 224 222 914
422 213 233 223 915
783 205 224 223 915
331 201 223 223 915
190 151 223 224 916
476 117 225 224 916
331 203 227 225 917
476 119 224 226 918
422 216 227 226 918
783 208 221 226 918
431 207 222 226 918
322 213 231 226 918
246 214 223 226 918
776 79 227 226 918
190 154 227 227 919
476 120 224 227 919
783 210 229 228 920
190 1 222 228 920
331 206 221 228 920
776 81 231 228 920
476 122 221 229 921
422 219 225 229 921
190 2 225 229 921
322 216 225 229 921
331 207 227 229 921
776 82 221 229 921
246 217 227 229 921
476 123 223 230 922
239 224 221 230 922
190 3 222 230 922
322 217 225 230 922
331 208 227 230 922
776 83 222 230 922
476 124 235 231 923
422 221 223 231 923
239 225 226 231 923
190 4 227 231 923
322 218 225 231 923
476 125 227 232 924
783 214 222 232 924
331 210 227 232 924
246 220 221 232 924
476 126 221 233 925
239 227 221 233 925
431 214 225 233 925
190 6 231 233 925
776 86 227 233 925
783 216 221 234 926
331 212 233 234 926
476 128 227 235 927
783 217 223 235 927
190 8 230 235 927
776 88 224 235 927
476 129 235 236 928
422 226 225 236 928
783 218 225 236 928
322 223 229 236 928
331 214 225 236 928
776 89 221 236 928
476 130 225 237 929
422 227 221 237 929
322 224 227 237 929
776 90 225 237 929
476 131 237 238 930
190 11 221 238 930
476 132 222 239 931
783 221 223 239 931
88 207 224 239 931
331 217 224 239 931
476 133 221 240 932
422 230 223 240 932
783 222 221 240 932
88 208 223 240 932
476 134 223 241 933
422 231 236 241 933
322 228 221 241 933
331 219 221 241 933
476 135 227 242 934
239 236 223 242 934
422 232 225 242 934
88 210 223 242 934
331 220 229 242 934
476 136 234 243 935
422 233 221 243 935
88 211 221 243 935
476 137 225 244 936
331 222 223 244 936
776 97 224 244 936
476 138 224 245 937
422 235 221 245 937
476 139 237 246 938
422 236 227 246 938
776 99 221 246 938
476 140 228 247 939
476 141 225 248 940
331 226 231 248 940
422 240 241 250 942
331 228 227 250 942
422 241 239 251 943
476 145 223 252 944
422 242 237 252 944
331 230 231 252 944
476 146 221 253 945
422 243 237 253 945
476 147 232 254 946
422 244 235 254 946
331 232 225 254 946
422 245 235 255 947
88 223 222 255 947
476 149 224 256 948
422 246 229 256 948
422 247 230 257 949
422 248 227 258 950
422 249 230 259 951
476 2 223 259 951
422 250 227 260 952
476 3 221 260 952
422 251 227 261 953
476 4 232 261 953
422 252 229 262 954
422 253 234 263 955
476 6 231 263 955
331 241 222 263 955
422 254 227 264 956
476 7 231 264 956
331 242 226 264 956
422 255 228 265 957
476 8 229 265 957
422 256 228 266 958
476 9 228 266 958
776 119 229 266 958
476 10 227 267 959
331 245 237 267 959
776 120 228 267 959
422 258 223 268 960
476 11 233 268 960
331 246 224 268 960
476 12 239 269 961
431 250 225 269 961
190 42 221 269 961
331 247 233 269 961
776 122 233 269 961
476 13 229 270 962
431 251 230 270 962
331 248 223 270 962
776 123 226 270 962
331 249 231 271 963
776 124 221 271 963
422 262 221 272 964
476 15 249 272 964
331 250 233 272 964
776 125 221 272 964
331 251 221 273 965
422 264 221 274 966
476 17 228 274 966
331 252 226 274 966
476 18 223 275 967
422 266 230 276 968
476 19 225 276 968
422 267 229 277 969
422 268 231 278 970
331 256 224 278 970
422 269 233 279 971
331 257 235 279 971
476 23 227 280 972
331 258 226 280 972
476 24 235 281 973
331 259 227 281 973
422 272 229 282 974
476 25 229 282 974
422 273 232 283 975
422 274 221 284 976
190 57 223 284 976
422 275 223 285 977
331 263 223 285 977
422 276 221 286 978
476 29 222 286 978
331 264 234 286 978
190 59 225 286 978
422 277 224 287 979
476 30 239 287 979
331 265 226 287 979
422 278 229 288 980
476 31 223 288 980
331 266 221 288 980
422 279 225 289 981
476 32 225 289 981
331 267 224 289 981
422 280 228 290 982
331 268 223 290 982
422 281 232 291 983
476 34 227 291 983
422 282 229 292 984
476 35 223 292 984
422 283 235 293 985
422 284 227 294 986
476 37 232 294 986
476 38 233 295 987
331 273 241 295 987
190 68 227 295 987
476 39 237 296 988
331 274 235 296 988
431 1 223 296 988
190 69 225 296 988
422 287 225 297 989
476 40 238 297 989
331 275 231 297 989
422 288 225 298 990
476 41 227 298 990
331 276 236 298 990
190 71 225 298 990
776 151 224 298 990
422 289 225 299 991
476 42 237 299 991
331 277 233 299 991
190 72 221 299 991
476 43 233 300 992
422 290 225 300 992
190 73 227 300 992
476 44 223 301 993
331 279 228 301 993
190 74 226 301 993
783 284 222 302 994
190 75 221 302 994
783 285 221 303 995
331 281 235 303 995
190 76 240 303 995
476 1 221 303 995
322 290 223 303 995
776 156 224 303 995
783 286 233 304 996
431 9 221 304 996
331 282 235 304 996
190 77 241 304 996
476 2 229 304 996
239 299 229 305 997
422 295 222 305 997
331 283 223 305 997
190 78 221 305 997
476 3 239 305 997
617 325 223 305 997
331 284 227 306 998
239 301 223 307 999
783 289 231 307 999
431 12 223 307 999
422 298 225 308 1000
190 81 225 308 1000
776 161 221 308 1000
239 303 225 309 1001
422 300 221 310 1002
776 163 225 310 1002
331 289 221 311 1003
322 298 225 311 1003
422 304 221 314 1006
331 292 223 314 1006
190 87 228 314 1006
776 167 226 314 1006
246 302 226 314 1006
239 309 233 315 1007
783 297 231 315 1007
431 20 235 315 1007
331 293 221 315 1007
190 88 225 315 1007
322 302 221 315 1007
776 168 243 315 1007
431 21 225 316 1008
331 294 224 316 1008
476 14 227 316 1008
239 311 228 317 1009
476 15 245 317 1009
190 90 233 317 1009
