599 3 226 5 1836
599 4 226 6 1837
267 1 235 7 1838
599 5 245 7 1838
267 2 231 8 1839
599 6 242 8 1839
267 3 233 9 1840
599 7 247 9 1840
267 4 230 10 1841
599 8 243 10 1841
267 5 235 11 1842
599 9 247 11 1842
267 6 225 12 1843
599 10 229 12 1843
599 12 221 14 1845
599 13 233 15 1846
599 15 222 17 1848
599 17 226 19 1850
599 18 223 20 1851
599 19 239 21 1852
31 1162 221 22 1853
599 20 225 22 1853
449 17 225 23 1854
497 1159 222 23 1854
599 21 221 23 1854
665 253 225 23 1854
21 832 223 24 1855
599 22 227 24 1855
188 645 222 24 1855
760 64 223 24 1855
740 229 227 25 1856
599 23 231 25 1856
740 230 223 26 1857
583 99 227 26 1857
599 24 237 26 1857
599 25 239 27 1858
599 27 226 29 1860
18 159 222 30 1861
185 346 221 30 1861
599 28 225 30 1861
599 29 234 31 1862
235 312 226 31 1862
405 126 221 32 1863
599 30 237 32 1863
599 31 235 33 1864
356 850 229 34 1865
147 1180 225 34 1865
599 32 226 34 1865
760 74 224 34 1865
658 1175 226 35 1866
599 33 241 35 1866
307 1174 239 35 1866
211 231 227 36 1867
551 292 221 36 1867
599 34 228 36 1867
454 1179 224 37 1868
10 239 230 38 1869
599 36 229 38 1869
134 528 222 39 1870
599 37 225 39 1870
285 4 223 40 1871
599 39 237 41 1872
599 41 229 43 1874
182 102 225 45 1876
599 43 224 45 1876
599 49 224 51 1882
599 50 223 52 1883
423 1181 225 52 1883
423 1182 224 53 1884
599 53 223 55 1886
599 54 224 56 1887
599 57 233 59 1890
629 22 223 61 1892
476 657 221 61 1892
199 5 224 62 1893
101 9 221 66 1897
194 213 244 68 1899
348 886 227 71 1902
162 44 239 77 1908
162 65 235 98 1929
527 1273 225 135 1966
171 524 222 135 1966
304 18 221 136 1967
527 1274 221 136 1967
117 585 223 136 1967
304 21 225 139 1970
398 1283 223 140 1971
398 1284 225 141 1972
499 1226 221 141 1972
683 407 221 145 1976
77 827 222 161 1992
162 152 221 186 2017
162 153 224 187 2018
599 186 230 188 2019
599 187 227 189 2020
599 188 230 190 2021
599 189 231 191 2022
599 190 229 192 2023
380 1269 221 193 2024
639 1335 233 193 2024
178 164 221 198 2029
164 2 231 198 2029
599 196 226 198 2029
599 197 243 199 2030
700 1195 233 200 2031
294 397 225 200 2031
599 198 236 200 2031
583 274 225 201 2032
599 199 228 201 2032
271 1282 221 202 2033
599 200 226 202 2033
162 169 225 203 2034
599 202 225 204 2035
162 171 229 205 2036
162 172 225 206 2037
599 204 226 206 2037
162 173 227 207 2038
599 206 228 208 2039
170 1332 240 208 2039
74 446 221 209 2040
162 175 223 209 2040
599 208 223 210 2041
599 209 231 211 2042
162 178 225 212 2043
599 210 223 212 2043
599 211 226 213 2044
162 180 233 214 2045
599 212 234 214 2045
599 213 231 215 2046
99 2 223 221 2052
142 691 223 249 2080
142 692 221 250 2081
142 693 223 251 2082
142 694 221 252 2083
599 368 223 370 2201
599 448 221 450 2281
599 450 221 452 2283
599 454 222 456 2287
599 522 221 524 2355
599 523 223 525 2356
599 526 227 528 2359
599 527 233 529 2360
599 532 232 534 2365
162 573 221 607 2438
599 644 225 646 2477
