551 2 231 0 696
712 1 229 0 696
712 2 227 1 697
551 5 225 3 699
712 4 229 3 699
551 6 232 4 700
712 5 233 4 700
551 7 234 5 701
712 6 225 5 701
76 1 223 5 701
551 8 233 6 702
76 2 227 6 702
551 9 228 7 703
517 3 223 7 703
76 3 232 7 703
434 2 221 7 703
551 10 228 8 704
712 9 231 8 704
76 4 221 8 704
551 11 229 9 705
712 10 235 9 705
76 5 235 9 705
712 11 235 10 706
76 6 233 10 706
712 12 223 11 707
76 7 225 11 707
551 14 227 12 708
712 13 235 12 708
712 14 224 13 709
76 9 223 13 709
551 16 236 14 710
712 15 239 14 710
76 10 241 14 710
712 16 221 15 711
712 17 236 16 712
76 12 229 16 712
537 4 223 16 712
551 19 224 17 713
537 5 223 17 713
551 20 238 18 714
712 19 228 18 714
537 6 222 18 714
551 21 230 19 715
712 20 225 19 715
551 22 235 20 716
712 21 231 20 716
76 16 221 20 716
551 23 225 21 717
76 17 223 21 717
551 24 225 22 718
712 23 240 22 718
76 18 228 22 718
551 25 222 23 719
712 24 233 23 719
76 19 228 23 719
551 26 226 24 720
712 25 228 24 720
76 20 225 24 720
551 27 227 25 721
712 26 239 25 721
551 28 225 26 722
712 27 238 26 722
76 22 229 26 722
551 29 221 27 723
76 23 221 27 723
551 30 235 28 724
712 29 231 28 724
76 25 227 29 725
76 26 227 30 726
537 18 230 30 726
551 33 221 31 727
76 27 227 31 727
537 19 227 31 727
76 28 231 32 728
537 20 227 32 728
76 29 231 33 729
537 21 225 33 729
551 36 225 34 730
76 30 231 34 730
537 22 227 34 730
76 31 226 35 731
76 32 227 36 732
537 24 224 36 732
76 33 229 37 733
551 40 226 38 734
76 34 231 38 734
537 26 223 38 734
76 35 227 39 735
537 27 222 39 735
76 36 231 40 736
537 28 226 40 736
76 37 232 41 737
537 29 227 41 737
537 30 225 42 738
76 39 225 43 739
537 31 221 43 739
76 40 221 44 740
537 32 223 44 740
76 42 228 46 742
537 34 224 46 742
76 43 223 47 743
537 35 225 47 743
551 50 224 48 744
76 44 221 48 744
537 36 227 48 744
76 45 221 49 745
537 37 223 49 745
551 52 221 50 746
537 38 223 50 746
76 47 223 51 747
76 48 223 52 748
537 40 226 52 748
517 49 223 53 749
551 56 221 54 750
76 51 227 55 751
712 57 221 56 752
551 58 221 56 752
551 59 221 57 753
537 45 226 57 753
551 60 225 58 754
76 54 221 58 754
537 46 225 58 754
551 61 225 59 755
76 55 225 59 755
76 56 230 60 756
639 67 221 60 756
537 48 225 60 756
76 57 234 61 757
537 49 225 61 757
551 64 221 62 758
76 58 224 62 758
551 65 223 63 759
537 51 221 63 759
551 66 223 64 760
76 60 230 64 760
537 52 226 64 760
551 67 230 65 761
76 61 227 65 761
537 53 227 65 761
551 68 231 66 762
537 54 221 66 762
551 69 233 67 763
537 55 227 67 763
712 70 229 69 765
551 71 233 69 765
551 72 233 70 766
712 72 221 71 767
551 73 224 71 767
76 67 236 71 767
537 59 227 71 767
712 73 235 72 768
551 74 235 72 768
537 60 231 72 768
500 54 221 73 769
76 69 228 73 769
712 75 227 74 770
537 62 239 74 770
537 63 237 75 771
76 72 225 76 772
537 64 233 76 772
539 1 226 76 772
709 72 221 77 773
398 84 221 77 773
551 79 221 77 773
712 78 231 77 773
537 65 237 77 773
85 73 222 78 774
304 73 227 78 774
712 79 229 78 774
537 66 221 78 774
304 74 224 79 775
712 80 225 79 775
398 87 224 80 776
85 75 221 80 776
304 75 243 80 776
169 76 227 80 776
451 87 221 80 776
559 73 247 80 776
85 76 227 81 777
217 87 223 81 777
304 76 221 81 777
654 74 221 81 777
76 4 231 81 777
392 86 221 81 777
559 74 227 81 777
304 77 230 82 778
283 54 229 82 778
712 83 223 82 778
304 78 225 83 779
712 84 223 83 779
712 85 225 84 780
241 93 226 85 781
126 93 231 85 781
777 79 242 86 782
21 76 223 86 782
788 52 221 86 782
306 96 228 86 782
170 76 226 87 783
399 87 236 87 783
435 94 231 87 783
169 84 221 88 784
314 93 223 89 785
785 83 221 89 785
419 75 221 89 785
458 102 221 90 786
653 80 225 92 788
636 96 225 92 788
438 94 221 92 788
591 88 235 92 788
212 97 228 92 788
249 72 223 92 788
173 95 235 93 789
636 97 235 93 789
125 102 239 93 789
438 95 239 93 789
503 90 245 93 789
266 38 221 93 789
249 73 229 93 789
212 98 223 93 789
446 87 225 94 790
173 96 231 94 790
636 98 235 94 790
725 7 226 94 790
125 103 225 94 790
438 96 233 94 790
503 91 231 94 790
266 39 223 94 790
249 74 227 94 790
133 107 221 94 790
173 97 231 95 791
636 99 231 95 791
725 8 231 95 791
438 97 228 95 791
503 92 227 95 791
591 91 233 95 791
173 98 225 96 792
725 9 237 96 792
125 105 221 96 792
438 98 225 96 792
503 93 237 96 792
591 92 235 96 792
173 99 225 97 793
438 99 224 97 793
503 94 237 97 793
591 93 227 97 793
133 110 221 97 793
636 102 224 98 794
173 100 221 98 794
503 95 232 98 794
591 94 227 98 794
212 103 223 98 794
133 111 221 98 794
636 103 223 99 795
503 96 237 99 795
591 95 223 99 795
212 104 223 99 795
503 97 231 100 796
591 96 225 100 796
636 105 222 101 797
173 103 223 101 797
503 98 235 101 797
591 97 236 101 797
636 106 227 102 798
503 99 227 102 798
591 99 223 103 799
133 116 223 103 799
446 97 223 103 799
787 89 225 104 800
503 101 227 104 800
653 93 223 105 801
503 102 224 105 801
212 110 223 105 801
653 94 221 106 802
438 108 221 106 802
503 103 227 106 802
636 111 227 107 803
787 92 221 107 803
503 104 237 107 803
266 52 221 107 803
636 112 227 108 804
438 110 222 108 804
503 105 234 108 804
212 113 221 108 804
446 102 223 108 804
653 97 227 109 805
636 113 223 109 805
125 118 223 109 805
173 111 221 109 805
503 106 233 109 805
636 114 231 110 806
787 95 223 110 806
503 107 234 110 806
591 106 223 110 806
212 115 221 110 806
125 120 221 111 807
591 107 222 111 807
446 105 225 111 807
787 97 225 112 808
503 109 227 112 808
636 117 243 113 809
173 115 226 113 809
438 115 227 113 809
636 118 221 114 810
173 116 221 114 810
787 99 229 114 810
503 111 224 114 810
173 117 231 115 811
787 100 223 115 811
438 117 223 115 811
503 112 233 115 811
266 60 221 115 811
125 125 224 116 812
787 101 225 116 812
503 113 221 116 812
125 126 221 117 813
173 119 221 117 813
266 62 223 117 813
400 130 221 117 813
125 127 223 118 814
212 123 223 118 814
446 112 221 118 814
266 64 233 119 815
653 108 221 120 816
173 123 228 121 817
503 118 247 121 817
173 124 235 122 818
503 119 240 122 818
591 118 235 122 818
636 127 240 123 819
503 120 223 123 819
173 126 239 124 820
503 121 246 124 820
503 122 247 125 821
438 127 221 125 821
173 128 231 126 822
725 39 222 126 822
400 139 227 126 822
725 40 221 127 823
400 140 230 127 823
446 121 223 127 823
636 132 221 128 824
787 113 225 128 824
591 124 223 128 824
266 73 223 128 824
446 122 225 128 824
636 133 221 129 825
172 133 221 129 825
266 74 222 129 825
446 123 225 129 825
636 134 225 130 826
503 127 221 130 826
266 75 222 130 826
446 124 224 130 826
503 128 221 131 827
591 127 225 131 827
266 76 225 131 827
446 125 221 131 827
636 136 221 132 828
503 129 221 132 828
725 45 223 132 828
591 128 223 132 828
266 77 223 132 828
446 126 224 132 828
503 130 225 133 829
725 46 223 133 829
266 78 224 133 829
446 127 221 133 829
503 131 222 134 830
725 47 223 134 830
266 79 221 134 830
725 48 221 135 831
591 131 221 135 831
636 140 222 135 831
446 130 226 136 832
636 141 221 137 833
636 142 224 137 833
503 135 229 138 834
725 51 221 138 834
400 151 221 138 834
446 132 223 138 834
636 143 228 139 835
725 52 221 139 835
503 136 223 139 835
446 133 223 139 835
636 144 225 140 836
172 144 221 140 836
503 137 221 140 836
446 134 224 140 836
653 129 221 141 837
636 146 225 142 838
172 146 223 142 838
636 147 227 143 839
173 145 221 143 839
503 140 221 143 839
636 148 226 144 840
787 129 222 144 840
438 146 231 144 840
173 147 223 145 841
636 150 228 146 842
653 134 221 146 842
503 143 223 146 842
636 151 222 147 843
438 149 231 147 843
446 141 228 147 843
266 92 221 147 843
133 160 223 148 844
636 152 221 148 844
653 136 221 148 844
725 61 223 148 844
787 133 221 148 844
432 16 221 148 844
438 150 221 148 844
649 143 226 148 844
133 161 222 149 845
725 62 223 149 845
503 146 225 149 845
787 134 227 149 845
649 144 223 149 845
133 162 225 150 846
636 154 221 150 846
636 155 221 151 847
503 148 221 151 847
725 64 223 151 847
133 164 226 152 848
636 157 229 153 849
503 150 221 153 849
591 149 229 153 849
446 147 225 153 849
266 98 235 153 849
172 158 223 154 850
636 158 226 154 850
503 151 225 154 850
212 159 221 154 850
446 148 223 154 850
503 152 231 155 851
725 68 230 155 851
438 157 221 155 851
503 153 224 156 852
636 161 226 157 853
503 154 234 157 853
653 147 221 159 855
653 148 235 160 856
266 105 233 160 856
438 164 221 162 858
266 107 223 162 858
249 142 237 162 858
173 165 239 163 859
438 165 227 163 859
266 108 223 163 859
249 143 227 163 859
125 173 229 164 860
173 166 231 164 860
438 166 235 164 860
249 144 227 164 860
725 7 236 165 861
400 5 227 165 861
446 159 223 165 861
172 170 227 166 862
636 170 221 166 862
636 171 225 167 863
503 164 227 167 863
636 172 233 168 864
725 10 221 168 864
133 180 221 168 864
503 165 227 168 864
212 173 235 168 864
125 178 224 168 864
636 173 221 169 865
503 166 225 169 865
591 166 221 170 866
266 115 229 170 866
249 150 229 170 866
438 173 228 171 867
400 11 221 171 867
125 181 231 172 868
636 176 226 172 868
725 14 225 172 868
503 169 233 172 868
438 174 231 172 868
591 168 222 172 868
212 177 227 172 868
125 182 221 173 869
438 175 234 173 869
212 178 224 173 869
446 167 227 173 869
636 178 232 174 870
503 171 233 174 870
438 176 228 174 870
591 170 223 174 870
725 17 222 175 871
503 172 235 175 871
438 177 226 175 871
133 188 231 176 872
438 178 225 176 872
503 174 233 177 873
725 19 222 177 873
438 179 233 177 873
725 20 241 178 874
653 166 225 178 874
438 180 229 178 874
173 181 227 179 875
438 181 226 179 875
636 184 221 180 876
125 189 221 180 876
653 168 227 180 876
438 182 222 180 876
503 178 227 181 877
653 169 223 181 877
503 179 233 182 878
653 170 225 182 878
636 187 227 183 879
173 186 223 184 880
503 181 227 184 880
503 182 221 185 881
725 27 229 185 881
438 187 231 185 881
249 165 223 185 881
503 183 222 186 882
653 174 221 186 882
249 166 221 186 882
636 191 223 187 883
172 191 226 187 883
125 196 221 187 883
173 189 225 187 883
725 29 222 187 883
503 184 223 187 883
653 175 221 187 883
438 189 227 187 883
172 192 221 188 884
503 185 222 188 884
438 190 232 188 884
503 186 222 189 885
438 191 221 189 885
503 187 233 190 886
172 195 227 191 887
173 193 223 191 887
725 33 255 191 887
438 193 231 191 887
503 189 221 192 888
725 34 225 192 888
172 197 223 193 889
173 195 223 193 889
438 195 226 193 889
503 191 229 194 890
173 197 231 195 891
503 192 228 195 891
173 198 225 196 892
503 193 221 196 892
636 8 223 196 892
725 39 226 197 893
503 194 235 197 893
438 199 226 197 893
438 200 225 198 894
503 195 233 198 894
653 186 223 198 894
653 187 223 199 895
503 196 223 199 895
653 188 223 200 896
503 197 229 200 896
725 43 231 201 897
173 4 221 201 897
636 13 223 201 897
725 44 227 202 898
173 5 225 202 898
725 45 223 203 899
503 200 233 203 899
636 15 223 203 899
725 46 225 204 900
438 207 222 205 901
725 47 225 205 901
173 8 226 205 901
725 48 221 206 902
503 203 222 206 902
173 9 221 206 902
725 49 226 207 903
503 204 225 207 903
173 10 227 207 903
503 205 237 208 904
173 11 221 208 904
172 213 221 209 905
503 206 233 209 905
173 12 231 209 905
503 207 229 210 906
503 208 229 211 907
503 209 221 212 908
725 55 223 213 909
503 210 229 213 909
725 56 221 214 910
503 211 225 214 910
212 219 223 214 910
725 57 221 215 911
503 212 221 215 911
173 18 221 215 911
173 19 221 216 912
636 28 221 216 912
173 20 223 217 913
636 29 225 217 913
438 220 227 218 914
636 30 222 218 914
438 221 225 219 915
636 31 222 219 915
173 22 223 219 915
212 224 225 219 915
503 217 223 220 916
725 63 224 221 917
173 24 221 221 917
212 227 223 222 918
446 217 226 223 919
503 221 221 224 920
653 213 222 225 921
503 222 225 225 921
725 68 225 226 922
438 228 222 226 922
400 47 221 226 922
446 220 228 226 922
438 229 224 227 923
503 224 225 227 923
173 30 221 227 923
636 39 225 227 923
591 223 225 227 923
400 48 235 227 923
446 221 235 227 923
172 232 221 228 924
725 70 223 228 924
438 230 229 228 924
503 225 235 228 924
636 40 221 228 924
400 49 231 228 924
446 222 227 228 924
438 231 225 229 925
725 71 227 229 925
653 217 221 229 925
438 232 239 230 926
725 72 227 230 926
173 33 221 230 926
636 42 221 230 926
446 224 226 230 926
725 73 221 231 927
173 34 221 231 927
438 234 223 232 928
173 35 230 232 928
446 226 223 232 928
125 242 221 233 929
725 75 228 233 929
446 227 223 233 929
172 238 221 234 930
725 77 223 235 931
503 232 223 235 931
636 47 221 235 931
725 78 221 236 932
125 246 222 237 933
725 79 222 237 933
173 40 223 237 933
125 247 221 238 934
725 80 231 238 934
503 235 233 238 934
636 50 221 238 934
725 81 227 239 935
173 42 224 239 935
725 82 231 240 936
503 237 221 240 936
725 83 234 241 937
503 238 247 241 937
438 244 222 242 938
503 239 233 242 938
173 46 223 243 939
503 240 233 243 939
249 223 221 243 939
125 253 229 244 940
133 256 221 244 940
653 232 223 244 940
173 47 225 244 940
249 224 223 244 940
446 238 225 244 940
212 249 229 245 941
133 257 221 245 941
173 48 227 245 941
503 242 231 245 941
266 190 222 245 941
438 248 233 246 942
636 58 224 246 942
249 226 226 246 942
133 259 226 247 943
438 249 233 247 943
173 50 226 247 943
503 244 221 247 943
133 260 221 248 944
438 250 227 248 944
438 251 233 249 945
725 91 228 249 945
503 246 233 249 945
438 252 225 250 946
173 53 221 250 946
725 92 221 250 946
503 247 231 250 946
438 253 223 251 947
503 248 233 251 947
438 254 221 252 948
503 249 232 252 948
133 265 221 253 949
438 255 236 253 949
653 241 226 253 949
503 250 225 253 949
249 233 221 253 949
503 251 243 254 950
591 250 239 254 950
173 58 226 255 951
725 97 224 255 951
503 252 228 255 951
249 235 221 255 951
173 59 221 256 952
503 253 224 256 952
725 99 221 257 953
503 254 225 257 953
591 253 223 257 953
249 237 227 257 953
725 100 221 258 954
503 255 225 258 954
133 271 227 259 955
725 101 223 259 955
503 257 225 260 956
173 65 225 262 958
173 66 227 263 959
503 260 225 263 959
173 67 234 264 960
503 261 221 264 960
725 107 223 265 961
173 68 228 265 961
432 72 223 265 961
725 109 223 267 963
173 70 231 267 963
725 110 223 268 964
173 71 225 268 964
636 81 223 269 965
503 266 227 269 965
438 272 227 270 966
636 82 225 270 966
173 73 231 270 966
503 267 229 270 966
133 283 222 271 967
173 74 231 271 967
503 268 229 271 967
432 78 221 271 967
133 284 223 272 968
173 75 225 272 968
503 269 223 272 968
438 1 223 273 969
133 285 225 273 969
636 85 221 273 969
173 76 223 273 969
503 270 221 273 969
432 80 230 273 969
173 77 231 274 970
503 271 227 274 970
432 81 225 274 970
173 78 235 275 971
432 82 222 275 971
173 79 227 276 972
503 273 225 276 972
173 80 224 277 973
725 119 221 277 973
503 274 225 277 973
173 81 224 278 974
725 120 224 278 974
503 275 223 278 974
173 82 223 279 975
173 83 224 280 976
503 277 235 280 976
591 276 221 280 976
173 84 226 281 977
503 278 222 281 977
173 85 227 282 978
725 124 223 282 978
503 279 227 282 978
636 95 224 283 979
725 125 225 283 979
503 280 221 283 979
173 87 223 284 980
173 88 225 285 981
503 282 235 285 981
173 89 231 286 982
173 90 221 287 983
173 91 222 288 984
432 95 223 288 984
636 102 226 290 986
173 94 227 291 987
432 99 221 292 988
446 286 233 292 988
173 96 225 293 989
173 97 226 294 990
432 101 223 294 990
173 98 224 295 991
432 102 223 295 991
432 103 225 296 992
636 109 221 297 993
503 294 230 297 993
438 26 237 298 994
725 140 227 298 994
173 101 233 298 994
503 295 233 298 994
400 119 243 298 994
438 27 233 299 995
725 141 227 299 995
173 102 229 299 995
503 296 221 299 995
400 120 241 299 995
438 28 229 300 996
636 112 221 300 996
725 142 228 300 996
432 107 246 300 996
173 103 232 300 996
503 297 237 300 996
400 121 235 300 996
438 29 225 301 997
725 143 234 301 997
432 108 223 301 997
173 104 233 301 997
266 45 224 301 997
503 298 239 301 997
400 122 237 301 997
750 305 222 302 998
438 30 227 302 998
725 144 223 302 998
432 109 235 302 998
173 105 231 302 998
400 123 237 302 998
172 307 221 303 999
438 31 225 303 999
725 145 227 303 999
432 110 237 303 999
173 106 233 303 999
400 124 239 303 999
446 297 231 303 999
438 32 233 304 1000
725 146 227 304 1000
173 107 237 304 1000
400 125 234 304 1000
446 298 229 304 1000
438 33 231 305 1001
173 108 235 305 1001
503 302 221 305 1001
446 299 226 305 1001
438 34 227 306 1002
725 148 224 306 1002
266 50 221 306 1002
173 109 233 306 1002
503 303 235 306 1002
446 300 225 306 1002
173 110 237 307 1003
503 304 235 307 1003
438 36 229 308 1004
725 150 228 308 1004
173 111 235 308 1004
503 305 246 308 1004
438 37 229 309 1005
725 151 227 309 1005
173 112 227 309 1005
503 306 243 309 1005
438 38 231 310 1006
173 113 240 310 1006
438 39 232 311 1007
636 123 222 311 1007
173 114 223 311 1007
266 55 221 311 1007
503 308 225 311 1007
591 307 229 311 1007
636 124 221 312 1008
133 324 221 312 1008
725 154 227 312 1008
173 115 235 312 1008
266 56 221 312 1008
503 309 231 312 1008
172 317 221 313 1009
438 41 231 313 1009
725 155 231 313 1009
173 116 226 313 1009
266 57 221 313 1009
503 310 235 313 1009
438 42 233 314 1010
636 126 225 314 1010
503 311 231 314 1010
438 43 223 315 1011
725 157 226 315 1011
173 118 229 315 1011
503 312 229 315 1011
591 311 221 315 1011
438 44 235 316 1012
725 158 223 316 1012
173 119 239 316 1012
503 313 235 316 1012
438 45 224 317 1013
725 159 226 317 1013
173 120 241 317 1013
503 314 233 317 1013
438 46 231 318 1014
725 160 225 318 1014
266 62 221 318 1014
173 121 231 318 1014
503 315 222 318 1014
591 314 223 318 1014
446 312 221 318 1014
438 47 221 319 1015
653 308 227 320 1016
133 333 223 321 1017
312 312 223 322 1018
321 229 227 322 1018
493 310 225 322 1018
4 318 223 324 1020
191 117 227 325 1021
203 321 223 325 1021
368 265 228 325 1021
333 328 235 328 1024
680 270 223 329 1025
195 6 231 330 1026
680 271 230 330 1026
333 330 227 330 1026
195 7 235 331 1027
333 331 227 331 1027
760 97 233 332 1028
333 332 231 332 1028
579 344 221 332 1028
333 333 233 333 1029
760 98 223 333 1029
579 345 227 333 1029
536 341 227 333 1029
665 137 225 334 1030
78 326 229 334 1030
624 352 225 334 1030
551 232 225 334 1030
333 334 221 334 1030
760 99 224 334 1030
579 346 233 334 1030
195 11 221 335 1031
551 233 228 335 1031
333 335 226 335 1031
40 311 221 335 1031
579 347 225 335 1031
666 337 228 335 1031
665 139 233 336 1032
333 336 233 336 1032
326 344 221 336 1032
665 140 231 337 1033
78 329 233 337 1033
333 337 231 337 1033
333 338 228 338 1034
665 142 233 339 1035
333 339 223 339 1035
665 143 239 340 1036
333 340 221 340 1036
579 352 223 340 1036
665 144 233 341 1037
78 333 222 341 1037
624 359 223 341 1037
333 341 229 341 1037
579 353 225 341 1037
665 145 231 342 1038
333 342 233 342 1038
579 354 221 342 1038
665 146 233 343 1039
551 241 221 343 1039
333 343 227 343 1039
665 147 223 343 1039
551 242 221 344 1040
333 344 232 344 1040
579 356 221 344 1040
665 148 228 344 1040
333 345 234 345 1041
333 346 235 346 1042
665 150 227 347 1043
333 347 221 347 1043
333 348 225 348 1044
665 152 235 348 1044
333 349 226 349 1045
665 153 223 349 1045
333 350 225 350 1046
579 362 225 350 1046
665 154 225 350 1046
333 351 230 351 1047
579 363 224 351 1047
665 155 223 351 1047
333 352 223 352 1048
40 17 221 352 1048
665 156 227 352 1048
333 353 225 353 1049
579 365 223 353 1049
665 157 225 353 1049
333 354 227 354 1050
579 366 223 354 1050
333 355 223 355 1051
579 367 222 355 1051
40 20 221 355 1051
665 159 225 355 1051
333 356 227 356 1052
579 368 223 356 1052
40 21 223 356 1052
665 160 221 356 1052
333 357 227 357 1053
333 358 223 358 1054
579 370 226 358 1054
40 23 227 358 1054
333 359 226 359 1055
579 371 225 359 1055
333 360 221 360 1056
579 372 225 360 1056
665 164 223 360 1056
551 259 221 361 1057
579 373 226 361 1057
40 26 221 361 1057
665 165 227 361 1057
579 374 221 362 1058
665 166 227 362 1058
333 363 225 363 1059
665 167 227 363 1059
333 364 224 364 1060
579 376 221 364 1060
666 366 221 364 1060
665 168 227 364 1060
333 365 225 365 1061
579 377 221 365 1061
666 367 221 365 1061
665 169 227 365 1061
333 366 226 366 1062
666 368 223 366 1062
665 170 225 366 1062
551 265 221 366 1062
579 379 221 367 1063
666 369 221 367 1063
665 171 226 367 1063
333 368 227 368 1064
579 380 221 368 1064
665 172 229 368 1064
333 369 224 369 1065
579 381 221 369 1065
665 173 224 369 1065
333 370 225 370 1066
579 382 223 370 1066
665 174 223 370 1066
333 371 223 371 1067
579 383 221 371 1067
666 373 221 371 1067
665 175 227 371 1067
333 372 223 372 1068
666 374 225 372 1068
665 176 224 372 1068
333 373 225 373 1069
666 375 224 373 1069
40 38 223 373 1069
665 177 226 373 1069
333 374 224 374 1070
665 178 231 374 1070
665 179 227 375 1071
665 180 221 376 1072
665 181 227 377 1073
333 378 228 378 1074
579 390 227 378 1074
579 391 224 379 1075
665 183 235 379 1075
333 380 221 380 1076
579 392 223 380 1076
665 184 230 380 1076
579 393 221 381 1077
665 185 237 382 1078
579 394 225 382 1078
665 186 228 383 1079
579 395 224 383 1079
665 187 238 383 1079
665 188 235 384 1080
333 385 225 385 1081
579 397 222 385 1081
333 386 221 386 1082
665 190 237 387 1083
579 399 223 387 1083
665 191 237 388 1084
333 388 223 388 1084
579 400 227 388 1084
665 192 235 389 1085
579 401 228 389 1085
665 193 233 390 1086
333 390 221 390 1086
579 402 229 390 1086
665 194 235 391 1087
579 403 227 391 1087
665 195 234 391 1087
579 404 231 392 1088
665 196 233 392 1088
579 405 229 393 1089
78 386 221 393 1089
665 197 233 393 1089
579 406 221 394 1090
665 198 227 395 1091
579 407 224 395 1091
665 199 235 396 1092
665 200 239 397 1093
579 409 224 397 1093
665 201 239 398 1094
333 398 221 398 1094
579 410 231 398 1094
665 202 241 399 1095
579 411 223 399 1095
665 203 239 400 1096
665 204 239 401 1097
333 401 224 401 1097
579 413 224 401 1097
665 205 241 402 1098
333 402 222 402 1098
579 414 222 402 1098
665 206 242 403 1099
333 403 225 403 1099
579 415 223 403 1099
665 207 241 404 1100
333 404 223 404 1100
579 416 223 404 1100
195 49 221 404 1100
665 208 238 405 1101
579 417 221 405 1101
665 209 236 406 1102
579 418 223 406 1102
78 399 223 407 1103
665 210 228 407 1103
333 407 241 407 1103
579 419 221 407 1103
665 211 231 408 1104
333 408 228 408 1104
579 420 221 408 1104
665 212 231 409 1105
333 409 227 409 1105
579 421 223 409 1105
665 213 231 410 1106
333 410 225 410 1106
579 422 221 410 1106
665 214 227 411 1107
579 423 223 411 1107
665 215 227 412 1108
333 412 221 412 1108
579 424 221 412 1108
665 216 226 413 1109
579 425 223 413 1109
665 217 239 414 1110
333 414 226 414 1110
579 426 221 414 1110
665 218 237 415 1111
760 180 222 415 1111
333 415 227 415 1111
665 219 235 416 1112
536 424 222 416 1112
665 220 221 417 1113
665 221 221 418 1114
333 418 223 418 1114
579 430 221 418 1114
579 431 221 419 1115
195 64 221 419 1115
536 428 221 420 1116
665 225 221 421 1117
665 226 221 422 1118
665 227 223 423 1119
536 432 221 424 1120
665 228 223 424 1120
665 229 221 425 1121
665 230 227 426 1122
333 427 221 427 1123
665 231 237 427 1123
579 440 225 428 1124
195 73 226 428 1124
78 421 221 428 1124
665 232 229 428 1124
579 441 223 429 1125
665 233 231 429 1125
579 442 225 430 1126
665 234 231 431 1127
579 443 223 431 1127
665 235 229 432 1128
579 444 227 432 1128
665 236 232 433 1129
579 445 232 433 1129
665 237 233 434 1130
579 446 226 434 1130
665 238 225 435 1131
333 435 221 435 1131
579 447 233 435 1131
333 436 224 436 1132
579 448 223 436 1132
665 240 226 437 1133
579 449 229 437 1133
665 241 225 438 1134
579 450 227 438 1134
665 242 235 439 1135
579 451 227 439 1135
78 432 221 439 1135
665 243 239 440 1136
78 433 221 441 1137
665 244 244 441 1137
665 245 241 442 1138
551 340 224 442 1138
665 246 235 443 1139
665 247 237 444 1140
665 248 237 445 1141
665 249 235 446 1142
78 439 221 446 1142
665 250 233 447 1143
665 251 238 448 1144
665 252 237 449 1145
78 442 221 449 1145
665 253 237 450 1146
333 450 223 450 1146
665 254 239 450 1146
665 255 231 452 1148
333 452 222 452 1148
579 464 230 452 1148
665 256 239 453 1149
579 465 223 453 1149
78 446 221 453 1149
665 257 227 454 1150
78 447 223 454 1150
195 99 221 454 1150
665 258 240 455 1151
333 455 222 455 1151
665 259 235 456 1152
333 456 223 456 1152
665 260 247 457 1153
333 457 221 457 1153
665 261 243 458 1154
579 470 221 458 1154
665 262 248 459 1155
78 452 233 459 1155
665 263 240 460 1156
579 472 227 460 1156
78 453 227 460 1156
40 125 221 461 1157
665 264 240 461 1157
579 473 229 461 1157
333 461 225 461 1157
665 265 245 462 1158
78 455 221 462 1158
665 266 227 463 1159
579 475 231 463 1159
333 463 223 463 1159
78 456 221 463 1159
665 267 226 464 1160
579 476 233 464 1160
40 129 225 464 1160
665 268 242 465 1161
333 465 221 465 1161
579 477 231 465 1161
195 110 223 465 1161
665 269 232 465 1161
36 460 221 466 1162
333 466 221 466 1162
579 478 223 466 1162
78 459 227 466 1162
40 131 221 466 1162
665 270 239 466 1162
579 479 233 467 1163
78 460 225 467 1163
40 132 228 467 1163
665 271 230 467 1163
579 480 231 468 1164
78 461 221 468 1164
665 272 237 468 1164
579 481 227 469 1165
78 462 221 469 1165
665 273 243 469 1165
551 368 221 470 1166
78 463 223 470 1166
195 115 221 470 1166
665 274 241 470 1166
78 464 228 471 1167
665 275 225 471 1167
195 116 222 471 1167
579 484 223 472 1168
78 465 227 472 1168
665 276 235 472 1168
665 277 245 473 1169
760 239 221 474 1170
665 278 244 474 1170
333 475 223 475 1171
665 279 237 475 1171
333 476 221 476 1172
536 484 221 476 1172
665 280 237 476 1172
536 485 225 477 1173
665 281 237 477 1173
536 486 223 478 1174
665 282 235 478 1174
536 487 221 479 1175
665 283 233 479 1175
536 488 221 480 1176
665 284 247 480 1176
579 493 237 481 1177
665 285 243 481 1177
195 126 221 481 1177
333 482 221 482 1178
579 494 229 482 1178
78 475 221 482 1178
665 286 243 482 1178
579 495 230 483 1179
665 287 243 483 1179
579 496 231 484 1180
665 288 243 484 1180
579 497 230 485 1181
665 289 243 485 1181
579 498 230 486 1182
665 290 239 486 1182
579 499 231 487 1183
665 291 238 487 1183
579 500 231 488 1184
665 292 243 488 1184
579 501 231 489 1185
665 293 225 489 1185
333 490 225 490 1186
579 502 241 490 1186
665 294 237 490 1186
333 491 225 491 1187
579 503 237 491 1187
78 484 221 491 1187
665 295 237 491 1187
333 492 225 492 1188
579 504 235 492 1188
665 296 248 492 1188
579 505 237 493 1189
665 297 247 493 1189
579 506 229 494 1190
195 12 221 494 1190
665 298 246 494 1190
579 507 227 495 1191
665 299 248 495 1191
333 496 224 496 1192
579 508 221 496 1192
665 300 246 496 1192
333 497 226 497 1193
579 509 230 497 1193
665 301 247 497 1193
665 302 235 498 1194
665 303 237 499 1195
665 304 240 500 1196
579 513 227 501 1197
665 305 240 501 1197
579 514 223 502 1198
665 306 235 502 1198
665 307 237 503 1199
665 308 238 504 1200
665 309 236 505 1201
665 310 238 506 1202
665 311 235 507 1203
665 312 228 508 1204
665 313 239 509 1205
333 510 223 510 1206
665 314 237 510 1206
333 511 221 511 1207
665 315 237 511 1207
333 512 221 512 1208
665 316 239 512 1208
333 513 221 513 1209
665 317 240 513 1209
665 318 240 514 1210
665 319 239 515 1211
665 320 224 516 1212
665 321 239 517 1213
333 518 226 518 1214
665 322 221 518 1214
333 519 221 519 1215
665 323 231 519 1215
666 522 221 520 1216
624 174 226 520 1216
665 324 240 520 1216
333 521 221 521 1217
536 529 222 521 1217
665 325 247 521 1217
536 530 221 522 1218
624 176 223 522 1218
665 326 239 522 1218
624 177 225 523 1219
665 327 227 523 1219
624 178 223 524 1220
665 328 225 524 1220
333 525 224 525 1221
665 329 235 525 1221
333 526 222 526 1222
579 538 221 526 1222
665 330 235 526 1222
333 527 223 527 1223
665 331 237 527 1223
665 332 223 528 1224
665 333 222 529 1225
760 295 224 530 1226
665 334 224 530 1226
760 296 221 531 1227
665 335 224 531 1227
665 336 224 532 1228
665 337 223 533 1229
760 299 221 534 1230
665 338 222 534 1230
579 547 227 535 1231
665 339 227 535 1231
665 340 226 536 1232
665 341 230 537 1233
579 550 223 538 1234
78 531 221 538 1234
665 342 239 539 1235
624 192 223 539 1235
579 551 224 539 1235
665 343 237 540 1236
624 193 221 540 1236
579 552 221 540 1236
665 344 236 541 1237
579 553 222 541 1237
665 345 233 542 1238
333 542 222 542 1238
579 554 221 542 1238
665 346 241 543 1239
579 555 227 543 1239
665 347 241 544 1240
579 556 225 544 1240
665 348 242 545 1241
579 557 225 545 1241
665 349 235 546 1242
579 558 222 546 1242
78 539 223 546 1242
665 350 235 547 1243
579 559 221 547 1243
665 351 235 548 1244
579 560 221 548 1244
78 541 225 548 1244
665 352 239 549 1245
78 542 225 549 1245
665 353 239 550 1246
665 354 241 551 1247
579 563 223 551 1247
665 355 241 552 1248
36 546 223 552 1248
326 560 221 552 1248
344 548 224 553 1249
624 206 227 553 1249
78 1 239 553 1249
536 561 222 553 1249
440 49 221 555 1251
210 546 223 556 1252
40 220 221 556 1252
40 221 231 557 1253
760 322 228 557 1253
760 323 228 558 1254
386 151 235 560 1256
348 241 229 560 1256
12 139 231 561 1257
78 10 223 562 1258
719 233 221 562 1258
96 541 223 562 1258
760 327 221 562 1258
201 734 223 564 1260
73 237 228 566 1262
290 572 226 566 1262
605 122 225 570 1266
136 344 226 570 1266
605 123 223 571 1267
144 216 235 573 1269
144 217 233 574 1270
144 218 223 575 1271
144 219 221 576 1272
240 562 224 576 1272
144 220 227 577 1273
144 221 239 578 1274
407 293 233 578 1274
144 222 239 579 1275
240 565 224 579 1275
364 583 221 580 1276
136 354 221 580 1276
144 224 221 581 1277
772 588 221 581 1277
144 225 221 582 1278
240 568 226 582 1278
772 589 229 582 1278
546 278 221 583 1279
559 463 231 583 1279
767 585 221 583 1279
708 19 221 583 1279
76 508 221 585 1281
764 522 221 585 1281
783 572 231 585 1281
119 554 231 585 1281
291 579 231 585 1281
84 587 226 585 1281
611 576 221 585 1281
390 583 227 585 1281
474 166 221 587 1283
183 588 223 587 1283
384 593 236 587 1283
510 84 221 589 1285
409 2 224 589 1285
329 526 233 589 1285
91 6 229 589 1285
730 585 221 589 1285
227 516 221 589 1285
520 592 227 589 1285
500 570 225 589 1285
240 576 225 590 1286
772 597 221 590 1286
240 577 223 591 1287
772 598 241 591 1287
132 563 223 591 1287
240 578 227 592 1288
772 599 228 592 1288
600 572 231 593 1289
663 594 221 593 1289
240 579 221 593 1289
772 600 230 593 1289
600 573 235 594 1290
663 595 230 594 1290
772 601 225 594 1290
136 368 222 594 1290
663 596 229 595 1291
411 490 221 595 1291
772 602 221 595 1291
407 310 235 595 1291
600 575 227 596 1292
772 603 227 596 1292
600 576 233 597 1293
663 598 223 597 1293
772 604 226 597 1293
600 577 221 598 1294
772 605 224 598 1294
240 584 221 598 1294
600 578 229 599 1295
663 600 221 599 1295
240 585 227 599 1295
600 579 237 600 1296
240 586 229 600 1296
500 582 225 601 1297
171 39 221 601 1297
22 551 223 601 1297
529 47 221 601 1297
543 272 226 602 1298
298 535 233 602 1298
513 597 230 602 1298
783 589 226 602 1298
349 600 235 602 1298
744 109 223 602 1298
527 612 221 610 1306
558 596 223 610 1306
495 599 231 610 1306
5 615 237 611 1307
495 600 231 611 1307
5 616 229 612 1308
495 601 221 612 1308
692 552 221 613 1309
5 617 223 613 1309
495 603 227 614 1310
5 618 223 614 1310
692 554 221 615 1311
495 604 233 615 1311
495 605 239 616 1312
5 620 225 616 1312
495 606 237 617 1313
5 621 222 617 1313
495 607 235 618 1314
5 622 227 618 1314
527 621 225 619 1315
156 38 221 619 1315
495 608 239 619 1315
5 623 225 619 1315
495 609 237 620 1316
495 610 238 621 1317
495 611 238 622 1318
5 626 227 622 1318
527 625 225 622 1318
495 612 239 623 1319
5 627 226 623 1319
495 613 241 624 1320
495 614 237 625 1321
495 615 238 626 1322
5 630 233 626 1322
97 443 223 627 1323
495 616 240 627 1323
5 631 223 627 1323
495 617 237 628 1324
5 632 235 628 1324
495 618 235 629 1325
495 619 238 630 1326
495 620 233 631 1327
5 636 229 632 1328
5 637 233 633 1329
495 622 226 633 1329
390 633 223 635 1331
307 639 225 635 1331
475 162 225 636 1332
754 637 221 637 1333
22 588 223 638 1334
712 640 224 639 1335
203 4 221 639 1335
364 642 221 639 1335
304 634 233 639 1335
639 647 225 640 1336
712 641 235 640 1336
203 5 222 640 1336
670 197 229 640 1336
343 628 221 641 1337
304 636 226 641 1337
304 637 221 642 1338
30 317 231 643 1339
577 9 222 643 1339
304 639 235 644 1340
304 640 239 645 1341
666 648 233 646 1342
17 365 230 646 1342
304 641 245 646 1342
474 40 221 647 1343
17 367 223 648 1344
304 643 221 648 1344
304 644 223 650 1346
248 633 233 650 1346
304 646 231 652 1348
544 80 221 652 1348
462 2 221 652 1348
237 653 221 653 1349
382 649 231 653 1349
182 94 224 654 1350
304 649 221 654 1350
660 646 231 655 1351
539 66 223 655 1351
5 659 235 655 1351
743 572 225 655 1351
304 650 227 655 1351
499 605 225 656 1352
660 647 235 656 1352
76 579 228 656 1352
5 660 241 656 1352
743 573 230 656 1352
304 651 231 656 1352
335 659 223 656 1352
660 648 233 657 1353
499 606 231 657 1353
539 68 225 657 1353
5 661 237 657 1353
171 95 227 657 1353
117 568 225 657 1353
499 607 222 658 1354
539 69 237 658 1354
76 581 233 658 1354
5 662 236 658 1354
171 96 237 658 1354
117 569 223 658 1354
304 653 223 658 1354
5 663 225 659 1355
304 654 231 659 1355
76 583 228 660 1356
527 663 227 660 1356
335 663 239 660 1356
226 121 227 661 1357
750 208 225 661 1357
605 214 221 661 1357
459 647 227 662 1358
171 100 224 662 1358
304 657 224 662 1358
605 215 221 662 1358
660 654 225 663 1359
539 74 235 663 1359
171 101 226 663 1359
304 658 221 663 1359
539 75 231 664 1360
382 660 233 664 1360
171 102 239 664 1360
335 667 239 664 1360
539 76 227 665 1361
5 671 227 667 1363
5 672 226 668 1364
605 221 232 669 1365
409 49 233 669 1365
709 665 226 669 1365
611 660 222 669 1365
85 354 227 669 1365
577 35 225 669 1365
304 664 222 669 1365
208 676 221 670 1366
181 24 232 670 1366
304 665 239 670 1366
73 342 223 671 1367
635 432 225 671 1367
75 27 221 671 1367
28 666 221 671 1367
703 658 236 671 1367
5 675 225 671 1367
577 37 227 671 1367
171 109 225 671 1367
304 666 233 671 1367
335 674 229 672 1368
2 669 223 672 1368
181 26 233 672 1368
5 676 224 672 1368
171 110 223 672 1368
712 674 223 672 1368
304 667 229 672 1368
5 677 221 673 1369
170 662 229 673 1369
712 675 235 673 1369
639 681 226 674 1370
499 623 225 674 1370
181 28 226 674 1370
5 678 225 674 1370
712 676 239 674 1370
304 669 226 674 1370
639 682 223 675 1371
499 624 225 675 1371
364 678 225 675 1371
349 673 231 675 1371
502 35 225 675 1371
304 670 235 675 1371
181 30 227 676 1372
304 671 221 676 1372
139 662 227 677 1373
765 240 229 677 1373
91 94 225 677 1373
144 320 221 677 1373
275 681 221 677 1373
730 673 228 677 1373
214 560 221 678 1374
367 353 221 678 1374
554 680 229 678 1374
194 667 225 678 1374
329 615 241 678 1374
315 23 230 679 1375
125 125 224 680 1376
520 683 225 680 1376
500 661 226 680 1376
15 680 225 681 1377
718 590 227 681 1377
720 650 225 681 1377
203 46 223 681 1377
275 685 221 681 1377
91 1 221 681 1377
181 35 224 681 1377
119 650 223 681 1377
15 681 225 682 1378
718 591 221 682 1378
720 651 233 682 1378
765 245 221 682 1378
520 685 225 682 1378
5 686 229 682 1378
124 672 222 683 1379
718 592 225 683 1379
720 652 239 683 1379
364 686 244 683 1379
709 679 229 683 1379
677 202 225 683 1379
5 687 247 683 1379
304 678 223 684 1380
720 653 230 684 1380
364 687 233 684 1380
5 688 222 684 1380
718 594 221 685 1381
720 654 248 685 1381
28 680 224 685 1381
364 688 227 685 1381
5 689 243 685 1381
718 595 222 686 1382
765 249 233 686 1382
43 689 221 686 1382
5 690 239 686 1382
712 688 225 686 1382
718 596 235 687 1383
520 690 231 687 1383
630 58 223 687 1383
5 691 229 687 1383
718 597 221 688 1384
5 692 248 688 1384
5 693 238 689 1385
639 698 227 691 1387
577 57 227 691 1387
5 695 237 691 1387
304 686 223 692 1388
203 57 221 692 1388
61 701 227 692 1388
441 632 223 692 1388
5 696 243 692 1388
124 682 222 692 1388
244 690 225 693 1389
43 696 229 693 1389
5 697 235 693 1389
117 7 225 693 1389
5 698 225 694 1390
117 8 239 694 1390
639 702 221 694 1390
718 604 227 695 1391
285 14 227 695 1391
285 15 222 696 1392
117 10 230 696 1392
719 368 221 697 1393
117 11 227 697 1393
304 692 225 698 1394
117 12 227 698 1394
304 693 230 698 1394
285 18 226 699 1395
117 13 229 699 1395
304 694 225 700 1396
285 19 227 700 1396
639 708 224 700 1396
117 14 225 701 1397
304 695 225 701 1397
117 15 235 702 1398
304 696 227 702 1398
639 710 221 702 1398
117 16 227 702 1398
304 697 226 703 1399
117 17 232 703 1399
304 698 221 704 1400
285 23 223 704 1400
117 18 223 704 1400
285 24 225 705 1401
117 19 233 705 1401
304 700 221 705 1401
285 25 229 706 1402
117 20 225 706 1402
285 26 226 707 1403
5 711 223 707 1403
639 715 227 707 1403
117 21 225 707 1403
285 27 233 708 1404
639 716 223 708 1404
304 703 231 708 1404
117 22 223 708 1404
718 619 221 709 1405
304 705 233 710 1406
285 30 223 711 1407
117 25 226 711 1407
285 31 221 712 1408
304 707 223 712 1408
117 26 225 712 1408
285 32 221 713 1409
304 708 223 713 1409
117 27 226 713 1409
285 33 221 714 1410
304 709 223 714 1410
304 710 228 715 1411
117 29 221 716 1412
304 711 227 716 1412
117 30 227 717 1413
304 712 223 717 1413
285 37 221 718 1414
117 32 224 719 1415
304 714 223 719 1415
117 33 225 720 1416
304 715 225 720 1416
639 729 221 721 1417
304 716 225 721 1417
117 35 225 722 1418
304 717 224 722 1418
304 719 221 724 1420
285 44 221 725 1421
639 733 221 725 1421
117 39 224 725 1421
639 734 221 726 1422
304 721 222 726 1422
304 724 225 729 1425
304 728 221 734 1430
304 730 221 736 1432
285 57 223 738 1434
718 648 221 739 1435
304 733 223 739 1435
285 58 227 739 1435
285 59 225 740 1436
285 60 226 741 1437
639 749 223 741 1437
285 61 225 742 1438
304 737 225 743 1439
285 62 225 743 1439
5 747 223 743 1439
304 738 222 744 1440
285 63 225 744 1440
304 739 221 745 1441
285 64 228 745 1441
304 740 225 746 1442
285 65 226 746 1442
304 741 227 747 1443
285 66 224 747 1443
304 742 231 747 1443
285 67 221 748 1444
304 743 221 748 1444
285 68 228 749 1445
117 64 221 751 1447
718 662 221 753 1449
304 750 227 755 1451
304 752 225 757 1453
117 71 221 758 1454
304 753 232 758 1454
117 72 222 759 1455
304 754 230 759 1455
304 756 235 761 1457
304 757 228 762 1458
304 758 235 763 1459
718 673 221 764 1460
719 435 227 764 1460
364 767 225 764 1460
304 759 229 764 1460
117 78 227 765 1461
117 79 221 766 1462
304 761 221 766 1462
117 80 232 767 1463
304 762 221 768 1464
117 81 227 768 1464
285 87 233 768 1464
304 763 223 769 1465
117 82 230 769 1465
285 88 226 769 1465
304 764 225 770 1466
117 83 228 770 1466
285 89 227 770 1466
364 773 221 770 1466
718 680 221 771 1467
117 84 231 771 1467
285 90 224 771 1467
718 681 221 772 1468
117 85 228 772 1468
285 91 227 772 1468
364 775 227 772 1468
304 767 222 773 1469
117 86 226 773 1469
285 92 225 773 1469
364 776 227 773 1469
304 768 227 773 1469
117 87 229 774 1470
285 93 227 774 1470
364 777 223 774 1470
117 88 223 775 1471
304 770 233 775 1471
304 771 241 777 1473
304 772 242 777 1473
304 774 233 779 1475
304 775 235 780 1476
285 100 223 781 1477
304 776 231 781 1477
117 95 226 782 1478
304 777 235 782 1478
285 102 221 783 1479
304 778 227 783 1479
304 779 235 784 1480
304 780 233 785 1481
304 781 231 786 1482
117 100 224 787 1483
304 782 233 788 1484
364 791 223 788 1484
304 783 223 788 1484
304 784 225 789 1485
304 785 234 791 1487
639 799 221 791 1487
304 786 229 792 1488
639 800 221 792 1488
304 787 231 793 1489
639 801 221 793 1489
117 107 221 794 1490
364 797 225 794 1490
304 789 236 795 1491
364 798 224 795 1491
304 790 233 796 1492
117 109 221 796 1492
364 799 223 796 1492
304 791 234 797 1493
364 800 223 797 1493
304 792 227 798 1494
117 111 221 798 1494
364 801 221 798 1494
304 793 227 799 1495
117 112 221 799 1495
364 802 223 799 1495
304 794 233 800 1496
117 113 221 800 1496
364 803 221 800 1496
304 795 231 800 1496
364 804 224 801 1497
304 796 233 801 1497
364 805 224 802 1498
304 797 227 802 1498
117 116 223 803 1499
364 806 223 803 1499
304 798 231 803 1499
117 117 223 804 1500
364 807 223 804 1500
304 799 234 805 1501
117 118 221 805 1501
364 808 224 805 1501
304 800 234 805 1501
364 809 224 806 1502
304 801 226 806 1502
364 810 225 807 1503
304 802 223 807 1503
364 811 227 808 1504
304 803 225 808 1504
364 812 225 809 1505
304 804 228 809 1505
364 813 225 810 1506
304 805 229 810 1506
285 130 222 811 1507
364 814 225 811 1507
304 806 223 811 1507
117 125 221 812 1508
285 131 221 812 1508
364 815 225 812 1508
304 807 239 812 1508
364 816 225 813 1509
304 808 223 813 1509
364 817 227 814 1510
304 809 229 814 1510
117 128 223 815 1511
364 818 225 815 1511
304 810 231 815 1511
117 129 221 816 1512
285 135 228 816 1512
364 819 225 816 1512
304 811 227 816 1512
285 136 221 817 1513
117 130 222 817 1513
364 820 225 817 1513
304 812 221 818 1514
304 813 225 819 1515
285 139 225 820 1516
117 133 227 820 1516
285 140 221 821 1517
117 134 223 821 1517
364 824 221 821 1517
117 135 225 822 1518
285 141 221 822 1518
364 825 221 822 1518
117 136 221 823 1519
285 143 221 824 1520
117 137 225 824 1520
364 827 223 824 1520
117 138 221 825 1521
364 828 221 825 1521
639 835 223 828 1524
304 822 232 828 1524
304 823 231 829 1525
639 836 221 829 1525
304 824 237 830 1526
639 837 222 830 1526
117 143 222 830 1526
304 825 227 831 1527
639 838 221 831 1527
304 826 223 831 1527
304 828 225 833 1529
304 829 233 835 1531
304 830 231 836 1532
304 831 233 837 1533
304 832 230 837 1533
117 151 221 838 1534
304 833 230 839 1535
304 834 225 839 1535
304 835 229 841 1537
18 834 221 841 1537
304 836 227 842 1538
304 838 221 844 1540
285 163 221 844 1540
117 157 230 844 1540
304 839 225 844 1540
304 840 239 845 1541
285 165 221 846 1542
304 841 231 846 1542
718 756 223 847 1543
117 160 223 847 1543
304 842 223 847 1543
117 161 226 848 1544
117 162 223 849 1545
304 844 221 849 1545
718 759 221 850 1546
364 853 221 850 1546
117 163 224 850 1546
718 760 221 851 1547
285 170 221 851 1547
304 846 224 851 1547
718 761 225 852 1548
364 856 222 853 1549
117 166 224 853 1549
304 848 226 854 1550
718 763 221 854 1550
285 173 223 854 1550
117 167 221 854 1550
285 174 223 855 1551
304 850 227 855 1551
304 851 231 856 1552
364 860 221 857 1553
285 178 223 859 1555
304 854 227 859 1555
718 769 221 860 1556
304 855 227 860 1556
718 770 221 861 1557
719 532 225 861 1557
304 856 227 861 1557
719 533 226 862 1558
285 181 221 862 1558
304 857 227 862 1558
719 534 223 863 1559
117 176 223 863 1559
285 182 221 863 1559
304 860 223 865 1561
304 863 221 868 1564
304 865 223 870 1566
304 866 227 871 1567
285 191 221 872 1568
304 867 223 872 1568
304 868 224 873 1569
718 783 221 873 1569
285 193 221 874 1570
304 869 223 874 1570
304 870 221 875 1571
718 785 222 875 1571
304 871 228 876 1572
718 786 223 876 1572
304 873 223 878 1574
304 874 223 879 1575
285 199 221 880 1576
285 200 223 881 1577
117 195 221 882 1578
304 877 227 882 1578
639 891 221 883 1579
117 197 222 884 1580
285 203 222 884 1580
304 879 224 884 1580
285 204 223 885 1581
304 880 237 885 1581
285 205 221 886 1582
304 881 225 886 1582
304 882 225 887 1583
718 797 222 887 1583
285 207 221 888 1584
304 883 223 888 1584
639 896 226 888 1584
718 799 221 889 1585
639 897 223 889 1585
304 885 223 890 1586
718 800 225 890 1586
304 886 226 891 1587
718 801 223 891 1587
117 205 224 892 1588
304 888 225 893 1589
364 897 222 894 1590
117 210 223 897 1593
304 892 225 897 1593
117 212 221 899 1595
117 214 221 901 1597
304 896 228 901 1597
304 898 227 903 1599
304 900 221 905 1601
304 902 223 907 1603
304 904 223 909 1605
304 905 226 910 1606
285 230 223 911 1607
304 906 238 911 1607
304 907 229 912 1608
117 226 225 913 1609
719 584 221 913 1609
304 909 227 914 1610
304 910 233 915 1611
718 826 223 916 1612
304 912 222 917 1613
117 232 225 919 1615
304 914 226 919 1615
117 233 225 920 1616
364 923 221 920 1616
304 915 235 920 1616
117 234 223 921 1617
127 941 227 922 1618
281 119 227 922 1618
335 925 221 922 1618
293 914 221 922 1618
218 254 223 922 1618
696 145 222 923 1619
117 236 227 923 1619
682 928 221 923 1619
281 120 229 923 1619
690 864 221 923 1619
288 101 231 923 1619
2 921 222 923 1619
279 288 235 924 1620
281 121 221 924 1620
79 484 231 924 1620
493 912 233 925 1621
109 8 235 925 1621
411 294 224 925 1621
639 933 221 925 1621
539 19 226 925 1621
621 926 235 926 1622
541 101 239 926 1622
608 352 228 926 1622
696 149 237 927 1623
696 151 233 929 1625
33 896 223 929 1625
281 126 223 929 1625
608 355 223 929 1625
293 921 239 929 1625
696 152 231 930 1626
391 857 221 930 1626
696 153 225 931 1627
146 847 221 931 1627
391 859 229 932 1628
136 706 223 932 1628
391 860 221 933 1629
416 71 222 933 1629
293 925 222 933 1629
86 631 221 933 1629
86 632 224 934 1630
27 594 223 934 1630
136 709 227 935 1631
86 633 221 936 1632
27 595 225 936 1632
278 943 223 936 1632
73 607 223 936 1632
136 710 223 936 1632
27 596 223 937 1633
136 711 225 937 1633
144 120 229 937 1633
87 353 221 937 1633
136 712 221 938 1634
144 121 235 938 1634
87 354 221 938 1634
144 122 229 939 1635
74 42 221 939 1635
87 355 223 939 1635
696 162 227 940 1636
278 947 221 940 1636
136 714 225 940 1636
144 123 227 940 1636
696 163 221 941 1637
27 600 223 941 1637
278 948 223 941 1637
136 715 228 941 1637
144 124 223 941 1637
293 933 221 942 1638
696 164 221 942 1638
27 601 223 942 1638
278 949 223 942 1638
27 602 223 943 1639
278 950 222 943 1639
416 81 223 943 1639
136 718 221 944 1640
144 127 225 944 1640
391 872 222 945 1641
416 83 221 945 1641
144 128 232 945 1641
391 873 221 946 1642
144 129 227 946 1642
416 85 226 947 1643
136 721 222 947 1643
144 130 225 947 1643
27 607 228 948 1644
136 722 223 948 1644
144 131 223 948 1644
146 864 231 948 1644
74 51 225 948 1644
27 608 231 949 1645
136 723 233 949 1645
144 132 224 949 1645
146 865 221 949 1645
74 52 225 949 1645
27 609 233 950 1646
144 133 233 950 1646
146 866 224 950 1646
74 53 221 950 1646
87 366 223 950 1646
86 648 221 950 1646
27 610 227 951 1647
391 878 221 951 1647
416 89 225 951 1647
144 134 229 951 1647
146 867 229 951 1647
74 54 223 951 1647
87 367 223 951 1647
27 611 231 952 1648
696 174 221 952 1648
73 623 221 952 1648
416 90 221 952 1648
136 726 230 952 1648
146 868 231 952 1648
144 136 233 953 1649
86 651 224 953 1649
27 613 225 954 1650
73 625 223 954 1650
391 880 223 954 1650
144 137 237 954 1650
293 946 221 954 1650
86 652 223 954 1650
27 614 225 955 1651
136 729 221 955 1651
144 138 221 955 1651
74 58 222 955 1651
27 615 228 956 1652
136 730 221 956 1652
27 616 221 956 1652
136 731 227 957 1653
144 142 223 959 1655
136 734 224 960 1656
136 735 227 961 1657
136 736 223 962 1658
136 738 223 964 1660
293 956 225 964 1660
293 957 226 965 1661
136 740 225 966 1662
293 958 221 967 1663
136 741 224 967 1663
293 959 223 968 1664
136 742 223 968 1664
136 745 222 971 1667
696 195 221 973 1669
696 196 225 974 1670
136 748 227 974 1670
87 390 221 975 1671
696 197 225 975 1671
144 158 225 975 1671
144 159 225 976 1672
136 751 227 977 1673
136 752 221 978 1674
136 753 221 979 1675
136 755 221 981 1677
293 973 223 981 1677
136 756 224 982 1678
293 974 223 982 1678
136 757 227 983 1679
293 975 223 983 1679
144 167 221 984 1680
293 976 224 984 1680
293 977 223 985 1681
136 760 221 986 1682
293 978 223 986 1682
68 1034 221 987 1683
293 979 221 987 1683
293 980 221 988 1684
293 981 221 989 1685
136 764 222 990 1686
136 765 227 991 1687
144 174 221 991 1687
136 766 227 992 1688
144 175 227 992 1688
278 1000 221 993 1689
144 176 233 993 1689
136 768 229 994 1690
144 177 229 994 1690
86 692 221 995 1691
136 769 231 995 1691
144 178 231 995 1691
86 693 221 996 1692
136 770 227 996 1692
696 219 221 997 1693
68 1044 221 997 1693
136 771 230 997 1693
144 180 223 997 1693
73 669 221 998 1694
68 1045 221 998 1694
136 772 225 998 1694
144 181 225 998 1694
68 1046 223 999 1695
136 773 222 999 1695
144 182 223 999 1695
293 991 221 999 1695
696 222 224 1000 1696
68 1047 223 1000 1696
136 774 223 1000 1696
144 183 225 1000 1696
293 992 222 1000 1696
86 698 224 1001 1697
68 1048 224 1001 1697
696 223 223 1001 1697
136 775 223 1001 1697
144 184 225 1001 1697
87 417 222 1001 1697
601 1008 221 1002 1698
86 699 223 1002 1698
144 185 223 1002 1698
86 700 224 1003 1699
68 1050 221 1003 1699
278 1010 224 1003 1699
136 777 228 1003 1699
86 701 225 1004 1700
68 1051 221 1004 1700
278 1011 226 1004 1700
136 778 225 1004 1700
144 187 221 1004 1700
601 1011 223 1005 1701
278 1012 225 1005 1701
696 228 224 1006 1702
68 1053 221 1006 1702
278 1013 224 1006 1702
27 666 223 1007 1703
696 229 224 1007 1703
696 230 224 1008 1704
68 1055 221 1008 1704
278 1015 225 1008 1704
136 782 225 1008 1704
144 191 223 1008 1704
293 1000 222 1008 1704
73 680 222 1009 1705
86 706 222 1009 1705
696 231 223 1009 1705
68 1056 221 1009 1705
136 783 228 1009 1705
136 784 227 1010 1706
27 670 221 1011 1707
146 927 228 1011 1707
136 785 221 1011 1707
144 194 223 1011 1707
27 671 225 1012 1708
696 234 225 1012 1708
136 786 229 1012 1708
144 195 225 1012 1708
27 672 221 1013 1709
136 787 226 1013 1709
144 196 223 1013 1709
27 673 221 1014 1710
696 236 221 1014 1710
136 788 228 1014 1710
144 198 223 1015 1711
27 675 225 1016 1712
696 238 221 1016 1712
416 154 221 1016 1712
144 199 225 1016 1712
696 239 225 1017 1713
136 791 227 1017 1713
144 200 225 1017 1713
146 935 223 1019 1715
136 793 227 1019 1715
144 202 224 1019 1715
74 122 221 1020 1716
146 936 221 1020 1716
74 123 223 1021 1717
146 937 223 1021 1717
136 795 225 1021 1717
144 204 224 1021 1717
27 681 223 1022 1718
696 244 223 1022 1718
144 205 224 1022 1718
27 682 221 1023 1719
696 245 221 1023 1719
144 206 225 1023 1719
696 246 230 1024 1720
144 207 225 1024 1720
696 247 221 1025 1721
136 799 225 1025 1721
144 208 221 1025 1721
27 685 225 1026 1722
696 248 221 1026 1722
136 800 223 1026 1722
144 209 223 1026 1722
27 686 222 1027 1723
696 249 221 1027 1723
416 165 221 1027 1723
136 801 225 1027 1723
144 210 225 1027 1723
27 687 221 1028 1724
136 802 223 1028 1724
27 688 221 1029 1725
136 803 225 1029 1725
27 689 223 1030 1726
696 253 222 1031 1727
136 805 227 1031 1727
144 214 221 1031 1727
27 694 221 1035 1731
278 1042 221 1035 1731
27 695 222 1036 1732
136 810 221 1036 1732
68 1084 225 1037 1733
86 735 223 1038 1734
136 813 225 1039 1735
27 699 221 1040 1736
136 814 223 1040 1736
27 700 222 1041 1737
278 1 223 1041 1737
136 815 221 1041 1737
27 701 221 1042 1738
136 816 223 1042 1738
136 817 223 1043 1739
278 4 222 1044 1740
136 819 221 1045 1741
27 705 221 1046 1742
136 820 221 1046 1742
27 706 221 1047 1743
136 822 221 1048 1744
293 1040 222 1049 1745
27 709 221 1050 1746
136 824 226 1050 1746
136 825 231 1051 1747
27 711 221 1052 1748
391 979 225 1052 1748
136 826 223 1052 1748
27 713 221 1054 1750
136 828 227 1054 1750
87 470 224 1055 1751
27 714 223 1055 1751
74 157 223 1055 1751
391 979 227 1055 1751
136 829 233 1055 1751
87 471 223 1056 1752
136 830 228 1056 1752
278 16 223 1056 1752
87 472 222 1057 1753
74 159 221 1057 1753
136 831 223 1057 1753
87 473 224 1058 1754
696 280 225 1058 1754
391 985 223 1058 1754
87 474 225 1059 1755
696 281 225 1059 1755
391 986 223 1059 1755
136 833 229 1059 1755
87 475 225 1060 1756
696 282 227 1060 1756
136 834 231 1060 1756
87 476 223 1061 1757
696 283 226 1061 1757
136 835 232 1061 1757
27 722 221 1063 1759
136 837 231 1063 1759
74 166 221 1064 1760
136 838 229 1064 1760
136 839 232 1065 1761
136 840 231 1066 1762
136 841 235 1067 1763
696 290 229 1068 1764
136 842 225 1068 1764
146 985 223 1069 1765
136 843 228 1069 1765
144 252 222 1069 1765
696 292 225 1070 1766
146 986 223 1070 1766
136 844 231 1070 1766
696 293 225 1071 1767
146 987 223 1071 1767
136 845 233 1071 1767
391 1000 223 1073 1769
136 847 224 1073 1769
87 490 221 1075 1771
146 991 221 1075 1771
136 849 225 1075 1771
74 178 221 1076 1772
146 992 221 1076 1772
136 850 223 1076 1772
86 774 223 1077 1773
696 300 235 1078 1774
136 852 229 1078 1774
696 301 237 1079 1775
136 853 229 1079 1775
696 302 239 1080 1776
87 496 221 1081 1777
696 303 233 1081 1777
87 497 221 1082 1778
696 304 236 1082 1778
136 856 223 1082 1778
696 305 238 1083 1779
136 857 226 1083 1779
144 266 221 1083 1779
696 306 239 1084 1780
136 858 232 1084 1780
696 307 239 1085 1781
136 859 225 1085 1781
601 1092 223 1086 1782
696 308 238 1086 1782
136 860 225 1086 1782
416 225 225 1087 1783
696 309 239 1087 1783
278 47 223 1087 1783
87 503 221 1088 1784
696 310 239 1088 1784
146 1004 221 1088 1784
136 862 230 1088 1784
696 311 235 1089 1785
86 786 221 1089 1785
136 863 227 1089 1785
696 312 234 1090 1786
136 864 229 1090 1786
696 313 236 1091 1787
136 865 227 1091 1787
696 314 235 1092 1788
136 866 227 1092 1788
696 315 237 1093 1789
136 867 227 1093 1789
293 1085 224 1094 1790
696 316 235 1094 1790
136 868 225 1094 1790
696 317 237 1095 1791
136 869 223 1095 1791
696 318 237 1096 1792
696 319 235 1097 1793
696 320 237 1098 1794
136 872 224 1098 1794
696 321 233 1099 1795
136 873 223 1099 1795
416 238 221 1100 1796
696 322 221 1100 1796
136 874 225 1100 1796
136 875 223 1101 1797
696 324 221 1102 1798
136 876 224 1102 1798
696 325 223 1103 1799
136 877 225 1103 1799
87 519 221 1104 1800
696 326 225 1104 1800
136 878 231 1104 1800
136 879 231 1105 1801
293 1097 221 1105 1801
27 765 221 1106 1802
391 1033 221 1106 1802
136 880 225 1106 1802
27 766 221 1107 1803
601 1115 223 1108 1804
87 524 221 1109 1805
696 331 230 1109 1805
136 883 221 1109 1805
601 1116 224 1109 1805
696 332 224 1110 1806
136 884 223 1110 1806
601 1117 221 1111 1807
696 334 223 1112 1808
136 886 227 1112 1808
416 251 223 1113 1809
136 887 221 1113 1809
696 336 221 1114 1810
136 888 227 1114 1810
696 337 221 1115 1811
136 889 226 1115 1811
136 890 228 1116 1812
136 891 227 1117 1813
696 340 227 1118 1814
136 892 226 1118 1814
68 1166 223 1119 1815
696 341 230 1119 1815
68 1167 226 1120 1816
696 342 230 1120 1816
136 894 221 1120 1816
136 895 227 1121 1817
136 896 223 1122 1818
136 897 225 1123 1819
278 83 221 1123 1819
136 898 233 1124 1820
278 84 221 1124 1820
601 1131 221 1124 1820
136 899 225 1125 1821
278 85 224 1125 1821
136 900 223 1126 1822
144 3 222 1126 1822
136 901 225 1127 1823
416 266 221 1127 1823
136 902 229 1128 1824
136 903 229 1129 1825
416 269 223 1130 1826
136 905 225 1131 1827
416 270 223 1131 1827
136 906 223 1132 1828
136 907 227 1133 1829
136 908 224 1134 1830
136 909 227 1135 1831
136 910 228 1136 1832
136 911 231 1137 1833
391 1065 223 1138 1834
136 912 225 1138 1834
696 361 221 1139 1835
144 16 221 1139 1835
136 914 225 1140 1836
146 1057 223 1141 1837
27 801 221 1141 1837
27 802 223 1142 1838
416 281 223 1142 1838
27 803 221 1143 1839
136 918 221 1144 1840
27 804 223 1144 1840
136 919 228 1145 1841
86 842 221 1145 1841
136 920 227 1146 1842
696 369 223 1147 1843
136 921 230 1147 1843
74 250 221 1148 1844
696 370 226 1148 1844
136 922 229 1148 1844
696 371 226 1149 1845
136 923 229 1149 1845
696 372 225 1150 1846
136 924 233 1150 1846
293 1142 223 1151 1847
696 373 225 1151 1847
136 925 231 1151 1847
293 1143 226 1152 1848
696 374 229 1152 1848
391 1078 225 1152 1848
144 29 221 1152 1848
136 926 240 1152 1848
696 375 223 1153 1849
391 1080 221 1153 1849
136 927 240 1153 1849
696 376 226 1154 1850
146 1070 221 1154 1850
136 928 237 1154 1850
87 570 221 1155 1851
601 1161 221 1155 1851
696 377 225 1155 1851
136 929 239 1155 1851
696 378 229 1156 1852
136 930 229 1156 1852
87 572 225 1157 1853
696 379 223 1157 1853
146 1073 221 1157 1853
136 931 233 1157 1853
696 380 223 1158 1854
144 35 222 1158 1854
278 118 233 1158 1854
416 297 221 1158 1854
27 818 221 1159 1855
601 1165 231 1159 1855
696 381 225 1159 1855
391 1085 223 1159 1855
73 830 227 1159 1855
27 819 223 1160 1856
444 1170 222 1160 1856
516 1161 235 1160 1856
12 18 233 1160 1856
562 449 224 1160 1856
745 1164 225 1160 1856
669 1162 223 1160 1856
149 525 223 1167 1863
149 526 235 1168 1864
149 527 233 1169 1865
719 841 225 1170 1866
719 843 233 1172 1868
149 531 221 1172 1868
287 876 223 1173 1869
9 1179 221 1173 1869
719 844 223 1173 1869
612 429 239 1174 1870
9 1180 222 1174 1870
122 46 223 1174 1870
719 845 243 1174 1870
612 430 225 1175 1871
30 849 230 1175 1871
9 1181 225 1175 1871
122 47 225 1175 1871
149 534 223 1176 1872
612 431 221 1176 1872
30 850 231 1176 1872
149 535 221 1176 1872
30 851 233 1177 1873
9 1183 223 1177 1873
122 49 221 1177 1873
41 1180 221 1177 1873
612 433 221 1178 1874
30 852 225 1178 1874
30 853 231 1179 1875
556 381 223 1179 1875
30 854 228 1180 1876
30 855 228 1181 1877
677 412 221 1182 1878
30 856 228 1182 1878
556 384 223 1182 1878
30 857 227 1183 1879
122 55 227 1183 1879
149 542 221 1184 1880
719 854 227 1184 1880
612 439 221 1184 1880
30 858 230 1184 1880
9 1190 221 1184 1880
122 56 221 1184 1880
556 386 225 1185 1881
149 543 230 1185 1881
612 440 221 1185 1881
30 859 231 1185 1881
556 387 225 1186 1882
149 544 229 1186 1882
719 856 223 1186 1882
612 441 250 1186 1882
9 1192 225 1186 1882
116 1196 224 1186 1882
556 388 221 1187 1883
149 545 241 1187 1883
537 1174 225 1187 1883
30 861 227 1187 1883
229 1196 221 1187 1883
122 59 223 1187 1883
122 60 221 1188 1884
719 859 227 1189 1885
30 863 227 1189 1885
229 1198 225 1189 1885
122 61 221 1189 1885
677 420 226 1190 1886
612 445 221 1190 1886
229 1199 223 1190 1886
122 62 224 1190 1886
149 549 221 1191 1887
719 861 227 1191 1887
537 1178 227 1191 1887
30 865 224 1191 1887
122 63 221 1191 1887
266 11 224 1191 1887
556 393 221 1192 1888
719 862 221 1192 1888
677 422 221 1192 1888
612 447 233 1192 1888
30 866 227 1192 1888
149 551 235 1193 1889
556 394 227 1193 1889
719 863 231 1193 1889
537 1180 223 1193 1889
677 423 225 1193 1889
612 448 231 1193 1889
30 867 227 1193 1889
116 1203 221 1193 1889
266 13 221 1193 1889
149 552 233 1194 1890
719 864 223 1194 1890
537 1181 229 1194 1890
612 449 223 1194 1890
9 1200 223 1194 1890
122 66 221 1194 1890
434 1189 231 1194 1890
266 14 225 1194 1890
719 865 223 1195 1891
612 450 223 1195 1891
30 869 227 1195 1891
266 15 233 1196 1892
677 426 227 1196 1892
30 870 223 1196 1892
116 1206 221 1196 1892
556 398 223 1196 1892
149 555 235 1197 1893
266 16 229 1197 1893
537 1184 223 1197 1893
719 867 225 1197 1893
30 871 223 1197 1893
122 69 224 1197 1893
266 17 227 1197 1893
149 556 231 1197 1893
30 872 227 1198 1894
229 1207 223 1198 1894
116 1208 224 1198 1894
149 557 227 1198 1894
266 18 226 1198 1894
30 873 223 1199 1895
122 71 221 1199 1895
149 558 226 1199 1895
116 1210 221 1200 1896
266 20 221 1200 1896
719 871 223 1201 1897
612 456 225 1201 1897
30 875 231 1201 1897
556 403 223 1201 1897
149 560 222 1201 1897
266 21 230 1201 1897
719 872 223 1202 1898
612 457 223 1202 1898
30 876 227 1202 1898
229 1211 221 1202 1898
9 1208 225 1202 1898
122 74 222 1202 1898
556 404 221 1202 1898
149 561 223 1202 1898
266 22 225 1202 1898
719 873 227 1203 1899
30 877 227 1203 1899
149 562 225 1203 1899
266 23 225 1203 1899
30 878 223 1204 1900
266 24 225 1204 1900
149 563 221 1204 1900
556 406 221 1204 1900
612 460 225 1205 1901
30 879 226 1205 1901
122 77 221 1205 1901
116 1215 223 1205 1901
149 564 223 1205 1901
266 25 226 1205 1901
537 1193 225 1206 1902
677 436 224 1206 1902
612 461 229 1206 1902
122 78 221 1206 1902
556 408 226 1206 1902
266 26 229 1206 1902
719 877 227 1207 1903
612 462 227 1207 1903
9 1213 221 1207 1903
149 566 222 1207 1903
266 27 223 1207 1903
719 878 227 1208 1904
30 882 226 1208 1904
229 1217 223 1208 1904
9 1214 223 1208 1904
149 567 223 1208 1904
266 28 224 1208 1904
719 879 227 1209 1905
9 1215 221 1209 1905
229 1218 223 1209 1905
30 883 223 1209 1905
122 81 223 1209 1905
149 568 224 1209 1905
537 1197 223 1210 1906
229 1219 221 1210 1906
30 884 225 1210 1906
116 1220 221 1210 1906
556 412 225 1210 1906
149 569 221 1210 1906
266 30 221 1210 1906
677 441 224 1211 1907
719 881 221 1211 1907
30 885 222 1211 1907
556 413 221 1211 1907
149 570 221 1211 1907
537 1199 225 1212 1908
677 442 237 1212 1908
612 467 221 1212 1908
122 84 221 1212 1908
116 1222 235 1212 1908
266 32 222 1212 1908
719 883 229 1213 1909
116 1223 226 1213 1909
30 888 223 1214 1910
229 1223 221 1214 1910
116 1224 228 1214 1910
719 885 227 1215 1911
30 889 224 1215 1911
556 417 225 1215 1911
677 446 227 1216 1912
30 890 231 1216 1912
229 1225 229 1216 1912
122 3 235 1216 1912
116 1226 232 1216 1912
677 447 229 1217 1913
30 891 223 1217 1913
612 472 224 1217 1913
9 1223 221 1217 1913
122 4 221 1217 1913
116 1227 237 1217 1913
266 37 223 1217 1913
719 888 233 1217 1913
537 1205 225 1218 1914
30 892 224 1218 1914
9 1224 221 1218 1914
116 1228 231 1218 1914
266 38 233 1218 1914
677 449 222 1219 1915
30 893 231 1219 1915
612 474 221 1219 1915
229 1228 221 1219 1915
9 1225 221 1219 1915
556 421 231 1219 1915
116 1229 221 1219 1915
266 39 233 1219 1915
229 1229 225 1220 1916
434 1215 224 1220 1916
556 422 241 1220 1916
116 1230 238 1220 1916
677 451 221 1221 1917
30 895 221 1221 1917
229 1230 223 1221 1917
556 423 223 1221 1917
116 1231 225 1221 1917
266 41 225 1221 1917
719 892 233 1222 1918
30 896 222 1222 1918
612 477 221 1222 1918
116 1232 235 1222 1918
719 893 222 1223 1919
229 1232 226 1223 1919
116 1233 233 1223 1919
719 894 225 1224 1920
677 454 223 1224 1920
30 898 227 1224 1920
116 1234 226 1224 1920
30 899 227 1225 1921
9 1231 221 1225 1921
229 1234 223 1225 1921
719 896 221 1226 1922
116 1236 223 1226 1922
612 482 229 1227 1923
9 1233 223 1227 1923
229 1236 227 1227 1923
30 902 221 1228 1924
116 1238 221 1228 1924
719 899 231 1229 1925
30 903 221 1229 1925
9 1235 221 1229 1925
229 1238 223 1229 1925
41 1232 221 1229 1925
116 1239 242 1229 1925
719 900 235 1230 1926
30 904 227 1230 1926
229 1239 233 1230 1926
116 1240 225 1230 1926
719 901 223 1231 1927
30 905 235 1231 1927
229 1240 221 1231 1927
41 1234 221 1231 1927
116 1241 226 1231 1927
556 433 221 1231 1927
30 906 227 1232 1928
116 1242 225 1232 1928
41 1235 223 1232 1928
556 434 225 1232 1928
30 907 226 1233 1929
116 1243 248 1233 1929
556 435 231 1233 1929
719 904 225 1234 1930
229 1243 226 1234 1930
116 1244 238 1234 1930
719 905 221 1235 1931
30 909 221 1235 1931
116 1245 236 1235 1931
30 910 222 1236 1932
229 1245 221 1236 1932
116 1246 241 1236 1932
556 438 227 1236 1932
266 56 221 1236 1932
30 911 231 1237 1933
149 596 223 1237 1933
116 1247 224 1237 1933
556 439 231 1237 1933
30 912 227 1238 1934
116 1248 243 1238 1934
556 440 226 1238 1934
719 909 225 1239 1935
30 913 225 1239 1935
116 1249 245 1239 1935
677 470 223 1240 1936
116 1250 235 1240 1936
677 471 235 1241 1937
229 1250 229 1241 1937
116 1251 248 1241 1937
677 472 243 1242 1938
116 1252 244 1242 1938
677 473 233 1243 1939
116 1253 237 1243 1939
677 474 231 1244 1940
122 31 226 1244 1940
116 1254 238 1244 1940
677 475 234 1245 1941
229 1254 221 1245 1941
116 1255 236 1245 1941
677 476 233 1246 1942
122 33 223 1246 1942
116 1256 237 1246 1942
677 477 231 1247 1943
30 921 221 1247 1943
116 1257 223 1247 1943
677 478 221 1248 1944
719 918 223 1248 1944
229 1257 221 1248 1944
122 35 223 1248 1944
149 607 225 1248 1944
116 1258 229 1248 1944
677 479 225 1249 1945
537 1236 221 1249 1945
122 36 225 1249 1945
116 1259 233 1249 1945
719 920 223 1250 1946
677 480 221 1250 1946
30 924 221 1250 1946
116 1260 223 1250 1946
149 609 223 1250 1946
677 481 227 1251 1947
116 1261 227 1251 1947
537 1239 221 1252 1948
116 1262 231 1252 1948
677 483 224 1252 1948
537 1240 221 1253 1949
149 612 225 1253 1949
677 484 227 1254 1950
116 1264 243 1254 1950
149 613 221 1254 1950
677 485 231 1255 1951
116 1265 242 1255 1951
149 614 225 1255 1951
677 486 227 1256 1952
537 1243 221 1256 1952
116 1266 243 1256 1952
149 615 223 1256 1952
677 487 229 1256 1952
537 1244 221 1257 1953
116 1267 241 1257 1953
677 488 224 1258 1954
116 1268 233 1258 1954
677 489 223 1259 1955
30 933 222 1259 1955
116 1269 226 1259 1955
677 490 235 1260 1956
434 1255 222 1260 1956
122 47 221 1260 1956
149 619 221 1260 1956
677 491 229 1261 1957
537 1248 222 1261 1957
116 1271 233 1261 1957
677 492 231 1261 1957
30 936 222 1262 1958
116 1272 231 1262 1958
677 493 231 1262 1958
116 1273 233 1263 1959
719 934 223 1263 1959
677 494 221 1263 1959
30 938 221 1264 1960
116 1274 225 1264 1960
149 623 223 1264 1960
677 496 225 1265 1961
30 940 223 1266 1962
748 1268 223 1266 1962
116 1276 233 1266 1962
116 1277 229 1267 1963
677 498 223 1267 1963
748 1270 225 1268 1964
677 499 221 1269 1965
30 943 221 1269 1965
748 1271 226 1269 1965
116 1279 223 1269 1965
677 500 223 1270 1966
748 1272 224 1270 1966
116 1280 237 1270 1966
677 501 227 1271 1967
30 945 226 1271 1967
748 1273 221 1271 1967
116 1281 229 1271 1967
677 502 223 1271 1967
30 946 223 1272 1968
748 1274 221 1272 1968
116 1282 231 1272 1968
116 1283 231 1273 1969
537 1261 223 1273 1969
677 504 225 1273 1969
116 1284 236 1274 1970
677 505 221 1274 1970
116 1285 227 1275 1971
677 506 223 1276 1972
116 1286 227 1276 1972
149 635 223 1276 1972
116 1287 233 1277 1973
677 508 225 1278 1974
30 952 223 1278 1974
116 1288 225 1278 1974
30 953 221 1279 1975
116 1289 239 1279 1975
719 950 225 1279 1975
537 1267 222 1279 1975
116 1290 237 1280 1976
537 1268 221 1280 1976
677 511 224 1281 1977
30 955 227 1281 1977
9 1287 224 1281 1977
748 1283 221 1281 1977
116 1291 225 1281 1977
122 68 221 1281 1977
537 1269 223 1281 1977
677 512 221 1282 1978
30 956 227 1282 1978
116 1292 228 1282 1978
149 641 223 1282 1978
677 513 228 1283 1979
116 1293 230 1283 1979
149 642 223 1283 1979
677 514 227 1284 1980
116 1294 223 1284 1980
677 515 227 1285 1981
748 1287 221 1285 1981
116 1295 230 1285 1981
149 644 223 1285 1981
537 1273 225 1286 1982
677 516 226 1286 1982
30 960 226 1286 1982
116 1296 232 1286 1982
537 1274 221 1287 1983
677 517 226 1287 1983
30 961 228 1287 1983
116 1297 231 1287 1983
30 963 223 1289 1985
30 965 224 1291 1987
116 1301 225 1291 1987
30 966 223 1292 1988
122 2 221 1292 1988
116 1302 223 1292 1988
30 968 221 1294 1990
30 970 226 1296 1992
30 971 223 1297 1993
677 528 225 1298 1994
116 1308 225 1298 1994
677 530 226 1300 1996
30 974 223 1300 1996
30 975 221 1301 1997
677 532 221 1302 1998
30 976 224 1302 1998
116 1312 230 1302 1998
677 534 231 1304 2000
30 978 225 1304 2000
9 1310 223 1304 2000
612 559 223 1304 2000
748 1306 224 1304 2000
116 1314 223 1304 2000
311 217 223 1312 2008
759 1307 223 1316 2012
416 455 221 1317 2013
759 1308 223 1317 2013
483 751 225 1318 2014
30 993 221 1319 2015
229 1328 224 1319 2015
30 994 231 1320 2016
116 1330 234 1320 2016
537 1308 221 1321 2017
677 551 221 1321 2017
30 995 223 1321 2017
215 246 227 1322 2018
467 526 225 1322 2018
215 247 227 1323 2019
719 994 223 1323 2019
537 1311 222 1324 2020
30 998 227 1324 2020
556 526 225 1325 2021
229 1334 221 1325 2021
556 527 227 1326 2022
