766 14 230 0 687
671 2 229 0 687
143 2 233 0 687
766 15 231 1 688
671 3 224 1 688
143 3 237 1 688
617 16 222 1 688
766 16 243 2 689
671 4 227 2 689
143 4 229 2 689
617 17 226 2 689
766 17 235 3 690
671 5 233 3 690
143 5 237 3 690
617 18 229 3 690
766 18 237 4 691
143 6 241 4 691
766 19 237 5 692
671 7 223 5 692
143 7 233 5 692
617 20 223 5 692
766 20 242 6 693
671 8 229 6 693
143 8 235 6 693
617 21 235 6 693
766 21 239 7 694
568 1 233 7 694
143 9 235 7 694
617 22 227 7 694
766 22 229 8 695
554 1 226 8 695
671 10 227 8 695
143 10 235 8 695
617 23 233 8 695
766 23 235 9 696
554 2 223 9 696
568 3 223 9 696
671 11 222 9 696
143 11 221 9 696
617 24 225 9 696
766 24 228 10 697
568 4 225 10 697
671 12 222 10 697
143 12 229 10 697
771 2 230 10 697
766 25 233 11 698
671 13 225 11 698
143 13 233 11 698
617 26 221 11 698
766 26 223 12 699
671 14 221 12 699
143 14 239 12 699
617 27 234 12 699
766 27 235 13 700
568 7 223 13 700
143 15 231 13 700
399 4 221 13 700
617 28 235 13 700
143 16 227 14 701
708 2 224 14 701
617 29 229 14 701
554 8 221 15 702
766 29 231 15 702
568 9 225 15 702
642 8 223 15 702
143 17 231 15 702
554 9 225 16 703
766 30 239 16 703
446 1 223 17 704
143 19 231 17 704
617 32 233 17 704
554 11 221 18 705
446 2 229 18 705
143 20 241 18 705
617 33 233 18 705
446 3 225 19 706
766 33 235 19 706
568 13 221 19 706
143 21 237 19 706
617 34 231 19 706
554 13 227 20 707
446 4 231 20 707
766 34 229 20 707
143 22 227 20 707
617 35 233 20 707
568 15 225 21 708
143 23 229 21 708
617 36 231 21 708
446 6 223 22 709
143 24 233 22 709
617 37 230 22 709
671 25 223 23 710
143 25 233 23 710
554 17 223 24 711
446 8 226 24 711
513 10 227 24 711
671 26 237 24 711
706 202 223 24 711
771 16 223 24 711
143 26 235 24 711
708 12 223 24 711
617 39 222 24 711
554 18 221 25 712
766 39 221 25 712
671 27 230 25 712
143 27 233 25 712
617 40 230 25 712
766 40 226 26 713
446 10 221 26 713
513 12 223 26 713
671 28 225 26 713
143 28 231 26 713
617 41 225 26 713
766 41 227 27 714
513 13 225 27 714
671 29 229 27 714
568 21 223 27 714
143 29 234 27 714
617 42 230 27 714
554 21 221 28 715
766 42 225 28 715
446 12 225 28 715
671 30 231 28 715
143 30 235 28 715
617 43 229 28 715
766 43 230 29 716
446 13 221 29 716
671 31 231 29 716
771 21 221 29 716
617 44 223 29 716
143 1 235 30 717
766 44 231 30 717
617 45 223 30 717
143 2 225 31 718
766 45 236 31 718
446 15 223 31 718
513 17 225 31 718
671 33 239 31 718
568 25 225 31 718
771 23 223 31 718
617 46 231 31 718
143 3 233 32 719
554 25 223 32 719
446 16 223 32 719
766 46 227 32 719
513 18 223 32 719
671 34 227 32 719
771 24 223 32 719
642 25 221 32 719
617 47 233 32 719
143 4 227 33 720
446 17 223 33 720
513 19 221 33 720
766 47 229 33 720
671 35 239 33 720
568 27 221 33 720
617 48 222 34 721
143 5 225 34 721
766 48 224 34 721
771 26 221 34 721
617 49 237 35 722
446 19 223 35 722
671 37 231 35 722
617 50 237 36 723
766 50 223 36 723
513 22 224 36 723
617 51 225 37 724
143 8 223 37 724
671 39 223 37 724
617 52 225 38 725
143 9 226 38 725
554 31 223 38 725
671 40 235 38 725
568 32 223 38 725
617 53 224 39 726
143 10 233 39 726
446 23 227 39 726
671 41 225 39 726
143 11 234 40 727
617 54 228 40 727
671 42 221 40 727
568 34 225 40 727
787 16 221 40 727
143 12 227 41 728
617 55 231 41 728
143 13 227 42 729
617 56 221 42 729
554 35 223 42 729
671 44 237 42 729
143 14 229 43 730
617 57 233 43 730
554 36 225 43 730
446 27 221 43 730
766 57 228 43 730
671 45 235 43 730
568 37 227 43 730
787 19 221 43 730
143 15 233 44 731
766 58 223 44 731
671 46 225 44 731
568 38 223 44 731
771 36 226 44 731
617 59 227 45 732
143 16 226 45 732
617 60 226 46 733
143 17 226 46 733
671 48 221 46 733
568 40 223 46 733
143 18 231 47 734
568 41 225 47 734
787 23 225 47 734
143 19 235 48 735
513 34 221 48 735
642 41 221 48 735
617 63 233 49 736
143 20 241 49 736
671 51 225 49 736
568 43 223 49 736
771 41 221 49 736
617 64 226 50 737
771 42 223 50 737
617 65 233 51 738
143 22 242 51 738
554 44 223 51 738
446 35 221 51 738
766 65 235 51 738
671 53 225 51 738
617 66 227 52 739
143 23 247 52 739
554 45 221 52 739
446 36 225 52 739
671 54 231 52 739
617 67 225 53 740
143 24 243 53 740
554 46 222 53 740
766 67 241 53 740
671 55 223 53 740
143 25 239 54 741
617 68 222 54 741
771 46 223 54 741
787 30 221 54 741
143 26 235 55 742
617 69 231 55 742
554 48 221 55 742
446 39 221 55 742
766 69 229 55 742
671 57 224 55 742
771 47 225 55 742
568 49 221 55 742
787 31 221 55 742
708 43 223 56 743
446 40 229 56 743
671 58 229 56 743
771 48 226 56 743
787 32 223 56 743
143 28 239 57 744
671 59 223 57 744
568 51 226 57 744
617 72 232 58 745
554 51 229 58 745
671 60 231 58 745
568 52 221 58 745
771 50 221 58 745
787 34 241 58 745
617 73 227 59 746
554 52 222 59 746
446 43 233 59 746
671 61 236 59 746
771 51 224 59 746
568 53 227 59 746
642 52 230 60 747
143 31 226 60 747
617 74 233 60 747
554 53 226 60 747
446 44 228 60 747
671 62 223 60 747
568 54 223 60 747
642 53 225 61 748
143 32 225 61 748
766 75 229 61 748
554 54 233 61 748
446 45 231 61 748
513 47 221 61 748
671 63 223 61 748
771 53 225 61 748
617 76 228 62 749
143 33 242 62 749
766 76 228 62 749
513 48 229 62 749
671 64 241 62 749
568 56 221 62 749
592 53 221 62 749
26 53 227 62 749
642 55 238 62 749
16 251 229 62 749
708 50 221 63 750
671 65 235 63 750
568 57 231 63 750
787 39 223 63 750
26 54 221 63 750
642 56 225 63 750
143 35 253 64 751
617 78 226 64 751
446 48 223 64 751
513 50 225 64 751
671 66 247 64 751
568 58 223 64 751
771 56 221 64 751
787 40 225 64 751
642 57 221 65 752
708 52 227 65 752
399 55 221 65 752
617 79 237 65 752
143 36 227 65 752
554 58 224 65 752
513 51 223 65 752
671 67 243 65 752
787 41 224 65 752
642 58 229 66 753
399 56 221 66 753
617 80 231 66 753
143 37 241 66 753
766 80 224 66 753
787 42 229 66 753
642 59 227 67 754
708 54 229 67 754
617 81 233 67 754
143 38 231 67 754
513 53 221 67 754
671 69 237 67 754
787 43 227 67 754
708 55 231 68 755
143 39 243 68 755
554 61 221 68 755
513 54 224 68 755
671 70 235 68 755
568 62 223 68 755
787 44 223 68 755
592 59 221 68 755
642 61 227 69 756
708 56 222 69 756
399 59 223 69 756
617 83 225 69 756
143 40 244 69 756
513 55 227 69 756
671 71 243 69 756
568 63 223 69 756
642 62 226 69 756
708 57 223 70 757
399 60 222 70 757
617 84 225 70 757
143 41 235 70 757
513 56 225 70 757
671 72 222 70 757
568 64 223 70 757
642 63 229 71 758
708 58 222 71 758
143 42 238 71 758
766 85 223 71 758
513 57 221 71 758
671 73 242 71 758
787 47 227 71 758
592 62 223 71 758
708 59 225 72 759
617 86 227 72 759
143 43 235 72 759
671 74 240 72 759
787 48 233 72 759
26 63 224 72 759
642 65 225 73 760
708 60 222 73 760
143 44 237 73 760
617 87 225 73 760
554 66 221 73 760
513 59 227 73 760
671 75 231 73 760
642 66 227 74 761
143 45 229 74 761
513 60 223 74 761
671 76 237 74 761
642 67 233 75 762
708 62 223 75 762
143 46 235 75 762
513 61 227 75 762
671 77 241 75 762
642 68 227 76 763
708 63 226 76 763
399 66 221 76 763
143 47 235 76 763
446 60 223 76 763
671 78 241 76 763
787 52 227 76 763
642 69 236 77 764
26 67 222 77 764
708 64 227 77 764
617 91 227 77 764
554 70 225 77 764
513 63 228 77 764
446 61 224 77 764
671 79 246 77 764
642 70 237 77 764
708 65 230 78 765
399 68 222 78 765
143 49 241 78 765
513 64 228 78 765
671 80 241 78 765
787 54 221 78 765
143 50 225 79 766
554 72 222 79 766
513 65 229 79 766
671 81 241 79 766
592 70 222 79 766
642 72 223 80 767
708 67 221 80 767
399 70 224 80 767
143 51 243 80 767
617 94 228 80 767
513 66 231 80 767
446 64 228 80 767
671 82 228 80 767
592 71 222 80 767
642 73 233 81 768
143 52 236 81 768
617 95 227 81 768
554 74 221 81 768
513 67 229 81 768
671 83 238 81 768
787 57 227 81 768
642 74 234 82 769
708 69 225 82 769
399 72 221 82 769
143 53 235 82 769
617 96 242 82 769
513 68 229 82 769
787 58 227 82 769
642 75 227 83 770
399 73 221 83 770
143 54 229 83 770
554 76 223 83 770
766 97 235 83 770
513 69 236 83 770
446 67 225 83 770
771 75 225 83 770
568 77 226 83 770
787 59 227 83 770
642 76 235 83 770
708 71 239 84 771
399 74 226 84 771
143 55 221 84 771
617 98 226 84 771
513 70 221 84 771
446 68 221 84 771
568 78 221 84 771
787 60 221 84 771
617 99 229 85 772
446 69 225 85 772
671 87 221 85 772
143 57 238 86 773
554 79 221 86 773
766 100 222 86 773
446 70 222 86 773
787 62 228 86 773
143 58 223 87 774
554 80 221 87 774
766 101 222 87 774
787 63 225 87 774
143 59 235 88 775
787 64 228 88 775
143 60 228 89 776
660 71 233 89 776
787 65 225 89 776
143 61 225 90 777
143 62 233 91 778
143 63 228 92 779
126 90 221 92 779
21 74 223 93 780
107 86 221 94 781
143 65 223 94 781
7 75 223 94 781
357 36 223 94 781
30 90 221 94 781
15 85 221 95 782
147 97 221 95 782
712 87 223 95 782
194 76 224 96 783
177 93 236 97 784
93 6 223 97 784
644 85 246 97 784
644 86 227 98 785
143 70 221 99 786
30 95 223 99 786
644 87 225 99 786
549 84 235 99 786
532 99 222 100 787
30 96 221 100 787
644 88 236 100 787
143 72 245 101 788
88 63 223 101 788
644 89 240 101 788
450 94 222 101 788
138 103 231 101 788
655 18 226 101 788
143 73 227 102 789
670 94 226 102 789
644 90 233 102 789
655 19 221 102 789
138 104 222 102 789
507 5 222 103 790
121 103 228 103 790
143 74 241 103 790
670 95 242 103 790
644 91 247 103 790
138 105 223 103 790
672 84 227 103 790
121 104 225 104 791
143 75 243 104 791
670 96 241 104 791
644 92 245 104 791
80 102 223 105 792
670 97 225 105 792
644 93 229 105 792
600 76 221 106 793
670 98 239 106 793
644 94 224 106 793
514 66 227 106 793
672 87 223 106 793
143 78 226 107 794
586 101 223 108 795
143 79 228 108 795
670 100 226 108 795
644 96 235 108 795
514 68 224 108 795
586 102 221 109 796
143 80 231 109 796
644 97 223 109 796
143 82 227 111 798
644 99 224 111 798
586 105 233 112 799
507 3 225 112 799
670 104 226 112 799
644 100 229 112 799
210 93 223 112 799
655 29 227 112 799
672 93 225 112 799
291 97 225 113 800
30 109 221 113 800
644 101 226 113 800
655 30 221 113 800
672 94 221 113 800
586 107 221 114 801
143 85 230 114 801
507 5 221 114 801
644 102 237 114 801
670 106 223 114 801
138 116 222 114 801
586 108 222 115 802
121 115 221 115 802
143 86 221 115 802
644 103 233 115 802
495 94 221 115 802
210 96 225 115 802
138 117 226 115 802
80 113 225 116 803
143 87 226 116 803
721 96 221 116 803
138 118 227 116 803
586 110 223 116 803
80 114 225 117 804
143 88 233 117 804
507 8 223 117 804
644 105 225 117 804
138 119 225 117 804
80 115 221 118 805
121 118 222 118 805
507 9 223 118 805
143 89 236 118 805
210 99 224 118 805
514 78 221 118 805
80 116 221 119 806
143 90 221 119 806
507 10 223 119 806
721 99 222 119 806
644 107 230 119 806
210 100 221 119 806
80 117 221 120 807
143 91 227 120 807
507 11 225 120 807
644 108 223 120 807
143 92 224 121 808
507 12 221 121 808
644 109 223 121 808
80 119 223 122 809
143 93 226 122 809
670 114 223 122 809
644 110 221 122 809
80 120 223 123 810
143 94 229 123 810
672 104 222 124 811
80 121 222 124 811
143 95 223 124 811
644 112 223 124 811
80 122 222 125 812
507 16 223 125 812
644 113 221 125 812
655 42 221 125 812
507 17 224 126 813
507 18 222 127 814
644 115 229 127 814
670 120 225 128 815
644 116 229 128 815
655 45 221 128 815
586 122 221 129 816
644 117 225 129 816
210 110 227 129 816
143 101 223 130 817
670 123 223 131 818
644 120 242 132 819
644 122 222 134 821
644 123 221 135 822
138 137 221 135 822
644 124 227 136 823
670 129 225 137 824
644 125 231 137 824
672 118 225 138 825
507 29 223 138 825
644 126 226 138 825
586 132 221 139 826
80 136 225 139 826
143 110 228 139 826
644 127 227 139 826
495 119 226 140 827
210 122 221 141 828
507 35 224 144 831
143 115 228 144 831
644 132 223 144 831
644 134 221 146 833
143 118 228 147 834
670 139 221 147 834
514 107 247 147 834
644 137 223 149 836
291 135 222 151 838
143 122 223 151 838
644 139 225 151 838
138 153 221 151 838
586 145 223 151 838
672 132 226 152 839
143 123 221 152 839
721 132 223 152 839
644 142 231 154 841
138 156 228 154 841
644 143 224 155 842
586 150 221 156 843
672 137 222 157 844
143 128 237 157 844
644 145 226 157 844
777 141 221 157 844
138 159 221 157 844
655 74 221 157 844
586 151 221 158 845
507 49 225 158 845
143 129 243 158 845
644 146 231 158 845
80 156 221 159 846
507 50 225 159 846
143 130 241 159 846
644 147 221 159 846
143 131 231 160 847
121 160 221 160 847
143 132 227 161 848
143 133 225 162 849
644 150 221 162 849
143 134 227 163 850
644 152 221 164 851
143 138 225 167 854
143 140 221 169 856
644 157 225 169 856
644 162 233 174 861
143 147 222 176 863
721 157 221 177 864
143 150 227 179 866
644 167 221 179 866
586 173 221 180 867
670 172 221 180 867
644 168 221 180 867
586 174 223 181 868
670 174 221 182 869
655 99 223 183 870
655 100 223 184 871
644 172 227 184 871
655 101 221 185 872
644 173 221 185 872
655 102 223 186 873
80 183 223 186 873
143 157 221 186 873
644 174 223 186 873
138 188 223 186 873
80 184 223 187 874
586 180 221 187 874
80 186 222 189 876
143 160 226 189 876
80 187 221 190 877
644 178 225 190 877
644 179 223 191 878
644 180 223 192 879
138 194 221 192 879
586 186 221 193 880
80 190 225 193 880
143 164 223 193 880
670 185 227 193 880
644 181 231 193 880
143 165 223 194 881
644 182 233 194 881
143 166 221 195 882
644 183 225 195 882
291 180 221 196 883
644 184 229 196 883
138 198 227 196 883
586 192 225 199 886
644 188 223 200 887
644 190 221 202 889
586 196 221 203 890
121 203 221 203 890
644 191 221 203 890
777 187 223 203 890
672 184 224 203 890
644 192 233 204 891
514 164 223 204 891
138 206 223 204 891
586 198 227 205 892
721 185 225 205 892
644 193 225 205 892
514 166 222 206 893
586 200 225 207 894
670 199 230 207 894
586 201 222 208 895
138 210 223 208 895
586 202 221 209 896
143 181 224 210 897
644 198 225 210 897
138 212 223 210 897
121 211 225 211 898
143 182 225 211 898
644 199 224 211 898
138 213 228 211 898
672 192 221 212 899
586 205 227 212 899
721 192 223 212 899
670 204 225 212 899
143 183 235 212 899
644 200 230 212 899
138 214 229 212 899
586 206 223 213 900
507 104 223 213 900
670 205 229 213 900
143 184 230 213 900
138 215 224 213 900
672 194 223 214 901
586 207 223 214 901
121 214 221 214 901
670 206 222 214 901
644 202 227 214 901
670 208 221 216 903
644 204 227 216 903
507 108 221 217 904
655 134 222 218 905
586 211 223 218 905
143 189 222 218 905
644 206 235 218 905
143 190 223 219 906
30 215 221 219 906
644 207 225 219 906
138 221 221 220 907
586 213 223 220 907
670 212 221 220 907
143 191 231 220 907
644 208 227 220 907
138 222 222 221 908
672 201 221 221 908
644 209 221 221 908
143 193 226 222 909
644 210 221 222 909
507 115 223 224 911
670 216 221 224 911
143 195 223 224 911
644 212 221 224 911
507 116 222 225 912
586 218 223 225 912
143 196 225 225 912
644 213 225 225 912
143 197 223 226 913
644 214 221 226 913
655 143 223 227 914
586 220 223 227 914
121 227 227 227 914
670 219 226 227 914
143 198 225 227 914
644 215 223 227 914
514 187 224 227 914
655 144 224 228 915
672 208 223 228 915
507 119 221 228 915
586 221 221 228 915
670 220 225 228 915
143 199 224 228 915
644 216 221 228 915
586 222 225 229 916
143 200 221 229 916
644 217 221 229 916
514 189 221 229 916
138 231 223 229 916
644 219 223 231 918
507 123 221 232 919
586 225 225 232 919
670 224 226 232 919
143 203 224 232 919
644 220 233 232 919
655 149 221 233 920
672 213 223 233 920
586 226 221 233 920
670 225 227 233 920
143 204 227 233 920
655 150 221 234 921
586 227 221 234 921
670 226 221 234 921
143 205 221 234 921
670 227 223 235 922
655 152 221 235 922
507 127 225 236 923
80 233 223 236 923
586 229 227 236 923
143 207 233 236 923
586 230 225 237 924
507 128 223 237 924
670 229 233 237 924
121 237 221 237 924
721 217 223 237 924
143 208 222 237 924
644 225 229 237 924
514 197 221 237 924
291 223 223 239 926
507 130 223 239 926
507 132 221 241 928
670 233 226 241 928
644 229 225 241 928
210 222 221 241 928
655 158 221 242 929
644 230 225 242 929
670 235 229 243 930
143 215 223 244 931
644 232 225 244 931
121 246 223 246 933
644 234 239 246 933
210 227 224 246 933
670 239 234 247 934
644 235 233 247 934
138 249 227 247 934
672 228 221 248 935
143 219 225 248 935
644 236 233 248 935
586 242 223 249 936
143 220 223 249 936
644 237 230 249 936
655 166 222 250 937
586 243 225 250 937
143 221 221 250 937
644 239 221 251 938
143 223 229 252 939
644 240 223 252 939
655 169 225 253 940
586 246 221 253 940
670 245 224 253 940
143 224 225 253 940
644 241 231 253 940
138 255 221 253 940
507 145 223 254 941
586 247 221 254 941
121 254 223 254 941
143 225 223 254 941
644 242 233 254 941
514 214 226 254 941
138 256 227 254 941
586 248 223 255 942
670 247 222 255 942
644 243 227 255 942
514 215 226 255 942
138 257 231 256 943
291 240 224 256 943
670 248 226 256 943
644 244 229 256 943
143 227 227 256 943
514 216 228 256 943
672 237 229 257 944
138 259 223 258 945
143 230 223 259 946
644 247 222 259 946
138 261 221 260 947
143 231 233 260 947
210 241 221 260 947
644 248 225 260 947
586 254 221 261 948
143 232 225 261 948
644 249 237 261 948
80 259 225 262 949
644 250 235 262 949
143 234 222 263 950
644 251 222 263 950
672 245 221 265 952
507 156 221 265 952
586 258 223 265 952
670 257 223 265 952
143 236 231 265 952
514 225 225 266 953
80 263 221 266 953
143 237 237 266 953
210 247 223 266 953
514 226 228 267 954
121 267 224 267 954
143 238 223 267 954
514 228 225 269 956
80 266 221 269 956
670 261 222 269 956
143 240 227 269 956
143 242 237 271 958
138 273 227 272 959
291 256 221 272 959
80 269 223 272 959
143 243 237 272 959
80 270 224 273 960
143 244 225 273 960
138 275 233 274 961
586 267 221 274 961
143 245 237 274 961
655 191 223 275 962
672 255 222 275 962
143 246 233 275 962
777 259 223 276 963
655 192 223 276 963
586 269 224 276 963
80 273 223 276 963
143 247 231 276 963
138 278 221 277 964
143 248 225 277 964
514 237 223 278 965
143 249 225 278 965
143 250 237 279 966
777 263 223 280 967
672 260 227 280 967
507 173 225 282 969
672 262 226 282 969
121 282 224 282 969
670 274 225 282 969
143 253 231 282 969
644 270 225 282 969
507 174 222 283 970
143 254 221 283 970
644 271 237 283 970
121 284 227 284 971
143 255 223 284 971
644 272 221 284 971
586 278 233 285 972
143 256 225 285 972
644 273 221 285 972
138 287 221 286 973
672 266 223 286 973
644 274 234 286 973
514 246 229 287 974
644 275 226 287 974
644 276 223 288 975
514 248 221 289 976
586 282 231 289 976
672 269 223 289 976
121 289 222 289 976
143 260 225 289 976
644 277 229 289 976
514 249 223 290 977
586 283 227 290 977
121 290 221 290 977
143 261 229 290 977
644 278 221 290 977
672 271 221 291 978
121 291 221 291 978
143 262 225 291 978
644 279 225 291 978
514 251 225 292 979
138 293 222 292 979
507 183 223 292 979
143 263 231 292 979
138 294 225 293 980
670 285 227 293 980
143 264 229 293 980
644 281 227 293 980
655 210 221 294 981
138 295 225 294 981
121 294 224 294 981
670 286 227 294 981
80 291 223 294 981
644 282 235 294 981
210 275 225 294 981
138 296 225 295 982
507 186 223 295 982
586 288 223 295 982
670 287 227 295 982
121 295 221 295 982
143 266 235 295 982
644 283 234 295 982
138 297 223 296 983
586 289 226 296 983
143 267 235 296 983
586 290 221 297 984
786 259 221 297 984
143 268 232 297 984
670 290 225 298 985
143 269 232 298 985
644 286 226 298 985
514 258 221 299 986
138 300 231 299 986
138 303 222 302 989
644 290 224 302 989
143 280 222 309 996
644 298 226 310 997
672 291 227 311 998
121 311 221 311 998
143 282 234 311 998
644 299 231 311 998
655 228 221 312 999
644 300 229 312 999
670 305 225 313 1000
644 301 223 313 1000
514 273 231 314 1001
644 302 225 314 1001
143 285 226 314 1001
514 274 225 315 1002
507 206 223 315 1002
143 286 227 316 1003
644 304 233 316 1003
138 318 221 317 1004
644 305 229 317 1004
514 277 225 318 1005
644 306 229 318 1005
644 309 239 321 1008
514 281 221 322 1009
138 323 232 322 1009
586 315 233 322 1009
670 314 221 322 1009
644 310 225 322 1009
143 293 223 323 1010
514 282 235 323 1010
586 316 223 323 1010
291 307 221 323 1010
143 294 224 324 1011
514 283 225 324 1011
138 325 224 324 1011
644 312 241 325 1012
143 295 223 325 1012
138 326 221 325 1012
670 317 227 325 1012
644 313 234 326 1013
143 296 234 326 1013
514 285 225 326 1013
644 314 225 327 1014
777 310 221 327 1014
143 297 237 327 1014
586 320 225 327 1014
121 327 221 327 1014
777 311 225 328 1015
143 298 227 328 1015
655 244 221 328 1015
670 320 223 328 1015
22 268 225 328 1015
667 312 235 329 1016
143 299 239 329 1016
143 300 237 330 1017
143 302 221 332 1019
262 175 223 332 1019
410 319 221 333 1020
71 95 228 333 1020
143 304 227 334 1021
507 225 235 334 1021
661 179 224 334 1021
136 98 221 334 1021
596 322 227 334 1021
143 305 225 335 1022
148 324 221 335 1022
244 324 225 336 1023
99 60 244 336 1023
281 137 225 336 1023
143 307 225 337 1024
221 330 222 337 1024
78 320 221 337 1024
143 308 221 338 1025
672 319 235 339 1026
672 320 224 340 1027
217 336 221 340 1027
512 313 225 340 1027
672 321 227 341 1028
217 337 221 341 1028
404 299 222 341 1028
87 313 223 341 1028
270 30 238 341 1028
672 322 225 342 1029
404 300 223 342 1029
270 31 223 342 1029
672 324 225 344 1031
270 33 221 344 1031
672 325 229 345 1032
672 326 223 346 1033
589 348 225 346 1033
672 327 221 347 1034
672 329 221 349 1036
672 330 223 350 1037
672 331 225 351 1038
672 332 221 352 1039
672 333 221 353 1040
672 334 221 354 1041
383 344 221 355 1042
719 17 224 356 1043
719 18 221 357 1044
719 19 221 358 1045
719 20 223 359 1046
270 48 223 359 1046
719 21 221 360 1047
719 22 224 361 1048
383 350 224 361 1048
383 351 223 362 1049
270 52 230 363 1050
675 36 224 363 1050
589 365 227 363 1050
719 25 243 364 1051
217 360 221 364 1051
672 345 228 365 1052
404 323 223 365 1052
672 346 221 366 1053
247 358 222 366 1053
672 348 227 368 1055
675 41 223 368 1055
719 30 240 369 1056
636 172 225 370 1057
672 350 221 370 1057
444 373 221 372 1059
719 34 221 373 1060
589 376 227 374 1061
672 356 221 376 1063
675 49 224 376 1063
444 377 221 376 1063
589 378 222 376 1063
672 368 221 388 1075
675 62 222 389 1076
636 193 223 391 1078
217 388 222 392 1079
87 364 233 392 1079
217 389 221 393 1080
87 378 221 406 1093
132 383 222 421 1108
132 384 226 422 1109
675 109 221 436 1123
719 100 223 439 1126
719 101 221 440 1127
217 437 223 441 1128
675 116 224 443 1130
719 108 221 447 1134
217 447 225 451 1138
270 144 221 456 1143
217 453 224 457 1144
217 454 223 458 1145
675 132 231 460 1147
672 443 221 463 1150
217 459 221 463 1150
719 125 224 464 1151
675 137 221 465 1152
217 463 223 467 1154
270 165 226 477 1164
217 478 224 482 1169
217 479 223 483 1170
87 455 231 483 1170
217 480 228 484 1171
217 481 223 485 1172
87 457 223 485 1172
87 458 230 486 1173
132 449 233 487 1174
132 451 243 489 1176
132 453 241 491 1178
672 474 234 494 1181
444 495 221 494 1181
270 183 221 495 1182
672 475 230 495 1182
270 184 225 496 1183
672 476 226 496 1183
383 485 221 496 1183
217 493 229 497 1184
87 469 221 497 1184
87 470 223 498 1185
217 495 229 499 1186
87 471 221 499 1186
217 496 223 500 1187
87 472 223 500 1187
217 497 224 501 1188
87 473 225 501 1188
247 493 221 501 1188
270 190 223 502 1189
217 498 226 502 1189
87 474 221 502 1189
87 475 225 503 1190
217 500 221 504 1191
87 476 224 504 1191
217 502 225 506 1193
87 478 221 506 1193
217 503 226 507 1194
87 479 225 507 1194
87 480 226 508 1195
270 197 223 509 1196
217 505 223 509 1196
87 481 231 509 1196
217 506 227 510 1197
444 511 226 510 1197
217 507 223 511 1198
217 511 223 515 1202
217 515 224 519 1206
217 516 222 520 1207
87 495 222 523 1210
589 525 221 524 1211
636 328 221 526 1213
383 516 222 527 1214
589 529 221 528 1215
589 530 221 529 1216
383 518 221 529 1216
87 501 223 529 1216
636 332 221 530 1217
589 531 222 530 1217
87 507 221 535 1222
404 494 221 536 1223
87 508 223 536 1223
87 510 223 538 1225
589 540 223 539 1226
87 511 223 539 1226
87 512 221 540 1227
672 522 221 542 1229
87 514 223 542 1229
672 523 231 543 1230
87 515 225 543 1230
719 205 224 544 1231
589 545 221 544 1231
217 540 221 544 1231
636 347 222 545 1232
589 546 227 545 1232
217 541 227 545 1232
270 34 227 546 1233
636 349 222 547 1234
217 543 231 547 1234
87 519 225 547 1234
217 544 223 548 1235
87 520 224 548 1235
87 521 221 549 1236
217 546 221 550 1237
636 353 221 551 1238
719 212 221 551 1238
672 531 223 551 1238
87 523 227 551 1238
217 548 235 552 1239
87 524 223 552 1239
719 214 225 553 1240
217 549 235 553 1240
87 525 221 553 1240
217 550 225 554 1241
719 222 229 561 1248
404 519 223 561 1248
247 553 225 561 1248
132 524 225 562 1249
270 51 221 563 1250
719 225 235 564 1251
672 544 223 564 1251
87 536 225 564 1251
719 226 221 565 1252
247 557 229 565 1252
173 212 221 565 1252
444 566 223 566 1253
672 546 225 566 1253
247 558 224 566 1253
719 228 233 567 1254
270 55 231 567 1254
217 563 221 567 1254
87 539 227 567 1254
719 229 225 568 1255
675 240 227 568 1255
247 560 221 568 1255
675 241 223 569 1256
404 527 246 569 1256
217 566 225 570 1257
383 559 229 570 1257
288 205 224 571 1258
70 568 221 571 1258
383 561 221 572 1259
638 551 239 573 1260
638 552 238 574 1261
771 434 226 574 1261
153 555 226 574 1261
560 567 227 574 1261
638 553 233 575 1262
549 559 237 575 1262
226 25 227 575 1262
147 577 245 575 1262
559 445 221 576 1263
161 59 225 576 1263
638 554 245 576 1263
663 567 227 576 1263
785 560 235 577 1264
646 551 227 577 1264
157 578 227 577 1264
252 4 222 577 1264
227 494 225 577 1264
361 573 226 577 1264
638 556 235 578 1265
150 334 223 578 1265
262 26 221 578 1265
607 537 227 578 1265
41 575 221 582 1269
721 7 221 582 1269
686 563 238 589 1276
210 569 223 589 1276
686 564 229 590 1277
210 570 239 590 1277
686 565 227 591 1278
210 571 223 591 1278
686 566 228 592 1279
210 572 235 592 1279
686 568 233 594 1281
210 574 241 594 1281
686 569 239 595 1282
210 575 227 595 1282
210 576 246 596 1283
686 571 229 597 1284
210 577 245 597 1284
210 578 221 598 1285
210 580 224 600 1287
210 584 227 604 1291
36 591 233 607 1294
210 590 227 610 1297
36 594 221 610 1297
36 595 221 611 1298
195 42 221 612 1299
36 596 223 612 1299
686 587 221 613 1300
393 355 227 615 1302
393 356 227 616 1303
393 357 234 617 1304
393 358 221 618 1305
36 603 221 619 1306
393 359 225 619 1306
393 360 223 620 1307
393 362 223 622 1309
393 363 223 623 1310
210 605 221 625 1312
393 365 222 625 1312
52 610 224 627 1314
393 367 241 627 1314
393 368 241 628 1315
393 369 235 629 1316
210 610 225 630 1317
393 370 226 630 1317
393 371 225 631 1318
393 372 231 632 1319
210 2 223 633 1320
195 8 225 633 1320
393 374 233 634 1321
77 155 221 635 1322
210 4 225 635 1322
393 375 228 635 1322
210 5 237 636 1323
393 376 236 636 1323
210 6 235 637 1324
393 377 232 637 1324
210 7 227 638 1325
393 378 235 638 1325
210 8 221 639 1326
393 379 237 639 1326
393 380 229 640 1327
393 381 239 641 1328
393 383 223 643 1330
77 164 235 644 1331
686 618 221 644 1331
573 638 223 644 1331
195 19 237 644 1331
393 384 223 644 1331
393 385 226 645 1332
587 630 221 645 1332
393 386 233 646 1333
573 641 221 647 1334
393 387 231 647 1334
393 388 226 648 1335
393 389 224 649 1336
36 635 221 651 1338
393 391 223 651 1338
393 392 221 652 1339
393 393 225 653 1340
573 648 221 654 1341
393 394 227 654 1341
686 629 221 655 1342
393 395 226 655 1342
686 630 223 656 1343
393 396 228 656 1343
210 16 223 656 1343
36 641 221 657 1344
393 397 223 657 1344
52 641 228 658 1345
587 643 221 658 1345
210 18 227 658 1345
393 400 225 660 1347
52 644 221 661 1348
393 401 225 661 1348
393 404 227 664 1351
393 405 221 666 1353
210 25 228 666 1353
587 651 221 666 1353
393 406 225 667 1354
393 407 221 668 1355
210 27 226 668 1355
587 653 221 668 1355
210 29 221 670 1357
393 411 221 672 1359
210 34 223 675 1362
393 414 221 675 1362
393 415 224 676 1363
587 661 221 676 1363
210 36 226 677 1364
210 37 223 678 1365
210 39 231 680 1367
210 40 225 680 1367
210 41 235 681 1368
210 42 222 683 1370
210 43 235 684 1371
210 44 225 685 1372
210 45 231 686 1373
587 671 223 686 1373
210 46 224 687 1374
77 207 221 687 1374
52 670 221 687 1374
587 672 223 687 1374
210 47 227 688 1375
52 671 221 688 1375
210 48 231 688 1375
393 428 227 689 1376
77 209 221 689 1376
52 672 221 689 1376
210 49 233 689 1376
52 673 221 690 1377
210 50 233 690 1377
393 430 231 691 1378
210 51 233 691 1378
393 431 231 691 1378
210 52 225 692 1379
393 432 223 692 1379
52 676 223 693 1380
210 53 221 693 1380
393 433 229 694 1381
52 677 225 694 1381
210 54 233 694 1381
393 434 223 695 1382
52 678 227 695 1382
210 55 231 695 1382
77 216 221 696 1383
52 679 227 696 1383
210 56 229 697 1384
52 680 223 697 1384
210 57 231 698 1385
52 681 223 698 1385
210 58 227 698 1385
52 682 226 699 1386
210 59 230 699 1386
393 439 223 699 1386
52 683 225 700 1387
210 60 221 700 1387
393 441 221 701 1388
210 61 225 701 1388
210 62 227 702 1389
393 443 223 703 1390
77 224 223 704 1391
393 444 223 704 1391
587 690 221 705 1392
210 65 221 705 1392
52 690 225 707 1394
52 692 221 709 1396
393 450 225 710 1397
210 71 221 711 1398
393 451 223 711 1398
52 695 221 712 1399
210 72 221 712 1399
393 452 221 712 1399
52 696 223 713 1400
210 73 221 713 1400
393 453 223 713 1400
52 697 223 714 1401
393 454 227 714 1401
77 235 223 715 1402
52 698 225 715 1402
210 75 221 716 1403
393 455 228 716 1403
77 236 223 716 1403
195 70 223 716 1403
52 699 225 716 1403
210 76 223 716 1403
393 456 224 717 1404
77 237 223 717 1404
195 71 221 717 1404
210 77 221 718 1405
52 701 223 718 1405
587 703 223 718 1405
393 458 222 719 1406
195 73 223 719 1406
52 702 224 719 1406
52 703 221 720 1407
52 704 223 721 1408
393 462 221 723 1410
52 706 223 723 1410
393 463 223 724 1411
195 78 221 724 1411
52 707 225 724 1411
393 464 226 725 1412
393 468 221 729 1416
210 88 221 729 1416
393 469 221 730 1417
393 470 221 731 1418
393 472 227 733 1420
210 93 221 734 1421
210 95 221 736 1423
393 477 225 738 1425
195 92 225 738 1425
52 721 221 738 1425
393 478 225 739 1426
77 259 221 739 1426
210 99 237 740 1427
77 260 223 740 1427
210 100 227 741 1428
686 715 221 741 1428
210 101 227 741 1428
393 481 224 742 1429
77 262 225 742 1429
195 96 223 742 1429
210 102 229 743 1430
393 482 227 743 1430
77 263 225 743 1430
210 103 223 744 1431
393 483 226 744 1431
77 264 225 744 1431
210 104 225 745 1432
77 265 225 745 1432
393 485 224 746 1433
393 486 221 747 1434
573 741 221 747 1434
393 487 224 748 1435
573 742 221 748 1435
393 488 225 749 1436
573 743 221 749 1436
393 489 224 750 1437
77 270 221 750 1437
573 744 223 750 1437
393 490 223 751 1438
210 110 233 751 1438
77 271 224 751 1438
686 725 223 751 1438
195 105 224 751 1438
573 745 222 751 1438
393 491 227 752 1439
210 111 223 752 1439
573 746 223 752 1439
393 493 225 754 1441
210 113 230 754 1441
393 494 223 755 1442
52 738 221 755 1442
393 495 221 756 1443
393 496 225 757 1444
210 116 226 757 1444
210 117 227 758 1445
52 741 223 758 1445
210 118 225 759 1446
52 742 225 759 1446
210 119 221 760 1447
52 743 226 760 1447
210 120 231 761 1448
393 501 225 762 1449
210 121 230 762 1449
195 116 223 762 1449
52 745 225 762 1449
210 122 231 763 1450
393 502 223 763 1450
52 746 223 763 1450
210 123 235 764 1451
393 503 223 764 1451
52 747 223 764 1451
231 169 221 764 1451
393 504 225 765 1452
210 124 233 765 1452
77 285 221 765 1452
52 748 223 765 1452
231 170 222 765 1452
210 125 231 766 1453
77 286 221 766 1453
210 126 229 767 1454
393 506 225 767 1454
210 127 241 768 1455
393 507 224 768 1455
210 128 227 769 1456
393 508 223 769 1456
210 129 227 770 1457
393 510 223 771 1458
210 130 231 771 1458
393 511 223 772 1459
210 131 225 772 1459
393 512 225 773 1460
210 132 228 773 1460
210 133 223 774 1461
393 514 223 775 1462
210 134 227 775 1462
393 515 222 776 1463
210 135 229 776 1463
393 519 221 780 1467
210 139 224 780 1467
52 763 221 780 1467
393 520 227 781 1468
210 140 227 781 1468
52 764 221 781 1468
393 521 222 782 1469
210 141 233 782 1469
210 142 228 783 1470
393 523 222 784 1471
210 143 227 784 1471
393 524 225 785 1472
210 144 222 785 1472
393 525 223 786 1473
210 145 223 786 1473
393 526 221 787 1474
393 529 231 790 1477
393 530 228 791 1478
195 145 222 791 1478
393 531 231 792 1479
210 151 237 792 1479
393 532 221 793 1480
210 152 233 793 1480
210 153 241 794 1481
393 534 227 795 1482
210 154 238 795 1482
393 535 225 796 1483
210 155 233 796 1483
393 536 227 797 1484
210 156 233 797 1484
393 537 225 798 1485
210 157 240 798 1485
393 538 224 799 1486
210 158 237 799 1486
195 153 222 799 1486
210 159 239 800 1487
393 539 229 800 1487
195 154 223 800 1487
210 160 228 801 1488
393 540 226 801 1488
210 161 229 802 1489
393 541 226 802 1489
195 156 221 802 1489
210 162 231 803 1490
393 542 227 803 1490
393 543 225 804 1491
195 158 223 804 1491
210 164 225 805 1492
393 544 225 805 1492
393 546 221 807 1494
393 547 223 808 1495
52 791 221 808 1495
393 548 225 809 1496
195 163 221 809 1496
210 169 223 810 1497
393 549 225 810 1497
210 170 225 811 1498
393 551 223 812 1499
393 552 224 813 1500
393 553 240 814 1501
366 2 225 814 1501
195 168 227 814 1501
686 788 233 814 1501
393 554 222 815 1502
567 762 227 815 1502
393 555 221 816 1503
518 810 226 816 1503
451 814 226 817 1504
633 794 228 818 1505
736 741 229 818 1505
197 814 230 819 1506
266 1 226 819 1506
736 742 223 819 1506
197 815 223 820 1507
143 54 235 820 1507
143 55 235 821 1508
644 808 225 821 1508
644 809 251 822 1509
644 810 239 823 1510
483 246 223 823 1510
35 762 223 824 1511
616 624 224 824 1511
644 811 241 824 1511
697 815 233 824 1511
532 19 225 824 1511
212 235 221 824 1511
281 11 237 824 1511
644 812 251 825 1512
697 816 221 825 1512
467 19 225 825 1512
88 787 228 825 1512
491 674 236 825 1512
262 58 225 826 1513
358 479 222 826 1513
644 813 237 826 1513
334 749 236 826 1513
395 750 227 826 1513
121 41 221 826 1513
340 230 223 826 1513
196 809 225 827 1514
644 814 239 827 1514
217 822 222 827 1514
311 23 225 827 1514
138 828 225 827 1514
320 72 223 827 1514
483 250 229 827 1514
374 818 221 828 1515
716 820 221 828 1515
7 808 221 828 1515
60 828 226 828 1515
733 821 240 828 1515
512 800 224 828 1515
284 823 241 828 1515
424 828 223 828 1515
512 801 221 829 1516
217 824 231 829 1516
284 824 227 829 1516
278 826 224 829 1516
235 384 227 829 1516
60 830 223 830 1517
589 831 226 830 1517
284 825 223 830 1517
659 57 225 830 1517
88 792 239 830 1517
547 825 221 830 1517
211 252 223 830 1517
60 831 224 831 1518
512 803 225 831 1518
589 832 226 831 1518
659 58 222 831 1518
60 832 228 832 1519
423 815 233 832 1519
644 819 255 832 1519
659 59 223 832 1519
380 763 225 832 1519
423 816 225 833 1520
589 834 223 833 1520
644 820 255 833 1520
242 118 221 833 1520
302 830 221 833 1520
60 834 227 834 1521
423 817 224 834 1521
644 821 239 834 1521
399 66 221 834 1521
644 822 226 835 1522
688 219 221 835 1522
241 833 223 835 1522
604 19 233 835 1522
322 816 223 835 1522
191 217 227 835 1522
471 248 238 836 1523
365 491 232 836 1523
644 823 233 836 1523
467 30 221 836 1523
644 824 223 837 1524
313 16 232 837 1524
336 112 229 837 1524
104 826 231 838 1525
336 113 247 838 1525
736 761 225 838 1525
104 827 221 839 1526
644 826 243 839 1526
313 18 233 839 1526
736 762 221 839 1526
644 827 228 840 1527
644 828 222 841 1528
313 20 229 841 1528
104 830 221 842 1529
644 829 239 842 1529
313 21 235 842 1529
104 831 225 843 1530
644 830 230 843 1530
313 22 231 843 1530
313 23 227 844 1531
104 833 223 845 1532
644 833 224 846 1533
313 2 221 848 1535
644 835 223 848 1535
644 836 227 849 1536
188 325 221 850 1537
644 837 225 850 1537
188 326 227 851 1538
644 838 228 851 1538
313 6 221 852 1539
188 327 231 852 1539
644 839 231 852 1539
644 840 233 853 1540
644 841 226 854 1541
313 9 226 855 1542
313 10 223 856 1543
644 843 222 856 1543
572 848 225 856 1543
313 11 228 857 1544
313 16 228 862 1549
644 849 237 862 1549
104 851 221 863 1550
313 17 221 863 1550
644 850 221 863 1550
79 413 221 864 1551
247 855 223 864 1551
644 852 234 865 1552
787 545 231 865 1552
618 207 221 866 1553
223 297 227 866 1553
644 854 252 867 1554
421 80 221 867 1554
687 868 221 867 1554
618 208 222 867 1554
665 660 235 867 1554
331 17 223 868 1555
644 855 241 868 1555
644 856 238 869 1556
104 858 221 870 1557
644 857 237 870 1557
644 858 235 871 1558
104 860 236 872 1559
644 859 236 872 1559
104 861 228 873 1560
644 860 238 873 1560
35 812 221 874 1561
104 862 226 874 1561
644 861 237 874 1561
104 863 225 875 1562
644 862 237 875 1562
104 864 232 876 1563
644 863 228 876 1563
104 865 238 877 1564
644 864 233 877 1564
104 866 228 878 1565
644 865 235 878 1565
104 867 233 879 1566
644 866 238 879 1566
644 867 227 880 1567
104 869 225 881 1568
644 868 223 881 1568
644 869 235 882 1569
644 870 225 883 1570
104 872 222 884 1571
644 871 231 884 1571
104 873 222 885 1572
644 872 237 885 1572
644 873 235 886 1573
104 875 224 887 1574
644 874 230 887 1574
104 876 223 888 1575
644 875 232 888 1575
104 877 233 889 1576
644 876 223 889 1576
467 83 227 889 1576
644 877 233 890 1577
104 879 223 891 1578
644 878 233 891 1578
104 880 221 892 1579
644 879 236 892 1579
104 881 233 893 1580
644 880 235 893 1580
104 882 226 894 1581
644 881 227 894 1581
104 883 230 895 1582
644 882 233 895 1582
104 884 225 896 1583
644 883 237 896 1583
104 885 227 897 1584
644 884 239 897 1584
104 886 229 898 1585
644 885 243 898 1585
395 822 231 898 1585
104 887 228 899 1586
644 886 231 899 1586
504 882 223 899 1586
104 888 226 900 1587
644 887 235 900 1587
552 890 221 900 1587
104 889 225 901 1588
644 888 239 901 1588
104 890 225 902 1589
644 889 224 902 1589
104 891 232 903 1590
644 890 231 903 1590
104 892 229 904 1591
644 891 230 904 1591
644 892 242 905 1592
104 894 225 906 1593
644 893 233 906 1593
104 895 224 907 1594
644 894 233 907 1594
104 896 223 908 1595
644 895 242 908 1595
104 897 225 909 1596
644 896 243 909 1596
104 898 227 910 1597
644 897 243 910 1597
644 898 241 911 1598
104 900 221 912 1599
644 899 242 912 1599
104 901 223 913 1600
644 900 244 913 1600
644 901 244 914 1601
644 902 247 915 1602
644 903 244 916 1603
644 904 225 917 1604
104 906 221 918 1605
244 906 227 919 1606
644 2 231 919 1606
104 908 227 920 1607
244 907 242 920 1607
644 3 235 920 1607
104 909 223 921 1608
644 4 227 921 1608
104 910 224 922 1609
244 909 239 922 1609
104 911 221 923 1610
244 910 224 923 1610
644 6 225 923 1610
104 912 223 924 1611
244 911 243 924 1611
253 662 226 924 1611
644 7 233 924 1611
104 913 221 925 1612
244 912 227 925 1612
644 8 237 925 1612
104 914 225 926 1613
244 913 247 926 1613
644 9 237 926 1613
244 914 245 927 1614
104 915 223 927 1614
552 917 225 927 1614
644 10 231 927 1614
244 915 233 928 1615
684 641 232 928 1615
644 11 233 928 1615
244 916 239 929 1616
104 917 231 929 1616
236 917 227 929 1616
644 12 222 929 1616
735 555 224 930 1617
197 926 223 930 1617
537 908 230 931 1618
154 12 223 931 1618
57 25 221 931 1618
197 928 231 932 1619
395 856 225 932 1619
157 934 221 933 1620
578 475 235 933 1620
729 338 221 933 1620
637 1 221 933 1620
336 208 239 933 1620
735 558 227 933 1620
237 139 228 933 1620
261 922 221 933 1620
197 929 231 933 1620
452 752 228 933 1620
529 369 223 933 1620
535 256 225 935 1622
197 931 235 935 1622
535 258 221 937 1624
777 923 223 940 1627
32 911 222 941 1628
437 355 233 941 1628
210 48 223 945 1632
32 915 225 945 1632
437 360 221 946 1633
32 917 229 947 1634
210 3 223 948 1635
437 362 225 948 1635
638 927 221 949 1636
437 363 223 949 1636
32 919 221 949 1636
437 364 221 950 1637
638 931 223 953 1640
437 367 221 953 1640
535 277 226 956 1643
32 926 225 956 1643
535 278 224 957 1644
32 927 223 957 1644
32 928 225 958 1645
32 929 223 959 1646
32 930 223 960 1647
32 932 221 962 1649
32 933 221 963 1650
32 934 225 964 1651
437 379 221 965 1652
32 935 221 965 1652
661 810 222 965 1652
32 936 223 966 1653
32 937 221 967 1654
437 382 223 968 1655
32 938 223 968 1655
32 941 224 971 1658
32 942 224 972 1659
437 387 225 973 1660
32 944 223 974 1661
437 389 221 975 1662
437 390 221 976 1663
437 392 223 978 1665
437 393 226 979 1666
32 949 221 979 1666
32 952 221 982 1669
437 397 221 983 1670
437 414 221 1000 1687
437 433 221 1020 1707
437 434 223 1021 1708
437 438 224 1025 1712
437 439 221 1026 1713
437 442 225 1029 1716
437 443 221 1030 1717
210 86 221 1031 1718
210 91 221 1036 1723
437 452 227 1038 1725
210 94 222 1039 1726
437 456 225 1042 1729
437 457 231 1043 1730
210 100 223 1045 1732
437 459 223 1045 1732
210 113 221 1058 1745
32 1044 221 1074 1761
210 130 221 1075 1762
210 133 221 1078 1765
210 137 221 1082 1769
32 1053 221 1083 1770
210 140 227 1085 1772
210 142 227 1087 1774
32 1057 221 1087 1774
535 410 221 1089 1776
514 163 221 1095 1782
32 1065 221 1095 1782
437 509 221 1096 1783
32 1066 226 1096 1783
32 1070 224 1100 1787
32 1071 221 1101 1788
32 1072 223 1102 1789
437 520 222 1107 1794
32 1085 221 1115 1802
514 184 223 1116 1803
210 173 225 1118 1805
32 1088 221 1118 1805
210 176 225 1121 1808
535 442 224 1121 1808
210 177 230 1122 1809
535 443 225 1122 1809
32 1108 221 1138 1825
32 1109 221 1139 1826
437 567 223 1153 1840
777 1136 223 1154 1841
437 571 221 1157 1844
210 225 221 1170 1857
474 466 223 1171 1858
437 586 228 1172 1859
514 240 221 1172 1859
661 1018 227 1174 1861
474 469 221 1174 1861
173 379 227 1174 1861
485 580 235 1174 1861
573 1168 229 1174 1861
729 580 227 1175 1862
197 1170 231 1175 1862
291 377 223 1175 1862
660 1155 224 1175 1862
284 1170 221 1175 1862
474 471 239 1176 1863
638 1154 242 1176 1863
468 1169 223 1177 1864
765 248 221 1177 1864
638 1155 227 1177 1864
172 1171 223 1177 1864
644 166 223 1180 1867
104 1168 231 1180 1867
94 231 235 1180 1867
143 414 228 1180 1867
644 167 231 1181 1868
78 619 221 1181 1868
104 1169 227 1181 1868
94 232 225 1181 1868
143 415 225 1181 1868
644 168 245 1182 1869
104 1170 230 1182 1869
94 233 231 1182 1869
143 416 221 1182 1869
358 19 235 1183 1870
644 169 235 1183 1870
32 1158 221 1188 1875
78 627 221 1189 1876
94 3 221 1190 1877
104 1178 227 1190 1877
644 177 237 1191 1878
94 4 225 1191 1878
644 178 254 1192 1879
644 179 229 1193 1880
644 180 229 1194 1881
94 7 233 1194 1881
644 181 222 1195 1882
94 8 241 1195 1882
