125 1 227 0 688
90 10 231 0 688
125 2 236 1 689
90 11 232 1 689
441 1 221 1 689
126 1 243 2 690
125 3 233 2 690
441 2 231 2 690
125 4 231 3 691
441 3 237 3 691
90 13 225 3 691
126 3 232 4 692
125 5 228 4 692
515 5 221 5 693
126 4 244 5 693
125 6 231 5 693
441 5 224 5 693
476 1 227 6 694
126 5 231 6 694
125 7 227 6 694
90 16 232 6 694
441 6 225 6 694
476 2 224 7 695
126 6 237 7 695
90 17 231 7 695
441 7 228 7 695
126 7 232 8 696
90 18 222 8 696
441 8 221 8 696
476 4 223 9 697
126 8 237 9 697
90 19 224 9 697
441 9 225 9 697
476 5 223 10 698
126 9 235 10 698
441 10 226 10 698
441 11 226 11 699
476 7 225 12 700
441 12 225 12 700
469 1 223 13 701
481 11 221 13 701
126 12 227 13 701
469 2 223 14 702
126 13 229 14 702
125 15 221 14 702
441 14 225 14 702
90 24 229 14 702
469 3 221 15 703
126 14 235 15 703
125 16 221 15 703
469 4 232 16 704
476 11 222 16 704
126 15 223 16 704
90 26 224 16 704
469 5 224 17 705
476 12 221 17 705
481 15 223 17 705
126 16 233 17 705
125 18 223 17 705
126 17 235 18 706
125 19 221 18 706
126 18 225 19 707
126 19 222 20 708
125 21 225 20 708
126 20 223 21 709
441 21 228 21 709
90 31 225 21 709
469 10 235 22 710
126 21 247 22 710
481 20 222 22 710
441 22 227 22 710
90 32 222 22 710
469 11 224 23 711
126 22 225 23 711
441 23 225 23 711
469 12 225 24 712
126 23 237 24 712
90 34 221 24 712
469 13 221 25 713
126 24 222 25 713
126 25 225 26 714
126 26 231 27 715
469 16 227 28 716
126 27 231 28 716
469 17 235 29 717
476 24 227 29 717
126 28 247 29 717
481 27 221 29 717
469 18 225 30 718
126 29 239 30 718
126 30 239 31 719
126 31 229 32 720
469 21 225 33 721
126 32 241 33 721
441 33 228 34 722
469 22 225 34 722
469 23 228 35 723
126 34 227 35 723
126 35 228 36 724
126 36 231 37 725
126 37 246 38 726
441 38 223 38 726
469 27 227 39 727
126 38 236 39 727
90 49 227 40 728
126 39 237 40 728
441 40 227 40 728
469 29 223 41 729
126 40 239 41 729
481 39 222 41 729
125 42 234 41 729
441 41 225 41 729
90 51 221 42 730
469 30 221 42 730
126 41 227 42 730
125 43 221 42 730
441 42 229 42 730
90 52 234 43 731
469 31 224 43 731
126 42 241 43 731
481 41 223 43 731
125 44 223 43 731
515 26 223 43 731
441 43 225 43 731
90 53 228 44 732
126 43 235 44 732
481 42 223 44 732
125 45 232 44 732
441 44 227 44 732
469 33 225 45 733
476 40 228 45 733
126 44 235 45 733
481 43 223 45 733
125 46 224 45 733
515 28 222 45 733
441 45 226 45 733
126 45 238 46 734
481 44 221 46 734
125 47 222 46 734
441 46 224 46 734
469 35 228 47 735
126 46 225 47 735
441 47 227 47 735
90 57 222 48 736
469 36 224 48 736
126 47 242 48 736
125 49 224 48 736
441 48 224 48 736
126 48 237 49 737
481 47 221 49 737
469 38 222 50 738
126 49 235 50 738
469 39 226 51 739
126 50 239 51 739
515 34 225 51 739
441 51 223 51 739
90 61 229 52 740
126 51 229 52 740
469 41 223 53 741
90 62 223 53 741
126 52 227 53 741
515 36 221 53 741
469 42 227 54 742
476 49 225 54 742
441 54 231 54 742
90 64 234 55 743
469 43 231 55 743
476 50 224 55 743
515 1 221 56 744
469 44 237 56 744
469 45 231 57 745
441 57 224 57 745
90 67 222 58 746
469 46 223 58 746
90 68 226 59 747
469 47 221 59 747
469 48 223 60 748
126 59 228 60 748
481 58 221 60 748
469 50 222 62 750
90 71 223 62 750
125 63 231 62 750
515 6 222 62 750
469 51 226 63 751
126 62 232 63 751
126 63 225 64 752
515 8 221 64 752
125 65 222 64 752
481 64 221 66 754
125 69 221 68 756
469 57 229 68 756
481 67 225 68 756
441 1 235 69 757
515 13 226 69 757
125 70 229 69 757
469 58 237 69 757
90 79 234 69 757
441 2 231 70 758
515 14 221 70 758
125 71 223 70 758
469 59 246 70 758
476 66 233 70 758
481 69 225 70 758
441 3 229 71 759
469 60 227 71 759
90 81 223 71 759
476 67 231 71 759
441 4 235 72 760
90 82 222 72 760
441 5 225 73 761
469 62 233 73 761
476 69 222 73 761
126 73 221 73 761
441 6 232 74 762
125 75 227 74 762
469 63 236 74 762
476 70 227 74 762
481 73 224 74 762
441 7 227 75 763
476 71 231 75 763
481 74 223 75 763
515 20 221 76 764
481 75 225 76 764
441 9 221 77 765
125 78 227 77 765
515 21 225 77 765
481 76 222 77 765
441 10 221 78 766
476 74 224 78 766
481 77 225 78 766
125 80 223 79 767
481 78 225 79 767
441 12 224 80 768
515 24 221 80 768
476 76 225 80 768
125 82 223 81 769
469 70 221 81 769
476 77 224 81 769
90 92 221 82 770
125 84 226 83 771
469 72 225 83 771
90 93 227 83 771
476 79 228 83 771
441 16 229 84 772
515 28 223 84 772
90 94 229 84 772
469 73 227 84 772
476 80 225 84 772
481 83 227 84 772
126 84 236 84 772
441 17 228 85 773
515 29 227 85 773
125 86 234 85 773
90 95 225 85 773
126 85 226 85 773
441 18 225 86 774
125 87 226 86 774
441 19 233 87 775
238 60 239 88 776
773 8 225 88 776
238 61 238 89 777
10 28 245 89 777
238 62 245 90 778
10 29 233 90 778
522 87 225 90 778
188 30 237 91 779
22 32 223 91 779
238 63 233 91 779
238 64 231 92 780
616 73 221 92 780
444 94 234 92 780
625 60 236 93 781
23 91 228 93 781
23 92 231 94 782
238 67 235 95 783
377 123 224 95 783
609 37 222 95 783
475 53 225 95 783
607 56 231 95 783
23 93 235 95 783
238 68 230 96 784
475 54 224 96 784
298 22 230 96 784
23 94 235 96 784
557 98 221 97 785
238 69 228 97 785
609 39 225 97 785
475 55 221 97 785
23 95 229 97 785
377 126 225 98 786
475 56 229 98 786
23 96 237 98 786
493 78 225 99 787
609 41 229 99 787
23 97 227 99 787
493 79 221 100 788
377 128 231 100 788
609 42 223 100 788
23 98 223 100 788
238 73 223 101 789
609 43 221 101 789
377 129 228 101 789
23 99 227 101 789
609 44 224 102 790
458 106 223 102 790
298 28 221 102 790
419 81 233 103 791
191 105 221 103 791
718 5 221 103 791
493 83 223 104 792
730 91 224 104 792
238 76 225 104 792
475 62 223 104 792
419 82 226 104 792
191 106 223 104 792
23 102 229 104 792
730 92 223 105 793
238 77 221 105 793
458 109 225 105 793
632 83 225 105 793
214 92 224 105 793
23 103 229 105 793
701 98 227 105 793
295 72 233 106 794
557 107 226 106 794
458 110 226 106 794
632 84 237 106 794
191 108 225 106 794
23 104 238 106 794
493 86 221 107 795
730 94 221 107 795
295 73 223 107 795
238 79 227 107 795
458 111 223 107 795
191 109 227 107 795
23 105 233 107 795
701 100 226 107 795
214 94 225 107 795
493 87 223 108 796
295 74 235 108 796
377 136 222 108 796
632 1 242 108 796
23 106 235 108 796
701 101 221 108 796
504 94 240 108 796
295 75 223 109 797
377 137 228 109 797
23 107 227 109 797
504 95 221 109 797
238 82 221 110 798
377 138 227 110 798
632 3 221 110 798
191 112 222 110 798
23 108 240 110 798
214 97 229 110 798
701 103 231 110 798
632 4 227 111 799
23 109 229 111 799
214 98 223 111 799
238 84 228 112 800
377 140 228 112 800
632 5 245 112 800
23 110 237 112 800
701 105 228 112 800
632 6 231 113 801
23 111 241 113 801
493 93 227 114 802
557 115 223 114 802
238 86 225 114 802
377 142 222 114 802
609 56 223 114 802
458 118 223 114 802
632 7 239 114 802
298 40 221 114 802
23 112 221 114 802
504 100 221 115 803
493 94 225 115 803
632 8 235 115 803
701 108 232 115 803
493 95 226 116 804
632 9 231 116 804
504 102 225 116 804
458 121 225 117 805
632 10 232 117 805
23 115 231 117 805
238 90 223 118 806
377 146 227 118 806
701 111 223 118 806
493 98 221 119 807
295 85 222 119 807
238 91 225 119 807
632 12 237 119 807
388 116 223 119 807
238 92 222 120 808
609 62 221 120 808
377 148 231 120 808
632 13 225 120 808
23 118 226 120 808
214 107 221 120 808
388 117 221 120 808
493 100 223 121 809
295 87 223 121 809
238 93 221 121 809
632 14 231 121 809
191 123 223 121 809
23 119 234 121 809
504 107 227 121 809
388 118 222 121 809
238 94 227 122 810
377 150 228 122 810
632 15 235 122 810
23 120 225 122 810
504 108 225 122 810
701 115 222 122 810
388 119 227 122 810
295 89 221 123 811
238 95 222 123 811
377 151 223 123 811
632 16 233 123 811
191 125 225 123 811
23 121 222 123 811
214 110 223 123 811
493 103 221 123 811
377 152 225 124 812
632 17 233 124 812
493 104 224 124 812
238 97 224 125 813
632 18 236 125 813
23 123 226 125 813
493 105 223 125 813
238 98 225 126 814
377 154 225 126 814
632 19 236 126 814
238 99 225 127 815
377 155 228 127 815
475 85 223 127 815
632 20 239 127 815
214 2 221 127 815
442 119 221 127 815
23 125 233 127 815
238 100 222 128 816
377 156 226 128 816
632 21 237 128 816
23 126 227 128 816
238 101 227 129 817
632 22 229 129 817
214 4 225 129 817
23 127 225 129 817
701 122 223 129 817
632 23 231 130 818
23 128 225 130 818
377 159 227 131 819
23 129 228 131 819
632 25 231 132 820
23 130 238 132 820
493 112 225 132 820
377 161 225 133 821
632 26 233 133 821
557 134 223 133 821
23 131 232 133 821
388 130 221 133 821
377 162 227 134 822
557 135 223 134 822
23 132 242 134 822
609 77 223 135 823
632 28 223 135 823
23 133 233 135 823
388 132 224 135 823
475 94 223 136 824
504 122 222 136 824
23 134 245 136 824
238 109 224 137 825
23 135 244 137 825
238 110 233 138 826
609 80 228 138 826
23 136 245 138 826
238 111 224 139 827
295 105 226 139 827
609 81 227 139 827
632 32 223 139 827
377 167 223 139 827
442 131 221 139 827
23 137 243 139 827
609 82 222 140 828
557 141 223 140 828
23 138 246 140 828
701 133 226 140 828
238 113 223 141 829
609 83 223 141 829
458 145 222 141 829
557 142 221 141 829
238 114 225 142 830
295 108 223 142 830
632 35 229 142 830
23 140 233 142 830
442 135 221 143 831
23 141 237 143 831
718 45 221 144 832
632 37 223 144 832
23 142 241 144 832
718 46 221 145 833
295 111 226 145 833
609 87 231 145 833
377 173 239 145 833
475 103 227 145 833
632 38 233 145 833
557 146 225 145 833
504 131 221 145 833
23 143 226 145 833
701 138 221 145 833
377 174 224 146 834
632 39 233 146 834
504 132 223 146 834
23 144 221 146 834
718 48 224 147 835
377 175 221 147 835
632 40 230 147 835
23 145 221 147 835
493 127 221 147 835
377 176 223 148 836
632 41 231 148 836
23 146 227 148 836
238 121 226 149 837
377 177 221 149 837
632 42 226 149 837
23 147 225 149 837
701 142 221 149 837
609 92 222 150 838
377 178 235 150 838
475 108 223 150 838
458 154 224 150 838
632 43 230 150 838
419 128 225 150 838
191 152 223 150 838
23 148 227 150 838
701 143 223 150 838
238 123 223 151 839
718 52 221 151 839
377 179 232 151 839
632 44 234 151 839
23 149 225 151 839
701 144 230 151 839
377 180 229 152 840
632 45 225 152 840
191 154 229 152 840
23 150 221 152 840
238 125 222 152 840
377 181 227 153 841
632 46 230 153 841
557 154 221 153 841
191 155 225 153 841
238 126 229 154 842
377 182 237 154 842
632 47 225 154 842
419 132 225 154 842
191 156 227 154 842
701 147 224 154 842
730 142 223 154 842
238 127 230 155 843
377 183 227 155 843
632 48 221 155 843
419 133 222 155 843
23 153 227 155 843
701 148 222 155 843
238 128 227 156 844
718 57 221 156 844
377 184 224 156 844
458 160 221 156 844
632 49 224 156 844
23 154 233 156 844
730 144 223 156 844
238 129 221 157 845
377 185 224 157 845
214 32 221 157 845
632 50 225 157 845
191 159 221 157 845
23 155 223 157 845
701 150 226 157 845
238 130 229 158 846
377 186 223 158 846
191 160 225 158 846
419 136 223 158 846
238 131 227 159 847
295 125 222 159 847
557 160 222 159 847
238 132 233 160 848
295 126 223 160 848
377 188 227 160 848
557 161 224 160 848
419 138 223 160 848
701 153 221 160 848
238 133 232 161 849
377 189 223 161 849
557 162 222 161 849
632 54 235 161 849
191 163 225 161 849
419 139 223 161 849
701 154 227 161 849
493 141 221 161 849
238 134 227 161 849
718 63 223 162 850
377 190 230 162 850
557 163 221 162 850
238 135 224 162 850
295 129 223 163 851
377 191 225 163 851
504 149 222 163 851
295 130 223 164 852
377 192 227 164 852
295 131 223 165 853
377 193 231 165 853
377 194 229 166 854
557 167 233 166 854
632 59 227 166 854
191 168 225 166 854
504 152 225 166 854
701 159 225 166 854
377 195 225 167 855
632 60 225 167 855
557 168 225 167 855
23 165 230 167 855
504 153 221 167 855
701 160 222 167 855
295 134 221 168 856
377 196 222 168 856
632 61 227 168 856
557 169 227 168 856
23 166 226 168 856
701 161 222 168 856
377 197 229 169 857
632 62 228 169 857
23 167 223 169 857
701 162 226 169 857
377 198 222 170 858
609 112 223 170 858
632 63 230 170 858
23 168 228 170 858
504 156 231 170 858
701 163 226 170 858
377 199 226 171 859
632 64 231 171 859
23 169 223 171 859
504 157 222 171 859
701 164 225 171 859
295 138 222 171 859
377 200 223 172 860
632 65 227 172 860
23 170 225 172 860
701 165 230 172 860
238 145 221 172 860
377 201 223 173 861
475 131 223 173 861
632 66 227 173 861
23 171 227 173 861
701 166 228 173 861
377 202 227 174 862
475 132 224 174 862
632 67 222 174 862
701 167 221 174 862
238 147 223 174 862
377 203 221 175 863
632 68 222 175 863
442 167 221 175 863
701 168 228 175 863
493 155 221 175 863
238 148 226 175 863
632 69 223 176 864
442 168 225 176 864
701 169 227 176 864
504 162 228 176 864
632 70 222 177 865
632 71 223 178 866
701 171 225 178 866
238 151 225 178 866
377 207 230 179 867
632 72 231 179 867
191 181 221 179 867
419 157 221 179 867
701 172 231 179 867
377 208 222 180 868
632 73 227 180 868
701 173 229 180 868
238 153 223 180 868
632 74 230 181 869
701 174 224 181 869
238 154 225 181 869
632 75 227 182 870
632 76 226 183 871
214 58 224 183 871
701 176 221 183 871
475 142 221 184 872
632 77 221 184 872
214 59 223 184 872
632 78 225 185 873
191 187 224 185 873
632 79 222 186 874
191 188 223 186 874
377 215 226 187 875
632 80 223 187 875
377 216 227 188 876
632 81 231 188 876
493 169 222 189 877
295 156 222 190 878
377 218 232 190 878
632 83 223 190 878
377 219 233 191 879
504 184 223 198 886
295 165 221 199 887
377 227 225 199 887
377 229 226 201 889
377 230 226 202 890
458 206 222 202 890
632 95 224 202 890
557 203 225 202 890
493 182 221 202 890
632 96 225 203 891
557 204 225 203 891
632 97 221 204 892
557 205 229 204 892
23 202 231 204 892
442 196 223 204 892
238 177 221 204 892
377 233 230 205 893
458 209 223 205 893
475 163 221 205 893
557 206 231 205 893
442 197 221 205 893
377 234 221 206 894
458 210 222 206 894
730 194 221 206 894
295 173 221 207 895
609 149 227 207 895
377 235 228 207 895
475 165 221 207 895
632 100 223 207 895
557 208 225 207 895
191 212 221 210 898
504 196 224 210 898
238 183 221 210 898
295 177 227 211 899
609 153 226 211 899
377 239 234 211 899
557 212 221 211 899
377 240 223 212 900
632 107 224 214 902
557 215 223 214 902
191 216 221 214 902
701 207 223 214 902
493 194 223 214 902
377 243 227 215 903
632 108 224 215 903
557 216 221 215 903
504 201 223 215 903
238 188 222 215 903
632 109 226 216 904
23 215 221 217 905
557 219 223 218 906
557 221 225 220 908
295 187 223 221 909
609 163 221 221 909
377 249 222 221 909
557 222 233 221 909
191 5 222 221 909
504 207 230 221 909
298 147 224 222 910
377 250 221 222 910
504 208 229 222 910
718 124 222 223 911
295 189 225 223 911
419 201 225 223 911
557 224 221 223 911
23 221 235 223 911
191 7 226 223 911
442 215 223 223 911
298 149 223 224 912
23 222 239 224 912
632 117 221 224 912
298 150 222 225 913
23 223 225 225 913
191 9 223 225 913
298 151 224 226 914
632 119 221 226 914
504 212 226 226 914
557 228 227 227 915
442 219 221 227 915
298 153 223 228 916
377 256 224 228 916
377 257 221 229 917
557 230 221 229 917
557 231 221 230 918
214 105 223 230 918
718 132 221 231 919
377 259 223 231 919
557 233 226 232 920
377 261 223 233 921
504 219 221 233 921
377 262 222 234 922
238 207 223 235 923
377 263 227 235 923
238 209 223 237 925
377 265 229 237 925
557 238 222 237 925
377 266 221 238 926
475 196 223 238 926
504 225 223 239 927
504 226 221 240 928
191 26 223 242 930
298 169 221 244 932
298 170 222 245 933
295 213 222 247 935
557 248 225 247 935
191 31 223 247 935
632 140 223 247 935
701 240 223 247 935
238 220 223 248 936
557 249 234 248 936
475 206 221 248 936
191 32 225 248 936
377 277 227 249 937
557 250 232 249 937
701 242 224 249 937
377 278 230 250 938
557 251 221 250 938
191 34 221 250 938
701 243 221 250 938
718 152 224 251 939
377 279 234 251 939
632 144 223 251 939
504 237 229 251 939
238 224 223 252 940
295 218 222 252 940
298 177 224 252 940
377 280 223 252 940
191 36 223 252 940
214 127 222 252 940
23 250 223 252 940
238 225 221 253 941
298 178 223 253 941
377 281 230 253 941
557 254 228 253 941
191 37 223 253 941
504 239 227 253 941
377 282 226 254 942
557 255 229 254 942
504 240 225 254 942
238 227 231 255 943
295 221 227 255 943
377 283 227 255 943
557 256 227 255 943
191 39 223 255 943
214 130 221 255 943
701 248 221 255 943
238 228 223 256 944
298 181 223 256 944
377 284 223 256 944
557 257 226 256 944
214 131 223 256 944
504 242 227 256 944
701 249 227 256 944
377 285 231 257 945
557 258 231 257 945
214 132 223 257 945
701 250 226 257 945
238 230 224 258 946
377 286 225 258 946
214 133 222 258 946
701 251 222 258 946
504 244 221 258 946
377 287 221 259 947
504 245 223 259 947
295 226 221 260 948
718 161 221 260 948
493 240 222 261 949
295 227 223 261 949
377 289 221 261 949
557 262 228 261 949
191 45 221 261 949
377 290 222 262 950
557 263 227 262 950
504 248 221 262 950
701 255 221 262 950
238 235 221 263 951
377 291 233 263 951
557 264 228 263 951
388 260 221 263 951
295 230 223 264 952
557 265 227 264 952
504 250 229 264 952
701 257 222 264 952
377 293 226 265 953
504 251 223 265 953
701 258 225 265 953
377 294 229 266 954
504 252 223 266 954
701 259 231 266 954
377 295 227 267 955
191 51 223 267 955
23 265 227 267 955
701 260 227 267 955
504 253 222 267 955
377 296 231 268 956
632 161 223 268 956
191 52 225 268 956
701 261 229 268 956
295 235 225 269 957
377 297 223 269 957
557 270 221 269 957
191 53 227 269 957
504 255 221 269 957
493 249 223 270 958
377 298 226 270 958
557 271 225 270 958
191 54 228 270 958
504 256 223 270 958
701 263 223 270 958
377 299 227 271 959
557 272 222 271 959
632 164 222 271 959
701 264 221 271 959
377 300 227 272 960
632 165 231 272 960
504 258 223 272 960
718 174 226 273 961
377 301 232 273 961
632 166 231 273 961
191 57 224 273 961
475 231 221 273 961
23 271 226 273 961
377 302 233 274 962
632 167 228 274 962
504 260 222 274 962
377 303 224 275 963
632 168 227 275 963
504 261 222 275 963
493 255 223 276 964
377 304 230 276 964
557 277 223 276 964
191 60 225 276 964
23 274 221 276 964
701 269 221 276 964
504 262 221 276 964
718 178 221 277 965
298 202 221 277 965
377 305 228 277 965
191 61 224 277 965
475 235 227 277 965
23 275 223 277 965
701 270 228 277 965
238 250 223 278 966
295 244 223 278 966
377 306 231 278 966
557 279 223 278 966
632 171 232 278 966
191 62 225 278 966
475 236 223 278 966
23 276 227 278 966
701 271 236 278 966
632 172 224 279 967
191 63 222 279 967
701 272 227 279 967
493 259 221 280 968
718 181 223 280 968
632 173 227 280 968
377 309 222 281 969
632 174 236 281 969
701 274 235 281 969
493 261 221 282 970
557 283 223 282 970
377 310 233 282 970
295 249 221 283 971
557 284 223 283 971
377 311 225 283 971
701 276 223 283 971
504 269 221 283 971
295 250 228 284 972
475 242 222 284 972
701 277 233 284 972
504 270 222 284 972
718 186 222 285 973
295 251 226 285 973
377 313 225 285 973
475 243 223 285 973
701 278 231 285 973
295 252 227 286 974
377 314 233 286 974
475 244 221 286 974
701 279 223 286 974
295 253 231 287 975
377 315 230 287 975
458 291 223 287 975
701 280 227 287 975
504 273 225 287 975
295 254 226 288 976
191 72 221 288 976
458 292 222 288 976
701 281 229 288 976
504 274 221 288 976
557 290 221 289 977
377 317 227 289 977
632 182 221 289 977
458 293 223 289 977
701 282 233 289 977
295 256 221 290 978
377 318 222 290 978
701 283 227 290 978
504 276 231 290 978
295 257 225 291 979
557 292 221 291 979
377 319 225 291 979
632 184 225 291 979
191 75 223 291 979
701 284 225 291 979
493 271 224 292 980
632 185 224 292 980
475 250 229 292 980
214 167 227 293 981
493 272 225 293 981
377 321 221 293 981
214 168 221 294 982
493 273 223 294 982
632 187 221 294 982
377 322 229 294 982
701 287 223 294 982
493 274 223 295 983
557 296 221 295 983
632 188 221 295 983
377 323 221 295 983
701 288 231 295 983
214 170 225 296 984
295 262 223 296 984
557 297 227 296 984
701 289 228 296 984
214 171 226 297 985
419 275 221 297 985
295 263 222 297 985
557 298 228 297 985
388 294 223 297 985
701 290 227 297 985
214 172 221 298 986
493 277 231 298 986
718 199 242 298 986
419 276 225 298 986
377 326 223 298 986
191 82 230 298 986
458 302 225 298 986
730 286 225 298 986
718 200 221 299 987
419 277 223 299 987
718 201 233 300 988
609 242 222 300 988
419 278 231 300 988
191 84 225 300 988
388 297 221 300 988
214 175 224 301 989
504 286 227 301 989
718 202 228 301 989
419 279 233 301 989
557 302 221 301 989
191 85 221 301 989
504 287 229 302 990
419 280 225 302 990
377 330 227 302 990
191 86 231 302 990
730 290 221 302 990
701 295 231 302 990
504 288 232 303 991
718 204 231 303 991
609 245 223 303 991
419 281 231 303 991
295 269 221 303 991
377 331 227 303 991
632 196 222 303 991
191 87 231 303 991
458 307 232 303 991
730 291 231 303 991
504 289 228 304 992
493 283 225 304 992
718 205 237 304 992
419 282 223 304 992
504 290 224 305 993
718 206 233 305 993
419 283 227 305 993
557 306 221 305 993
377 333 230 305 993
475 263 224 305 993
504 291 236 306 994
718 207 230 306 994
419 284 232 306 994
557 307 223 306 994
295 272 221 306 994
377 334 229 306 994
191 90 225 306 994
730 294 226 306 994
388 303 224 306 994
504 292 226 307 995
718 208 238 307 995
493 286 225 307 995
557 308 231 307 995
295 273 226 307 995
377 335 226 307 995
191 91 227 307 995
504 293 221 308 996
718 209 223 308 996
419 286 227 308 996
557 309 225 308 996
295 274 225 308 996
191 92 224 308 996
458 312 224 308 996
388 305 221 308 996
214 183 221 309 997
504 294 225 309 997
718 210 228 309 997
238 281 221 309 997
419 287 221 309 997
557 310 226 309 997
377 337 230 309 997
493 289 222 310 998
238 282 221 310 998
419 288 230 310 998
632 203 221 310 998
377 338 222 310 998
191 94 222 310 998
504 296 227 311 999
718 212 225 311 999
238 283 221 311 999
377 339 221 311 999
718 213 225 312 1000
493 291 224 312 1000
419 290 225 312 1000
557 313 227 312 1000
730 300 223 312 1000
388 309 225 312 1000
701 305 224 312 1000
214 187 225 313 1001
504 298 225 313 1001
493 292 229 313 1001
718 214 239 313 1001
609 255 231 313 1001
191 97 225 313 1001
701 306 227 313 1001
504 299 233 314 1002
718 215 224 314 1002
298 239 226 314 1002
238 286 222 314 1002
419 292 223 314 1002
557 315 229 314 1002
377 342 233 314 1002
191 98 221 314 1002
475 272 221 314 1002
701 307 222 314 1002
504 300 231 315 1003
493 294 228 315 1003
718 216 239 315 1003
419 293 227 315 1003
557 316 235 315 1003
295 281 222 315 1003
377 343 228 315 1003
191 99 221 315 1003
718 217 233 316 1004
388 313 222 316 1004
718 218 228 317 1005
419 295 224 317 1005
191 101 225 317 1005
419 296 223 318 1006
377 346 224 318 1006
191 102 223 318 1006
504 304 221 319 1007
718 220 229 319 1007
419 297 231 319 1007
718 221 223 320 1008
419 298 221 320 1008
377 348 223 320 1008
504 306 223 321 1009
718 222 222 321 1009
377 349 221 321 1009
718 223 221 322 1010
557 323 225 322 1010
730 310 221 322 1010
475 280 224 322 1010
701 315 247 322 1010
377 351 225 323 1011
442 315 221 323 1011
23 321 242 323 1011
504 309 224 324 1012
238 296 225 324 1012
557 325 223 324 1012
191 108 225 324 1012
23 322 223 324 1012
458 328 225 324 1012
701 317 235 324 1012
718 226 223 325 1013
238 297 227 325 1013
557 326 227 325 1013
632 218 225 325 1013
458 329 224 325 1013
493 305 222 326 1014
419 304 225 326 1014
718 227 229 326 1014
238 298 223 326 1014
632 219 228 326 1014
377 354 224 326 1014
298 252 223 327 1015
238 299 228 327 1015
295 293 227 327 1015
377 355 224 327 1015
475 285 243 327 1015
23 326 231 328 1016
475 286 223 328 1016
718 230 227 329 1017
23 327 229 329 1017
397 294 234 330 1018
733 326 221 330 1018
223 323 221 330 1018
374 323 223 330 1018
386 255 224 331 1019
448 328 241 331 1019
224 229 225 331 1019
23 329 224 331 1019
733 327 223 331 1019
702 328 228 331 1019
562 326 221 331 1019
409 251 225 331 1019
238 304 225 332 1020
23 330 227 332 1020
373 315 226 332 1020
238 305 226 333 1021
701 326 221 333 1021
238 306 223 334 1022
23 332 227 334 1022
238 307 228 335 1023
442 327 235 335 1023
701 328 229 335 1023
388 332 225 335 1023
584 241 223 336 1024
238 308 225 336 1024
442 328 222 336 1024
23 334 231 336 1024
584 242 221 337 1025
534 335 221 337 1025
442 329 225 337 1025
168 317 223 337 1025
388 334 221 337 1025
584 243 223 338 1026
23 336 231 338 1026
168 318 226 338 1026
422 325 225 339 1027
329 268 222 339 1027
23 337 237 339 1027
269 339 221 339 1027
388 336 225 339 1027
584 245 221 340 1028
238 312 223 340 1028
256 115 227 340 1028
487 29 226 340 1028
23 338 238 340 1028
168 320 222 340 1028
701 333 225 340 1028
238 313 223 341 1029
534 339 223 341 1029
395 267 230 341 1029
487 30 226 341 1029
60 344 227 342 1030
238 314 228 342 1030
422 328 224 342 1030
487 31 224 342 1030
295 308 221 342 1030
168 322 223 342 1030
701 335 224 342 1030
60 345 221 343 1031
422 329 221 343 1031
534 341 223 343 1031
487 32 232 343 1031
295 309 225 343 1031
442 335 225 343 1031
701 336 223 343 1031
534 342 224 344 1032
395 270 225 344 1032
487 33 236 344 1032
295 310 222 344 1032
230 318 225 344 1032
168 324 223 344 1032
126 344 221 345 1033
19 334 221 345 1033
422 331 223 345 1033
534 343 227 345 1033
487 34 226 345 1033
23 1 224 345 1033
126 345 228 346 1034
584 251 222 346 1034
19 335 231 346 1034
513 333 225 346 1034
422 332 234 346 1034
256 121 223 346 1034
395 272 229 346 1034
487 35 223 346 1034
23 2 225 346 1034
230 320 221 346 1034
442 338 225 346 1034
60 349 221 347 1035
584 252 225 347 1035
19 336 223 347 1035
534 345 227 347 1035
422 333 231 347 1035
256 122 222 347 1035
395 273 228 347 1035
487 36 226 347 1035
295 313 224 347 1035
23 3 240 347 1035
230 321 223 347 1035
442 339 222 347 1035
584 253 223 348 1036
194 329 222 348 1036
238 320 227 348 1036
422 334 231 348 1036
395 274 226 348 1036
256 123 224 348 1036
329 277 221 348 1036
295 314 221 348 1036
23 4 233 348 1036
442 340 227 348 1036
701 341 221 348 1036
238 321 227 349 1037
534 347 223 349 1037
395 275 225 349 1037
256 124 224 349 1037
442 341 225 349 1037
388 346 221 349 1037
60 352 221 350 1038
584 255 225 350 1038
238 322 231 350 1038
395 276 227 350 1038
256 125 223 350 1038
388 347 221 350 1038
584 256 226 351 1039
19 340 227 351 1039
238 323 224 351 1039
395 277 223 351 1039
422 337 229 351 1039
329 280 221 351 1039
256 126 223 351 1039
487 40 227 351 1039
23 7 222 351 1039
584 257 223 352 1040
238 324 227 352 1040
422 338 233 352 1040
487 41 223 352 1040
295 318 223 352 1040
584 258 226 353 1041
19 342 225 353 1041
395 279 226 353 1041
329 282 224 353 1041
422 339 233 353 1041
487 42 231 353 1041
256 128 223 353 1041
442 345 222 353 1041
230 327 223 353 1041
701 346 227 354 1042
194 335 223 354 1042
238 326 221 354 1042
395 280 227 354 1042
329 283 221 354 1042
422 340 232 354 1042
487 43 231 354 1042
584 260 222 355 1043
19 344 222 355 1043
238 327 225 355 1043
395 281 221 355 1043
422 341 231 355 1043
442 347 221 355 1043
60 358 233 356 1044
19 345 228 356 1044
395 282 232 356 1044
487 45 221 356 1044
295 322 226 356 1044
23 12 225 356 1044
168 336 221 356 1044
701 349 223 356 1044
126 356 224 357 1045
534 355 222 357 1045
256 132 221 357 1045
168 337 221 357 1045
60 360 221 358 1046
395 284 242 358 1046
487 47 229 358 1046
442 350 222 358 1046
449 106 223 359 1047
395 285 237 359 1047
534 357 221 359 1047
422 345 233 359 1047
487 48 232 359 1047
295 325 223 359 1047
60 362 227 359 1047
238 332 237 360 1048
395 286 235 360 1048
329 289 221 360 1048
422 346 221 360 1048
534 358 232 360 1048
256 135 225 360 1048
487 49 226 360 1048
295 326 221 360 1048
168 340 222 360 1048
60 363 221 360 1048
238 333 229 361 1049
395 287 233 361 1049
422 347 224 361 1049
534 359 227 361 1049
487 50 235 361 1049
238 334 233 362 1050
449 109 223 362 1050
395 288 237 362 1050
487 51 221 362 1050
60 365 222 363 1051
584 268 223 363 1051
194 344 221 363 1051
238 335 229 363 1051
126 3 225 363 1051
395 289 227 363 1051
422 349 223 363 1051
487 52 237 363 1051
23 19 221 363 1051
60 366 225 363 1051
194 345 226 364 1052
238 336 227 364 1052
487 53 233 364 1052
60 367 221 364 1052
238 337 227 365 1053
395 291 226 365 1053
487 54 235 365 1053
60 368 221 365 1053
238 338 225 366 1054
126 6 229 366 1054
395 292 225 366 1054
487 55 235 366 1054
295 332 221 366 1054
442 358 223 366 1054
701 359 222 366 1054
60 369 223 366 1054
388 363 223 366 1054
238 339 225 367 1055
60 370 221 367 1055
238 340 229 368 1056
126 8 223 368 1056
395 294 224 368 1056
422 354 222 368 1056
487 57 224 368 1056
23 24 225 368 1056
442 360 221 368 1056
126 9 221 369 1057
395 295 226 369 1057
487 58 235 369 1057
23 25 228 369 1057
442 361 227 369 1057
701 362 221 369 1057
584 275 225 370 1058
126 10 233 370 1058
395 296 237 370 1058
534 368 221 370 1058
487 59 228 370 1058
23 26 223 370 1058
395 297 237 371 1059
534 369 221 371 1059
487 60 233 371 1059
23 27 223 371 1059
442 363 225 371 1059
395 298 233 372 1060
534 370 222 372 1060
23 28 225 372 1060
442 364 228 372 1060
60 375 222 372 1060
395 299 224 373 1061
534 371 222 373 1061
23 29 226 373 1061
442 365 227 373 1061
395 300 233 374 1062
442 366 229 374 1062
60 377 221 374 1062
395 301 228 375 1063
487 64 227 375 1063
23 31 221 375 1063
442 367 226 375 1063
194 357 222 376 1064
126 16 223 376 1064
487 65 233 376 1064
442 368 221 376 1064
584 282 221 377 1065
395 303 230 377 1065
126 17 223 377 1065
238 349 223 377 1065
487 66 231 377 1065
23 33 225 377 1065
395 304 221 378 1066
126 18 225 378 1066
238 350 221 378 1066
487 67 224 378 1066
23 34 227 378 1066
395 305 228 379 1067
126 19 235 379 1067
23 35 233 379 1067
442 371 227 379 1067
701 372 221 379 1067
194 361 221 380 1068
395 306 242 380 1068
126 20 223 380 1068
584 286 221 381 1069
194 362 223 381 1069
395 307 247 381 1069
126 21 225 381 1069
487 70 227 381 1069
487 71 233 382 1070
395 309 225 383 1071
487 72 234 383 1071
23 39 229 383 1071
126 24 222 384 1072
487 73 233 384 1072
23 40 223 384 1072
701 377 221 384 1072
395 311 225 385 1073
487 74 231 385 1073
126 26 225 386 1074
487 75 224 386 1074
23 42 224 386 1074
584 292 224 387 1075
126 27 225 387 1075
395 313 222 387 1075
534 385 229 387 1075
487 76 239 387 1075
701 380 223 387 1075
126 28 223 388 1076
534 386 226 388 1076
487 77 233 388 1076
19 378 222 389 1077
395 315 235 389 1077
238 361 225 389 1077
534 387 221 389 1077
487 78 222 389 1077
23 45 226 389 1077
442 381 221 389 1077
19 379 221 390 1078
126 30 227 390 1078
534 388 223 390 1078
487 79 226 390 1078
23 46 221 390 1078
269 390 229 390 1078
19 380 224 391 1079
126 31 221 391 1079
780 395 221 391 1079
238 363 227 391 1079
534 389 223 391 1079
487 80 227 391 1079
23 47 233 391 1079
442 383 224 391 1079
230 365 222 391 1079
534 390 221 392 1080
442 384 228 392 1080
230 366 221 392 1080
126 33 233 393 1081
238 365 225 393 1081
534 391 227 393 1081
395 320 238 394 1082
126 34 229 394 1082
238 366 221 394 1082
295 360 222 394 1082
442 386 232 394 1082
60 397 222 395 1083
19 384 223 395 1083
395 321 222 395 1083
238 367 224 395 1083
422 381 228 395 1083
487 84 237 395 1083
23 51 227 395 1083
442 387 225 395 1083
584 301 224 396 1084
126 36 223 396 1084
487 85 224 396 1084
23 52 231 396 1084
442 388 221 396 1084
395 323 221 397 1085
238 369 221 397 1085
422 383 222 397 1085
487 86 239 397 1085
395 324 227 398 1086
422 384 221 398 1086
487 87 227 398 1086
23 54 225 398 1086
194 380 225 399 1087
395 325 221 399 1087
238 371 223 399 1087
487 88 231 399 1087
23 55 231 399 1087
442 391 231 399 1087
584 305 224 400 1088
194 381 224 400 1088
487 89 235 400 1088
23 56 226 400 1088
442 392 227 400 1088
238 373 223 401 1089
487 90 231 401 1089
23 57 225 401 1089
487 91 221 402 1090
584 308 222 403 1091
395 329 222 403 1091
487 92 227 403 1091
23 59 223 403 1091
442 395 223 403 1091
395 330 222 404 1092
238 376 223 404 1092
19 394 223 404 1092
395 331 222 405 1093
238 377 223 405 1093
487 94 234 405 1093
534 403 223 405 1093
60 408 221 405 1093
395 332 226 406 1094
238 378 224 406 1094
487 95 231 406 1094
534 404 223 406 1094
23 62 223 406 1094
442 398 223 406 1094
422 393 222 407 1095
487 96 227 407 1095
23 63 223 407 1095
442 399 223 407 1095
422 394 222 408 1096
487 97 231 408 1096
442 400 222 408 1096
487 98 229 409 1097
23 65 227 409 1097
442 401 225 409 1097
230 383 221 409 1097
422 396 221 410 1098
487 99 231 410 1098
23 66 222 410 1098
442 402 226 410 1098
19 400 224 411 1099
238 383 223 411 1099
487 100 225 411 1099
23 67 224 411 1099
442 403 227 411 1099
395 338 226 412 1100
487 101 227 412 1100
329 341 222 412 1100
442 404 225 412 1100
230 386 223 412 1100
194 394 221 413 1101
395 339 225 413 1101
422 399 221 413 1101
487 102 230 413 1101
238 385 227 413 1101
534 411 226 413 1101
23 69 224 413 1101
442 405 227 413 1101
19 403 222 414 1102
395 340 223 414 1102
422 400 224 414 1102
487 103 226 414 1102
238 386 227 414 1102
534 412 226 414 1102
23 70 227 414 1102
442 406 221 414 1102
230 388 221 414 1102
19 404 225 415 1103
395 341 225 415 1103
422 401 223 415 1103
487 104 233 415 1103
238 387 227 415 1103
329 344 221 415 1103
534 413 224 415 1103
23 71 223 415 1103
442 407 225 415 1103
194 397 223 416 1104
395 342 225 416 1104
126 56 223 416 1104
238 388 226 416 1104
534 414 227 416 1104
23 72 225 416 1104
442 408 225 416 1104
194 398 223 417 1105
395 343 227 417 1105
126 57 225 417 1105
487 106 223 417 1105
238 389 224 417 1105
442 409 223 417 1105
395 344 229 418 1106
238 390 225 418 1106
395 345 227 419 1107
487 108 225 419 1107
238 391 226 419 1107
534 417 221 419 1107
395 346 228 420 1108
238 392 226 420 1108
487 109 226 420 1108
194 402 221 421 1109
395 347 223 421 1109
238 393 223 421 1109
487 110 223 421 1109
194 403 221 422 1110
395 348 225 422 1110
422 408 221 422 1110
238 394 222 422 1110
487 111 223 422 1110
23 78 223 422 1110
194 404 222 423 1111
395 349 223 423 1111
422 409 223 423 1111
238 395 225 423 1111
487 112 227 423 1111
194 405 221 424 1112
395 350 221 424 1112
238 396 221 424 1112
23 80 222 424 1112
395 351 221 425 1113
422 411 222 425 1113
238 397 233 425 1113
395 352 224 426 1114
422 412 223 426 1114
238 398 227 426 1114
487 115 221 426 1114
194 408 221 427 1115
126 67 221 427 1115
487 116 221 427 1115
238 399 227 427 1115
395 354 222 428 1116
126 68 223 428 1116
422 414 221 428 1116
487 117 223 428 1116
238 400 227 428 1116
395 355 224 429 1117
238 401 233 429 1117
442 421 228 429 1117
23 85 231 429 1117
487 119 222 430 1118
442 422 229 430 1118
23 86 234 430 1118
395 357 224 431 1119
238 403 223 431 1119
442 423 227 431 1119
23 87 235 431 1119
194 413 221 432 1120
487 121 222 432 1120
238 404 227 432 1120
23 88 235 432 1120
194 414 222 433 1121
238 405 227 433 1121
442 425 222 433 1121
23 89 227 433 1121
194 415 225 434 1122
19 423 223 434 1122
126 74 221 434 1122
487 123 221 434 1122
442 426 222 434 1122
23 90 223 434 1122
19 424 221 435 1123
395 361 223 435 1123
422 421 224 435 1123
442 427 221 435 1123
23 91 233 435 1123
422 422 224 436 1124
23 92 237 436 1124
422 423 225 437 1125
487 126 225 437 1125
238 409 227 437 1125
23 94 221 438 1126
19 429 221 440 1128
23 96 227 440 1128
422 427 222 441 1129
487 130 221 441 1129
487 131 227 442 1130
126 82 229 442 1130
780 446 221 442 1130
238 414 227 442 1130
23 98 223 442 1130
487 132 223 443 1131
395 370 227 444 1132
487 133 233 444 1132
238 416 227 444 1132
23 100 223 444 1132
395 371 232 445 1133
19 434 225 445 1133
487 134 229 445 1133
395 372 229 446 1134
487 135 225 446 1134
126 86 224 446 1134
238 418 235 446 1134
395 373 225 447 1135
126 87 227 447 1135
238 419 227 447 1135
442 439 222 447 1135
395 374 224 448 1136
238 420 233 448 1136
23 104 221 448 1136
60 451 223 448 1136
238 421 227 449 1137
23 105 227 449 1137
395 376 222 450 1138
422 436 223 450 1138
238 422 233 450 1138
238 423 231 451 1139
23 107 221 451 1139
442 443 221 451 1139
395 378 222 452 1140
238 424 223 452 1140
23 108 222 452 1140
395 380 221 454 1142
194 435 221 454 1142
422 440 223 454 1142
584 361 221 455 1143
23 112 225 456 1144
23 113 233 457 1145
442 449 222 457 1145
23 114 235 458 1146
23 115 231 459 1147
395 386 221 459 1147
584 365 223 459 1147
422 446 222 460 1148
23 116 229 460 1148
584 366 221 461 1149
238 433 223 461 1149
23 117 231 461 1149
422 448 225 462 1150
126 102 222 462 1150
238 434 221 462 1150
23 118 231 462 1150
584 368 223 462 1150
422 449 225 463 1151
238 435 221 463 1151
23 119 231 463 1151
422 450 221 464 1152
487 153 223 464 1152
23 120 231 464 1152
395 391 222 464 1152
422 451 225 465 1153
487 154 223 465 1153
238 437 227 465 1153
23 121 222 465 1153
238 441 222 469 1157
238 444 224 472 1160
238 445 226 473 1161
23 129 227 473 1161
395 400 226 473 1161
487 163 222 474 1162
23 130 225 474 1162
395 401 223 474 1162
487 164 224 475 1163
238 447 224 475 1163
23 131 236 475 1163
238 448 221 476 1164
23 132 230 476 1164
23 133 227 477 1165
238 450 221 478 1166
23 134 221 478 1166
395 406 221 479 1167
23 136 222 480 1168
487 170 223 481 1169
238 453 223 481 1169
23 137 239 481 1169
395 408 223 481 1169
487 171 238 482 1170
23 138 237 482 1170
60 485 221 482 1170
584 388 221 482 1170
422 469 225 482 1170
487 172 227 483 1171
23 139 235 483 1171
395 410 221 483 1171
487 173 235 484 1172
23 140 233 484 1172
584 390 221 484 1172
487 174 228 485 1173
23 141 231 485 1173
395 412 232 485 1173
422 472 223 485 1173
487 175 242 486 1174
534 484 222 486 1174
23 142 224 486 1174
487 176 241 487 1175
534 485 233 487 1175
23 143 229 487 1175
701 480 223 487 1175
395 414 227 487 1175
422 474 227 487 1175
487 177 227 488 1176
126 128 227 488 1176
534 486 229 488 1176
23 144 227 488 1176
701 481 221 488 1176
269 488 222 488 1176
395 415 221 488 1176
422 475 231 488 1176
487 178 231 489 1177
534 487 231 489 1177
23 145 232 489 1177
701 482 221 489 1177
395 416 225 489 1177
422 476 225 489 1177
194 471 221 489 1177
487 179 231 490 1178
534 488 232 490 1178
23 146 235 490 1178
701 483 225 490 1178
395 417 227 490 1178
422 477 225 490 1178
487 180 229 491 1179
126 131 223 491 1179
534 489 229 491 1179
23 147 227 491 1179
701 484 223 491 1179
422 478 228 491 1179
126 132 223 492 1180
534 490 227 492 1180
23 148 234 492 1180
701 485 221 492 1180
395 419 222 492 1180
126 133 223 493 1181
487 182 233 493 1181
534 491 227 493 1181
238 465 221 493 1181
23 149 221 493 1181
701 486 223 493 1181
60 496 221 493 1181
422 480 223 493 1181
194 475 222 494 1182
487 183 233 494 1182
534 492 228 494 1182
23 150 229 494 1182
269 494 222 494 1182
422 481 221 494 1182
487 184 221 495 1183
256 270 223 495 1183
534 493 231 495 1183
23 151 232 495 1183
701 488 221 495 1183
269 495 221 495 1183
422 482 223 495 1183
126 136 226 496 1184
487 185 236 496 1184
534 494 228 496 1184
23 152 224 496 1184
230 470 223 496 1184
395 423 233 496 1184
194 478 221 497 1185
126 137 221 497 1185
487 186 237 497 1185
534 495 232 497 1185
23 153 225 497 1185
395 424 227 497 1185
487 187 239 498 1186
534 496 233 498 1186
23 154 232 498 1186
395 425 227 498 1186
422 485 221 498 1186
126 139 222 499 1187
487 188 235 499 1187
23 155 233 499 1187
395 426 221 499 1187
19 489 221 499 1187
422 486 229 499 1187
194 481 224 500 1188
487 189 237 500 1188
23 156 237 500 1188
584 406 222 500 1188
422 487 233 500 1188
126 141 225 501 1189
194 482 221 501 1189
487 190 221 501 1189
23 157 233 501 1189
422 488 227 501 1189
23 158 227 502 1190
422 489 225 502 1190
487 192 221 503 1191
23 159 226 503 1191
487 193 225 504 1192
534 502 224 504 1192
23 160 227 504 1192
19 494 224 504 1192
422 491 225 504 1192
23 161 224 505 1193
422 492 225 505 1193
487 195 225 506 1194
126 146 223 506 1194
23 162 231 506 1194
487 196 227 507 1195
23 163 231 507 1195
584 413 222 507 1195
422 494 224 508 1196
487 197 230 508 1196
534 506 223 508 1196
23 164 227 508 1196
422 495 228 509 1197
534 507 225 509 1197
23 165 231 509 1197
422 496 222 509 1197
126 150 221 510 1198
487 199 221 510 1198
256 285 222 510 1198
23 166 229 510 1198
395 437 226 510 1198
19 500 223 510 1198
422 497 233 510 1198
126 151 222 511 1199
487 200 222 511 1199
422 498 225 511 1199
194 493 221 512 1200
487 201 224 512 1200
422 499 228 512 1200
126 153 221 512 1200
487 202 227 513 1201
395 440 221 513 1201
19 503 222 513 1201
422 500 225 513 1201
126 154 221 514 1202
487 203 227 514 1202
238 486 222 514 1202
534 512 224 514 1202
23 170 225 514 1202
422 501 237 514 1202
487 204 230 515 1203
238 487 223 515 1203
23 171 232 515 1203
422 502 234 515 1203
19 505 223 515 1203
487 205 230 516 1204
194 497 222 516 1204
23 172 229 516 1204
395 443 226 516 1204
422 503 239 516 1204
487 206 233 517 1205
534 515 225 517 1205
442 509 225 517 1205
395 444 223 517 1205
422 504 229 517 1205
23 174 223 518 1206
238 490 222 518 1206
395 445 229 518 1206
422 505 221 518 1206
126 159 221 519 1207
487 208 234 519 1207
395 446 225 519 1207
422 506 225 519 1207
395 447 224 520 1208
19 510 224 520 1208
487 210 225 521 1209
534 519 221 521 1209
442 513 224 521 1209
395 448 231 521 1209
487 211 233 522 1210
534 520 223 522 1210
23 178 228 522 1210
395 449 224 522 1210
422 509 221 522 1210
487 212 226 523 1211
395 450 233 523 1211
487 213 237 524 1212
23 180 226 524 1212
395 451 224 524 1212
422 511 222 524 1212
442 517 227 525 1213
422 512 228 525 1213
487 215 239 526 1214
23 182 221 526 1214
395 453 227 526 1214
422 513 222 526 1214
534 525 221 527 1215
23 183 228 527 1215
60 530 221 527 1215
422 514 225 527 1215
487 217 224 528 1216
256 303 223 528 1216
487 218 224 529 1217
23 185 221 529 1217
442 521 224 529 1217
422 516 225 529 1217
487 219 229 530 1218
23 186 224 530 1218
422 517 225 530 1218
126 171 225 531 1219
487 220 235 531 1219
395 458 221 531 1219
487 221 234 532 1220
23 2 227 532 1220
442 524 221 532 1220
395 459 225 532 1220
487 222 236 533 1221
194 514 221 533 1221
23 3 225 533 1221
442 525 222 533 1221
19 523 223 533 1221
487 223 232 534 1222
194 515 223 534 1222
23 4 225 534 1222
442 526 221 534 1222
395 461 227 534 1222
422 521 237 534 1222
487 224 222 535 1223
534 533 225 535 1223
238 507 225 535 1223
23 5 227 535 1223
60 538 222 535 1223
422 522 239 536 1224
534 534 223 536 1224
238 508 221 536 1224
23 6 228 536 1224
442 528 223 536 1224
395 463 227 536 1224
487 226 227 537 1225
534 535 221 537 1225
238 509 221 537 1225
701 530 221 537 1225
395 464 227 537 1225
422 524 225 538 1226
487 227 223 538 1226
23 8 224 538 1226
487 228 221 539 1227
395 466 221 539 1227
487 229 228 540 1228
518 537 228 541 1229
518 539 221 543 1231
702 541 227 545 1233
735 179 223 551 1239
352 341 223 552 1240
702 549 227 552 1240
493 532 235 553 1241
230 527 223 553 1241
442 545 231 553 1241
584 459 221 553 1241
395 480 225 553 1241
487 243 225 554 1242
422 540 242 554 1242
194 535 223 554 1242
329 483 222 554 1242
23 24 227 554 1242
584 460 223 554 1242
395 481 227 554 1242
487 244 223 555 1243
422 541 223 555 1243
256 330 221 555 1243
442 547 222 555 1243
238 528 225 556 1244
23 26 228 556 1244
487 246 233 556 1244
194 538 223 557 1245
487 247 229 557 1245
295 524 221 558 1246
23 28 233 558 1246
442 550 225 558 1246
19 548 221 558 1246
422 545 237 558 1246
487 248 237 558 1246
194 540 225 559 1247
23 29 227 559 1247
442 551 223 559 1247
422 546 231 559 1247
487 249 224 559 1247
194 541 223 560 1248
329 489 221 560 1248
23 30 227 560 1248
442 552 222 560 1248
395 487 225 560 1248
126 201 221 561 1249
194 542 233 561 1249
168 541 222 561 1249
238 533 230 561 1249
23 31 226 561 1249
269 561 225 561 1249
395 488 225 561 1249
422 548 223 561 1249
238 534 227 562 1250
23 32 222 562 1250
442 554 224 562 1250
487 252 227 563 1251
194 544 221 563 1251
23 33 229 563 1251
487 253 228 564 1252
194 545 225 564 1252
329 493 223 564 1252
238 536 224 564 1252
487 254 227 565 1253
194 546 221 565 1253
23 35 223 565 1253
395 492 226 565 1253
584 471 221 565 1253
487 255 233 565 1253
23 36 222 566 1254
487 256 239 566 1254
422 553 233 567 1255
23 37 227 567 1255
395 494 221 567 1255
19 557 223 567 1255
487 257 233 567 1255
60 571 221 568 1256
23 38 224 568 1256
388 565 222 568 1256
584 474 227 568 1256
19 558 221 568 1256
487 258 224 568 1256
442 561 222 569 1257
388 566 235 569 1257
19 559 223 569 1257
194 551 223 570 1258
23 40 228 570 1258
121 572 224 570 1258
230 544 222 570 1258
442 562 222 570 1258
611 553 221 570 1258
125 8 221 570 1258
19 560 223 570 1258
487 1 227 571 1259
19 561 228 571 1259
423 557 231 571 1259
121 574 223 572 1260
230 546 224 572 1260
423 558 228 572 1260
230 548 226 574 1262
19 1 227 574 1262
423 560 224 574 1262
19 2 231 575 1263
609 2 221 576 1264
610 271 221 576 1264
789 562 224 576 1264
352 365 221 576 1264
653 195 227 576 1264
609 3 229 576 1264
413 560 225 577 1265
381 281 225 577 1265
662 417 225 578 1266
19 5 227 578 1266
294 570 254 578 1266
297 507 229 579 1267
662 418 221 579 1267
655 220 224 579 1267
294 571 247 579 1267
568 76 228 580 1268
487 10 224 580 1268
297 508 244 580 1268
153 563 224 580 1268
461 541 225 580 1268
294 572 244 580 1268
297 509 234 581 1269
294 573 250 581 1269
297 510 236 582 1270
461 543 235 582 1270
300 562 235 583 1271
262 33 223 583 1271
366 12 222 584 1272
380 517 222 584 1272
312 566 226 584 1272
520 579 239 584 1272
300 564 229 585 1273
300 566 231 587 1275
343 566 239 587 1275
8 529 235 588 1276
300 569 225 590 1278
300 570 235 591 1279
300 571 225 592 1280
442 584 222 592 1280
300 572 235 593 1281
300 573 230 594 1282
169 582 221 594 1282
85 271 238 595 1283
300 574 225 595 1283
442 588 221 596 1284
326 597 225 597 1285
300 577 230 598 1286
300 579 238 600 1288
520 595 221 600 1288
333 592 225 600 1288
367 268 223 601 1289
179 423 225 601 1289
48 581 221 601 1289
571 582 227 601 1289
130 591 233 602 1290
179 424 224 602 1290
382 590 229 602 1290
265 605 229 602 1290
221 597 233 603 1291
130 592 227 603 1291
753 468 223 603 1291
179 425 223 603 1291
41 598 221 603 1291
144 238 225 603 1291
514 564 232 603 1291
448 600 225 603 1291
177 143 231 603 1291
221 598 227 604 1292
275 601 223 605 1293
675 279 227 605 1293
48 585 223 605 1293
572 600 221 605 1293
372 577 234 606 1294
439 524 224 606 1294
372 578 242 607 1295
718 508 224 607 1295
361 605 221 607 1295
439 525 221 607 1295
372 579 240 608 1296
361 606 223 608 1296
372 580 235 609 1297
718 510 223 609 1297
372 581 241 610 1298
172 606 222 610 1298
372 582 242 611 1299
372 583 238 612 1300
439 530 221 612 1300
372 584 233 613 1301
172 609 222 613 1301
10 114 237 613 1301
439 531 227 613 1301
372 585 233 614 1302
10 115 234 614 1302
439 532 229 614 1302
372 586 235 615 1303
10 116 234 615 1303
372 587 238 616 1304
10 117 247 616 1304
439 534 221 616 1304
372 588 236 617 1305
172 613 221 617 1305
372 589 231 618 1306
172 614 223 618 1306
10 119 241 618 1306
356 291 222 618 1306
372 590 222 619 1307
172 615 221 619 1307
10 120 221 619 1307
595 300 236 619 1307
372 591 240 620 1308
630 279 221 620 1308
369 612 224 620 1308
10 121 240 620 1308
595 301 235 620 1308
372 592 238 621 1309
10 122 235 621 1309
446 606 222 621 1309
170 602 225 621 1309
372 593 243 622 1310
372 594 239 623 1311
10 124 229 623 1311
446 608 225 623 1311
170 604 222 623 1311
372 595 235 624 1312
10 125 230 624 1312
446 609 225 624 1312
170 605 221 624 1312
372 596 242 625 1313
10 126 222 625 1313
170 606 228 625 1313
372 597 231 626 1314
10 127 233 626 1314
170 607 221 626 1314
372 598 237 627 1315
10 128 247 627 1315
170 608 223 627 1315
372 599 243 628 1316
10 129 229 628 1316
595 309 239 628 1316
372 600 242 629 1317
10 130 225 629 1317
372 601 243 630 1318
10 131 222 630 1318
372 602 247 631 1319
10 132 233 631 1319
170 612 225 631 1319
372 603 242 632 1320
10 133 237 632 1320
372 604 240 632 1320
10 134 231 633 1321
372 605 245 634 1322
170 615 225 634 1322
372 606 245 635 1323
170 616 225 635 1323
372 607 241 636 1324
372 608 242 637 1325
369 629 221 637 1325
10 138 229 637 1325
372 609 238 638 1326
10 139 223 638 1326
170 619 224 638 1326
372 610 232 639 1327
10 140 234 639 1327
170 620 221 639 1327
448 636 230 639 1327
372 611 228 640 1328
10 141 237 640 1328
170 621 227 640 1328
448 637 225 640 1328
372 612 222 641 1329
10 142 222 641 1329
372 613 226 642 1330
10 143 223 642 1330
718 544 223 643 1331
372 614 245 643 1331
10 144 235 643 1331
372 615 235 644 1332
10 145 229 644 1332
372 616 237 645 1333
10 146 238 645 1333
372 617 238 646 1334
10 147 233 646 1334
170 627 223 646 1334
448 643 223 646 1334
372 618 233 647 1335
448 644 231 647 1335
372 619 242 648 1336
252 77 223 648 1336
448 645 227 648 1336
372 620 237 649 1337
361 647 221 649 1337
252 78 221 649 1337
448 646 233 649 1337
372 621 243 650 1338
372 622 226 651 1339
170 632 224 651 1339
372 623 246 652 1340
372 624 237 653 1341
372 625 237 654 1342
372 626 228 655 1343
369 647 225 655 1343
372 627 229 656 1344
372 628 223 657 1345
372 629 226 658 1346
372 630 244 659 1347
372 631 247 660 1348
372 632 245 661 1349
372 633 227 662 1350
292 49 226 663 1351
183 656 229 663 1351
372 637 239 665 1353
372 638 241 666 1354
369 659 221 667 1355
372 639 246 667 1355
372 640 235 668 1356
372 641 233 670 1358
372 642 231 670 1358
290 669 225 671 1359
369 663 225 671 1359
372 643 228 671 1359
369 664 224 672 1360
377 700 225 672 1360
372 644 231 673 1361
377 701 230 673 1361
372 645 235 674 1362
372 646 231 674 1362
372 647 238 675 1363
372 648 231 676 1364
372 649 225 677 1365
372 650 240 678 1366
377 707 222 679 1367
372 651 241 679 1367
369 672 226 680 1368
372 652 243 680 1368
372 654 240 682 1370
557 684 227 683 1371
293 667 224 684 1372
372 656 235 684 1372
462 26 221 685 1373
666 680 243 686 1374
666 681 226 687 1375
364 684 223 689 1377
32 661 229 689 1377
666 683 226 689 1377
650 630 226 690 1378
650 631 229 691 1379
652 30 222 691 1379
650 632 222 692 1380
300 672 229 693 1381
269 101 227 693 1381
452 514 234 693 1381
749 365 223 693 1381
300 673 239 694 1382
499 635 222 694 1382
386 277 221 694 1382
749 366 223 694 1382
527 689 227 694 1382
214 569 222 694 1382
783 674 235 695 1383
650 635 237 695 1383
214 570 224 695 1383
300 675 239 696 1384
783 675 239 696 1384
300 676 227 697 1385
783 676 243 697 1385
513 685 223 697 1385
214 572 221 697 1385
300 677 235 698 1386
783 677 237 698 1386
513 686 223 698 1386
22 640 222 698 1386
300 678 227 699 1387
513 687 223 699 1387
300 679 229 700 1388
350 699 221 700 1388
783 679 226 700 1388
513 688 222 700 1388
300 680 232 701 1389
350 700 223 701 1389
783 680 229 701 1389
513 689 225 701 1389
194 683 222 701 1389
300 681 229 702 1390
783 681 227 702 1390
300 682 231 703 1391
783 682 233 703 1391
300 683 227 704 1392
783 683 228 704 1392
650 644 222 704 1392
300 684 230 705 1393
783 684 227 705 1393
300 685 227 706 1394
783 685 231 706 1394
300 686 229 707 1395
783 686 231 707 1395
300 687 221 708 1396
783 687 228 708 1396
300 688 223 709 1397
783 688 229 709 1397
300 689 221 710 1398
783 689 229 710 1398
650 650 221 710 1398
783 690 241 711 1399
783 691 238 712 1400
783 692 239 713 1401
650 653 222 713 1401
783 693 232 714 1402
680 648 224 715 1403
783 694 228 715 1403
513 703 223 715 1403
300 695 224 716 1404
300 696 224 717 1405
783 696 223 717 1405
783 697 226 718 1406
783 698 221 719 1407
300 700 225 721 1409
650 661 233 721 1409
300 701 223 722 1410
783 701 221 722 1410
650 662 222 722 1410
300 702 223 723 1411
783 702 228 723 1411
300 703 223 724 1412
783 703 227 724 1412
650 664 223 724 1412
300 704 221 725 1413
783 704 228 725 1413
730 714 222 726 1414
783 705 231 726 1414
783 706 232 727 1415
194 709 221 727 1415
300 707 225 728 1416
783 707 229 728 1416
238 700 225 728 1416
22 670 225 728 1416
300 708 227 729 1417
783 708 233 729 1417
300 709 229 730 1418
730 718 221 730 1418
783 709 232 730 1418
300 710 225 731 1419
300 711 225 732 1420
783 711 229 732 1420
300 712 225 733 1421
783 712 233 733 1421
22 675 221 733 1421
300 713 225 734 1422
300 714 223 735 1423
214 610 221 735 1423
300 715 223 736 1424
300 716 224 737 1425
214 613 221 738 1426
300 718 225 739 1427
214 615 223 740 1428
300 720 223 741 1429
783 720 223 741 1429
680 677 222 744 1432
300 724 233 745 1433
214 621 224 746 1434
680 680 221 747 1435
300 726 232 747 1435
300 727 225 748 1436
300 728 221 749 1437
214 624 224 750 1438
300 729 223 750 1438
650 690 221 750 1438
300 730 223 751 1439
300 731 227 752 1440
214 627 221 753 1441
300 732 226 753 1441
650 693 223 753 1441
300 733 225 754 1442
783 733 221 754 1442
650 694 225 754 1442
300 734 223 755 1443
783 734 223 755 1443
650 695 225 755 1443
300 735 225 756 1444
783 735 221 756 1444
650 697 222 757 1445
300 737 223 758 1446
513 746 221 758 1446
214 633 226 759 1447
680 692 221 759 1447
300 738 221 759 1447
214 635 221 761 1449
300 740 222 761 1449
300 743 232 764 1452
214 638 224 764 1452
300 744 228 765 1453
214 639 221 765 1453
300 745 225 766 1454
214 640 224 766 1454
350 765 223 766 1454
300 746 225 767 1455
214 641 224 767 1455
650 707 221 767 1455
300 747 227 768 1456
214 642 225 768 1456
300 748 227 769 1457
650 709 221 769 1457
300 749 229 770 1458
300 750 225 771 1459
300 751 225 772 1460
214 646 224 772 1460
650 712 221 772 1460
680 706 221 773 1461
300 752 231 773 1461
214 647 225 773 1461
632 309 223 773 1461
783 755 225 776 1464
650 716 226 776 1464
783 756 224 777 1465
650 717 226 777 1465
783 757 225 778 1466
650 718 227 778 1466
783 758 221 779 1467
650 719 227 779 1467
783 759 222 780 1468
650 720 227 780 1468
783 760 232 781 1469
650 721 236 781 1469
238 753 221 781 1469
300 761 227 782 1470
214 656 222 782 1470
783 761 241 782 1470
650 722 226 782 1470
300 762 225 783 1471
783 762 239 783 1471
730 771 223 783 1471
650 723 224 783 1471
214 658 224 784 1472
783 763 237 784 1472
650 724 223 784 1472
238 756 224 784 1472
680 718 224 785 1473
214 659 224 785 1473
783 764 229 785 1473
650 725 225 785 1473
22 727 221 785 1473
783 765 233 786 1474
650 726 221 786 1474
214 661 221 787 1475
783 766 221 787 1475
650 727 228 787 1475
214 662 223 788 1476
783 767 221 788 1476
650 728 223 788 1476
214 663 223 789 1477
783 768 223 789 1477
650 729 221 789 1477
238 761 221 789 1477
214 664 221 790 1478
783 769 236 790 1478
650 730 222 790 1478
238 762 221 790 1478
214 665 221 791 1479
783 770 244 791 1479
300 771 224 792 1480
783 771 238 792 1480
300 772 223 793 1481
783 772 238 793 1481
650 733 224 793 1481
300 773 225 794 1482
783 773 235 794 1482
650 734 226 794 1482
300 774 225 795 1483
783 774 233 795 1483
783 775 239 796 1484
300 776 223 797 1485
214 671 221 797 1485
783 776 229 797 1485
680 731 224 798 1486
300 777 221 798 1486
783 777 235 798 1486
650 738 221 798 1486
783 778 235 799 1487
650 739 222 799 1487
783 779 231 800 1488
783 780 234 801 1489
680 735 221 802 1490
783 781 237 802 1490
650 742 230 802 1490
680 736 222 803 1491
300 782 221 803 1491
214 677 221 803 1491
783 782 233 803 1491
650 743 225 803 1491
680 737 223 804 1492
214 678 221 804 1492
783 783 225 804 1492
680 738 225 805 1493
300 784 222 805 1493
783 784 230 805 1493
650 745 231 805 1493
680 739 223 806 1494
300 785 221 806 1494
783 785 224 806 1494
650 746 223 806 1494
783 786 231 807 1495
650 747 223 807 1495
680 741 226 808 1496
783 787 229 808 1496
650 748 221 808 1496
214 683 221 809 1497
783 788 226 809 1497
650 749 227 809 1497
680 743 221 810 1498
214 684 222 810 1498
783 789 228 810 1498
650 750 221 810 1498
783 791 223 812 1500
783 792 221 813 1501
783 793 229 814 1502
300 794 227 815 1503
783 794 233 815 1503
650 755 221 815 1503
300 795 225 816 1504
783 795 234 816 1504
650 756 223 816 1504
300 796 227 817 1505
783 796 241 817 1505
650 757 222 817 1505
300 797 227 818 1506
783 797 241 818 1506
650 758 223 818 1506
300 798 225 819 1507
783 798 239 819 1507
650 759 224 819 1507
300 799 221 820 1508
783 799 223 820 1508
300 800 227 821 1509
783 800 241 821 1509
300 801 222 822 1510
783 801 240 822 1510
300 802 221 823 1511
783 802 236 823 1511
300 803 231 824 1512
783 803 238 824 1512
238 796 221 824 1512
300 804 225 825 1513
783 804 237 825 1513
300 805 235 826 1514
783 805 239 826 1514
650 766 225 826 1514
300 806 231 827 1515
783 806 247 827 1515
650 767 231 827 1515
300 807 229 828 1516
783 807 244 828 1516
650 768 230 828 1516
300 808 232 829 1517
783 808 239 829 1517
650 769 231 829 1517
300 809 231 830 1518
783 809 229 830 1518
650 770 231 830 1518
300 810 231 831 1519
783 810 228 831 1519
650 771 227 831 1519
300 811 225 832 1520
783 811 227 832 1520
650 772 227 832 1520
300 812 232 833 1521
783 812 227 833 1521
650 773 227 833 1521
22 775 221 833 1521
300 813 236 834 1522
783 813 226 834 1522
650 774 228 834 1522
300 814 235 835 1523
783 814 223 835 1523
650 775 223 835 1523
214 710 221 836 1524
300 815 234 836 1524
783 815 230 836 1524
650 776 237 836 1524
513 824 222 836 1524
300 816 227 837 1525
680 770 221 837 1525
783 816 243 837 1525
238 809 221 837 1525
783 817 243 838 1526
650 778 222 838 1526
238 810 221 838 1526
577 197 221 839 1527
513 827 226 839 1527
300 819 235 840 1528
783 819 230 840 1528
300 820 227 841 1529
783 820 221 841 1529
300 821 227 842 1530
730 830 226 842 1530
238 814 221 842 1530
513 830 226 842 1530
300 822 234 843 1531
680 776 221 843 1531
300 823 225 844 1532
783 823 231 844 1532
300 824 225 845 1533
783 824 247 845 1533
650 785 226 845 1533
783 825 235 846 1534
783 826 235 847 1535
300 827 227 848 1536
783 827 235 848 1536
650 788 222 848 1536
214 723 221 849 1537
300 828 222 849 1537
783 828 226 849 1537
783 829 227 850 1538
783 830 231 851 1539
513 839 226 852 1540
214 726 225 852 1540
783 831 241 852 1540
214 727 223 853 1541
783 832 238 853 1541
513 841 221 854 1542
300 833 226 854 1542
783 833 238 854 1542
300 834 225 855 1543
783 834 243 855 1543
513 843 221 856 1544
300 835 228 856 1544
783 835 231 856 1544
513 844 223 857 1545
300 836 225 857 1545
783 836 233 857 1545
513 845 222 858 1546
300 837 224 858 1546
783 837 241 858 1546
783 838 233 859 1547
238 831 221 859 1547
300 839 223 860 1548
783 839 230 860 1548
513 848 222 861 1549
300 841 225 862 1550
214 737 223 863 1551
513 850 225 863 1551
783 842 224 863 1551
650 803 223 863 1551
214 738 221 864 1552
300 843 223 864 1552
730 852 225 864 1552
650 804 222 864 1552
300 844 231 865 1553
238 837 221 865 1553
300 845 225 866 1554
730 854 224 866 1554
650 806 221 866 1554
300 847 222 868 1556
730 856 221 868 1556
300 848 231 869 1557
730 857 221 869 1557
300 849 232 870 1558
214 745 223 871 1559
300 850 235 871 1559
783 850 222 871 1559
300 851 241 872 1560
300 852 234 873 1561
783 852 241 873 1561
650 813 226 873 1561
300 853 246 874 1562
214 748 225 874 1562
783 853 235 874 1562
300 854 247 875 1563
214 749 224 875 1563
783 854 222 875 1563
300 855 246 876 1564
513 863 225 876 1564
214 750 225 876 1564
783 855 234 876 1564
300 856 239 877 1565
513 864 231 877 1565
783 856 232 877 1565
730 865 223 877 1565
650 817 222 877 1565
300 857 246 878 1566
513 865 225 878 1566
680 811 221 878 1566
783 857 223 878 1566
650 818 223 878 1566
300 858 245 879 1567
513 866 228 879 1567
680 812 223 879 1567
214 753 223 879 1567
202 137 225 879 1567
300 859 238 880 1568
513 867 231 880 1568
214 754 221 880 1568
783 859 226 880 1568
300 860 241 881 1569
513 868 226 881 1569
300 861 239 882 1570
680 815 221 882 1570
214 756 221 882 1570
783 861 227 882 1570
300 862 237 883 1571
214 757 230 883 1571
783 862 234 883 1571
300 863 239 884 1572
680 817 223 884 1572
214 758 227 884 1572
783 863 229 884 1572
300 864 240 885 1573
680 818 222 885 1573
214 759 223 885 1573
783 864 228 885 1573
300 865 239 886 1574
680 819 227 886 1574
214 760 225 886 1574
730 874 221 886 1574
650 826 222 886 1574
300 866 247 887 1575
214 761 233 887 1575
783 866 229 887 1575
730 875 221 887 1575
650 827 223 887 1575
300 867 243 888 1576
680 821 221 888 1576
214 762 233 888 1576
783 867 229 888 1576
650 828 227 889 1577
300 868 247 889 1577
680 822 223 889 1577
214 763 234 889 1577
730 877 221 889 1577
650 829 223 890 1578
194 871 221 890 1578
300 869 247 890 1578
680 823 221 890 1578
214 764 233 890 1578
783 869 228 890 1578
650 830 225 891 1579
300 870 237 891 1579
214 765 227 891 1579
783 870 231 891 1579
650 831 225 892 1580
300 871 239 892 1580
214 766 230 892 1580
650 832 225 893 1581
300 872 225 893 1581
214 767 227 893 1581
783 872 223 893 1581
650 833 228 893 1581
300 873 225 894 1582
214 768 222 894 1582
650 834 235 895 1583
300 874 224 895 1583
214 769 222 895 1583
650 835 231 896 1584
650 836 223 896 1584
300 876 225 897 1585
650 837 229 897 1585
300 877 231 898 1586
214 772 224 898 1586
650 838 233 898 1586
300 878 229 899 1587
214 773 224 899 1587
650 839 225 899 1587
300 879 235 900 1588
680 833 223 900 1588
214 774 225 900 1588
650 840 223 900 1588
214 775 223 901 1589
300 881 238 902 1590
783 881 233 902 1590
300 882 232 903 1591
214 777 222 903 1591
783 882 231 903 1591
300 883 232 904 1592
214 778 222 904 1592
783 883 232 904 1592
300 884 231 905 1593
214 779 223 905 1593
783 884 225 905 1593
300 885 221 906 1594
214 780 221 906 1594
783 885 231 906 1594
730 894 222 906 1594
300 886 234 907 1595
783 886 237 907 1595
300 887 233 908 1596
783 887 231 908 1596
300 888 233 909 1597
214 783 223 909 1597
783 888 231 909 1597
730 897 221 909 1597
300 889 231 910 1598
214 784 226 910 1598
783 889 231 910 1598
300 890 229 911 1599
680 844 221 911 1599
214 785 223 911 1599
783 890 237 911 1599
632 23 221 911 1599
300 891 232 912 1600
214 786 225 912 1600
300 892 227 913 1601
214 787 222 913 1601
783 892 232 913 1601
300 893 230 914 1602
214 788 221 914 1602
783 893 228 914 1602
238 886 221 914 1602
300 894 232 915 1603
214 789 222 915 1603
783 894 225 915 1603
730 903 223 915 1603
300 895 235 916 1604
214 790 221 916 1604
783 895 226 916 1604
730 904 221 916 1604
300 896 235 917 1605
214 791 221 917 1605
300 897 234 918 1606
783 897 222 918 1606
238 890 221 918 1606
300 898 233 919 1607
214 793 221 919 1607
783 898 238 919 1607
300 899 231 920 1608
214 794 221 920 1608
783 899 233 920 1608
300 900 240 921 1609
513 908 221 921 1609
783 900 235 921 1609
650 861 223 921 1609
300 901 233 922 1610
214 796 222 922 1610
783 901 247 922 1610
238 894 223 922 1610
650 862 233 922 1610
300 902 229 923 1611
783 902 241 923 1611
650 863 222 923 1611
300 903 228 924 1612
783 903 241 924 1612
650 864 225 924 1612
632 37 221 925 1613
783 904 247 925 1613
650 865 221 925 1613
300 905 231 926 1614
632 38 221 926 1614
783 905 245 926 1614
650 866 224 926 1614
300 906 233 927 1615
783 906 243 927 1615
650 867 227 927 1615
300 907 225 928 1616
214 802 221 928 1616
783 907 236 928 1616
513 916 225 929 1617
650 869 235 929 1617
238 901 221 929 1617
680 863 224 929 1617
300 909 227 930 1618
730 918 223 930 1618
139 907 233 930 1618
238 902 221 930 1618
300 910 222 931 1619
194 912 223 931 1619
214 805 221 931 1619
639 931 223 931 1619
300 911 239 932 1620
2 921 227 932 1620
214 806 231 932 1620
287 627 222 932 1620
617 157 221 932 1620
682 929 222 932 1620
498 61 233 932 1620
118 384 254 932 1620
269 341 227 932 1620
304 919 221 932 1620
300 912 241 933 1621
279 289 221 933 1621
215 839 222 933 1621
183 926 231 933 1621
645 160 231 934 1622
152 928 232 934 1622
172 930 229 934 1622
740 4 232 934 1622
407 7 227 934 1622
475 452 239 934 1622
208 933 222 935 1623
595 616 221 935 1623
139 915 245 938 1626
618 27 222 938 1626
139 917 223 940 1628
608 358 224 940 1628
625 123 229 941 1629
653 15 222 941 1629
23 411 233 941 1629
459 918 227 941 1629
464 937 221 941 1629
23 412 222 942 1630
459 919 225 942 1630
441 30 240 942 1630
223 375 227 942 1630
403 268 222 942 1630
139 919 225 942 1630
23 413 223 943 1631
153 1 227 943 1631
139 920 221 943 1631
625 126 225 944 1632
153 2 221 944 1632
513 931 233 944 1632
153 3 231 945 1633
23 415 235 945 1633
513 932 235 945 1633
153 4 230 946 1634
23 416 235 946 1634
513 933 233 946 1634
23 417 235 947 1635
513 934 231 947 1635
101 925 221 947 1635
139 924 227 947 1635
459 925 228 948 1636
23 418 226 948 1636
153 6 225 948 1636
513 935 235 948 1636
139 925 221 948 1636
403 274 221 948 1636
618 37 226 949 1637
153 7 231 949 1637
23 419 236 949 1637
441 6 221 949 1637
580 18 227 949 1637
513 936 222 949 1637
223 382 221 949 1637
101 927 222 949 1637
403 275 221 949 1637
459 927 223 950 1638
153 8 226 950 1638
23 420 228 950 1638
513 937 227 950 1638
223 383 221 950 1638
153 9 226 951 1639
513 938 224 951 1639
403 277 221 951 1639
153 10 226 952 1640
23 422 225 952 1640
513 939 221 952 1640
153 11 221 953 1641
513 940 225 953 1641
459 931 223 954 1642
23 424 227 954 1642
625 5 221 954 1642
513 941 224 954 1642
23 425 226 955 1643
153 13 225 955 1643
513 942 238 955 1643
23 426 229 956 1644
153 14 232 956 1644
513 943 227 956 1644
139 933 221 956 1644
23 427 229 957 1645
153 15 229 957 1645
23 428 221 958 1646
153 16 231 958 1646
513 945 222 958 1646
23 429 235 959 1647
23 430 227 960 1648
513 947 223 960 1648
153 19 225 961 1649
459 939 226 962 1650
23 432 223 962 1650
23 433 227 963 1651
459 941 225 964 1652
153 22 229 964 1652
23 434 228 964 1652
513 951 233 964 1652
459 942 223 965 1653
153 23 231 965 1653
23 435 226 965 1653
513 952 225 965 1653
459 943 223 966 1654
23 436 225 966 1654
153 24 225 966 1654
513 953 231 966 1654
23 437 228 967 1655
153 25 223 967 1655
513 954 221 967 1655
153 26 229 968 1656
23 438 231 968 1656
513 955 221 968 1656
459 946 222 969 1657
153 27 235 969 1657
23 439 233 969 1657
513 956 234 969 1657
459 947 226 970 1658
153 28 226 970 1658
23 440 227 970 1658
513 957 227 970 1658
153 29 237 971 1659
23 441 231 971 1659
513 958 227 971 1659
153 30 233 972 1660
513 959 223 972 1660
153 31 233 973 1661
513 960 223 973 1661
618 62 221 973 1661
153 32 224 974 1662
23 444 227 974 1662
513 961 227 974 1662
618 63 224 974 1662
153 33 228 975 1663
23 445 233 975 1663
153 34 228 976 1664
23 446 234 976 1664
513 963 227 976 1664
101 954 222 976 1664
459 954 221 977 1665
153 35 234 977 1665
23 447 234 977 1665
513 964 221 977 1665
153 36 234 978 1666
23 448 235 978 1666
153 37 227 979 1667
23 449 234 979 1667
513 966 230 979 1667
153 38 228 980 1668
23 450 235 980 1668
513 967 239 980 1668
153 39 233 981 1669
23 451 235 981 1669
513 968 242 981 1669
153 40 229 982 1670
23 452 228 982 1670
513 969 235 982 1670
153 41 230 983 1671
23 453 225 983 1671
513 970 237 983 1671
153 42 233 984 1672
513 971 242 984 1672
23 454 222 984 1672
459 962 223 985 1673
153 43 227 985 1673
513 972 239 985 1673
23 455 222 985 1673
513 973 231 986 1674
153 45 227 987 1675
513 974 240 987 1675
23 457 232 987 1675
153 46 227 988 1676
513 975 247 988 1676
23 458 235 988 1676
153 47 226 989 1677
513 976 242 989 1677
580 58 223 989 1677
23 459 235 989 1677
513 977 239 990 1678
153 49 231 991 1679
513 978 225 991 1679
153 50 223 992 1680
618 81 222 993 1681
153 51 226 993 1681
513 980 223 993 1681
513 981 239 994 1682
513 982 235 995 1683
23 465 224 995 1683
513 983 241 996 1684
153 55 221 997 1685
513 984 240 997 1685
153 56 221 998 1686
513 985 246 998 1686
153 57 228 999 1687
513 986 224 999 1687
513 987 232 1000 1688
625 51 225 1000 1688
513 988 226 1001 1689
153 60 226 1002 1690
513 989 231 1002 1690
153 61 221 1003 1691
513 990 229 1003 1691
153 62 221 1004 1692
23 474 223 1004 1692
23 475 222 1005 1693
513 992 223 1005 1693
23 476 225 1006 1694
513 993 223 1006 1694
139 983 224 1006 1694
513 994 225 1007 1695
23 479 227 1009 1697
625 60 221 1009 1697
513 996 223 1009 1697
557 235 226 1009 1697
101 988 223 1010 1698
153 69 223 1011 1699
459 988 221 1011 1699
513 998 221 1011 1699
23 481 227 1011 1699
101 989 225 1011 1699
153 70 223 1012 1700
23 482 222 1012 1700
153 71 226 1013 1701
23 483 224 1013 1701
513 1000 222 1013 1701
153 72 224 1014 1702
23 484 226 1014 1702
23 485 225 1015 1703
23 486 231 1016 1704
557 242 225 1016 1704
23 487 224 1017 1705
459 995 221 1018 1706
23 488 226 1018 1706
557 244 224 1018 1706
101 996 222 1018 1706
23 489 221 1019 1707
557 245 226 1019 1707
153 78 233 1020 1708
23 490 233 1020 1708
153 79 240 1021 1709
580 90 233 1021 1709
513 1008 235 1021 1709
153 80 227 1022 1710
23 492 225 1022 1710
513 1009 238 1022 1710
153 81 237 1023 1711
580 92 225 1023 1711
101 1001 224 1023 1711
23 494 233 1024 1712
580 93 223 1024 1712
625 75 222 1024 1712
513 1011 234 1024 1712
101 1002 227 1024 1712
618 113 221 1024 1712
153 83 227 1025 1713
23 495 231 1025 1713
580 94 222 1025 1713
625 76 222 1025 1713
513 1012 225 1025 1713
101 1003 222 1025 1713
153 84 223 1026 1714
23 496 232 1026 1714
625 77 224 1026 1714
513 1013 232 1026 1714
557 252 222 1026 1714
153 85 225 1027 1715
625 78 225 1027 1715
513 1014 227 1027 1715
441 85 224 1027 1715
459 1005 221 1028 1716
153 86 225 1028 1716
23 498 225 1028 1716
625 79 226 1028 1716
513 1015 235 1028 1716
101 1006 225 1028 1716
459 1006 221 1029 1717
153 87 224 1029 1717
23 499 221 1029 1717
580 98 232 1029 1717
557 255 223 1029 1717
618 118 224 1029 1717
459 1007 227 1030 1718
153 88 237 1030 1718
23 500 226 1030 1718
513 1017 226 1030 1718
403 356 231 1030 1718
459 1008 221 1031 1719
153 89 221 1031 1719
459 1009 233 1032 1720
23 502 233 1032 1720
580 101 229 1032 1720
557 258 221 1032 1720
608 450 221 1032 1720
618 121 221 1032 1720
459 1010 223 1033 1721
23 503 231 1033 1721
625 84 222 1033 1721
513 1020 224 1033 1721
580 102 225 1033 1721
608 451 223 1033 1721
459 1011 237 1034 1722
153 92 231 1034 1722
23 504 231 1034 1722
513 1021 234 1034 1722
580 103 225 1034 1722
618 123 223 1035 1723
403 360 223 1035 1723
459 1012 236 1035 1723
153 93 224 1035 1723
23 505 235 1035 1723
513 1022 222 1035 1723
580 104 223 1035 1723
459 1013 235 1036 1724
23 506 229 1036 1724
557 262 228 1036 1724
139 1013 222 1036 1724
608 454 222 1036 1724
153 95 225 1037 1725
459 1014 230 1037 1725
23 507 227 1037 1725
513 1024 226 1037 1725
580 106 231 1037 1725
557 263 222 1037 1725
153 96 221 1038 1726
459 1015 229 1038 1726
23 508 227 1038 1726
625 89 225 1038 1726
513 1025 223 1038 1726
580 107 223 1038 1726
557 264 221 1038 1726
101 1016 222 1038 1726
153 97 232 1039 1727
459 1016 221 1039 1727
23 509 221 1039 1727
513 1026 221 1039 1727
580 108 222 1039 1727
557 265 223 1039 1727
101 1017 223 1039 1727
153 98 231 1040 1728
459 1017 221 1040 1728
608 458 221 1040 1728
618 129 224 1040 1728
153 99 221 1041 1729
459 1018 239 1041 1729
23 511 236 1041 1729
513 1028 231 1041 1729
608 459 226 1041 1729
441 99 221 1041 1729
459 1019 227 1042 1730
23 512 231 1042 1730
625 93 223 1042 1730
513 1029 229 1042 1730
580 111 228 1042 1730
557 268 222 1042 1730
153 101 241 1043 1731
459 1020 225 1043 1731
23 513 229 1043 1731
580 112 233 1043 1731
557 269 235 1043 1731
153 102 232 1044 1732
459 1021 223 1044 1732
513 1031 252 1044 1732
580 113 248 1044 1732
153 103 227 1045 1733
459 1022 225 1045 1733
513 1032 238 1045 1733
23 515 241 1045 1733
153 104 227 1046 1734
459 1023 234 1046 1734
513 1033 241 1046 1734
23 516 241 1046 1734
580 115 224 1046 1734
557 272 223 1046 1734
608 464 221 1046 1734
153 105 233 1047 1735
513 1034 237 1047 1735
23 517 238 1047 1735
580 116 229 1047 1735
101 1025 221 1047 1735
608 465 224 1047 1735
403 373 225 1047 1735
153 106 239 1048 1736
459 1025 223 1048 1736
513 1035 242 1048 1736
23 518 233 1048 1736
580 117 239 1048 1736
557 274 228 1048 1736
618 137 230 1048 1736
153 107 231 1049 1737
459 1026 223 1049 1737
513 1036 246 1049 1737
23 519 231 1049 1737
580 118 227 1049 1737
101 1027 223 1049 1737
608 467 221 1049 1737
153 108 247 1050 1738
178 1049 222 1050 1738
513 1037 241 1050 1738
101 1028 223 1050 1738
618 139 224 1050 1738
153 109 233 1051 1739
459 1028 221 1051 1739
513 1038 233 1051 1739
23 521 234 1051 1739
139 1028 233 1051 1739
608 469 221 1051 1739
153 110 244 1052 1740
23 522 235 1052 1740
513 1039 229 1052 1740
618 141 221 1052 1740
403 378 223 1052 1740
153 111 224 1053 1741
459 1030 222 1053 1741
625 104 228 1053 1741
23 523 227 1053 1741
513 1040 244 1053 1741
557 279 222 1053 1741
608 471 225 1053 1741
153 112 242 1054 1742
459 1031 227 1054 1742
625 105 224 1054 1742
513 1041 237 1054 1742
23 524 229 1054 1742
101 1032 225 1054 1742
608 472 221 1054 1742
153 113 230 1055 1743
513 1042 230 1055 1743
23 525 238 1055 1743
139 1032 227 1055 1743
153 114 226 1056 1744
513 1043 235 1056 1744
23 526 240 1056 1744
153 115 233 1057 1745
513 1044 223 1057 1745
23 527 226 1057 1745
153 116 233 1058 1746
513 1045 227 1058 1746
23 528 236 1058 1746
608 476 221 1058 1746
153 117 233 1058 1746
513 1046 237 1059 1747
23 529 245 1059 1747
139 1036 222 1059 1747
608 477 221 1059 1747
618 148 231 1059 1747
153 118 237 1060 1748
459 1037 227 1060 1748
178 1059 235 1060 1748
625 111 223 1060 1748
513 1047 249 1060 1748
23 530 235 1060 1748
557 286 225 1060 1748
139 1037 235 1060 1748
101 1038 221 1060 1748
608 478 222 1060 1748
618 149 225 1060 1748
153 119 246 1061 1749
513 1048 235 1061 1749
23 531 242 1061 1749
139 1038 234 1061 1749
101 1039 233 1061 1749
608 479 223 1061 1749
153 120 222 1062 1750
459 1039 225 1062 1750
513 1049 237 1062 1750
23 532 241 1062 1750
139 1039 222 1062 1750
608 480 221 1062 1750
618 151 228 1062 1750
153 121 229 1063 1751
178 1062 227 1063 1751
513 1050 241 1063 1751
23 533 239 1063 1751
557 289 224 1063 1751
153 122 239 1064 1752
513 1051 231 1064 1752
178 1063 222 1064 1752
23 534 233 1064 1752
557 290 225 1064 1752
153 123 221 1065 1753
513 1052 232 1065 1753
23 535 235 1065 1753
618 154 221 1065 1753
153 124 247 1066 1754
513 1053 231 1066 1754
23 536 237 1066 1754
390 1056 221 1066 1754
513 1054 231 1067 1755
23 537 223 1067 1755
618 156 221 1067 1755
153 126 247 1067 1755
459 1045 227 1068 1756
513 1055 231 1068 1756
23 538 223 1068 1756
608 486 223 1068 1756
618 157 221 1068 1756
153 127 235 1068 1756
513 1056 237 1069 1757
139 1046 222 1069 1757
153 128 236 1070 1758
513 1057 232 1070 1758
139 1047 221 1070 1758
513 1058 240 1071 1759
23 541 224 1071 1759
513 1059 229 1072 1760
23 542 229 1072 1760
557 298 221 1072 1760
153 131 224 1072 1760
513 1060 228 1073 1761
513 1061 233 1074 1762
23 544 239 1074 1762
139 1052 221 1075 1763
513 1063 228 1076 1764
23 546 237 1076 1764
513 1064 247 1077 1765
23 547 226 1077 1765
153 136 229 1077 1765
513 1065 238 1078 1766
153 137 235 1078 1766
513 1066 235 1079 1767
153 138 225 1079 1767
139 1057 231 1080 1768
178 1080 222 1080 1768
513 1068 226 1081 1769
23 551 226 1081 1769
459 1059 221 1081 1769
153 140 228 1081 1769
557 308 221 1082 1770
139 1060 229 1083 1771
608 501 223 1083 1771
513 1071 223 1084 1772
139 1061 225 1084 1772
618 173 225 1084 1772
178 1084 221 1084 1772
459 1062 223 1084 1772
513 1072 223 1085 1773
23 555 227 1085 1773
139 1062 222 1085 1773
618 174 221 1085 1773
459 1063 227 1085 1773
23 556 229 1086 1774
23 557 238 1087 1775
557 313 221 1087 1775
618 176 227 1087 1775
513 1075 225 1088 1776
23 558 230 1088 1776
608 506 223 1088 1776
23 559 236 1089 1777
459 1067 221 1089 1777
153 148 223 1090 1778
23 560 239 1090 1778
23 561 247 1091 1779
513 1080 222 1093 1781
23 563 235 1093 1781
23 564 234 1094 1782
153 153 224 1095 1783
513 1082 228 1095 1783
23 565 234 1095 1783
459 1073 222 1095 1783
23 566 237 1096 1784
23 567 243 1097 1785
23 568 233 1098 1786
513 1086 221 1099 1787
23 569 223 1099 1787
153 158 225 1100 1788
23 570 233 1100 1788
23 571 231 1101 1789
23 572 236 1102 1790
153 161 229 1103 1791
23 573 239 1103 1791
139 1081 223 1104 1792
23 575 225 1105 1793
23 576 225 1106 1794
153 165 221 1107 1795
23 577 225 1107 1795
23 580 233 1110 1798
23 582 223 1112 1800
139 1090 222 1113 1801
513 1102 223 1115 1803
608 533 222 1115 1803
608 535 221 1117 1805
513 1107 221 1120 1808
23 591 225 1121 1809
178 1122 224 1123 1811
23 593 230 1123 1811
608 541 222 1123 1811
459 1101 221 1124 1812
23 594 235 1124 1812
608 542 221 1124 1812
23 595 222 1125 1813
513 1113 222 1126 1814
23 596 228 1126 1814
23 597 229 1127 1815
459 1105 223 1128 1816
23 598 231 1128 1816
23 599 235 1129 1817
459 1107 221 1130 1818
23 600 224 1130 1818
139 1109 224 1132 1820
513 1120 225 1133 1821
153 191 221 1133 1821
459 1111 227 1134 1822
513 1121 221 1134 1822
153 192 225 1134 1822
557 360 226 1134 1822
459 1112 231 1135 1823
513 1122 222 1135 1823
153 193 227 1135 1823
557 361 231 1135 1823
23 605 223 1135 1823
459 1113 233 1135 1823
618 224 226 1136 1824
153 194 225 1136 1824
557 362 233 1136 1824
23 606 221 1136 1824
459 1114 236 1137 1825
618 225 221 1137 1825
513 1124 231 1137 1825
153 195 221 1137 1825
557 363 233 1137 1825
459 1115 225 1138 1826
618 226 227 1138 1826
153 196 227 1138 1826
139 1115 227 1138 1826
23 608 221 1138 1826
608 556 221 1138 1826
459 1116 222 1139 1827
618 227 223 1139 1827
625 190 235 1139 1827
153 197 222 1139 1827
23 609 222 1139 1827
101 1117 226 1139 1827
403 465 225 1139 1827
153 198 236 1140 1828
441 53 221 1140 1828
513 1128 226 1141 1829
625 192 226 1141 1829
153 199 221 1141 1829
23 611 223 1141 1829
513 1129 233 1142 1830
153 200 225 1142 1830
403 468 225 1142 1830
513 1130 243 1143 1831
625 194 241 1143 1831
153 201 228 1143 1831
23 613 223 1143 1831
608 561 222 1143 1831
459 1121 227 1143 1831
618 232 235 1144 1832
513 1131 221 1144 1832
153 202 225 1144 1832
625 195 221 1144 1832
23 614 221 1144 1832
441 57 229 1144 1832
403 470 223 1144 1832
513 1132 223 1145 1833
153 203 226 1145 1833
625 196 231 1145 1833
580 214 221 1145 1833
23 615 226 1145 1833
403 471 237 1145 1833
513 1133 229 1146 1834
625 197 227 1146 1834
23 616 237 1146 1834
441 59 227 1146 1834
101 1124 230 1146 1834
403 472 221 1146 1834
178 1146 223 1147 1835
625 198 223 1147 1835
557 373 234 1147 1835
580 216 221 1147 1835
23 617 237 1147 1835
459 1125 224 1147 1835
513 1135 241 1148 1836
625 199 225 1148 1836
153 206 247 1148 1836
23 618 244 1148 1836
139 1125 221 1148 1836
459 1126 225 1148 1836
618 237 225 1149 1837
178 1148 225 1149 1837
153 207 247 1149 1837
23 619 239 1149 1837
139 1126 233 1149 1837
441 62 223 1149 1837
403 475 232 1149 1837
618 238 233 1150 1838
178 1149 221 1150 1838
513 1137 221 1150 1838
653 224 221 1150 1838
153 208 242 1150 1838
459 1128 223 1150 1838
513 1138 227 1151 1839
153 209 250 1151 1839
101 1129 227 1151 1839
513 1139 231 1152 1840
153 210 237 1152 1840
139 1129 221 1152 1840
441 65 222 1152 1840
101 1130 221 1152 1840
178 1152 221 1153 1841
513 1140 244 1153 1841
23 623 222 1153 1841
513 1141 242 1154 1842
153 212 242 1154 1842
23 624 227 1154 1842
441 67 222 1154 1842
101 1132 223 1154 1842
608 572 223 1154 1842
618 243 223 1155 1843
153 213 254 1155 1843
513 1142 239 1155 1843
608 573 223 1155 1843
618 244 221 1156 1844
178 1155 235 1156 1844
513 1143 238 1156 1844
153 214 247 1156 1844
390 1146 221 1156 1844
23 626 225 1156 1844
608 574 222 1156 1844
178 1156 223 1157 1845
618 245 223 1157 1845
513 1144 233 1157 1845
153 215 242 1157 1845
390 1147 223 1157 1845
618 246 221 1158 1846
153 216 250 1158 1846
23 629 231 1159 1847
101 1137 223 1159 1847
618 248 221 1160 1848
178 1159 225 1160 1848
153 218 254 1160 1848
513 1147 225 1160 1848
557 386 225 1160 1848
23 630 232 1160 1848
101 1138 222 1160 1848
608 578 223 1160 1848
153 219 225 1161 1849
23 631 235 1161 1849
625 213 225 1162 1850
153 220 225 1162 1850
23 632 244 1162 1850
608 580 228 1162 1850
618 251 228 1163 1851
153 221 223 1163 1851
139 1140 225 1163 1851
153 222 229 1164 1852
580 233 226 1164 1852
139 1141 221 1164 1852
23 634 225 1164 1852
618 253 227 1165 1853
178 1164 221 1165 1853
153 223 223 1165 1853
139 1142 226 1165 1853
23 635 225 1165 1853
441 1 221 1166 1854
625 217 234 1166 1854
153 224 227 1166 1854
513 1153 233 1166 1854
459 1144 227 1166 1854
653 241 222 1167 1855
513 1154 225 1167 1855
153 225 231 1167 1855
139 1144 225 1167 1855
23 637 225 1167 1855
513 1155 229 1168 1856
139 1145 221 1168 1856
625 220 221 1169 1857
23 639 227 1169 1857
139 1146 226 1169 1857
82 252 231 1170 1858
101 1148 226 1170 1858
127 1185 235 1174 1862
127 1186 227 1175 1863
127 1188 232 1177 1865
311 74 226 1177 1865
227 1097 221 1177 1865
127 1189 238 1178 1866
311 75 221 1178 1866
580 247 221 1178 1866
687 1181 250 1178 1866
227 1098 231 1179 1867
127 1190 236 1179 1867
722 5 247 1179 1867
311 76 241 1179 1867
687 1182 254 1179 1867
583 109 222 1179 1867
449 30 229 1179 1867
227 1099 231 1180 1868
127 1191 225 1180 1868
311 77 221 1180 1868
687 1183 246 1180 1868
449 31 223 1180 1868
127 1192 234 1181 1869
722 7 228 1181 1869
687 1184 237 1181 1869
722 8 235 1182 1870
127 1193 225 1182 1870
687 1185 240 1182 1870
127 1194 221 1183 1871
687 1186 228 1183 1871
687 1187 222 1184 1872
227 1104 225 1185 1873
765 258 222 1185 1873
127 1197 235 1186 1874
687 1189 226 1186 1874
127 1198 233 1187 1875
241 1187 221 1187 1875
722 14 227 1188 1876
311 85 221 1188 1876
765 261 232 1188 1876
583 118 227 1188 1876
103 1191 223 1188 1876
492 430 246 1191 1879
302 1191 221 1192 1880
31 1189 228 1192 1880
32 1165 221 1193 1881
716 1188 229 1193 1881
147 1197 227 1194 1882
88 1159 224 1195 1883
88 1160 223 1196 1884
304 1182 237 1196 1884
88 1161 221 1197 1885
468 1191 221 1197 1885
607 1157 225 1197 1885
760 3 221 1197 1885
468 1192 223 1198 1886
369 235 225 1200 1888
779 195 229 1200 1888
779 196 227 1201 1889
22 1145 221 1204 1892
98 1197 224 1207 1895
199 6 221 1217 1905
398 1220 221 1221 1909
199 10 233 1221 1909
600 1202 231 1231 1919
632 153 225 1233 1921
636 638 227 1255 1943
750 331 223 1273 1961
551 399 227 1286 1974
52 1274 221 1289 1977
167 245 221 1293 1981
423 1280 221 1295 1983
396 779 243 1304 1992
398 1304 222 1305 1993
662 1145 221 1306 1994
470 1217 225 1307 1995
34 130 234 1308 1996
666 46 226 1310 1998
666 47 223 1311 1999
666 48 231 1312 2000
709 374 230 1313 2001
666 51 224 1315 2003
483 740 239 1315 2003
666 52 222 1316 2004
102 1310 234 1321 2009
102 1311 225 1322 2010
43 1317 221 1322 2010
666 59 227 1323 2011
666 60 225 1324 2012
666 61 233 1325 2013
733 11 223 1325 2013
212 25 225 1325 2013
666 62 246 1326 2014
666 63 246 1327 2015
666 64 231 1328 2016
666 65 237 1329 2017
468 1323 221 1329 2017
666 66 247 1330 2018
513 1318 226 1330 2018
666 67 227 1331 2019
412 1272 223 1331 2019
513 1319 228 1331 2019
415 399 222 1332 2020
398 1332 227 1332 2020
527 1327 227 1332 2020
160 1320 231 1333 2021
211 5 221 1333 2021
468 1327 229 1333 2021
442 1325 225 1333 2021
342 1329 227 1333 2021
110 407 227 1334 2022
495 1315 225 1334 2022
71 15 224 1334 2022
378 1298 233 1335 2023
164 398 225 1335 2023
28 149 226 1335 2023
593 180 235 1336 2024
343 1315 226 1336 2024
609 198 242 1336 2024
262 70 231 1336 2024
609 199 230 1337 2025
157 231 221 1338 2026
174 635 221 1338 2026
729 747 223 1339 2027
