473 7 224 0 1838
599 5 225 1 1839
473 8 235 1 1839
599 6 227 2 1840
473 9 237 2 1840
599 7 221 3 1841
473 11 241 4 1842
473 12 240 5 1843
473 13 227 6 1844
706 307 231 15 1853
632 85 221 15 1853
708 174 227 16 1854
599 59 227 54 1892
599 60 223 55 1893
599 61 228 56 1894
599 62 226 57 1895
599 63 223 58 1896
599 64 222 59 1897
599 648 223 643 2481
599 649 229 644 2482
599 651 227 646 2484
599 652 229 647 2485
599 656 227 651 2489
599 657 221 652 2490
599 658 225 653 2491
599 659 227 654 2492
599 661 226 656 2494
599 663 223 658 2496
599 667 228 662 2500
599 668 226 663 2501
599 669 227 664 2502
599 670 223 665 2503
599 671 227 666 2504
599 672 227 667 2505
599 673 227 668 2506
599 674 225 669 2507
599 675 229 670 2508
599 676 225 671 2509
599 677 227 672 2510
599 679 225 674 2512
599 680 223 675 2513
599 681 227 676 2514
599 682 222 677 2515
599 683 226 678 2516
599 684 227 679 2517
599 685 228 680 2518
599 687 227 682 2520
599 688 223 683 2521
599 689 227 684 2522
599 692 225 687 2525
599 693 223 688 2526
599 694 223 689 2527
599 696 228 691 2529
599 697 228 692 2530
599 698 226 693 2531
599 699 222 694 2532
599 702 225 697 2535
599 703 227 698 2536
599 704 228 699 2537
599 705 227 700 2538
599 706 226 701 2539
599 707 223 702 2540
599 708 228 703 2541
599 709 223 704 2542
599 710 223 705 2543
599 712 223 707 2545
599 713 227 708 2546
599 714 221 709 2547
599 715 221 710 2548
599 716 221 711 2549
599 717 226 712 2550
599 718 227 713 2551
599 719 225 714 2552
599 720 227 715 2553
599 721 226 716 2554
599 722 224 717 2555
599 723 227 718 2556
599 724 227 719 2557
599 725 227 720 2558
599 726 229 721 2559
599 727 229 722 2560
599 728 227 723 2561
599 729 227 724 2562
599 744 225 739 2577
599 752 222 747 2585
599 753 223 747 2585
599 754 223 749 2587
599 758 223 752 2590
599 1181 223 1176 3014
599 1182 239 1177 3015
599 1184 223 1178 3016
473 955 224 1179 3017
599 1186 221 1180 3018
599 1192 221 1186 3024
599 1193 222 1187 3025
599 1198 222 1192 3030
599 1205 226 1199 3037
599 1209 225 1203 3041
599 1211 221 1205 3043
599 1217 221 1211 3049
599 1220 224 1214 3052
599 1221 225 1215 3053
599 1223 225 1217 3055
599 1224 225 1218 3056
599 1225 226 1219 3057
599 1226 222 1220 3058
599 1227 225 1221 3059
599 1232 223 1226 3064
477 1204 224 1227 3065
477 1205 223 1228 3066
477 1209 221 1232 3070
599 1238 224 1232 3070
599 1239 221 1233 3071
