165 7 237 0 729
165 8 230 1 730
165 9 237 2 731
788 1 227 2 731
165 10 231 3 732
788 2 229 3 732
461 6 223 5 734
165 12 225 5 734
165 13 227 6 735
788 5 222 6 735
461 8 224 7 736
165 14 227 7 736
165 15 225 8 737
788 7 221 8 737
461 10 221 9 738
165 16 235 9 738
461 11 224 10 739
461 12 229 11 740
461 13 221 12 741
788 11 224 12 741
788 12 221 13 742
461 16 226 15 744
788 14 238 15 744
788 15 239 16 745
461 18 235 17 746
788 16 231 17 746
461 19 228 18 747
357 2 222 18 747
357 3 222 19 748
8 1 246 19 748
175 1 229 20 749
788 19 229 20 749
8 2 239 20 749
788 20 225 21 750
8 3 238 21 750
175 3 223 22 751
8 4 241 22 751
8 5 227 23 752
707 5 222 24 753
175 5 221 24 753
8 6 229 24 753
707 6 223 25 754
8 7 240 25 754
271 3 227 25 754
175 7 221 26 755
8 8 238 26 755
357 11 224 27 756
677 6 223 27 756
357 12 233 28 757
380 2 221 28 757
461 30 223 29 758
357 13 221 29 758
380 4 221 30 759
707 11 221 30 759
8 12 234 30 759
357 15 226 31 760
677 10 225 31 760
707 12 221 31 760
8 13 235 31 760
461 33 226 32 761
677 11 223 32 761
380 6 221 32 761
707 13 221 32 761
8 14 232 32 761
461 34 221 33 762
677 12 223 33 762
788 32 226 33 762
707 14 221 33 762
8 15 221 33 762
461 35 223 34 763
188 14 223 34 763
357 18 232 34 763
788 33 225 34 763
8 16 229 34 763
461 36 222 35 764
357 19 223 35 764
8 17 238 35 764
56 8 223 36 765
8 18 223 36 765
98 68 221 36 765
461 38 226 37 766
357 21 221 37 766
380 11 223 37 766
707 18 226 37 766
8 19 226 37 766
357 22 223 38 767
8 20 227 38 767
8 21 223 39 768
461 43 224 42 771
461 44 221 43 772
788 42 225 43 772
546 2 225 46 775
98 78 222 46 775
677 26 221 47 776
546 3 227 47 776
238 61 224 48 777
238 62 233 49 778
438 84 235 49 778
454 90 242 50 779
438 85 241 50 779
10 30 226 50 779
321 51 222 51 780
638 72 222 51 780
112 71 222 52 781
610 14 223 52 781
457 89 247 52 781
407 89 223 52 781
595 74 229 52 781
646 70 225 52 781
449 99 225 53 782
150 90 235 53 782
148 85 221 53 782
498 20 225 53 782
212 91 246 54 783
610 16 237 54 783
59 94 224 54 783
663 88 227 54 783
498 21 252 54 783
212 92 239 55 784
596 85 235 55 784
610 17 231 55 784
107 90 221 55 784
596 86 222 56 785
610 18 231 56 785
568 92 229 56 785
369 89 223 56 785
596 87 235 57 786
610 19 233 57 786
610 20 235 58 787
596 89 231 59 788
610 21 234 59 788
225 16 221 59 788
610 22 241 60 789
555 87 223 60 789
293 84 225 60 789
410 89 223 60 789
292 90 238 60 789
248 77 239 61 790
489 38 221 61 790
648 95 245 61 790
292 91 239 61 790
248 78 230 61 790
213 79 224 62 791
648 96 254 62 791
699 97 223 62 791
574 89 229 62 791
83 32 235 62 791
200 100 227 62 791
413 86 222 62 791
292 92 234 62 791
621 95 230 62 791
248 79 229 63 792
489 40 226 63 792
213 80 223 63 792
648 97 233 63 792
699 98 237 63 792
574 90 229 63 792
83 33 221 63 792
200 101 221 63 792
292 93 232 63 792
248 80 240 64 793
489 41 228 64 793
699 99 227 64 793
83 34 235 64 793
200 102 222 64 793
292 94 225 64 793
385 63 225 64 793
489 42 229 65 794
213 82 230 65 794
574 92 223 65 794
590 102 222 65 794
413 89 221 65 794
292 95 245 65 794
385 64 223 65 794
621 98 235 66 795
248 82 245 66 795
699 101 221 66 795
574 93 231 66 795
292 96 223 66 795
385 65 223 66 795
621 99 223 66 795
248 83 239 67 796
213 84 221 67 796
489 44 233 67 796
590 104 223 67 796
83 37 225 67 796
292 97 225 67 796
621 100 236 67 796
248 84 227 68 797
648 102 227 68 797
489 45 243 68 797
574 95 223 68 797
590 105 223 68 797
83 38 223 68 797
292 98 227 68 797
385 67 223 68 797
621 101 223 68 797
248 85 221 69 798
489 46 243 69 798
292 99 231 69 798
385 68 222 69 798
621 102 245 69 798
248 86 231 70 799
213 87 226 70 799
489 47 238 70 799
648 104 227 70 799
292 100 238 70 799
621 103 224 71 800
699 1 222 71 800
648 105 223 71 800
489 48 241 71 800
292 101 227 71 800
385 70 221 71 800
621 104 229 71 800
248 88 241 72 801
699 2 226 72 801
489 49 231 72 801
292 102 224 72 801
621 105 228 73 802
248 89 231 73 802
489 50 223 73 802
590 110 222 73 802
292 103 223 73 802
385 72 225 74 803
621 106 227 74 803
248 90 225 74 803
699 4 222 74 803
648 108 221 74 803
413 98 221 74 803
292 104 232 74 803
385 73 227 75 804
621 107 233 75 804
699 5 221 75 804
292 105 237 75 804
621 108 241 75 804
699 6 221 76 805
292 106 221 76 805
385 75 224 76 805
699 7 227 77 806
590 114 225 77 806
292 107 231 77 806
385 76 229 77 806
621 110 239 78 807
699 8 227 78 807
292 108 232 78 807
385 77 224 78 807
621 111 226 79 808
699 9 227 79 808
590 116 227 79 808
292 109 233 79 808
621 112 228 80 809
248 96 227 80 809
590 117 231 80 809
292 110 225 80 809
385 79 232 80 809
621 113 224 81 810
699 11 221 81 810
292 111 227 81 810
385 80 224 81 810
621 114 221 82 811
213 99 228 82 811
83 52 221 82 811
200 120 221 82 811
292 112 230 82 811
385 81 228 82 811
621 115 228 83 812
213 100 224 83 812
292 113 229 83 812
385 82 225 83 812
621 116 227 84 813
248 100 225 84 813
213 101 224 84 813
413 108 225 84 813
292 114 224 84 813
621 117 223 85 814
699 15 222 85 814
292 115 223 85 814
621 118 225 86 815
248 102 227 86 815
385 85 223 86 815
621 119 237 87 816
248 103 229 87 816
699 17 227 87 816
590 124 221 87 816
574 114 223 87 816
292 117 226 87 816
385 86 223 87 816
621 120 226 87 816
248 104 229 88 817
574 115 221 88 817
200 126 228 88 817
413 112 221 88 817
83 58 223 88 817
178 128 224 88 817
385 87 224 88 817
621 121 224 88 817
699 19 239 89 818
213 106 225 89 818
590 126 231 89 818
574 116 225 89 818
200 127 221 89 818
178 129 221 89 818
385 88 224 89 818
200 129 233 91 820
610 54 229 92 821
200 130 223 92 821
590 130 227 93 822
574 120 239 93 822
83 63 222 93 822
292 123 230 93 822
178 133 221 93 822
621 126 223 94 823
213 111 227 94 823
489 71 224 94 823
574 121 235 94 823
292 124 221 94 823
213 112 223 95 824
648 129 227 95 824
574 122 221 95 824
292 125 227 95 824
83 65 227 95 824
178 135 223 95 824
213 113 225 96 825
213 114 222 97 826
648 132 223 98 827
590 135 228 98 827
83 68 248 98 827
292 128 239 98 827
413 122 229 98 827
178 138 225 98 827
621 131 231 99 828
574 126 223 99 828
292 129 231 99 828
413 123 231 99 828
178 139 231 99 828
621 132 223 100 829
200 6 228 100 829
292 130 223 100 829
413 124 226 100 829
178 140 228 100 829
621 133 243 100 829
292 131 226 101 830
621 134 233 101 830
413 126 221 102 831
178 142 235 102 831
621 135 226 102 831
648 137 221 103 832
574 130 222 103 832
489 80 223 103 832
413 127 224 103 832
178 143 231 103 832
699 34 226 104 833
213 121 227 104 833
574 131 221 104 833
292 134 222 104 833
83 74 223 104 833
413 128 227 104 833
178 144 230 104 833
621 137 231 104 833
248 121 224 105 834
213 122 227 105 834
574 132 225 105 834
489 82 227 105 834
413 129 224 105 834
178 145 227 105 834
248 122 241 106 835
200 12 222 106 835
213 123 227 106 835
292 1 227 106 835
413 130 233 106 835
178 146 231 106 835
200 13 221 107 836
213 124 222 107 836
489 84 221 107 836
292 2 224 107 836
621 140 227 107 836
178 147 230 108 837
200 14 223 108 837
292 3 226 108 837
698 147 223 108 837
413 132 226 108 837
621 141 223 108 837
178 148 229 109 838
213 126 221 109 838
292 4 227 109 838
621 142 233 109 838
248 126 245 110 839
385 108 223 110 839
213 127 224 110 839
292 5 227 110 839
574 137 225 110 839
621 143 227 111 840
248 127 230 111 840
178 151 223 112 841
621 144 232 112 841
385 110 225 112 841
213 129 223 112 841
292 7 225 112 841
178 152 221 113 842
248 129 224 113 842
621 145 223 113 842
385 111 227 113 842
213 130 227 113 842
292 8 239 113 842
413 137 222 113 842
248 130 223 113 842
621 146 233 114 843
385 112 225 114 843
648 148 221 114 843
292 9 221 114 843
574 141 224 114 843
413 138 227 114 843
248 131 227 114 843
621 147 236 115 844
385 113 231 115 844
292 10 225 115 844
178 155 227 116 845
621 148 231 116 845
385 114 223 116 845
292 11 231 116 845
413 140 225 116 845
178 156 225 117 846
292 12 234 117 846
489 94 222 117 846
621 150 229 118 847
178 157 224 118 847
292 13 229 118 847
248 135 226 119 848
621 151 224 119 848
178 158 223 119 848
385 117 224 119 848
648 153 229 119 848
292 14 234 119 848
413 143 222 119 848
178 159 223 120 849
621 152 226 120 849
385 118 221 120 849
248 137 225 120 849
178 160 224 121 850
292 16 222 121 850
489 98 222 121 850
574 148 221 121 850
413 145 221 121 850
178 161 223 121 850
621 154 244 122 851
292 17 230 122 851
574 149 221 122 851
413 146 225 122 851
248 139 223 122 851
178 162 229 122 851
621 155 237 123 852
292 18 227 123 852
574 150 224 123 852
413 147 221 123 852
178 163 223 123 852
621 156 237 124 853
385 122 229 124 853
648 158 223 124 853
621 157 237 125 854
385 123 224 125 854
292 20 230 125 854
248 142 229 125 854
621 158 238 126 855
213 143 224 126 855
648 160 231 126 855
292 21 231 126 855
413 150 221 126 855
178 166 223 126 855
621 159 247 127 856
292 22 227 127 856
178 167 221 127 856
621 160 239 128 857
292 23 232 128 857
178 168 225 128 857
621 161 241 129 858
292 24 233 129 858
248 146 227 130 859
621 162 238 130 859
292 25 236 130 859
413 154 222 130 859
248 147 225 130 859
621 163 242 131 860
292 26 230 131 860
413 155 222 131 860
248 148 226 131 860
621 164 245 131 860
292 27 229 132 861
413 156 230 132 861
248 149 233 132 861
621 165 235 132 861
292 28 227 133 862
413 157 226 133 862
178 173 221 133 862
248 150 237 133 862
621 166 241 134 863
292 29 221 134 863
621 167 240 134 863
292 30 235 135 864
248 152 225 135 864
621 168 231 136 865
292 31 235 136 865
413 160 221 136 865
248 153 222 136 865
621 169 235 137 866
213 154 221 137 866
292 32 235 137 866
248 154 224 138 867
178 177 221 138 867
621 170 233 138 867
385 136 225 138 867
699 68 221 138 867
292 33 235 138 867
621 171 239 139 868
248 155 233 139 868
385 137 223 139 868
292 34 228 139 868
621 172 240 140 869
248 156 241 140 869
200 46 221 140 869
385 138 227 140 869
292 35 233 140 869
248 157 226 141 870
621 173 234 141 870
621 174 234 142 871
248 158 229 142 871
385 140 223 142 871
213 159 223 142 871
292 37 227 142 871
83 112 223 142 871
248 159 225 143 872
621 175 239 143 872
385 141 221 143 872
699 73 222 143 872
292 38 226 143 872
248 160 227 144 873
621 176 231 144 873
178 183 225 144 873
213 161 221 144 873
699 74 223 144 873
292 39 234 144 873
248 161 232 145 874
621 177 245 145 874
248 162 230 146 875
621 178 245 146 875
292 41 231 146 875
248 163 232 147 876
621 179 243 147 876
292 42 221 147 876
83 117 221 147 876
248 164 228 148 877
621 180 240 148 877
178 187 223 148 877
292 43 227 148 877
248 165 234 149 878
621 181 229 149 878
248 166 233 150 879
621 182 235 150 879
178 189 221 150 879
385 148 221 150 879
648 184 221 150 879
292 45 235 150 879
413 174 221 150 879
621 183 234 151 880
248 167 239 151 880
648 185 222 151 880
699 81 225 151 880
292 46 234 151 880
621 184 236 152 881
248 168 231 152 881
178 191 223 152 881
648 186 223 152 881
292 47 237 152 881
621 185 227 152 881
248 169 233 152 881
178 192 227 153 882
292 48 237 153 882
621 186 232 154 883
385 152 225 154 883
213 171 223 154 883
292 49 237 154 883
413 178 224 154 883
248 171 237 154 883
621 187 233 155 884
178 194 225 155 884
385 153 223 155 884
648 189 224 155 884
699 85 223 155 884
292 50 238 155 884
248 172 235 155 884
621 188 235 155 884
178 195 225 156 885
213 173 230 156 885
292 51 240 156 885
83 126 223 156 885
621 189 237 156 885
248 173 225 156 885
178 196 221 157 886
385 155 221 157 886
213 174 222 157 886
292 52 236 157 886
621 190 227 157 886
248 174 229 157 886
178 197 221 158 887
213 175 225 158 887
699 88 227 158 887
292 53 240 158 887
621 191 230 158 887
248 175 235 158 887
213 176 223 159 888
648 193 223 159 888
292 54 237 159 888
621 192 230 159 888
178 199 223 159 888
248 176 223 159 888
699 90 227 160 889
83 130 221 160 889
621 193 230 160 889
248 177 227 160 889
213 178 237 161 890
292 56 226 161 890
248 178 231 161 890
621 194 233 161 890
213 179 227 162 891
292 57 230 162 891
621 195 222 162 891
248 179 232 162 891
213 180 229 163 892
699 93 225 163 892
292 58 231 163 892
248 180 226 163 892
621 196 226 163 892
292 59 233 164 893
621 197 229 164 893
248 181 224 164 893
292 60 235 165 894
621 198 228 165 894
213 183 222 166 895
292 61 231 166 895
248 183 226 166 895
621 199 233 166 895
292 62 226 167 896
83 137 225 167 896
621 200 223 167 896
292 63 234 168 897
83 138 221 168 897
621 201 221 168 897
292 64 231 169 898
292 65 228 170 899
621 203 223 170 899
248 187 225 170 899
292 66 240 171 900
248 188 223 171 900
648 206 222 172 901
292 67 238 172 901
178 212 222 173 902
213 190 223 173 902
621 206 224 173 902
292 69 221 174 903
621 207 221 174 903
292 70 231 175 904
621 208 222 175 904
248 192 221 176 905
213 193 221 176 905
292 71 230 176 905
248 193 222 177 906
213 194 225 177 906
292 72 229 177 906
621 210 227 177 906
248 194 225 178 907
213 195 227 178 907
699 108 223 178 907
292 73 225 178 907
621 211 223 178 907
248 195 222 179 908
213 196 223 179 908
292 74 235 179 908
248 196 227 180 909
621 212 225 180 909
178 219 221 180 909
213 197 221 180 909
200 86 221 180 909
385 178 224 180 909
292 75 234 180 909
621 213 223 181 910
292 76 221 181 910
248 198 221 181 910
621 214 222 182 911
699 112 221 182 911
292 77 235 182 911
292 78 235 183 912
621 216 223 183 912
699 114 221 184 913
292 79 231 184 913
621 217 229 184 913
385 183 221 185 914
292 80 233 185 914
574 212 223 185 914
621 218 231 185 914
385 184 225 186 915
292 81 229 186 915
248 203 228 186 915
621 219 238 186 915
385 185 222 187 916
292 82 221 187 916
621 220 227 187 916
178 227 221 187 916
248 205 221 188 917
621 221 227 188 917
292 84 226 189 918
621 222 226 189 918
292 85 230 190 919
292 86 236 191 920
248 208 221 191 920
292 87 233 192 921
248 209 223 192 921
292 88 233 193 922
248 210 221 193 922
292 89 232 194 923
248 211 221 194 923
248 212 225 195 924
292 91 237 196 925
178 236 225 196 925
621 229 228 196 925
292 92 241 197 926
621 230 227 197 926
385 196 223 198 927
292 93 236 198 927
621 231 222 198 927
292 94 237 199 928
621 232 239 199 928
385 198 221 200 929
292 95 239 200 929
621 233 237 200 929
385 199 222 201 930
292 96 239 201 930
248 218 226 201 930
621 234 231 202 931
385 200 223 202 931
292 97 235 202 931
248 219 222 202 931
621 235 236 202 931
292 98 235 203 932
621 236 231 204 933
385 202 221 204 933
292 99 233 204 933
248 221 221 204 933
621 237 233 205 934
292 100 231 205 934
292 101 237 206 935
248 223 226 206 935
699 137 221 207 936
292 102 234 207 936
699 138 223 208 937
292 103 231 208 937
621 241 222 208 937
385 207 223 209 938
699 139 222 209 938
292 104 233 209 938
621 242 221 209 938
699 140 221 210 939
292 105 238 210 939
213 228 221 210 939
621 243 234 210 939
385 209 221 211 940
699 141 221 211 940
292 106 233 211 940
574 238 225 211 940
621 244 231 211 940
292 107 237 212 941
621 245 223 212 941
385 211 223 213 942
292 108 243 213 942
213 231 223 213 942
621 246 223 213 942
385 212 227 214 943
292 109 237 214 943
213 232 223 214 943
385 213 224 215 944
292 110 243 215 944
385 214 222 216 945
292 111 236 216 945
248 233 229 216 945
213 234 224 216 945
621 249 225 216 945
385 215 221 217 946
292 112 241 217 946
213 235 225 217 946
621 250 223 217 946
699 148 222 218 947
292 113 243 218 947
248 235 225 218 947
213 236 223 218 947
621 251 226 218 947
699 149 225 219 948
292 114 246 219 948
574 246 223 219 948
213 237 227 219 948
621 252 223 219 948
385 218 222 220 949
292 115 246 220 949
574 247 224 220 949
292 116 246 221 950
621 254 223 221 950
292 117 239 222 951
248 239 221 222 951
621 255 227 222 951
292 118 238 223 952
621 256 226 223 952
385 222 225 224 953
292 119 233 224 953
213 242 221 224 953
385 223 227 225 954
292 121 229 226 955
385 225 239 226 955
292 122 231 227 956
248 244 223 227 956
385 226 235 227 956
292 123 235 228 957
385 227 240 228 957
292 124 225 229 958
574 256 221 229 958
385 228 239 229 958
178 269 221 229 958
292 125 229 230 959
248 247 221 230 959
213 248 227 230 959
385 229 234 230 959
385 230 238 231 960
248 249 225 232 961
621 265 227 232 961
385 231 236 232 961
648 267 223 232 961
590 270 223 233 962
83 203 223 233 962
621 266 222 233 962
385 232 240 233 962
648 268 221 233 962
699 164 227 234 963
590 271 224 234 963
385 233 242 234 963
292 130 232 235 964
248 252 227 235 964
621 268 225 235 964
385 234 245 235 964
178 275 222 235 964
292 134 230 239 968
292 135 225 240 969
590 277 223 240 969
621 273 232 240 969
385 239 225 240 969
292 136 223 241 970
385 240 223 241 970
648 276 223 241 970
292 138 235 243 972
292 139 221 244 973
648 279 223 244 973
292 140 235 245 974
621 278 224 245 974
648 280 221 245 974
292 141 237 246 975
621 279 226 246 975
248 263 231 246 975
292 142 235 247 976
621 280 237 247 976
248 264 224 247 976
292 143 231 248 977
574 275 221 248 977
621 281 238 248 977
248 265 230 248 977
292 144 235 249 978
621 282 234 249 978
292 145 226 250 979
621 283 235 250 979
292 146 227 251 980
621 284 244 251 980
292 147 225 252 981
648 1 233 252 981
621 285 233 252 981
699 183 221 253 982
292 148 235 253 982
385 252 233 253 982
621 286 232 253 982
248 270 231 253 982
292 149 241 254 983
621 287 237 254 983
385 253 224 254 983
292 150 233 255 984
621 288 233 255 984
385 254 223 255 984
292 151 237 256 985
621 289 229 256 985
385 255 224 256 985
248 273 228 256 985
292 152 235 257 986
590 294 221 257 986
621 290 231 257 986
292 153 225 258 987
590 295 221 258 987
385 257 226 258 987
248 275 225 258 987
621 292 233 259 988
292 155 223 260 989
621 293 233 260 989
292 156 235 261 990
621 294 222 261 990
292 157 227 262 991
621 295 237 262 991
248 279 222 262 991
292 158 225 263 992
621 296 232 263 992
248 280 235 263 992
292 159 224 264 993
621 297 237 264 993
213 282 225 264 993
248 281 234 264 993
292 160 237 265 994
621 298 233 265 994
248 282 224 265 994
292 161 230 266 995
621 299 236 266 995
248 283 238 266 995
292 162 225 267 996
621 300 234 267 996
385 266 221 267 996
248 284 231 267 996
292 163 221 268 997
621 301 231 268 997
248 285 233 268 997
292 164 223 269 998
699 199 223 269 998
621 302 237 269 998
248 286 235 269 998
292 165 239 270 999
621 303 238 270 999
248 287 235 270 999
292 166 232 271 1000
621 304 231 271 1000
385 270 225 271 1000
248 288 225 271 1000
292 167 232 272 1001
621 305 237 272 1001
292 168 229 273 1002
385 272 221 273 1002
621 306 239 273 1002
699 204 225 274 1003
292 169 226 274 1003
385 273 227 274 1003
621 307 237 274 1003
200 181 222 275 1004
385 274 227 275 1004
621 308 233 275 1004
248 292 221 275 1004
699 206 221 276 1005
574 303 221 276 1005
385 275 233 276 1005
621 309 221 276 1005
248 293 225 276 1005
699 207 227 277 1006
648 26 222 277 1006
574 304 221 277 1006
385 276 221 277 1006
621 310 224 277 1006
292 173 228 278 1007
699 208 229 278 1007
248 295 227 278 1007
292 174 231 279 1008
385 278 233 279 1008
248 296 230 279 1008
292 175 228 280 1009
385 279 221 280 1009
621 313 221 280 1009
248 297 229 280 1009
292 176 229 281 1010
385 280 223 281 1010
621 314 227 281 1010
248 298 232 281 1010
292 177 223 282 1011
699 212 222 282 1011
621 315 228 282 1011
385 281 223 282 1011
213 300 222 282 1011
248 299 224 282 1011
292 178 224 283 1012
648 32 222 283 1012
590 320 221 283 1012
385 282 231 283 1012
213 301 227 283 1012
200 190 223 283 1012
648 33 223 284 1013
590 321 221 284 1013
621 317 226 284 1013
385 283 231 284 1013
248 301 223 284 1013
590 322 222 285 1014
621 318 228 285 1014
385 284 235 285 1014
248 302 229 285 1014
699 216 222 286 1015
292 181 227 286 1015
590 323 221 286 1015
621 319 222 286 1015
248 303 225 286 1015
213 304 222 286 1015
200 193 225 286 1015
699 217 229 287 1016
292 182 230 287 1016
574 314 225 287 1016
590 324 223 287 1016
248 304 232 287 1016
178 327 224 287 1016
213 305 222 287 1016
385 286 225 287 1016
292 183 227 288 1017
699 218 231 288 1017
621 321 227 288 1017
248 305 224 288 1017
699 219 227 289 1018
648 38 239 289 1018
574 316 223 289 1018
83 259 223 289 1018
590 326 221 289 1018
621 322 225 289 1018
213 307 230 289 1018
200 196 225 289 1018
292 185 223 290 1019
699 220 222 290 1019
648 39 221 290 1019
621 323 223 290 1019
248 307 228 290 1019
200 197 225 290 1019
699 221 221 291 1020
413 315 223 291 1020
489 268 241 291 1020
574 318 221 291 1020
178 331 223 291 1020
178 332 245 292 1021
391 253 221 293 1022
736 259 231 293 1022
774 332 238 293 1022
177 332 237 293 1022
36 320 227 294 1023
515 279 221 294 1023
221 329 229 294 1023
322 318 221 294 1023
326 335 225 295 1024
469 324 221 295 1024
779 295 222 295 1024
418 330 241 295 1024
725 170 224 295 1024
780 341 231 296 1025
675 11 233 296 1025
95 14 224 296 1025
48 317 225 296 1025
272 337 221 296 1025
292 192 223 297 1026
650 277 221 297 1026
95 15 232 297 1026
368 270 247 297 1026
658 335 225 298 1027
129 341 231 298 1027
143 311 227 298 1027
672 321 246 298 1027
217 337 231 298 1027
270 30 227 299 1028
444 342 223 299 1028
636 144 222 299 1028
87 314 244 300 1029
270 31 223 300 1029
247 334 227 300 1029
444 343 229 300 1029
129 343 225 300 1029
87 315 221 300 1029
247 335 221 301 1030
217 340 221 301 1030
444 345 222 302 1031
132 306 231 302 1031
675 17 222 302 1031
672 325 227 302 1031
247 337 229 303 1032
132 307 225 303 1032
675 18 236 303 1032
129 346 221 303 1032
672 326 239 303 1032
383 335 221 303 1032
247 338 239 304 1033
132 308 228 304 1033
675 19 228 304 1033
589 348 224 304 1033
719 8 223 304 1033
636 149 222 304 1033
672 327 228 304 1033
383 336 221 304 1033
247 339 229 305 1034
132 309 221 305 1034
675 20 232 305 1034
719 9 221 305 1034
672 328 229 305 1034
444 349 221 306 1035
247 340 232 306 1035
132 310 225 306 1035
675 21 241 306 1035
589 350 227 306 1035
672 329 229 306 1035
87 321 223 306 1035
444 350 221 307 1036
247 341 239 307 1036
132 311 225 307 1036
675 22 237 307 1036
589 351 223 307 1036
672 330 227 307 1036
87 322 223 307 1036
247 342 237 308 1037
675 23 229 308 1037
672 331 231 308 1037
87 323 226 309 1038
247 343 240 309 1038
132 313 222 309 1038
675 24 236 309 1038
719 13 225 309 1038
672 332 226 309 1038
444 353 224 310 1039
247 344 221 310 1039
132 314 223 310 1039
675 25 228 310 1039
719 14 226 310 1039
247 345 239 311 1040
672 334 228 311 1040
675 27 227 312 1041
589 356 225 312 1041
247 347 231 313 1042
675 28 237 313 1042
129 356 221 313 1042
719 17 225 313 1042
672 336 221 313 1042
247 348 239 314 1043
675 29 228 314 1043
719 18 221 314 1043
132 319 223 315 1044
247 349 237 315 1044
675 30 234 315 1044
589 359 225 315 1044
636 160 221 315 1044
672 338 227 315 1044
247 350 231 316 1045
675 31 237 316 1045
589 360 229 316 1045
217 355 221 316 1045
247 351 233 317 1046
675 32 227 317 1046
589 361 227 317 1046
636 162 221 317 1046
247 352 237 318 1047
675 33 233 318 1047
589 362 225 318 1047
636 163 224 318 1047
247 353 235 319 1048
132 323 222 319 1048
675 34 221 319 1048
589 363 231 319 1048
672 342 225 319 1048
247 354 235 320 1049
675 35 233 320 1049
589 364 221 320 1049
636 165 221 320 1049
672 343 225 320 1049
383 352 221 320 1049
247 355 222 321 1050
132 325 233 321 1050
129 364 233 321 1050
719 25 226 321 1050
672 344 222 321 1050
719 26 228 322 1051
636 167 221 322 1051
672 345 239 322 1051
383 354 225 322 1051
270 54 223 323 1052
247 357 223 323 1052
675 38 231 323 1052
589 367 222 323 1052
719 27 230 323 1052
636 168 227 323 1052
675 39 221 324 1053
636 169 221 324 1053
247 359 223 325 1054
675 40 225 325 1054
270 57 222 326 1055
247 360 225 326 1055
270 58 231 327 1056
675 42 226 327 1056
270 59 224 328 1057
675 43 225 328 1057
719 32 221 328 1057
270 61 227 330 1059
270 62 221 331 1060
247 365 221 331 1060
636 176 223 331 1060
270 63 223 332 1061
675 49 246 334 1063
444 377 223 334 1063
636 179 225 334 1063
270 66 226 335 1064
247 369 221 335 1064
675 50 223 335 1064
675 51 233 336 1065
636 181 229 336 1065
270 68 226 337 1066
675 52 231 337 1066
672 360 225 337 1066
270 69 230 338 1067
247 372 221 338 1067
675 53 230 338 1067
672 361 223 338 1067
270 70 232 339 1068
247 373 222 339 1068
675 54 231 339 1068
672 362 221 339 1068
270 71 235 340 1069
675 55 223 340 1069
589 384 223 340 1069
672 363 222 340 1069
270 72 223 341 1070
675 56 221 341 1070
589 385 223 341 1070
270 73 223 342 1071
270 74 223 343 1072
589 388 222 344 1073
132 349 222 345 1074
444 388 221 345 1074
132 350 223 346 1075
270 77 223 346 1075
270 78 225 347 1076
132 351 223 347 1076
444 390 221 347 1076
270 79 229 348 1077
270 80 223 349 1078
675 64 225 349 1078
270 81 229 350 1079
675 65 226 350 1079
270 82 231 351 1080
270 83 233 352 1081
636 197 221 352 1081
270 84 233 353 1082
270 85 233 354 1083
270 86 237 355 1084
270 87 233 356 1085
589 400 222 356 1085
270 88 239 357 1086
132 361 221 357 1086
675 72 232 357 1086
636 202 224 357 1086
270 89 233 358 1087
444 401 223 358 1087
675 73 227 358 1087
636 203 221 358 1087
672 381 235 358 1087
636 204 222 359 1088
787 84 231 361 1090
787 85 246 362 1091
787 86 234 363 1092
787 87 237 364 1093
787 88 238 365 1094
787 89 226 366 1095
787 90 230 367 1096
787 91 221 368 1097
675 85 225 370 1099
444 413 225 370 1099
270 102 228 371 1100
719 75 225 371 1100
270 103 237 372 1101
675 87 233 372 1101
270 104 237 373 1102
556 415 221 373 1102
675 88 233 373 1102
270 105 237 374 1103
675 89 230 374 1103
270 106 235 375 1104
675 90 233 375 1104
675 91 233 376 1105
270 107 233 376 1105
270 108 237 377 1106
675 92 232 377 1106
270 109 236 378 1107
675 93 232 378 1107
270 110 238 379 1108
675 94 224 379 1108
270 111 231 380 1109
270 112 239 381 1110
675 96 224 381 1110
675 97 226 382 1111
270 113 252 382 1111
217 421 223 383 1112
675 98 227 383 1112
675 99 227 384 1113
675 100 227 385 1114
270 116 230 385 1114
675 101 226 386 1115
270 117 231 386 1115
675 102 221 387 1116
270 118 232 387 1116
675 103 228 388 1117
270 119 231 388 1117
675 104 228 389 1118
270 120 231 389 1118
675 105 223 390 1119
270 121 233 390 1119
675 106 238 391 1120
444 434 225 391 1120
589 435 223 391 1120
636 236 233 391 1120
132 397 229 393 1122
675 108 233 393 1122
132 398 222 394 1123
556 436 223 394 1123
675 109 241 394 1123
589 438 232 394 1123
132 399 239 395 1124
270 126 225 395 1124
672 418 222 395 1124
132 400 221 396 1125
270 127 221 396 1125
675 111 236 396 1125
719 100 231 396 1125
719 101 226 397 1126
719 102 223 398 1127
270 130 221 399 1128
132 404 229 400 1129
270 131 232 400 1129
719 104 223 400 1129
444 444 221 401 1130
444 445 221 402 1131
270 133 222 402 1131
675 117 237 402 1131
672 425 223 403 1132
675 118 223 403 1132
672 426 225 403 1132
270 135 223 404 1133
270 136 227 405 1134
444 450 221 407 1136
675 122 222 407 1136
589 451 221 407 1136
672 430 221 408 1137
247 442 221 408 1137
675 123 223 408 1137
589 452 224 408 1137
672 431 223 409 1138
444 452 225 409 1138
270 140 225 409 1138
675 124 221 409 1138
270 141 225 410 1139
672 433 223 411 1140
132 415 221 411 1140
675 126 228 411 1140
270 143 232 412 1141
247 447 223 413 1142
247 448 223 414 1143
270 145 223 414 1143
675 129 227 414 1143
270 146 221 415 1144
675 130 225 415 1144
672 438 227 416 1145
132 420 233 416 1145
129 459 221 416 1145
270 147 223 416 1145
675 131 224 416 1145
589 460 243 416 1145
672 439 227 417 1146
132 421 222 417 1146
444 460 223 417 1146
270 148 232 417 1146
270 149 223 418 1147
672 441 221 419 1148
270 150 227 419 1148
270 151 221 420 1149
672 443 222 421 1150
247 455 221 421 1150
672 445 222 423 1152
672 446 221 424 1153
217 462 221 424 1153
589 468 227 424 1153
636 269 221 424 1153
132 429 225 425 1154
132 430 221 426 1155
270 157 236 426 1155
589 470 221 426 1155
672 449 223 426 1155
270 159 224 428 1157
270 160 229 429 1158
132 434 221 430 1159
270 161 231 430 1159
270 162 223 431 1160
247 465 221 431 1160
270 163 240 432 1161
672 455 236 432 1161
675 148 221 433 1162
589 477 237 433 1162
672 456 227 433 1162
589 478 241 434 1163
270 166 234 435 1164
589 479 235 435 1164
270 167 233 436 1165
675 151 225 436 1165
589 481 230 437 1166
247 476 228 442 1171
247 477 225 443 1172
247 478 227 444 1173
270 175 223 444 1173
270 176 223 445 1174
247 480 225 446 1175
636 294 221 449 1178
270 182 226 451 1180
270 183 221 452 1181
270 186 221 455 1184
270 187 221 456 1185
270 191 221 460 1189
217 499 221 461 1190
247 495 222 461 1190
270 193 225 462 1191
270 194 225 463 1192
270 195 221 464 1193
270 198 233 467 1196
589 511 221 467 1196
217 507 221 469 1198
270 200 227 469 1198
589 513 224 469 1198
444 514 222 471 1200
636 316 221 471 1200
589 515 226 471 1200
247 506 227 472 1201
589 516 221 472 1201
672 495 221 472 1201
589 517 225 473 1202
270 4 223 473 1202
672 496 221 473 1202
589 518 222 474 1203
270 5 227 474 1203
270 6 228 475 1204
270 7 222 476 1205
383 508 226 477 1206
247 511 223 477 1206
270 8 225 477 1206
675 193 235 478 1207
589 522 223 478 1207
270 9 227 478 1207
247 513 223 479 1208
675 194 224 479 1208
383 512 225 481 1210
589 525 226 481 1210
270 12 223 481 1210
675 197 225 482 1211
270 13 227 482 1211
383 514 223 483 1212
270 14 226 483 1212
444 527 221 484 1213
675 199 223 484 1213
270 15 225 484 1213
636 330 223 485 1214
675 200 226 485 1214
270 16 227 485 1214
383 517 225 486 1215
675 201 228 486 1215
270 17 227 486 1215
383 518 222 487 1216
636 332 223 487 1216
675 202 221 487 1216
270 18 227 487 1216
383 519 225 488 1217
675 203 227 488 1217
270 19 227 488 1217
675 204 227 489 1218
270 20 227 489 1218
383 521 221 490 1219
247 524 224 490 1219
270 21 226 490 1219
383 522 225 491 1220
132 495 222 491 1220
636 336 227 491 1220
675 206 221 491 1220
270 22 227 491 1220
247 526 223 492 1221
270 23 227 492 1221
270 24 224 493 1222
672 516 226 494 1223
383 525 227 494 1223
636 339 221 494 1223
675 209 221 494 1223
270 25 225 494 1223
247 529 228 495 1224
675 210 223 495 1224
270 26 221 495 1224
383 527 223 496 1225
383 528 224 497 1226
247 531 225 497 1226
636 342 223 497 1226
675 212 237 497 1226
270 28 222 497 1226
675 213 231 498 1227
383 530 227 499 1228
675 214 226 499 1228
383 531 225 500 1229
636 345 222 500 1229
675 215 227 500 1229
270 31 221 500 1229
383 532 227 501 1230
675 216 230 501 1230
270 32 221 501 1230
383 533 227 502 1231
675 217 229 502 1231
270 33 224 502 1231
672 525 221 503 1232
672 526 225 504 1233
383 535 227 504 1233
675 219 225 504 1233
589 548 225 504 1233
383 536 229 505 1234
675 220 228 505 1234
383 537 231 506 1235
675 221 227 506 1235
270 37 223 506 1235
675 222 223 507 1236
270 38 223 507 1236
383 539 221 508 1237
675 223 227 508 1237
270 39 221 508 1237
217 547 221 509 1238
675 224 226 509 1238
383 541 222 510 1239
675 225 227 510 1239
270 41 223 510 1239
383 542 224 511 1240
132 515 221 511 1240
675 226 233 511 1240
672 534 235 512 1241
383 543 221 512 1241
675 227 235 512 1241
675 228 230 513 1242
675 229 231 514 1243
270 45 223 514 1243
675 230 231 515 1244
270 47 225 516 1245
383 548 222 517 1246
675 232 230 517 1246
247 553 223 519 1248
132 523 221 519 1248
383 550 223 519 1248
589 563 227 519 1248
719 223 224 519 1248
675 234 225 519 1248
217 558 225 519 1248
383 552 221 521 1250
173 210 225 521 1250
17 272 222 521 1250
129 564 226 521 1250
444 564 222 521 1250
719 225 225 521 1250
270 52 224 521 1250
217 560 222 521 1250
672 544 223 521 1250
247 556 226 522 1251
719 226 223 522 1251
675 237 235 522 1251
270 53 223 522 1251
383 554 223 523 1252
17 274 221 523 1252
129 566 222 523 1252
589 567 234 523 1252
132 528 221 524 1253
444 567 221 524 1253
589 568 223 524 1253
17 276 241 525 1254
270 56 225 525 1254
17 277 237 526 1255
444 569 221 526 1255
129 570 225 527 1256
17 279 243 528 1257
636 373 223 528 1257
87 543 224 529 1258
17 280 239 529 1258
636 374 245 529 1258
454 570 232 530 1259
670 120 235 531 1260
726 132 233 531 1260
547 569 225 531 1260
242 51 223 532 1261
300 552 226 532 1261
10 74 225 532 1261
593 249 224 532 1261
151 94 221 533 1262
665 369 225 533 1262
158 270 234 534 1263
394 564 223 534 1263
398 574 227 534 1263
782 516 235 534 1263
498 147 226 535 1264
124 557 239 535 1264
90 270 238 535 1264
533 250 230 536 1265
394 566 224 536 1265
498 148 223 536 1265
398 576 221 536 1265
196 561 223 536 1265
483 2 227 536 1265
320 17 232 536 1265
374 570 228 537 1266
177 117 234 537 1266
596 567 221 537 1266
259 503 221 537 1266
288 6 221 538 1267
177 118 233 538 1267
263 156 221 538 1267
292 90 226 538 1267
728 406 221 538 1267
263 157 221 539 1268
468 574 221 539 1268
76 495 225 539 1268
389 560 229 540 1269
389 561 226 541 1270
389 563 238 543 1272
389 564 235 544 1273
782 528 224 546 1275
412 528 233 547 1276
431 289 227 547 1276
268 469 225 547 1276
235 145 224 547 1276
782 529 239 547 1276
412 529 230 548 1277
394 578 221 548 1277
90 283 223 548 1277
431 290 223 548 1277
432 388 230 548 1277
412 530 223 549 1278
394 579 225 549 1278
268 471 229 549 1278
431 291 238 549 1278
235 147 227 549 1278
412 531 221 550 1279
90 285 221 550 1279
268 472 230 550 1279
431 292 237 550 1279
445 573 221 550 1279
782 532 223 550 1279
90 286 225 551 1280
268 473 233 551 1280
445 574 223 551 1280
394 582 223 552 1281
431 294 223 552 1281
432 392 223 552 1281
782 534 223 552 1281
412 534 225 553 1282
394 583 224 553 1282
90 288 221 553 1282
431 295 223 553 1282
268 475 234 553 1282
782 535 225 553 1282
412 535 230 554 1283
90 289 221 554 1283
431 296 225 554 1283
268 476 231 554 1283
432 394 223 554 1283
445 577 225 554 1283
782 536 221 554 1283
412 536 225 555 1284
604 581 222 555 1284
431 297 229 555 1284
268 477 239 555 1284
412 537 221 556 1285
90 291 232 556 1285
431 298 223 556 1285
268 478 226 556 1285
90 292 225 557 1286
431 299 222 557 1286
268 479 231 557 1286
432 397 224 557 1286
412 539 225 558 1287
604 584 221 558 1287
394 588 225 558 1287
431 300 237 558 1287
90 293 224 558 1287
268 480 233 558 1287
235 156 223 558 1287
90 294 235 559 1288
431 301 239 559 1288
604 586 229 560 1289
394 590 223 560 1289
90 295 222 560 1289
268 482 232 560 1289
432 400 230 560 1289
445 583 221 560 1289
412 542 223 561 1290
604 587 223 561 1290
431 303 230 561 1290
432 401 223 561 1290
604 588 222 562 1291
1 718 225 562 1291
235 160 223 562 1291
445 585 223 562 1291
431 305 223 563 1292
268 485 221 563 1292
412 545 225 564 1293
604 590 226 564 1293
432 404 224 564 1293
1 720 231 564 1293
782 546 227 564 1293
412 546 221 564 1293
604 591 226 565 1294
431 307 225 565 1294
268 487 225 565 1294
445 588 222 565 1294
412 547 224 565 1294
604 592 221 566 1295
431 308 221 566 1295
268 488 225 566 1295
432 406 223 566 1295
412 548 227 566 1295
1 723 224 567 1296
445 590 222 567 1296
1 724 221 568 1297
604 595 222 569 1298
431 311 226 569 1298
412 551 221 569 1298
431 312 225 570 1299
432 410 233 570 1299
432 411 231 571 1300
445 594 225 571 1300
604 598 221 572 1301
431 314 231 572 1301
432 412 224 572 1301
445 595 223 572 1301
782 554 221 572 1301
431 315 225 573 1302
90 308 233 573 1302
432 413 230 573 1302
445 596 222 573 1302
431 316 221 574 1303
432 414 228 574 1303
604 601 221 575 1304
431 317 227 575 1304
412 557 223 575 1304
431 318 222 576 1305
394 607 221 577 1306
604 603 223 577 1306
431 319 235 577 1306
412 559 225 577 1306
604 604 226 578 1307
90 313 221 578 1307
431 320 244 578 1307
445 601 223 578 1307
412 560 221 578 1307
431 321 239 579 1308
432 419 235 579 1308
445 602 224 579 1308
431 322 225 580 1309
431 323 225 581 1310
90 316 227 581 1310
268 503 224 581 1310
235 179 222 581 1310
445 605 224 582 1311
90 318 233 583 1312
394 614 222 583 1312
604 610 222 583 1312
90 319 221 584 1313
431 326 225 584 1313
268 506 223 584 1313
432 424 225 584 1313
431 327 226 585 1314
432 425 231 585 1314
268 507 221 585 1314
445 608 225 585 1314
90 321 227 586 1315
432 426 234 586 1315
445 609 226 586 1315
268 509 221 587 1316
432 427 233 587 1316
445 610 225 587 1316
431 330 222 588 1317
432 428 233 588 1317
445 611 224 588 1317
412 570 224 588 1317
431 331 226 589 1318
432 429 239 589 1318
445 612 224 589 1318
431 332 237 590 1319
432 430 245 590 1319
445 613 227 590 1319
782 572 224 590 1319
431 333 231 591 1320
432 431 239 591 1320
445 614 225 591 1320
782 573 223 591 1320
412 573 227 591 1320
431 334 233 592 1321
432 432 237 592 1321
445 615 223 592 1321
431 335 223 593 1322
432 433 239 593 1322
445 616 221 593 1322
604 620 223 594 1323
431 336 227 594 1323
432 434 229 594 1323
445 617 225 594 1323
431 337 233 595 1324
432 435 227 595 1324
90 6 223 595 1324
235 193 221 595 1324
445 618 223 595 1324
431 338 227 596 1325
432 436 232 596 1325
90 7 230 596 1325
445 619 222 596 1325
431 339 223 597 1326
432 437 232 597 1326
90 8 224 597 1326
431 340 227 598 1327
432 438 231 598 1327
445 621 225 598 1327
431 341 227 599 1328
432 439 234 599 1328
604 626 223 600 1329
432 440 233 600 1329
394 631 224 600 1329
604 627 223 601 1330
431 343 223 601 1330
432 441 227 601 1330
432 442 226 602 1331
431 345 230 603 1332
432 443 229 603 1332
90 14 225 603 1332
412 585 224 603 1332
782 585 223 603 1332
431 346 235 604 1333
432 444 227 604 1333
431 347 225 605 1334
432 445 229 605 1334
412 587 222 605 1334
431 348 224 606 1335
432 446 223 606 1335
268 528 223 606 1335
431 349 233 607 1336
432 447 228 607 1336
268 529 223 607 1336
235 205 225 607 1336
431 350 229 608 1337
432 448 231 608 1337
268 530 224 608 1337
235 206 222 608 1337
432 449 236 609 1338
412 591 224 609 1338
431 352 223 610 1339
432 450 240 610 1339
431 353 221 611 1340
235 209 224 611 1340
431 354 226 612 1341
432 452 238 612 1341
235 210 221 612 1341
604 639 222 612 1341
431 355 225 613 1342
432 453 225 613 1342
412 595 221 613 1342
604 640 221 613 1342
431 356 235 614 1343
445 637 221 614 1343
235 212 223 614 1343
782 596 223 614 1343
394 645 221 614 1343
431 357 227 615 1344
394 646 227 615 1344
604 642 225 615 1344
431 358 222 616 1345
432 456 237 616 1345
235 214 221 616 1345
445 640 221 617 1346
604 644 221 617 1346
431 360 221 618 1347
432 458 221 618 1347
445 641 222 618 1347
431 361 222 619 1348
445 642 221 619 1348
412 601 223 619 1348
431 362 228 620 1349
268 542 223 620 1349
394 651 223 620 1349
431 363 225 621 1350
235 219 223 621 1350
90 33 229 622 1351
782 604 225 622 1351
431 365 226 623 1352
445 646 221 623 1352
412 605 221 623 1352
432 464 222 624 1353
604 651 227 624 1353
431 367 224 625 1354
432 465 246 625 1354
445 648 223 625 1354
394 656 221 625 1354
431 368 230 625 1354
432 466 227 626 1355
268 548 231 626 1355
235 224 223 626 1355
431 369 227 626 1355
268 549 221 627 1356
90 38 221 627 1356
445 650 223 627 1356
235 225 225 627 1356
431 370 233 627 1356
432 468 222 628 1357
604 655 221 628 1357
431 371 224 628 1357
268 551 223 629 1358
412 611 231 629 1358
604 656 221 629 1358
431 372 235 629 1358
432 470 230 630 1359
394 661 223 630 1359
431 373 233 631 1360
268 553 221 631 1360
235 229 225 631 1360
431 374 222 632 1361
432 472 237 632 1361
412 614 228 632 1361
394 663 221 632 1361
431 375 227 633 1362
268 555 223 633 1362
235 231 223 633 1362
782 615 221 633 1362
268 556 224 634 1363
235 232 225 634 1363
412 616 227 634 1363
782 616 221 634 1363
431 377 226 635 1364
268 557 223 635 1364
445 658 223 635 1364
235 233 221 635 1364
604 662 229 635 1364
431 378 224 636 1365
268 558 227 636 1365
445 659 224 636 1365
412 618 223 636 1365
394 667 224 636 1365
604 663 223 636 1365
431 379 227 636 1365
432 477 248 637 1366
268 559 222 637 1366
445 660 223 637 1366
604 664 223 637 1366
432 478 232 638 1367
268 560 227 638 1367
445 661 226 638 1367
604 665 225 638 1367
268 561 235 639 1368
432 479 239 639 1368
604 666 226 639 1368
432 480 231 640 1369
412 622 223 640 1369
432 481 224 641 1370
268 563 227 641 1370
90 52 221 641 1370
235 239 221 641 1370
432 482 252 642 1371
268 564 221 642 1371
445 665 223 642 1371
235 240 222 642 1371
412 624 221 642 1371
782 624 222 642 1371
432 483 241 643 1372
412 625 221 643 1372
604 670 222 643 1372
431 386 226 643 1372
432 484 242 644 1373
268 566 228 644 1373
235 242 222 644 1373
782 626 221 644 1373
394 675 225 644 1373
432 485 253 645 1374
268 567 221 645 1374
445 668 222 645 1374
394 676 225 645 1374
431 388 223 646 1375
432 486 228 646 1375
268 568 227 646 1375
394 677 223 646 1375
431 389 235 647 1376
432 487 235 647 1376
268 569 221 647 1376
412 629 222 647 1376
432 488 243 648 1377
268 570 221 648 1377
412 630 223 648 1377
431 391 227 649 1378
432 489 222 649 1378
235 247 222 649 1378
412 631 223 649 1378
604 676 221 649 1378
782 631 222 649 1378
431 392 221 649 1378
432 490 226 650 1379
235 248 221 650 1379
412 632 221 650 1379
431 393 227 650 1379
432 491 229 651 1380
268 573 224 651 1380
445 674 224 651 1380
90 62 246 651 1380
604 678 229 651 1380
431 394 239 651 1380
432 492 226 652 1381
268 574 221 652 1381
445 675 221 652 1381
90 63 225 652 1381
431 395 247 652 1381
432 493 230 653 1382
268 575 233 653 1382
445 676 221 653 1382
90 64 228 653 1382
431 396 223 654 1383
90 65 237 654 1383
604 681 225 654 1383
431 397 240 654 1383
90 66 227 655 1384
431 398 229 655 1384
432 496 222 656 1385
90 67 221 656 1385
412 638 224 656 1385
431 399 233 656 1385
432 497 225 657 1386
90 68 227 657 1386
412 639 224 657 1386
431 400 229 657 1386
432 498 221 658 1387
90 69 231 658 1387
431 401 233 658 1387
432 499 221 659 1388
268 581 233 659 1388
412 641 226 659 1388
90 70 227 659 1388
431 402 242 659 1388
432 500 222 660 1389
268 582 223 660 1389
431 403 238 660 1389
432 501 223 661 1390
268 583 225 661 1390
445 684 223 661 1390
412 643 221 661 1390
90 72 223 661 1390
431 404 241 661 1390
268 584 225 662 1391
445 685 222 662 1391
412 644 222 662 1391
604 689 225 662 1391
268 585 221 663 1392
445 686 225 663 1392
412 645 225 663 1392
394 694 226 663 1392
782 645 223 663 1392
431 406 233 663 1392
432 504 237 664 1393
90 75 225 664 1393
431 407 245 664 1393
432 505 234 665 1394
412 647 227 665 1394
90 76 223 665 1394
431 408 248 665 1394
432 506 234 666 1395
268 588 224 666 1395
412 648 225 666 1395
604 693 221 666 1395
782 648 221 666 1395
431 409 233 666 1395
432 507 235 667 1396
268 589 226 667 1396
445 690 225 667 1396
235 265 221 667 1396
90 78 231 667 1396
604 694 221 667 1396
431 410 224 668 1397
432 508 222 668 1397
431 411 228 669 1398
445 692 221 669 1398
412 651 225 669 1398
431 412 223 670 1399
431 413 228 671 1400
432 511 225 671 1400
412 653 223 671 1400
431 414 226 672 1401
432 512 227 672 1401
412 654 225 672 1401
604 699 222 672 1401
431 415 240 673 1402
432 513 229 673 1402
412 655 222 673 1402
604 700 221 674 1403
431 416 241 674 1403
432 514 227 674 1403
445 697 221 674 1403
604 701 222 675 1404
431 417 245 675 1404
432 515 233 675 1404
604 702 226 676 1405
431 418 239 676 1405
431 419 239 677 1406
235 275 221 677 1406
431 420 230 678 1407
412 660 223 678 1407
604 705 221 678 1407
431 421 236 679 1408
268 601 223 679 1408
432 519 223 679 1408
412 661 224 679 1408
604 706 225 679 1408
431 422 240 680 1409
268 602 221 680 1409
432 520 233 680 1409
604 707 223 681 1410
431 423 237 681 1410
268 603 221 681 1410
432 521 223 681 1410
90 92 223 681 1410
604 708 223 682 1411
431 424 235 682 1411
412 664 221 682 1411
235 280 221 682 1411
604 709 224 683 1412
431 425 233 683 1412
432 523 223 683 1412
432 524 227 684 1413
412 666 228 684 1413
235 282 223 684 1413
90 95 225 684 1413
431 427 233 685 1414
432 525 230 685 1414
431 428 240 686 1415
432 526 222 686 1415
431 429 233 687 1416
268 609 223 687 1416
431 430 231 688 1417
432 528 225 688 1417
90 99 222 688 1417
431 431 231 689 1418
432 529 225 689 1418
431 432 241 690 1419
432 530 225 690 1419
431 433 241 691 1420
432 531 225 691 1420
431 434 246 692 1421
432 532 221 692 1421
431 435 233 693 1422
431 436 232 694 1423
431 437 235 695 1424
412 677 225 695 1424
235 293 223 695 1424
431 438 235 696 1425
431 439 241 697 1426
431 440 231 698 1427
604 725 223 699 1428
431 442 227 700 1429
431 443 225 701 1430
432 541 225 701 1430
431 444 241 702 1431
268 624 225 702 1431
432 542 237 702 1431
90 113 223 702 1431
431 445 237 703 1432
235 301 223 703 1432
431 446 247 704 1433
268 626 230 704 1433
432 544 225 704 1433
235 302 225 704 1433
431 447 244 705 1434
432 545 223 705 1434
90 116 221 705 1434
235 303 223 705 1434
604 732 224 706 1435
431 448 246 706 1435
432 546 226 706 1435
90 117 223 706 1435
235 304 223 706 1435
431 449 230 707 1436
432 547 225 707 1436
412 689 222 707 1436
235 305 230 707 1436
431 450 235 708 1437
432 548 243 708 1437
412 690 227 708 1437
604 735 221 709 1438
431 451 233 709 1438
268 631 221 709 1438
432 549 242 709 1438
235 307 223 709 1438
431 452 231 710 1439
432 550 245 710 1439
604 737 229 711 1440
431 453 236 711 1440
432 551 243 711 1440
412 693 225 711 1440
445 734 223 711 1440
235 309 225 711 1440
604 738 222 712 1441
431 454 233 712 1441
432 552 247 712 1441
235 310 222 712 1441
431 455 221 713 1442
432 553 241 713 1442
604 740 223 714 1443
394 744 223 714 1443
431 456 225 714 1443
432 554 223 714 1443
412 696 223 714 1443
431 457 237 715 1444
432 555 229 715 1444
431 458 252 716 1445
268 638 224 716 1445
432 556 226 716 1445
412 698 221 716 1445
431 459 247 717 1446
432 557 225 717 1446
235 315 227 717 1446
431 460 251 718 1447
268 640 223 718 1447
432 558 225 718 1447
412 700 221 718 1447
431 461 221 719 1448
268 641 222 719 1448
432 559 225 719 1448
235 317 225 719 1448
268 642 225 720 1449
432 560 237 720 1449
445 743 225 720 1449
412 702 227 720 1449
604 747 223 720 1449
394 751 224 721 1450
431 463 223 721 1450
432 561 237 721 1450
445 744 230 721 1450
90 132 224 721 1450
394 752 221 722 1451
431 464 235 722 1451
782 703 223 722 1451
268 644 225 722 1451
432 562 240 722 1451
412 704 221 722 1451
445 745 231 722 1451
90 133 221 722 1451
235 320 225 722 1451
604 749 223 722 1451
431 465 226 723 1452
432 563 233 723 1452
445 746 230 723 1452
431 466 233 724 1453
432 564 233 724 1453
268 646 222 724 1453
445 747 222 724 1453
90 135 225 724 1453
235 322 223 724 1453
394 755 221 725 1454
431 467 227 725 1454
432 565 225 725 1454
412 707 221 725 1454
445 748 221 725 1454
90 136 230 725 1454
235 323 221 725 1454
431 468 226 726 1455
432 566 237 726 1455
268 648 225 726 1455
412 708 221 726 1455
445 749 221 726 1455
431 469 232 727 1456
432 567 235 727 1456
268 649 222 727 1456
412 709 221 727 1456
445 750 223 727 1456
235 325 223 727 1456
431 470 235 728 1457
432 568 234 728 1457
445 751 229 728 1457
90 139 227 728 1457
235 326 225 728 1457
394 759 221 728 1457
431 471 231 729 1458
268 651 224 729 1458
432 569 222 729 1458
412 711 227 729 1458
445 752 228 729 1458
90 140 226 729 1458
412 712 223 730 1459
235 328 221 730 1459
432 571 223 731 1460
90 142 227 731 1460
431 474 232 731 1460
432 572 233 732 1461
412 714 221 732 1461
90 143 221 732 1461
394 763 221 732 1461
431 475 228 732 1461
432 573 229 733 1462
431 476 241 733 1462
432 574 226 734 1463
431 477 221 734 1463
432 575 229 735 1464
412 717 228 735 1464
431 478 231 735 1464
432 576 223 736 1465
412 718 222 736 1465
431 479 227 736 1465
412 719 225 737 1466
90 148 221 737 1466
431 480 238 737 1466
412 720 221 738 1467
235 336 222 738 1467
604 765 221 738 1467
431 481 233 738 1467
394 769 221 739 1468
431 482 223 739 1468
432 580 229 740 1469
90 151 221 740 1469
432 581 223 741 1470
412 723 221 741 1470
445 764 223 741 1470
431 485 222 742 1471
431 486 223 743 1472
431 488 225 745 1474
431 489 233 746 1475
782 728 223 747 1476
431 490 221 747 1476
90 159 222 748 1477
431 491 221 748 1477
445 772 223 749 1478
90 160 225 749 1478
431 492 223 749 1478
431 493 223 750 1479
432 591 223 751 1480
445 774 222 751 1480
235 349 223 751 1480
394 782 222 751 1480
432 592 224 752 1481
90 163 221 752 1481
235 350 223 752 1481
394 783 221 752 1481
431 495 231 752 1481
268 675 223 752 1481
782 734 225 753 1482
431 496 233 753 1482
432 594 223 754 1483
431 497 223 754 1483
268 677 223 754 1483
432 595 228 755 1484
268 678 223 755 1484
432 596 223 756 1485
412 738 225 756 1485
431 499 233 756 1485
90 168 221 757 1486
431 500 224 757 1486
432 598 223 758 1487
445 781 225 758 1487
412 740 223 758 1487
431 501 225 758 1487
268 681 224 759 1488
432 599 221 759 1488
90 170 225 759 1488
431 502 229 759 1488
432 600 225 760 1489
445 783 231 760 1489
431 503 223 760 1489
432 601 225 761 1490
412 743 225 761 1490
394 792 221 761 1490
432 602 231 762 1491
412 744 222 762 1491
432 603 235 763 1492
412 745 223 763 1492
432 604 221 764 1493
235 362 222 764 1493
394 795 222 764 1493
431 507 225 764 1493
268 687 221 765 1494
432 605 238 765 1494
90 176 226 765 1494
412 747 229 765 1494
394 796 222 765 1494
431 508 223 765 1494
432 1 235 766 1495
90 177 225 766 1495
431 509 225 766 1495
604 793 227 766 1495
432 2 240 767 1496
490 737 221 767 1496
684 524 221 768 1497
432 3 225 768 1497
42 453 221 768 1497
432 4 235 769 1498
483 235 227 769 1498
422 797 231 770 1499
633 790 224 770 1499
438 127 235 771 1500
276 789 227 771 1500
512 787 231 771 1500
694 456 234 771 1500
729 220 237 771 1500
438 128 221 772 1501
642 19 231 772 1501
141 195 230 772 1501
309 240 225 772 1501
121 30 222 772 1501
508 716 221 772 1501
7 796 231 772 1501
259 186 224 772 1501
358 469 221 772 1501
498 385 227 772 1501
596 803 227 773 1502
700 666 227 773 1502
556 8 228 773 1502
318 805 221 773 1502
498 386 247 774 1503
438 130 231 774 1503
596 804 240 774 1503
508 718 231 774 1503
458 819 226 774 1503
164 331 221 774 1503
299 310 225 774 1503
658 812 230 774 1503
63 791 222 774 1503
498 387 229 774 1503
534 814 238 774 1503
438 131 222 775 1504
468 810 227 775 1504
344 803 221 775 1504
596 805 246 775 1504
272 815 223 775 1504
166 782 221 775 1504
89 815 225 775 1504
199 368 243 775 1504
725 252 226 775 1504
556 10 227 775 1504
537 796 221 775 1504
551 4 228 776 1505
532 14 225 776 1505
688 203 226 776 1505
684 532 223 776 1505
508 720 221 776 1505
340 223 222 776 1505
556 11 221 776 1505
609 244 227 776 1505
271 755 221 777 1506
463 9 247 777 1506
497 810 223 777 1506
380 751 223 777 1506
235 375 227 777 1506
533 88 221 777 1506
6 12 223 777 1506
498 390 222 777 1506
463 10 240 778 1507
380 752 235 778 1507
235 376 231 778 1507
164 335 221 778 1507
643 584 221 778 1507
523 803 224 778 1507
358 475 226 778 1507
534 818 221 778 1507
498 391 223 778 1507
463 11 225 779 1508
732 766 227 779 1508
313 1 224 779 1508
667 169 232 779 1508
688 206 221 779 1508
515 136 221 779 1508
649 236 227 779 1508
403 146 223 779 1508
725 256 237 779 1508
259 193 222 779 1508
438 136 234 779 1508
319 818 226 780 1509
596 810 231 780 1509
508 724 230 780 1509
421 36 227 780 1509
433 4 223 780 1509
374 814 221 780 1509
725 257 234 780 1509
188 299 221 780 1509
616 624 233 780 1509
438 137 241 781 1510
596 811 223 781 1510
281 11 223 781 1510
70 24 227 781 1510
725 258 236 781 1510
331 155 221 781 1510
523 806 221 781 1510
438 138 223 781 1510
596 812 233 782 1511
532 20 225 782 1511
568 319 231 782 1511
45 478 221 782 1511
403 149 223 782 1511
70 25 227 782 1511
725 259 240 782 1511
438 139 239 782 1511
596 813 222 783 1512
532 21 221 783 1512
447 723 223 783 1512
508 727 225 783 1512
725 260 237 783 1512
724 820 224 784 1513
510 72 221 784 1513
596 814 221 784 1513
508 728 233 784 1513
597 247 221 784 1513
210 187 221 784 1513
725 261 239 784 1513
25 787 222 784 1513
787 508 222 785 1514
508 729 229 785 1514
288 254 232 785 1514
725 262 231 785 1514
508 730 231 786 1515
263 405 223 786 1515
725 263 229 786 1515
403 153 223 786 1515
596 817 221 787 1516
508 731 237 787 1516
191 212 225 787 1516
458 832 221 787 1516
71 177 227 787 1516
345 496 222 787 1516
787 511 223 788 1517
414 824 231 788 1517
508 732 239 788 1517
121 46 226 788 1517
191 213 221 788 1517
733 825 221 788 1517
498 401 223 788 1517
616 632 222 788 1517
724 825 222 789 1518
508 733 231 789 1518
515 146 221 789 1518
191 214 221 789 1518
649 246 227 789 1518
441 762 221 789 1518
733 826 241 789 1518
319 828 223 790 1519
88 795 223 790 1519
187 817 221 790 1519
508 734 227 790 1519
126 471 223 790 1519
137 818 229 790 1519
191 215 223 790 1519
210 193 221 790 1519
549 817 223 790 1519
658 828 225 790 1519
523 815 233 790 1519
295 798 223 791 1520
432 26 221 791 1520
508 735 233 791 1520
191 216 222 791 1520
359 276 223 791 1520
733 828 226 791 1520
468 827 221 792 1521
596 822 227 792 1521
432 27 227 792 1521
187 819 227 792 1521
508 736 222 792 1521
126 473 221 792 1521
467 29 221 792 1521
45 488 225 792 1521
423 819 224 792 1521
498 405 228 792 1521
724 829 221 792 1521
438 149 226 793 1522
432 28 221 793 1522
187 820 234 793 1522
508 737 239 793 1522
81 817 225 793 1522
523 818 227 793 1522
733 830 231 793 1522
498 406 224 793 1522
596 824 227 794 1523
438 150 241 794 1523
432 29 228 794 1523
421 50 222 794 1523
187 821 235 794 1523
508 738 241 794 1523
191 219 224 794 1523
458 839 223 794 1523
733 831 231 794 1523
423 821 231 794 1523
498 407 223 794 1523
596 825 227 794 1523
468 830 224 795 1524
438 151 239 795 1524
354 721 227 795 1524
312 818 232 795 1524
432 30 238 795 1524
126 476 224 795 1524
187 822 233 795 1524
508 739 228 795 1524
121 53 225 795 1524
314 497 221 795 1524
259 209 222 795 1524
578 381 222 795 1524
661 683 221 795 1524
495 817 234 795 1524
423 822 221 795 1524
145 93 226 796 1525
724 833 223 796 1525
738 767 232 797 1526
670 387 235 797 1526
716 833 221 797 1526
516 832 231 797 1526
463 30 229 798 1527
568 2 225 798 1527
457 835 224 798 1527
574 825 228 798 1527
490 768 224 798 1527
509 788 225 798 1527
602 813 235 798 1527
58 500 232 798 1527
396 315 237 798 1527
299 334 221 798 1527
359 283 229 798 1527
658 836 225 798 1527
423 825 223 798 1527
549 825 227 798 1527
523 823 225 798 1527
163 228 221 798 1527
733 835 223 798 1527
498 411 223 798 1527
724 835 225 798 1527
596 829 226 799 1528
438 155 223 799 1528
566 824 223 799 1528
470 750 225 799 1528
432 34 221 799 1528
665 635 223 799 1528
121 57 224 799 1528
325 832 223 799 1528
750 379 222 799 1528
257 753 243 799 1528
495 821 223 799 1528
637 198 221 799 1528
264 490 223 799 1528
672 823 229 800 1529
446 827 227 801 1530
4 828 222 801 1530
503 831 227 801 1530
446 828 236 802 1531
287 538 227 802 1531
503 832 230 802 1531
446 829 235 803 1532
503 833 233 803 1532
446 830 233 804 1533
287 540 239 804 1533
446 831 244 805 1534
287 541 237 805 1534
306 41 231 805 1534
446 832 231 806 1535
626 131 226 806 1535
684 564 221 808 1537
626 134 239 809 1538
503 839 225 809 1538
503 840 226 810 1539
173 59 223 810 1539
626 136 246 811 1540
4 838 225 811 1540
503 841 232 811 1540
626 137 246 812 1541
503 842 222 812 1541
672 835 227 812 1541
626 138 247 813 1542
173 62 230 813 1542
432 49 230 814 1543
626 139 223 814 1543
195 212 222 814 1543
626 140 238 815 1544
503 845 221 815 1544
446 842 239 816 1545
503 846 239 816 1545
432 52 221 817 1546
446 843 229 817 1546
626 142 231 817 1546
503 847 225 817 1546
626 143 224 818 1547
503 848 223 818 1547
306 54 221 818 1547
503 849 227 819 1548
503 850 229 820 1549
574 850 224 823 1552
520 859 223 823 1552
533 2 224 823 1552
763 267 223 823 1552
190 40 221 823 1552
294 856 232 823 1552
574 851 223 824 1553
747 7 232 824 1553
438 181 222 825 1554
667 215 224 825 1554
551 53 221 825 1554
467 63 222 826 1555
682 864 227 826 1555
129 870 222 826 1555
510 115 224 826 1555
638 849 227 827 1556
131 851 236 828 1557
736 794 235 828 1557
72 314 222 828 1557
725 305 233 828 1557
333 861 227 828 1557
221 864 240 828 1557
244 859 224 828 1557
106 325 221 829 1558
704 865 223 829 1558
72 315 237 829 1558
484 2 221 830 1559
23 342 221 831 1560
72 317 233 831 1560
397 240 237 831 1560
23 343 232 832 1561
484 4 232 832 1561
590 1 225 832 1561
72 318 237 832 1561
397 241 223 832 1561
23 344 223 833 1562
484 5 239 833 1562
72 319 234 833 1562
397 242 238 833 1562
43 870 224 834 1563
169 169 227 834 1563
503 865 223 835 1564
653 495 236 836 1565
106 332 223 836 1565
503 866 229 836 1565
534 876 225 836 1565
272 877 225 836 1565
618 221 221 837 1566
259 251 223 837 1566
658 875 223 837 1566
244 868 227 837 1566
123 854 225 837 1566
23 349 224 838 1567
484 10 235 838 1567
319 876 232 838 1567
392 876 224 838 1567
101 858 244 839 1568
725 316 225 839 1568
596 870 239 839 1568
700 733 222 840 1569
725 317 227 840 1569
596 871 246 840 1569
244 871 224 840 1569
725 318 221 841 1570
423 868 227 841 1570
596 872 241 841 1570
725 319 231 842 1571
494 399 235 842 1571
100 55 233 843 1572
358 541 230 844 1573
284 883 225 844 1573
87 293 224 844 1573
684 601 221 845 1574
626 171 241 846 1575
247 881 223 846 1575
636 272 224 847 1576
636 274 221 849 1578
432 85 237 850 1579
71 18 225 850 1579
79 443 222 850 1579
413 301 232 850 1579
50 3 223 851 1580
760 35 228 851 1580
470 803 227 852 1581
686 870 227 853 1582
278 893 235 853 1582
393 636 236 853 1582
396 370 229 853 1582
413 304 238 853 1582
735 522 244 854 1583
393 637 233 854 1583
396 371 251 854 1583
19 322 246 855 1584
413 306 238 855 1584
735 524 230 856 1585
393 639 237 856 1585
393 640 246 857 1586
340 305 228 858 1587
393 641 241 858 1587
340 306 235 859 1588
340 307 242 860 1589
556 96 224 861 1590
40 559 222 861 1590
644 892 221 861 1590
340 309 239 862 1591
682 900 223 862 1591
451 903 234 863 1592
450 898 226 863 1592
340 310 235 863 1592
342 900 225 863 1592
396 380 230 863 1592
724 900 224 863 1592
574 891 221 864 1593
80 904 227 864 1593
340 311 228 864 1593
340 312 237 865 1594
160 893 222 865 1594
340 313 237 866 1595
256 683 221 867 1596
457 904 231 867 1596
160 895 221 867 1596
441 840 231 867 1596
110 178 232 867 1596
359 352 223 867 1596
534 907 225 867 1596
523 892 225 867 1596
551 22 223 868 1597
504 894 227 868 1597
277 96 223 868 1597
80 908 222 868 1597
295 875 222 868 1597
593 585 223 868 1597
520 905 243 869 1598
309 3 223 869 1598
340 317 221 870 1599
105 878 223 870 1599
607 872 223 870 1599
251 900 235 870 1599
357 47 229 870 1599
161 397 229 870 1599
468 906 225 870 1599
272 911 225 870 1599
301 172 224 870 1599
456 907 224 872 1601
352 703 235 873 1602
352 704 233 874 1603
352 705 239 875 1604
788 875 223 876 1605
294 9 226 876 1605
520 912 224 876 1605
490 846 221 876 1605
454 916 221 876 1605
383 908 246 876 1605
95 594 223 876 1605
365 575 235 876 1605
239 31 223 876 1605
658 914 222 876 1605
253 658 221 877 1606
295 884 222 877 1606
633 897 233 877 1606
498 47 222 877 1606
134 265 225 877 1606
633 898 225 878 1607
735 547 223 879 1608
574 906 221 879 1608
551 33 227 879 1608
225 836 233 879 1608
393 662 221 879 1608
363 341 238 880 1609
213 165 230 880 1609
138 925 235 881 1610
340 328 238 881 1610
81 905 222 881 1610
423 908 230 881 1610
40 20 231 881 1610
261 914 221 882 1611
340 329 244 882 1611
210 29 223 882 1611
431 625 221 882 1611
484 15 223 882 1611
470 834 221 882 1611
336 201 235 882 1611
538 904 223 883 1612
428 122 235 884 1613
102 914 221 884 1613
340 331 237 884 1613
159 633 223 884 1613
583 118 236 884 1613
288 95 242 884 1613
123 901 226 884 1613
223 359 242 885 1614
573 922 222 885 1614
682 923 228 885 1614
227 846 222 885 1614
611 909 241 885 1614
648 57 221 885 1614
390 917 221 886 1615
648 58 248 886 1615
648 59 245 887 1616
638 909 221 888 1617
442 921 229 888 1617
378 893 225 889 1618
65 869 230 889 1618
581 299 225 889 1618
621 923 221 890 1619
499 872 233 890 1619
8 872 247 890 1619
703 910 221 890 1619
124 914 229 891 1620
651 927 224 892 1621
494 450 233 893 1622
11 378 221 894 1623
41 931 226 895 1624
64 911 224 895 1624
438 40 223 896 1625
520 932 223 896 1625
463 129 221 896 1625
510 185 221 896 1625
520 933 235 897 1626
763 24 221 897 1626
438 42 229 898 1627
50 50 221 898 1627
494 455 221 898 1627
438 43 221 899 1628
651 934 221 899 1628
520 935 224 899 1628
296 944 223 899 1628
598 43 222 899 1628
64 915 221 900 1629
438 44 222 900 1629
651 935 221 900 1629
150 111 232 900 1629
79 3 221 900 1629
438 45 225 901 1630
520 937 236 901 1630
150 112 236 901 1630
438 46 232 902 1631
520 938 224 902 1631
763 29 227 902 1631
150 113 243 902 1631
438 47 228 903 1632
520 939 227 903 1632
296 948 221 903 1632
494 460 221 903 1632
763 30 224 903 1632
453 49 223 903 1632
150 114 235 903 1632
561 29 223 904 1633
520 940 225 904 1633
763 31 222 904 1633
150 115 222 904 1633
64 920 227 905 1634
312 928 222 905 1634
669 940 236 905 1634
763 32 226 905 1634
64 921 225 906 1635
669 941 233 906 1635
520 942 224 906 1635
64 922 222 907 1636
669 942 242 907 1636
64 923 223 908 1637
561 33 221 908 1637
438 52 224 908 1637
669 943 235 908 1637
763 35 221 908 1637
561 34 221 909 1638
438 53 222 909 1638
669 944 237 909 1638
520 945 221 909 1638
64 925 223 910 1639
669 945 236 910 1639
296 955 221 910 1639
64 926 226 911 1640
561 36 225 911 1640
669 946 238 911 1640
520 947 229 911 1640
296 956 221 911 1640
763 38 225 911 1640
460 28 221 912 1641
438 56 230 912 1641
669 947 236 912 1641
520 948 232 912 1641
64 928 231 913 1642
438 57 221 913 1642
669 948 234 913 1642
296 958 225 913 1642
767 948 221 913 1642
494 470 224 913 1642
64 929 221 914 1643
669 949 239 914 1643
520 950 231 914 1643
763 41 222 915 1644
150 125 221 915 1644
64 930 223 915 1644
460 31 225 915 1644
438 59 222 915 1644
669 950 235 915 1644
520 951 228 915 1644
767 950 221 915 1644
763 42 223 915 1644
64 931 221 916 1645
460 32 225 916 1645
669 951 232 916 1645
520 952 223 916 1645
767 951 223 916 1645
64 932 223 917 1646
460 33 226 917 1646
438 61 224 917 1646
669 952 233 917 1646
520 953 223 917 1646
767 952 221 917 1646
763 44 223 917 1646
64 933 223 918 1647
460 34 225 918 1647
669 953 235 918 1647
767 953 221 918 1647
763 45 221 918 1647
64 934 224 919 1648
460 35 225 919 1648
669 954 231 919 1648
520 955 223 919 1648
763 46 222 919 1648
561 45 221 920 1649
438 64 222 920 1649
669 955 231 920 1649
520 956 223 920 1649
767 955 221 920 1649
763 47 223 920 1649
150 131 223 920 1649
64 936 226 921 1650
460 37 221 921 1650
669 956 237 921 1650
520 957 225 921 1650
763 48 222 921 1650
561 47 221 922 1651
460 38 221 922 1651
669 957 239 922 1651
520 958 223 922 1651
296 967 223 922 1651
763 49 221 922 1651
150 133 225 923 1652
460 39 223 923 1652
669 958 239 923 1652
150 134 221 924 1653
460 40 221 924 1653
669 959 231 924 1653
150 135 226 925 1654
64 940 225 925 1654
460 41 222 925 1654
64 941 224 926 1655
150 136 221 926 1655
460 42 225 926 1655
520 962 224 926 1655
296 971 221 926 1655
64 942 225 927 1656
460 43 223 927 1656
669 962 224 927 1656
520 963 225 927 1656
64 943 227 928 1657
150 138 221 928 1657
460 44 225 928 1657
669 963 224 928 1657
525 960 225 928 1657
520 964 226 928 1657
64 944 224 929 1658
150 139 221 929 1658
669 964 224 929 1658
525 961 223 929 1658
520 965 221 929 1658
296 974 233 929 1658
64 945 228 930 1659
669 965 225 930 1659
525 962 223 930 1659
520 966 222 930 1659
763 57 221 930 1659
64 946 225 931 1660
520 967 223 931 1660
438 76 221 932 1661
520 968 221 932 1661
763 59 223 932 1661
611 956 221 933 1662
64 948 221 933 1662
438 77 225 933 1662
296 978 227 933 1662
64 949 228 934 1663
438 78 221 934 1663
520 970 221 934 1663
296 979 225 934 1663
64 950 225 935 1664
438 79 223 935 1664
669 970 234 935 1664
150 146 221 936 1665
64 951 223 936 1665
669 971 235 936 1665
520 972 221 936 1665
64 952 230 937 1666
561 62 223 937 1666
438 81 221 937 1666
669 972 239 937 1666
520 973 223 937 1666
296 982 223 937 1666
763 64 221 937 1666
64 953 225 938 1667
438 82 222 938 1667
669 973 235 938 1667
520 974 221 938 1667
763 65 224 938 1667
64 954 227 939 1668
150 149 222 939 1668
561 64 221 939 1668
438 83 223 939 1668
312 962 223 939 1668
669 974 239 939 1668
763 66 223 939 1668
611 963 223 940 1669
64 955 225 940 1669
460 56 225 940 1669
438 84 227 940 1669
312 963 223 940 1669
669 975 237 940 1669
41 976 221 940 1669
520 976 222 940 1669
296 985 221 940 1669
763 67 223 940 1669
611 964 222 941 1670
64 956 225 941 1670
561 66 225 941 1670
438 85 221 941 1670
312 964 222 941 1670
669 976 235 941 1670
312 965 223 942 1671
669 977 231 942 1671
520 978 221 942 1671
763 69 221 942 1671
460 59 228 943 1672
312 966 223 943 1672
669 978 234 943 1672
64 959 225 944 1673
611 967 221 944 1673
460 60 229 944 1673
312 967 221 944 1673
669 979 237 944 1673
296 989 221 944 1673
763 71 223 944 1673
611 968 223 945 1674
64 960 227 945 1674
150 155 221 945 1674
460 61 226 945 1674
669 980 235 945 1674
296 990 221 945 1674
611 969 222 946 1675
64 961 229 946 1675
150 156 221 946 1675
460 62 232 946 1675
561 71 221 946 1675
312 969 221 946 1675
669 981 235 946 1675
611 970 221 947 1676
64 962 226 947 1676
150 157 222 947 1676
460 63 226 947 1676
312 970 222 947 1676
669 982 235 947 1676
520 983 224 947 1676
64 963 226 948 1677
611 971 223 948 1677
460 64 233 948 1677
561 73 221 948 1677
669 983 239 948 1677
296 993 226 948 1677
611 972 225 949 1678
64 964 227 949 1678
460 65 228 949 1678
438 93 223 949 1678
669 984 233 949 1678
520 985 229 949 1678
64 965 227 950 1679
611 973 223 950 1679
460 66 232 950 1679
438 94 225 950 1679
669 985 231 950 1679
520 986 226 950 1679
296 995 224 950 1679
763 77 221 950 1679
64 966 226 951 1680
460 67 234 951 1680
669 986 237 951 1680
520 987 231 951 1680
64 967 229 952 1681
460 68 233 952 1681
669 987 236 952 1681
520 988 229 952 1681
763 79 223 952 1681
611 976 221 953 1682
150 163 227 953 1682
460 69 232 953 1682
669 988 236 953 1682
520 989 229 953 1682
763 80 224 953 1682
150 164 227 954 1683
460 70 233 954 1683
669 989 235 954 1683
525 986 221 954 1683
520 990 227 954 1683
763 81 222 954 1683
150 165 225 955 1684
460 71 231 955 1684
669 990 233 955 1684
520 991 229 955 1684
296 1000 231 955 1684
150 166 223 956 1685
460 72 231 956 1685
312 979 221 956 1685
669 991 236 956 1685
520 992 226 956 1685
763 83 221 956 1685
64 972 225 957 1686
150 167 224 957 1686
669 992 237 957 1686
296 1002 222 957 1686
520 993 231 957 1686
763 84 224 957 1686
64 973 225 958 1687
150 168 221 958 1687
561 83 223 958 1687
312 981 223 958 1687
669 993 237 958 1687
296 1003 223 958 1687
520 994 230 958 1687
763 85 224 958 1687
64 974 224 959 1688
150 169 224 959 1688
312 982 221 959 1688
669 994 241 959 1688
520 995 228 959 1688
763 86 225 959 1688
64 975 223 960 1689
150 170 225 960 1689
561 85 222 960 1689
460 76 222 960 1689
312 983 221 960 1689
669 995 243 960 1689
520 996 227 960 1689
150 171 224 961 1690
669 996 245 961 1690
520 997 222 961 1690
296 1006 221 961 1690
763 88 221 961 1690
150 172 226 962 1691
561 87 221 962 1691
79 64 223 962 1691
669 997 246 962 1691
520 998 225 962 1691
296 1007 222 962 1691
64 978 223 963 1692
611 986 222 963 1692
150 173 227 963 1692
561 88 221 963 1692
79 65 222 963 1692
312 986 221 963 1692
669 998 246 963 1692
520 999 225 963 1692
296 1008 227 963 1692
79 66 221 964 1693
669 999 248 964 1693
520 1000 231 964 1693
296 1009 223 964 1693
494 521 221 964 1693
561 90 221 965 1694
79 67 223 965 1694
312 988 221 965 1694
669 1000 247 965 1694
520 1001 228 965 1694
296 1010 225 965 1694
611 989 221 966 1695
312 989 221 966 1695
460 82 223 966 1695
669 1001 245 966 1695
520 1002 230 966 1695
494 523 223 966 1695
150 177 223 967 1696
312 990 221 967 1696
460 83 226 967 1696
669 1002 243 967 1696
520 1003 227 967 1696
460 84 225 968 1697
669 1003 244 968 1697
520 1004 222 968 1697
460 85 221 969 1698
669 1004 242 969 1698
763 96 221 969 1698
64 985 223 970 1699
611 993 221 970 1699
460 86 223 970 1699
669 1005 243 970 1699
520 1006 224 970 1699
296 1015 225 970 1699
763 97 221 970 1699
64 986 225 971 1700
150 181 221 971 1700
460 87 221 971 1700
669 1006 242 971 1700
150 182 222 972 1701
561 97 221 972 1701
669 1007 241 972 1701
296 1017 223 972 1701
150 183 223 973 1702
669 1008 238 973 1702
150 184 225 974 1703
669 1009 239 974 1703
520 1010 224 974 1703
296 1019 225 974 1703
150 185 221 975 1704
669 1010 237 975 1704
460 92 225 976 1705
669 1011 238 976 1705
150 187 223 977 1706
460 93 224 977 1706
669 1012 237 977 1706
296 1022 223 977 1706
763 104 223 977 1706
64 993 225 978 1707
150 188 225 978 1707
460 94 223 978 1707
669 1013 237 978 1707
520 1014 222 978 1707
494 535 223 978 1707
150 189 223 979 1708
561 104 221 979 1708
438 123 223 979 1708
669 1014 239 979 1708
520 1015 226 979 1708
150 190 223 980 1709
439 939 221 980 1709
669 1015 223 980 1709
525 1012 222 980 1709
64 996 225 981 1710
150 191 222 981 1710
669 1016 241 981 1710
525 1013 221 981 1710
64 997 229 982 1711
150 192 223 982 1711
312 1005 223 982 1711
669 1017 241 982 1711
525 1014 221 982 1711
296 1027 224 982 1711
64 998 221 983 1712
150 193 223 983 1712
312 1006 222 983 1712
438 127 222 983 1712
525 1015 221 983 1712
669 1018 236 983 1712
64 999 223 984 1713
312 1007 223 984 1713
150 194 223 984 1713
525 1016 221 984 1713
669 1019 236 984 1713
520 1020 221 984 1713
669 1020 237 985 1714
525 1017 224 985 1714
763 112 223 985 1714
312 1009 221 986 1715
150 196 221 986 1715
438 130 225 986 1715
669 1021 236 986 1715
520 1022 223 986 1715
669 1022 232 987 1716
669 1023 230 988 1717
64 1004 221 989 1718
312 1012 222 989 1718
460 105 221 989 1718
669 1024 239 989 1718
296 1034 225 989 1718
150 200 226 990 1719
460 106 222 990 1719
669 1025 235 990 1719
525 1022 221 990 1719
460 107 222 991 1720
669 1026 237 991 1720
460 108 221 992 1721
438 136 227 992 1721
669 1027 234 992 1721
312 1016 222 993 1722
669 1028 237 993 1722
669 1029 233 994 1723
296 1039 231 994 1723
669 1030 226 995 1724
438 140 226 996 1725
525 1028 221 996 1725
669 1031 224 996 1725
520 1032 224 996 1725
64 1012 227 997 1726
510 285 229 997 1726
312 1020 221 997 1726
525 1029 229 997 1726
520 1033 230 997 1726
64 1013 223 998 1727
150 208 225 998 1727
312 1021 221 998 1727
460 114 222 998 1727
669 1033 230 998 1727
520 1034 228 998 1727
64 1014 225 999 1728
312 1022 221 999 1728
460 115 222 999 1728
525 1031 221 999 1728
669 1034 236 999 1728
520 1035 225 999 1728
296 1044 224 999 1728
312 1023 223 1000 1729
669 1035 223 1000 1729
520 1036 222 1000 1729
296 1045 221 1000 1729
312 1024 223 1001 1730
438 145 222 1001 1730
669 1036 221 1001 1730
438 146 221 1002 1731
669 1037 225 1002 1731
669 1038 221 1003 1732
669 1039 237 1004 1733
669 1040 238 1005 1734
520 1041 225 1005 1734
296 1050 222 1005 1734
669 1041 242 1006 1735
669 1042 223 1007 1736
64 1023 229 1007 1736
669 1043 221 1008 1737
520 1044 221 1008 1737
296 1053 221 1008 1737
64 1024 226 1008 1737
296 1054 221 1009 1738
64 1025 225 1009 1738
296 1055 221 1010 1739
64 1027 224 1011 1740
438 156 223 1012 1741
460 129 222 1013 1742
669 1048 229 1013 1742
763 140 221 1013 1742
150 224 222 1014 1743
460 130 221 1014 1743
669 1049 224 1014 1743
763 141 221 1014 1743
64 1030 223 1015 1744
150 225 223 1015 1744
460 131 225 1015 1744
669 1050 225 1015 1744
525 1047 221 1015 1744
520 1051 225 1015 1744
296 1060 226 1015 1744
763 142 223 1016 1745
150 226 225 1016 1745
669 1051 230 1016 1745
763 143 222 1017 1746
64 1032 223 1017 1746
150 227 225 1017 1746
460 133 221 1017 1746
669 1052 221 1017 1746
520 1053 225 1017 1746
64 1033 223 1017 1746
763 144 223 1018 1747
150 228 225 1018 1747
460 134 224 1018 1747
669 1053 221 1018 1747
520 1054 221 1018 1747
64 1034 226 1018 1747
763 145 227 1019 1748
150 229 224 1019 1748
296 1064 227 1019 1748
64 1035 221 1019 1748
669 1055 225 1020 1749
520 1056 221 1020 1749
296 1065 226 1020 1749
64 1036 221 1020 1749
510 309 223 1021 1750
669 1056 222 1021 1750
520 1057 222 1021 1750
525 1054 222 1022 1751
669 1057 225 1022 1751
296 1067 229 1022 1751
150 233 224 1023 1752
611 1046 227 1023 1752
312 1046 221 1023 1752
669 1058 226 1023 1752
296 1068 224 1023 1752
64 1039 221 1023 1752
611 1047 221 1024 1753
460 140 223 1024 1753
520 1060 225 1024 1753
64 1040 221 1024 1753
460 141 222 1025 1754
312 1048 221 1025 1754
438 169 224 1025 1754
669 1060 233 1025 1754
296 1070 221 1025 1754
64 1041 224 1025 1754
763 152 221 1025 1754
438 170 221 1026 1755
669 1061 230 1026 1755
64 1042 227 1026 1755
312 1050 221 1027 1756
669 1062 237 1027 1756
64 1043 224 1027 1756
763 154 221 1027 1756
312 1051 222 1028 1757
669 1063 232 1028 1757
438 172 222 1028 1757
520 1064 227 1028 1757
64 1044 225 1028 1757
669 1064 231 1029 1758
520 1065 225 1029 1758
669 1065 234 1030 1759
520 1066 228 1030 1759
296 1075 222 1030 1759
438 175 223 1031 1760
669 1066 231 1031 1760
520 1067 228 1031 1760
64 1047 222 1031 1760
150 242 224 1032 1761
561 157 221 1032 1761
669 1067 237 1032 1761
520 1068 231 1032 1761
64 1048 226 1032 1761
150 243 227 1033 1762
510 321 221 1033 1762
438 177 221 1033 1762
669 1068 225 1033 1762
520 1069 231 1033 1762
64 1049 223 1033 1762
150 244 227 1034 1763
669 1069 223 1034 1763
520 1070 228 1034 1763
150 245 228 1035 1764
669 1070 226 1035 1764
520 1071 225 1035 1764
150 246 230 1036 1765
510 324 221 1036 1765
561 161 221 1036 1765
669 1071 228 1036 1765
520 1072 227 1036 1765
296 1081 222 1036 1765
763 163 222 1036 1765
150 247 229 1037 1766
510 325 221 1037 1766
460 153 225 1037 1766
561 162 223 1037 1766
669 1072 233 1037 1766
64 1053 227 1037 1766
150 248 221 1038 1767
460 154 221 1038 1767
669 1073 237 1038 1767
221 1073 221 1038 1767
520 1074 223 1038 1767
561 164 221 1039 1768
669 1074 232 1039 1768
64 1055 223 1039 1768
669 1076 228 1041 1770
64 1057 221 1041 1770
669 1077 233 1042 1771
296 1087 222 1042 1771
510 332 222 1044 1773
520 1080 221 1044 1773
510 333 223 1045 1774
669 1080 223 1045 1774
520 1081 223 1045 1774
763 172 223 1045 1774
438 190 221 1046 1775
525 1078 223 1046 1775
669 1081 231 1046 1775
520 1082 229 1046 1775
763 173 224 1046 1775
64 1062 225 1046 1775
150 257 221 1047 1776
438 191 227 1047 1776
561 172 224 1047 1776
669 1082 233 1047 1776
763 174 223 1047 1776
669 1083 245 1048 1777
520 1084 223 1048 1777
763 175 221 1048 1777
296 1093 223 1048 1777
510 337 222 1049 1778
150 259 223 1049 1778
438 193 231 1049 1778
669 1084 231 1049 1778
520 1085 225 1049 1778
763 176 222 1049 1778
438 194 225 1050 1779
669 1085 225 1050 1779
763 177 223 1050 1779
510 339 221 1051 1780
669 1086 227 1051 1780
520 1087 221 1051 1780
64 1067 227 1051 1780
669 1087 243 1052 1781
520 1088 221 1052 1781
460 169 222 1053 1782
150 263 225 1053 1782
510 341 221 1053 1782
669 1088 243 1053 1782
520 1089 225 1053 1782
150 264 221 1054 1783
669 1089 240 1054 1783
520 1090 225 1054 1783
763 181 221 1054 1783
64 1070 224 1054 1783
296 1099 222 1054 1783
150 265 221 1055 1784
669 1090 228 1055 1784
520 1091 226 1055 1784
64 1071 225 1055 1784
296 1100 223 1055 1784
460 172 221 1056 1785
669 1091 229 1056 1785
520 1092 230 1056 1785
64 1072 224 1056 1785
150 267 221 1057 1786
669 1092 228 1057 1786
520 1093 228 1057 1786
296 1102 221 1057 1786
460 174 222 1058 1787
150 268 221 1058 1787
669 1093 241 1058 1787
520 1094 232 1058 1787
466 589 221 1058 1787
150 269 225 1059 1788
438 203 221 1059 1788
669 1094 230 1059 1788
520 1095 231 1059 1788
466 590 221 1059 1788
64 1075 221 1059 1788
296 1104 223 1059 1788
150 270 228 1060 1789
438 204 223 1060 1789
669 1095 228 1060 1789
520 1096 227 1060 1789
466 591 221 1060 1789
669 1096 229 1061 1790
763 188 224 1061 1790
296 1106 225 1061 1790
460 178 226 1062 1791
296 1107 221 1062 1791
64 1078 228 1062 1791
460 179 224 1063 1792
150 273 225 1063 1792
669 1098 231 1063 1792
520 1099 227 1063 1792
296 1108 222 1063 1792
64 1079 223 1063 1792
460 180 227 1064 1793
520 1100 221 1064 1793
611 1088 222 1065 1794
438 209 221 1065 1794
669 1100 235 1065 1794
460 182 225 1066 1795
466 597 221 1066 1795
296 1111 225 1066 1795
460 183 225 1067 1796
669 1102 222 1067 1796
64 1083 224 1067 1796
669 1103 229 1068 1797
466 599 222 1068 1797
669 1104 232 1069 1798
466 600 222 1069 1798
669 1105 227 1070 1799
669 1106 227 1071 1800
669 1107 227 1072 1801
669 1108 223 1073 1802
466 604 221 1073 1802
669 1109 226 1074 1803
296 1119 221 1074 1803
669 1110 230 1075 1804
64 1091 221 1075 1804
64 1092 237 1076 1805
439 1036 221 1077 1806
438 221 226 1077 1806
525 1109 225 1077 1806
520 1113 229 1077 1806
528 20 223 1077 1806
193 1101 221 1077 1806
296 1122 226 1078 1807
460 194 225 1078 1807
438 222 223 1078 1807
520 1114 221 1078 1807
296 1123 233 1079 1808
438 223 225 1079 1808
438 224 240 1080 1809
438 225 225 1081 1810
520 1117 229 1081 1810
296 1126 225 1082 1811
520 1118 221 1082 1811
438 227 221 1083 1812
520 1120 223 1084 1813
64 1100 225 1084 1813
520 1121 222 1085 1814
64 1101 221 1085 1814
438 230 221 1086 1815
438 231 233 1087 1816
669 1122 221 1087 1816
520 1123 222 1087 1816
438 232 231 1088 1817
525 1120 222 1088 1817
438 233 230 1089 1818
520 1125 225 1089 1818
64 1105 223 1089 1818
438 234 229 1090 1819
525 1122 222 1090 1819
520 1126 223 1090 1819
296 1135 222 1090 1819
438 235 237 1091 1820
525 1123 223 1091 1820
520 1127 227 1091 1820
763 218 221 1092 1821
296 1137 222 1092 1821
438 237 223 1093 1822
64 1109 221 1093 1822
438 238 223 1094 1823
520 1130 224 1094 1823
64 1110 223 1094 1823
438 239 228 1095 1824
150 305 221 1095 1824
438 240 221 1096 1825
460 212 223 1096 1825
438 241 226 1097 1826
639 1137 221 1097 1826
525 1129 221 1097 1826
520 1133 222 1097 1826
64 1113 226 1097 1826
438 242 232 1098 1827
520 1134 223 1098 1827
64 1114 222 1098 1827
362 168 226 1098 1827
494 655 228 1098 1827
438 243 233 1099 1828
525 1131 221 1099 1828
494 656 225 1099 1828
763 226 221 1100 1829
438 244 231 1100 1829
64 1116 227 1100 1829
494 657 229 1100 1829
438 245 223 1101 1830
525 1133 222 1101 1830
520 1137 233 1101 1830
494 658 225 1101 1830
763 228 221 1102 1831
626 39 223 1102 1831
64 1118 222 1102 1831
460 219 221 1103 1832
520 1139 234 1103 1832
64 1119 227 1103 1832
525 1136 221 1104 1833
520 1140 230 1104 1833
64 1120 227 1104 1833
296 1149 221 1104 1833
763 231 222 1104 1833
494 1 223 1105 1834
438 249 223 1105 1834
669 1140 221 1105 1834
520 1141 231 1105 1834
494 2 223 1106 1835
460 222 222 1106 1835
639 1146 225 1106 1835
438 250 226 1106 1835
520 1142 235 1106 1835
64 1122 221 1106 1835
438 251 223 1107 1836
520 1143 232 1107 1836
64 1123 227 1107 1836
763 234 221 1108 1837
438 252 246 1108 1837
669 1143 221 1108 1837
520 1144 230 1108 1837
763 235 225 1109 1838
438 253 241 1109 1838
669 1144 221 1109 1838
520 1145 231 1109 1838
639 1150 221 1110 1839
520 1146 227 1110 1839
296 1155 221 1110 1839
64 1126 227 1110 1839
639 1151 223 1111 1840
520 1147 235 1111 1840
296 1156 221 1111 1840
438 256 237 1112 1841
460 228 221 1112 1841
520 1148 231 1112 1841
64 1128 227 1112 1841
763 239 226 1113 1842
438 257 223 1113 1842
639 1153 221 1113 1842
520 1149 223 1113 1842
296 1158 225 1113 1842
64 1129 227 1113 1842
150 324 221 1114 1843
520 1150 225 1114 1843
296 1159 227 1114 1843
64 1130 231 1114 1843
362 184 223 1114 1843
158 67 225 1115 1844
520 1151 225 1115 1844
296 1160 221 1115 1844
362 185 223 1115 1844
463 348 223 1116 1845
438 260 238 1116 1845
158 68 225 1116 1845
64 1132 226 1116 1845
362 186 223 1116 1845
639 1157 221 1117 1846
438 261 239 1117 1846
296 1162 225 1117 1846
64 1133 224 1117 1846
763 244 224 1118 1847
438 262 221 1118 1847
520 1154 223 1118 1847
296 1163 222 1118 1847
64 1134 221 1118 1847
362 188 223 1118 1847
763 245 224 1119 1848
639 1159 223 1119 1848
438 263 223 1119 1848
626 56 223 1119 1848
520 1155 223 1119 1848
64 1135 225 1119 1848
438 264 243 1120 1849
520 1156 227 1120 1849
64 1136 227 1120 1849
296 1165 224 1120 1849
510 409 221 1121 1850
460 237 232 1121 1850
438 265 229 1121 1850
150 331 231 1121 1850
561 246 225 1121 1850
520 1157 225 1121 1850
64 1137 231 1121 1850
296 1166 224 1121 1850
462 504 221 1122 1851
79 224 225 1122 1851
150 332 226 1122 1851
669 1157 225 1122 1851
64 1138 231 1122 1851
438 267 232 1123 1852
669 1158 223 1123 1852
434 1151 221 1123 1852
296 1168 221 1123 1852
64 1139 223 1123 1852
460 240 230 1124 1853
561 249 221 1124 1853
150 334 227 1124 1853
517 712 221 1124 1853
669 1159 226 1124 1853
520 1160 231 1124 1853
438 269 230 1125 1854
460 241 235 1125 1854
150 335 231 1125 1854
438 270 230 1126 1855
460 242 222 1126 1855
669 1161 233 1126 1855
409 250 222 1126 1855
144 36 228 1126 1855
651 1162 223 1126 1855
778 1160 221 1126 1855
763 253 230 1126 1855
438 271 253 1127 1856
460 243 221 1127 1856
150 337 225 1127 1856
321 833 224 1127 1856
144 37 225 1127 1856
520 1163 225 1127 1856
651 1163 233 1127 1856
64 1143 228 1127 1856
27 820 225 1127 1856
611 1151 237 1127 1856
74 263 225 1128 1857
150 338 232 1128 1857
321 834 234 1128 1857
64 1144 221 1128 1857
438 274 227 1130 1859
669 1165 221 1130 1859
611 1154 229 1131 1860
438 275 223 1131 1860
669 1166 223 1131 1860
438 276 222 1132 1861
618 1 221 1133 1862
366 9 221 1133 1862
438 278 223 1134 1863
52 1160 225 1134 1863
467 371 225 1134 1863
428 231 236 1134 1863
596 236 226 1135 1864
357 260 231 1135 1864
735 803 230 1135 1864
704 1171 221 1135 1864
379 354 224 1135 1864
423 1162 229 1135 1864
530 432 227 1135 1864
438 280 221 1136 1865
134 523 239 1136 1865
596 237 230 1136 1865
387 95 221 1136 1865
455 34 224 1136 1865
735 804 236 1136 1865
704 1172 225 1136 1865
423 1163 222 1136 1865
42 262 229 1136 1865
502 32 230 1136 1865
130 1167 227 1137 1866
268 1059 231 1137 1866
387 96 227 1137 1866
735 805 227 1137 1866
704 1173 226 1137 1866
423 1164 241 1137 1866
428 234 224 1137 1866
502 33 225 1137 1866
130 1168 229 1138 1867
669 1173 225 1138 1867
42 264 232 1138 1867
502 34 221 1138 1867
428 235 224 1138 1867
130 1169 228 1139 1868
438 283 223 1139 1868
172 1176 221 1139 1868
455 37 223 1139 1868
340 586 221 1139 1868
544 600 224 1139 1868
423 1166 221 1139 1868
172 1177 222 1140 1869
387 99 221 1140 1869
544 601 223 1140 1869
130 1171 229 1141 1870
544 602 223 1141 1870
544 603 227 1142 1871
172 1180 221 1143 1872
387 102 221 1143 1872
704 1179 223 1143 1872
544 605 236 1144 1873
387 104 223 1145 1874
544 606 223 1145 1874
105 1153 223 1145 1874
172 1183 231 1146 1875
455 44 228 1146 1875
544 607 221 1146 1875
428 243 223 1146 1875
130 1177 227 1147 1876
172 1184 227 1147 1876
387 106 237 1147 1876
455 45 222 1147 1876
544 608 231 1147 1876
428 244 231 1147 1876
130 1178 221 1148 1877
438 292 223 1148 1877
455 46 223 1148 1877
428 245 222 1148 1877
130 1179 222 1149 1878
438 293 235 1149 1878
172 1186 239 1149 1878
455 47 223 1149 1878
669 1184 225 1149 1878
356 10 223 1149 1878
428 246 228 1149 1878
130 1180 225 1150 1879
669 1185 239 1150 1879
130 1181 225 1151 1880
172 1188 230 1151 1880
428 248 221 1151 1880
130 1182 229 1152 1881
438 296 223 1152 1881
219 107 221 1152 1881
172 1189 245 1152 1881
387 111 221 1152 1881
544 613 223 1152 1881
669 1190 231 1155 1884
428 252 221 1155 1884
268 1078 221 1156 1885
172 1193 223 1156 1885
455 54 222 1156 1885
438 301 223 1157 1886
387 116 222 1157 1886
428 254 223 1157 1886
268 1080 221 1158 1887
438 302 224 1158 1887
268 1081 223 1159 1888
268 1082 225 1160 1889
387 119 221 1160 1889
105 1168 223 1161 1890
387 120 222 1161 1890
105 1169 238 1162 1891
387 121 226 1162 1891
387 122 229 1163 1892
544 625 221 1164 1893
387 126 224 1167 1896
172 1204 222 1167 1896
544 628 223 1167 1896
544 629 224 1168 1897
669 1204 225 1169 1898
428 266 223 1169 1898
428 267 223 1171 1900
387 130 221 1171 1900
544 634 223 1173 1902
105 1181 225 1174 1903
105 1184 223 1177 1906
544 639 223 1178 1907
219 134 221 1179 1908
544 640 225 1179 1908
268 1102 223 1180 1909
219 135 223 1180 1909
544 641 223 1180 1909
219 136 221 1181 1910
544 642 221 1181 1910
172 1219 221 1182 1911
268 1105 223 1183 1912
105 1190 225 1183 1912
172 1220 223 1183 1912
544 644 229 1183 1912
105 1191 223 1184 1913
387 143 221 1184 1913
544 645 233 1184 1913
105 1192 224 1185 1914
544 646 235 1185 1914
105 1193 222 1186 1915
544 647 232 1186 1915
172 1224 221 1187 1916
105 1195 221 1188 1917
219 143 221 1188 1917
105 1196 227 1189 1918
219 144 222 1189 1918
105 1197 226 1190 1919
219 145 221 1190 1919
105 1198 228 1191 1920
387 150 225 1191 1920
105 1199 229 1192 1921
387 151 225 1192 1921
387 152 221 1193 1922
387 153 222 1194 1923
219 150 221 1195 1924
219 154 221 1199 1928
387 158 221 1199 1928
669 1234 222 1199 1928
544 660 244 1199 1928
428 296 222 1199 1928
268 1122 224 1200 1929
219 155 224 1200 1929
455 98 223 1200 1929
669 1235 223 1200 1929
544 661 245 1200 1929
428 297 223 1200 1929
268 1123 222 1201 1930
219 156 225 1201 1930
455 99 223 1201 1930
669 1236 223 1201 1930
544 662 247 1201 1930
428 298 221 1201 1930
268 1124 221 1202 1931
219 157 224 1202 1931
455 100 221 1202 1931
669 1237 223 1202 1931
544 663 244 1202 1931
428 299 222 1202 1931
268 1125 222 1203 1932
219 158 221 1203 1932
669 1238 223 1203 1932
544 664 237 1203 1932
340 650 222 1203 1932
455 102 222 1204 1933
669 1239 222 1204 1933
544 665 227 1204 1933
455 103 221 1205 1934
669 1240 221 1205 1934
544 666 229 1205 1934
340 652 221 1205 1934
455 104 225 1206 1935
387 165 224 1206 1935
669 1241 223 1206 1935
268 1129 221 1207 1936
105 1214 233 1207 1936
219 162 223 1207 1936
455 105 223 1207 1936
172 1244 221 1207 1936
438 351 223 1207 1936
669 1242 223 1207 1936
544 668 230 1207 1936
219 163 225 1208 1937
172 1245 223 1208 1937
455 106 223 1208 1937
438 352 226 1208 1937
544 669 227 1208 1937
669 1243 223 1208 1937
428 305 222 1208 1937
105 1216 226 1209 1938
455 107 223 1209 1938
438 353 222 1209 1938
669 1244 223 1209 1938
544 670 237 1209 1938
268 1132 223 1210 1939
105 1217 222 1210 1939
172 1247 221 1210 1939
387 169 224 1210 1939
455 108 221 1210 1939
438 354 225 1210 1939
544 671 235 1210 1939
172 1248 223 1211 1940
387 170 229 1211 1940
544 672 233 1211 1940
428 308 223 1211 1940
219 167 223 1212 1941
172 1249 221 1212 1941
387 171 229 1212 1941
455 110 223 1212 1941
544 673 230 1212 1941
428 309 221 1212 1941
268 1135 221 1213 1942
219 168 221 1213 1942
387 172 229 1213 1942
544 674 228 1213 1942
268 1136 222 1214 1943
219 169 221 1214 1943
387 173 228 1214 1943
455 112 223 1214 1943
544 675 224 1214 1943
428 311 221 1214 1943
105 1222 225 1215 1944
219 170 225 1215 1944
387 174 226 1215 1944
172 1252 227 1215 1944
669 1250 221 1215 1944
387 175 232 1216 1945
455 114 222 1216 1945
544 677 233 1216 1945
428 313 221 1216 1945
387 176 229 1217 1946
669 1252 221 1217 1946
544 678 233 1217 1946
105 1225 221 1218 1947
219 173 221 1218 1947
387 177 226 1218 1947
544 679 233 1218 1947
428 315 225 1218 1947
268 1141 223 1219 1948
105 1226 222 1219 1948
219 174 221 1219 1948
387 178 226 1219 1948
544 680 238 1219 1948
428 316 223 1219 1948
105 1227 223 1220 1949
387 179 221 1220 1949
219 175 221 1220 1949
544 681 237 1220 1949
428 317 221 1220 1949
268 1143 222 1220 1949
105 1228 222 1221 1950
219 176 225 1221 1950
428 318 224 1221 1950
105 1229 224 1222 1951
387 181 221 1222 1951
438 366 221 1222 1951
544 683 227 1222 1951
428 319 224 1222 1951
105 1230 223 1223 1952
130 1253 221 1223 1952
455 121 221 1223 1952
387 182 229 1223 1952
438 367 223 1223 1952
544 684 238 1223 1952
428 320 221 1223 1952
455 122 223 1224 1953
544 685 239 1224 1953
428 321 221 1224 1953
219 180 223 1225 1954
455 123 221 1225 1954
387 184 221 1225 1954
544 686 241 1225 1954
428 322 223 1225 1954
544 687 239 1226 1955
428 323 221 1226 1955
105 1234 221 1227 1956
387 186 223 1227 1956
544 688 235 1227 1956
428 324 223 1227 1956
105 1235 221 1228 1957
669 1263 221 1228 1957
544 689 240 1228 1957
428 325 222 1228 1957
219 184 223 1229 1958
669 1264 222 1229 1958
544 690 241 1229 1958
428 326 221 1229 1958
219 185 221 1230 1959
669 1265 222 1230 1959
544 691 237 1230 1959
105 1238 221 1231 1960
387 190 223 1231 1960
172 1268 221 1231 1960
669 1266 222 1231 1960
544 692 230 1231 1960
130 1262 221 1232 1961
455 130 223 1232 1961
387 191 228 1232 1961
669 1267 223 1232 1961
356 93 221 1232 1961
428 329 225 1232 1961
130 1263 223 1233 1962
455 131 223 1233 1962
387 192 227 1233 1962
669 1268 223 1233 1962
172 1271 221 1234 1963
669 1269 223 1234 1963
544 695 237 1234 1963
105 1242 222 1235 1964
130 1265 221 1235 1964
219 190 222 1235 1964
172 1272 222 1235 1964
669 1270 221 1235 1964
544 696 235 1235 1964
428 332 223 1235 1964
268 1158 221 1236 1965
130 1266 223 1236 1965
219 191 224 1236 1965
387 195 221 1236 1965
544 697 233 1236 1965
428 333 222 1236 1965
105 1244 222 1237 1966
219 192 227 1237 1966
387 196 225 1237 1966
544 698 223 1237 1966
268 1160 223 1238 1967
105 1245 221 1238 1967
219 193 227 1238 1967
544 699 238 1238 1967
268 1161 221 1239 1968
387 198 221 1239 1968
219 194 221 1239 1968
669 1274 223 1239 1968
544 700 235 1239 1968
428 336 222 1239 1968
268 1162 223 1240 1969
387 199 224 1240 1969
130 1270 223 1240 1969
219 195 221 1240 1969
438 384 224 1240 1969
172 1277 223 1240 1969
669 1275 221 1240 1969
544 701 225 1240 1969
268 1163 227 1241 1970
130 1271 221 1241 1970
438 385 224 1241 1970
172 1278 221 1241 1970
544 702 234 1241 1970
268 1164 225 1241 1970
130 1272 223 1242 1971
438 386 223 1242 1971
172 1279 221 1242 1971
669 1277 223 1242 1971
544 703 232 1242 1971
428 339 222 1242 1971
130 1273 222 1243 1972
438 387 224 1243 1972
172 1280 222 1243 1972
544 704 223 1243 1972
669 1278 221 1243 1972
268 1166 226 1244 1973
105 1251 225 1244 1973
387 203 221 1244 1973
438 388 223 1244 1973
172 1281 224 1244 1973
669 1279 222 1244 1973
544 705 224 1244 1973
268 1167 222 1245 1974
105 1252 227 1245 1974
438 389 224 1245 1974
172 1282 223 1245 1974
268 1168 224 1246 1975
105 1253 227 1246 1975
438 390 223 1246 1975
172 1283 225 1246 1975
268 1169 224 1247 1976
105 1254 227 1247 1976
438 391 223 1247 1976
172 1284 224 1247 1976
669 1282 221 1247 1976
544 708 225 1247 1976
268 1170 224 1248 1977
105 1255 225 1248 1977
438 392 225 1248 1977
172 1285 226 1248 1977
544 709 233 1248 1977
428 345 221 1248 1977
268 1171 224 1249 1978
438 393 231 1249 1978
172 1286 225 1249 1978
669 1284 221 1249 1978
268 1172 222 1250 1979
438 394 226 1250 1979
669 1285 225 1250 1979
544 711 224 1250 1979
428 347 223 1250 1979
105 1258 227 1251 1980
387 210 223 1251 1980
219 206 223 1251 1980
172 1288 227 1251 1980
438 395 227 1251 1980
340 698 221 1251 1980
428 348 221 1251 1980
387 211 224 1252 1981
105 1259 229 1252 1981
219 207 227 1252 1981
438 396 227 1252 1981
172 1289 227 1252 1981
340 699 222 1252 1981
544 713 234 1252 1981
387 212 221 1253 1982
105 1260 230 1253 1982
172 1290 224 1253 1982
438 397 227 1253 1982
544 714 229 1253 1982
428 350 222 1253 1982
387 213 223 1254 1983
130 1284 223 1254 1983
105 1261 233 1254 1983
172 1291 225 1254 1983
544 715 234 1254 1983
428 351 222 1255 1984
387 214 221 1255 1984
105 1262 233 1255 1984
172 1292 226 1255 1984
669 1290 221 1255 1984
544 716 231 1255 1984
428 352 221 1256 1985
268 1178 222 1256 1985
105 1263 233 1256 1985
172 1293 225 1256 1985
544 717 232 1256 1985
387 216 221 1257 1986
105 1264 233 1257 1986
172 1294 224 1257 1986
544 718 234 1257 1986
105 1265 227 1258 1987
340 705 221 1258 1987
544 719 221 1258 1987
268 1181 227 1258 1987
428 355 223 1259 1988
387 218 221 1259 1988
105 1266 229 1259 1988
219 214 222 1259 1988
455 157 225 1259 1988
544 720 223 1259 1988
428 356 222 1260 1989
105 1267 231 1260 1989
130 1290 222 1260 1989
172 1297 223 1260 1989
669 1295 225 1260 1989
268 1183 224 1260 1989
428 357 223 1261 1990
130 1291 224 1261 1990
172 1298 223 1261 1990
544 722 221 1261 1990
428 358 224 1262 1991
268 1184 226 1262 1991
130 1292 226 1262 1991
544 723 228 1262 1991
268 1185 221 1263 1992
105 1270 222 1263 1992
544 724 235 1263 1992
268 1186 227 1264 1993
105 1271 223 1264 1993
544 725 226 1264 1993
428 361 222 1265 1994
172 1302 233 1265 1994
438 409 225 1265 1994
544 726 235 1265 1994
130 1296 221 1266 1995
544 727 231 1266 1995
387 226 225 1267 1996
455 165 226 1267 1996
438 411 225 1267 1996
544 728 227 1267 1996
428 364 224 1268 1997
268 1190 226 1268 1997
387 227 225 1268 1997
172 1305 226 1268 1997
544 729 233 1268 1997
544 730 222 1269 1998
172 1307 221 1270 1999
544 731 225 1270 1999
544 733 225 1272 2001
438 418 226 1274 2003
544 735 232 1274 2003
172 1312 228 1275 2004
455 173 225 1275 2004
544 736 235 1275 2004
268 1198 221 1276 2005
105 1283 223 1276 2005
130 1306 221 1276 2005
219 231 224 1276 2005
172 1313 225 1276 2005
455 174 223 1276 2005
544 737 235 1276 2005
268 1199 221 1277 2006
387 236 227 1277 2006
172 1314 221 1277 2006
544 738 229 1277 2006
387 237 223 1278 2007
544 739 234 1278 2007
172 1316 230 1279 2008
544 740 223 1279 2008
172 1317 235 1280 2009
172 1318 227 1281 2010
438 425 225 1281 2010
669 1316 225 1281 2010
219 237 223 1282 2011
172 1319 230 1282 2011
455 180 222 1282 2011
438 426 225 1282 2011
544 743 224 1282 2011
387 242 223 1283 2012
544 744 222 1283 2012
219 239 222 1284 2013
172 1321 225 1284 2013
105 1292 222 1285 2014
219 240 225 1285 2014
130 1315 221 1285 2014
172 1322 229 1285 2014
387 245 223 1286 2015
219 241 221 1286 2015
130 1316 226 1286 2015
172 1323 229 1286 2015
268 1209 224 1287 2016
219 242 221 1287 2016
130 1317 224 1287 2016
172 1324 231 1287 2016
544 748 221 1287 2016
268 1210 223 1288 2017
105 1295 224 1288 2017
130 1318 224 1288 2017
172 1325 228 1288 2017
268 1211 223 1289 2018
105 1296 222 1289 2018
130 1319 224 1289 2018
172 1326 223 1289 2018
268 1212 223 1290 2019
105 1297 221 1290 2019
130 1320 233 1290 2019
438 434 239 1290 2019
172 1327 223 1290 2019
669 1325 222 1290 2019
544 751 227 1290 2019
387 250 222 1291 2020
438 435 226 1291 2020
455 189 227 1291 2020
340 738 224 1291 2020
669 1326 229 1291 2020
387 251 227 1292 2021
171 578 227 1292 2021
66 443 245 1292 2021
729 741 231 1292 2021
110 406 237 1292 2021
777 1318 237 1292 2021
85 132 242 1292 2021
254 1157 225 1292 2021
438 437 221 1293 2022
343 1313 234 1293 2022
268 3 222 1293 2022
262 69 236 1294 2023
438 439 224 1295 2024
356 156 221 1295 2024
405 1 222 1296 2025
769 27 225 1296 2025
647 150 225 1296 2025
501 55 223 1296 2025
438 440 221 1296 2025
567 1287 237 1296 2025
438 441 227 1297 2026
365 169 223 1298 2027
508 1242 226 1298 2027
528 242 221 1299 2028
629 132 224 1300 2029
368 81 225 1300 2029
420 1190 222 1300 2029
171 586 227 1300 2029
172 1337 226 1300 2029
692 50 223 1301 2030
692 51 227 1302 2031
692 52 225 1303 2032
692 53 225 1304 2033
