90 5 234 34 607
361 2 224 119 692
361 3 223 120 693
275 1 225 120 693
361 4 233 121 694
716 1 234 121 694
275 2 231 121 694
364 1 225 121 694
364 2 233 122 695
716 3 230 123 696
361 6 223 123 696
364 3 235 123 696
716 4 242 124 697
361 7 225 124 697
335 3 233 124 697
275 5 221 124 697
364 4 225 124 697
325 1 231 124 697
716 5 243 125 698
361 8 223 125 698
335 4 223 125 698
275 6 234 125 698
364 5 223 125 698
325 2 224 125 698
716 6 227 126 699
361 9 221 126 699
275 7 223 126 699
364 6 222 126 699
325 3 225 126 699
716 7 223 127 700
275 8 227 127 700
325 4 224 127 700
275 9 233 128 701
716 8 226 128 701
364 8 230 128 701
325 5 223 128 701
275 10 224 129 702
716 9 223 129 702
361 12 227 129 702
335 9 225 130 703
361 13 225 130 703
716 10 229 130 703
364 10 225 130 703
325 7 237 130 703
275 12 231 131 704
361 14 223 131 704
716 11 233 131 704
364 11 231 131 704
364 12 224 132 705
325 9 225 132 705
716 13 223 133 706
325 10 223 133 706
325 11 223 134 707
335 14 221 134 707
716 15 231 135 708
716 16 231 136 709
325 13 226 136 709
275 19 222 137 710
361 22 221 138 711
716 19 232 139 712
364 19 225 139 712
686 1 239 139 712
275 21 221 139 712
716 20 221 140 713
364 20 225 140 713
686 2 231 140 713
361 24 224 140 713
716 21 221 141 714
364 21 235 141 714
686 3 228 141 714
716 22 222 141 714
716 23 223 143 716
364 23 236 143 716
686 5 225 143 716
325 20 239 143 716
275 25 221 143 716
361 27 221 143 716
716 24 231 144 717
364 24 225 144 717
686 6 227 144 717
325 21 236 144 717
361 28 225 144 717
275 26 223 144 717
716 25 236 145 718
364 25 228 145 718
325 22 235 145 718
275 27 226 145 718
361 29 221 145 718
335 25 225 145 718
716 26 235 146 719
686 8 238 146 719
325 23 226 146 719
364 27 225 147 720
325 24 228 147 720
275 29 222 147 720
325 25 221 148 721
716 29 226 149 722
364 29 225 149 722
335 29 223 149 722
686 12 222 150 723
325 27 233 150 723
364 31 223 151 724
325 28 229 151 724
361 35 222 151 724
716 32 223 151 724
686 14 223 152 725
325 29 221 152 725
361 36 223 152 725
686 15 222 153 726
275 35 235 153 726
716 34 230 154 727
325 31 227 154 727
275 36 227 154 727
716 35 230 154 727
364 35 222 155 728
686 17 221 155 728
325 32 222 155 728
275 37 227 155 728
325 33 228 156 729
275 38 228 156 729
364 37 222 157 730
325 34 233 157 730
275 39 227 157 730
716 38 224 158 731
686 20 222 158 731
325 35 223 158 731
716 39 223 159 732
325 36 227 159 732
686 22 221 160 733
325 37 231 160 733
275 42 225 160 733
716 41 222 161 734
325 38 225 161 734
335 41 226 161 734
325 39 223 162 735
335 42 228 162 735
716 43 225 162 735
275 44 227 162 735
364 43 221 163 736
325 40 223 163 736
686 32 224 170 743
325 50 221 173 746
686 42 223 180 753
325 57 241 180 753
716 61 223 180 753
361 65 221 181 754
716 62 221 181 754
364 62 224 182 755
686 44 232 182 755
335 62 229 182 755
325 59 225 182 755
275 64 223 182 755
716 63 221 182 755
716 76 221 196 769
716 82 222 201 774
90 7 224 208 781
562 89 225 209 782
155 82 229 209 782
312 78 223 211 784
186 79 222 211 784
158 39 225 211 784
638 77 225 211 784
158 40 238 212 785
237 90 225 213 786
317 92 222 213 786
186 81 223 213 786
237 93 223 216 789
312 83 225 216 789
317 95 221 216 789
695 102 222 216 789
312 84 227 217 790
560 97 231 217 790
158 45 232 217 790
358 105 221 217 790
448 100 225 217 790
560 98 223 218 791
37 83 221 218 791
158 46 224 218 791
358 106 225 218 791
37 84 221 219 792
577 104 222 219 792
158 47 226 219 792
358 107 224 219 792
448 102 227 219 792
312 88 221 221 794
560 101 225 221 794
158 49 221 221 794
448 104 223 221 794
37 87 227 222 795
358 110 224 222 795
186 93 223 225 798
695 111 226 225 798
186 94 223 226 799
158 54 224 226 799
448 111 226 228 801
560 109 222 229 802
237 107 221 230 803
186 99 233 231 804
186 101 229 233 806
560 113 221 233 806
448 116 221 233 806
735 116 222 234 807
317 113 221 234 807
186 102 225 234 807
560 115 224 235 808
37 100 222 235 808
358 123 225 235 808
37 101 227 236 809
358 125 228 237 810
358 126 222 238 811
695 126 221 240 813
137 113 240 241 814
186 110 223 242 815
448 125 227 243 816
577 128 221 243 816
237 121 223 244 817
186 112 231 244 817
37 109 221 244 817
735 127 221 245 818
312 113 221 246 819
237 123 221 246 819
577 131 225 246 819
577 132 224 247 820
358 135 223 247 820
237 125 222 248 821
158 76 222 248 821
735 132 221 250 823
237 127 232 250 823
158 78 221 250 823
237 129 225 252 825
37 117 221 252 825
577 137 224 252 825
237 131 221 254 827
577 140 223 255 828
560 136 233 256 829
735 140 221 258 831
37 126 221 261 834
37 128 221 263 836
560 148 221 268 841
186 143 224 275 848
37 143 222 278 851
312 149 223 282 855
560 189 221 309 882
577 195 221 310 883
158 140 223 312 885
695 199 223 313 886
735 196 221 314 887
577 199 223 314 887
186 183 223 315 888
37 180 243 315 888
577 200 221 315 888
237 193 224 315 888
735 198 223 316 889
186 184 226 316 889
37 181 238 316 889
358 204 223 316 889
735 199 223 317 890
186 185 223 317 890
317 197 221 318 891
560 200 224 320 893
560 214 222 334 907
158 173 224 345 918
358 237 222 349 922
571 216 225 350 923
317 230 229 351 924
560 231 221 351 924
358 239 221 351 924
695 237 223 351 924
448 234 222 352 925
312 219 222 352 925
317 231 223 352 925
695 238 221 352 925
577 237 221 352 925
638 218 224 353 926
312 220 233 353 926
317 232 227 353 926
186 221 221 353 926
358 241 228 353 926
695 239 232 353 926
638 219 226 354 927
317 233 223 354 927
358 242 223 354 927
37 219 221 354 927
638 220 237 355 928
312 222 225 355 928
571 221 226 355 928
186 223 223 355 928
317 234 221 355 928
312 223 221 356 929
186 224 225 356 929
317 235 226 356 929
448 240 229 358 931
448 242 221 360 933
158 188 223 360 933
158 189 223 361 934
560 245 223 365 938
37 230 225 365 938
560 247 225 367 940
560 248 229 368 941
735 251 223 369 942
560 249 225 369 942
577 254 221 369 942
237 248 221 371 944
312 238 221 371 944
358 261 224 373 946
158 201 222 373 946
358 262 224 374 947
560 256 221 376 949
37 241 223 376 949
577 261 225 376 949
358 266 224 378 951
560 260 222 380 953
560 261 221 381 954
312 249 223 382 955
237 260 221 383 956
358 271 223 383 956
312 251 225 384 957
312 252 221 385 958
37 250 223 385 958
312 253 223 386 959
560 293 222 413 986
312 295 229 428 1001
560 309 226 429 1002
312 297 221 430 1003
560 310 235 430 1003
358 318 224 430 1003
448 313 224 431 1004
560 311 228 431 1004
358 319 223 431 1004
312 299 221 432 1005
358 321 222 433 1006
235 160 221 718 1291
782 544 227 718 1291
412 544 243 718 1291
394 593 222 718 1291
404 564 223 719 1292
412 545 221 719 1292
604 590 235 719 1292
268 486 227 719 1292
404 565 223 720 1293
431 307 226 720 1293
268 487 223 720 1293
431 308 233 721 1294
268 488 221 721 1294
604 593 223 722 1295
268 489 221 722 1295
431 310 223 723 1296
268 490 222 723 1296
404 569 221 724 1297
604 595 224 724 1297
268 491 227 724 1297
604 596 221 725 1298
268 492 221 725 1298
445 594 223 727 1300
712 613 229 734 1307
300 601 222 736 1309
745 618 223 736 1309
577 622 224 737 1310
540 627 222 744 1317
540 631 234 748 1321
11 76 223 748 1321
540 632 234 749 1322
656 627 224 749 1322
540 633 223 750 1323
540 634 235 751 1324
540 635 221 752 1325
656 630 223 752 1325
540 636 231 753 1326
656 631 223 753 1326
540 637 223 754 1327
656 632 221 754 1327
656 634 222 756 1329
623 471 221 756 1329
540 640 231 757 1330
540 641 234 758 1331
540 642 226 759 1332
540 643 225 760 1333
540 644 222 761 1334
540 645 225 762 1335
540 646 236 763 1336
656 641 221 763 1336
540 647 234 764 1337
656 642 223 764 1337
540 650 224 767 1340
540 651 222 768 1341
656 656 225 778 1351
296 676 223 787 1360
711 9 233 787 1360
787 362 222 795 1368
723 665 223 796 1369
723 666 229 797 1370
636 67 230 799 1372
723 668 224 799 1372
244 674 223 799 1372
474 70 221 800 1373
90 194 224 939 1512
90 195 227 940 1513
