370 441 223 8 1136
772 447 225 8 1136
304 435 221 8 1136
324 185 231 8 1136
114 236 227 9 1137
772 448 239 9 1137
304 436 227 9 1137
339 428 240 9 1137
304 437 234 10 1138
275 447 224 10 1138
339 429 237 10 1138
304 438 228 11 1139
171 109 223 11 1139
339 430 239 11 1139
370 445 222 12 1140
325 444 223 12 1140
772 451 227 12 1140
304 439 226 12 1140
171 110 228 12 1140
324 189 221 12 1140
339 431 238 12 1140
325 445 223 13 1141
772 452 225 13 1141
304 440 222 13 1141
339 432 239 13 1141
605 1 225 14 1142
772 453 225 14 1142
171 112 222 14 1142
324 191 221 14 1142
339 433 239 14 1142
772 454 224 15 1143
171 113 223 15 1143
339 434 237 16 1144
325 448 221 16 1144
772 455 224 16 1144
304 443 225 16 1144
339 435 236 17 1145
605 1 221 17 1145
772 456 224 17 1145
304 444 224 17 1145
339 436 236 18 1146
605 2 221 18 1146
61 459 221 18 1146
370 451 221 18 1146
772 457 227 18 1146
304 445 227 18 1146
339 437 235 19 1147
605 3 225 19 1147
772 458 230 19 1147
304 446 226 19 1147
324 196 221 20 1148
339 438 237 20 1148
605 4 223 20 1148
772 459 226 20 1148
304 447 226 20 1148
324 197 223 21 1149
339 439 236 21 1149
430 358 221 21 1149
605 5 227 21 1149
61 462 221 21 1149
772 460 223 21 1149
304 448 239 21 1149
171 119 221 21 1149
430 359 221 22 1150
339 440 232 22 1150
370 455 228 22 1150
772 461 224 22 1150
304 449 225 22 1150
171 120 221 22 1150
313 368 221 23 1151
324 199 222 23 1151
430 360 226 23 1151
605 7 221 23 1151
339 441 235 23 1151
211 113 225 23 1151
370 456 225 23 1151
114 250 221 23 1151
772 462 227 23 1151
304 450 227 23 1151
324 200 221 24 1152
430 361 229 24 1152
339 442 234 24 1152
370 457 225 24 1152
171 122 223 24 1152
430 362 225 25 1153
605 9 227 25 1153
339 443 222 25 1153
370 458 225 25 1153
772 464 221 25 1153
324 202 223 26 1154
339 444 227 26 1154
370 459 227 26 1154
325 458 225 26 1154
171 124 223 26 1154
339 445 221 27 1155
370 460 229 27 1155
772 466 223 27 1155
304 454 222 27 1155
339 446 223 28 1156
605 12 226 28 1156
114 255 221 28 1156
772 467 225 28 1156
304 455 236 28 1156
324 205 224 29 1157
339 447 227 29 1157
772 468 223 29 1157
304 456 225 29 1157
171 127 223 29 1157
339 448 231 30 1158
605 14 226 30 1158
211 120 221 30 1158
370 463 224 30 1158
43 465 224 30 1158
304 457 225 30 1158
339 449 234 31 1159
605 15 227 31 1159
211 121 222 31 1159
370 464 227 31 1159
43 466 226 31 1159
772 470 221 31 1159
304 458 230 31 1159
339 450 227 32 1160
605 16 221 32 1160
629 383 221 32 1160
370 465 223 32 1160
304 459 223 32 1160
430 370 222 33 1161
339 451 224 33 1161
605 17 225 33 1161
370 466 221 33 1161
772 472 233 33 1161
304 460 241 33 1161
325 465 235 33 1161
339 452 228 34 1162
211 124 221 34 1162
370 467 225 34 1162
114 261 225 34 1162
304 461 221 34 1162
324 211 232 35 1163
313 380 225 35 1163
339 453 231 35 1163
304 462 224 35 1163
325 467 221 35 1163
171 133 223 35 1163
339 454 241 36 1164
304 463 228 36 1164
430 374 221 37 1165
339 455 239 37 1165
370 470 221 37 1165
772 476 223 37 1165
304 464 231 37 1165
171 135 227 37 1165
339 456 238 38 1166
772 477 229 38 1166
304 465 227 38 1166
339 457 239 39 1167
325 471 223 39 1167
304 466 223 39 1167
339 458 230 40 1168
772 479 231 40 1168
325 472 223 40 1168
304 467 235 40 1168
171 138 221 40 1168
313 386 224 41 1169
339 459 241 41 1169
772 480 225 41 1169
304 468 228 41 1169
171 139 223 41 1169
275 478 221 42 1170
313 387 225 42 1170
430 379 221 42 1170
339 460 242 42 1170
370 475 221 42 1170
772 481 227 42 1170
324 219 221 43 1171
275 479 221 43 1171
605 27 221 43 1171
339 461 241 43 1171
370 476 226 43 1171
772 482 224 43 1171
325 475 221 43 1171
304 470 223 43 1171
324 220 225 44 1172
275 480 223 44 1172
339 462 227 44 1172
629 395 223 44 1172
772 483 227 44 1172
171 142 225 44 1172
324 221 225 45 1173
275 481 224 45 1173
605 29 222 45 1173
339 463 233 45 1173
629 396 222 45 1173
772 484 230 45 1173
304 472 221 45 1173
171 143 222 45 1173
324 222 224 46 1174
430 383 221 46 1174
605 30 221 46 1174
275 482 223 46 1174
663 479 223 46 1174
339 464 233 46 1174
772 485 227 46 1174
304 473 225 46 1174
324 223 226 47 1175
275 483 222 47 1175
663 480 221 47 1175
339 465 232 47 1175
629 398 221 47 1175
772 486 230 47 1175
325 479 221 47 1175
304 474 221 47 1175
324 224 225 48 1176
275 484 222 48 1176
663 481 223 48 1176
339 466 233 48 1176
43 483 221 48 1176
772 487 232 48 1176
325 480 222 48 1176
304 475 227 48 1176
171 146 226 48 1176
324 225 225 49 1177
275 485 221 49 1177
663 482 223 49 1177
339 467 229 49 1177
772 488 233 49 1177
325 481 224 49 1177
324 226 227 50 1178
663 483 225 50 1178
605 34 222 50 1178
339 468 241 50 1178
370 483 224 50 1178
772 489 234 50 1178
325 482 221 50 1178
304 477 223 50 1178
663 484 224 51 1179
339 469 239 51 1179
370 484 223 51 1179
772 490 234 51 1179
325 483 223 51 1179
171 149 223 51 1179
275 488 223 52 1180
339 470 242 52 1180
772 491 231 52 1180
304 479 230 52 1180
430 390 223 53 1181
275 489 223 53 1181
339 471 242 53 1181
370 486 225 53 1181
772 492 235 53 1181
325 485 222 53 1181
304 480 223 53 1181
324 230 222 54 1182
430 391 223 54 1182
275 490 221 54 1182
339 472 244 54 1182
370 487 227 54 1182
772 493 235 54 1182
325 486 223 54 1182
171 152 225 54 1182
324 231 223 55 1183
339 473 235 55 1183
275 491 221 55 1183
772 494 239 55 1183
304 482 221 55 1183
171 153 221 55 1183
430 393 231 56 1184
61 497 221 56 1184
370 489 224 56 1184
629 407 223 56 1184
325 488 223 56 1184
430 394 227 57 1185
339 475 223 57 1185
61 498 221 57 1185
370 490 223 57 1185
114 284 224 57 1185
629 408 227 57 1185
772 496 231 57 1185
325 489 223 57 1185
304 484 222 57 1185
171 155 223 57 1185
339 476 227 58 1186
370 491 223 58 1186
772 497 235 58 1186
370 492 222 59 1187
772 498 224 59 1187
304 486 225 59 1187
171 157 222 59 1187
370 493 223 60 1188
325 492 221 60 1188
772 499 235 60 1188
171 158 223 60 1188
339 479 221 61 1189
61 502 221 61 1189
370 494 224 61 1189
772 500 222 61 1189
171 159 221 61 1189
339 480 224 62 1190
370 495 223 62 1190
772 501 224 62 1190
430 400 224 63 1191
324 239 221 63 1191
339 481 224 63 1191
114 290 221 63 1191
772 502 223 63 1191
171 161 225 63 1191
324 240 223 64 1192
605 48 221 64 1192
370 497 221 64 1192
325 496 223 64 1192
772 503 227 64 1192
171 162 223 64 1192
304 491 225 64 1192
430 402 223 65 1193
339 483 225 65 1193
370 498 225 65 1193
325 497 225 65 1193
772 504 227 65 1193
171 163 225 65 1193
114 293 221 66 1194
772 505 221 66 1194
171 164 233 66 1194
304 493 229 66 1194
537 486 222 66 1194
430 404 223 67 1195
339 485 223 67 1195
325 499 229 67 1195
772 506 239 67 1195
324 244 223 68 1196
114 295 226 68 1196
304 495 236 68 1196
663 502 223 69 1197
430 406 221 69 1197
114 296 221 69 1197
325 501 223 69 1197
304 496 221 69 1197
430 407 227 70 1198
275 506 221 70 1198
61 511 221 70 1198
114 297 224 70 1198
304 497 225 70 1198
324 247 225 71 1199
430 408 222 71 1199
61 512 223 71 1199
772 510 223 71 1199
304 498 226 71 1199
339 490 232 72 1200
370 505 222 72 1200
61 513 222 72 1200
325 504 221 72 1200
772 511 232 72 1200
537 492 227 72 1200
339 491 231 73 1201
370 506 222 73 1201
304 500 226 73 1201
430 411 229 74 1202
339 492 231 74 1202
772 513 221 74 1202
339 493 235 75 1203
304 502 227 75 1203
324 252 221 76 1204
339 494 232 76 1204
370 509 225 76 1204
171 174 223 76 1204
339 495 235 77 1205
370 510 223 77 1205
61 518 223 77 1205
772 516 229 77 1205
171 175 221 77 1205
304 504 221 77 1205
605 62 227 78 1206
430 415 227 78 1206
339 496 221 78 1206
772 517 224 78 1206
114 305 224 78 1206
537 498 224 78 1206
430 416 223 79 1207
339 497 233 79 1207
61 520 223 79 1207
772 518 225 79 1207
325 511 221 79 1207
114 306 224 79 1207
304 506 225 79 1207
537 499 223 79 1207
171 177 233 79 1207
605 64 221 80 1208
430 417 223 80 1208
275 516 221 80 1208
339 498 227 80 1208
772 519 221 80 1208
537 500 221 80 1208
324 257 229 81 1209
339 499 236 81 1209
629 432 227 81 1209
772 520 226 81 1209
304 508 223 81 1209
430 419 223 82 1210
605 66 225 82 1210
339 500 223 82 1210
61 523 222 82 1210
772 521 230 82 1210
114 309 221 82 1210
171 180 223 82 1210
430 420 225 83 1211
339 501 237 83 1211
537 503 225 83 1211
430 421 223 84 1212
339 502 231 84 1212
537 504 221 84 1212
324 261 223 85 1213
339 503 225 85 1213
171 183 223 85 1213
537 505 223 85 1213
324 262 221 86 1214
339 504 224 86 1214
313 431 222 86 1214
772 525 223 86 1214
430 424 227 87 1215
605 71 225 87 1215
339 505 227 87 1215
325 519 225 87 1215
114 314 223 87 1215
430 425 227 88 1216
605 72 221 88 1216
339 506 232 88 1216
304 515 227 88 1216
537 508 225 88 1216
171 186 227 88 1216
430 426 231 89 1217
339 507 239 89 1217
61 530 221 89 1217
772 528 222 89 1217
304 516 221 89 1217
171 187 225 89 1217
430 427 228 90 1218
339 508 238 90 1218
61 531 222 90 1218
772 529 224 90 1218
325 522 222 90 1218
304 517 225 90 1218
430 428 226 91 1219
339 509 240 91 1219
325 523 226 91 1219
304 518 221 91 1219
339 510 227 92 1220
370 525 221 92 1220
772 531 225 92 1220
325 524 223 92 1220
430 430 225 93 1221
339 511 233 93 1221
370 526 222 93 1221
325 525 223 93 1221
339 512 236 94 1222
370 527 223 94 1222
325 526 223 94 1222
304 521 223 94 1222
430 432 221 95 1223
339 513 236 95 1223
370 528 223 95 1223
325 527 223 95 1223
304 522 222 95 1223
171 193 224 96 1224
324 272 227 96 1224
430 433 225 96 1224
339 515 221 97 1225
772 536 223 97 1225
304 524 221 97 1225
663 531 225 98 1226
339 516 222 98 1226
772 537 221 98 1226
325 530 228 98 1226
304 525 235 98 1226
537 518 223 99 1227
430 436 221 99 1227
339 517 247 99 1227
772 538 233 99 1227
304 526 239 99 1227
324 276 222 100 1228
339 518 241 100 1228
370 533 222 100 1228
325 532 233 100 1228
304 527 224 100 1228
171 198 226 100 1228
339 519 239 101 1229
772 540 229 101 1229
304 528 225 101 1229
171 199 225 102 1230
324 278 222 102 1230
339 520 241 102 1230
61 543 223 102 1230
772 541 239 102 1230
304 529 227 102 1230
171 200 226 103 1231
430 440 231 103 1231
324 279 225 103 1231
339 521 243 103 1231
772 542 231 103 1231
304 530 237 103 1231
171 201 223 104 1232
324 280 222 104 1232
430 441 225 104 1232
339 522 241 104 1232
772 543 240 104 1232
304 531 233 104 1232
430 442 222 105 1233
275 541 222 105 1233
772 544 230 105 1233
304 532 239 105 1233
430 443 221 106 1234
339 524 223 106 1234
61 547 221 106 1234
772 545 234 106 1234
304 533 226 106 1234
171 204 221 106 1234
339 525 229 107 1235
61 548 224 107 1235
772 546 229 107 1235
304 534 235 107 1235
171 205 223 107 1235
275 544 224 108 1236
339 526 232 108 1236
61 549 223 108 1236
772 547 235 108 1236
304 535 236 108 1236
430 446 223 109 1237
324 285 224 109 1237
663 542 223 109 1237
339 527 224 109 1237
772 548 223 109 1237
304 536 221 109 1237
171 207 223 109 1237
275 546 223 110 1238
339 528 223 110 1238
61 551 222 110 1238
772 549 226 110 1238
304 537 225 110 1238
171 208 221 110 1238
339 529 228 111 1239
772 550 232 111 1239
304 538 223 111 1239
171 209 227 111 1239
339 530 236 112 1240
772 551 231 112 1240
304 539 225 112 1240
171 210 221 112 1240
324 289 221 112 1240
339 531 243 113 1241
772 552 227 113 1241
325 545 221 113 1241
304 540 224 113 1241
171 211 221 113 1241
339 532 241 114 1242
772 553 232 114 1242
339 533 239 115 1243
772 554 225 115 1243
605 100 221 116 1244
339 534 240 116 1244
772 555 228 116 1244
304 543 221 116 1244
171 214 223 116 1244
339 535 235 117 1245
325 549 224 117 1245
304 544 222 117 1245
171 215 227 117 1245
430 455 221 118 1246
370 551 221 118 1246
61 559 222 118 1246
772 557 229 118 1246
325 550 227 118 1246
304 545 221 118 1246
171 216 225 118 1246
324 295 221 119 1247
339 537 231 119 1247
772 558 225 119 1247
304 546 225 119 1247
324 296 229 120 1248
537 539 221 120 1248
339 538 222 120 1248
275 556 221 120 1248
313 465 236 120 1248
772 559 237 120 1248
114 347 221 120 1248
304 547 231 120 1248
324 297 233 121 1249
537 540 223 121 1249
339 539 225 121 1249
43 556 223 121 1249
772 560 229 121 1249
304 548 230 121 1249
171 219 224 121 1249
324 298 223 122 1250
537 541 223 122 1250
605 106 223 122 1250
275 558 223 122 1250
370 555 221 122 1250
43 557 221 122 1250
629 473 221 122 1250
772 561 231 122 1250
275 559 221 123 1251
304 550 227 123 1251
772 564 241 125 1253
304 552 226 125 1253
772 565 239 126 1254
304 553 235 126 1254
304 554 227 127 1255
772 567 223 128 1256
171 226 222 128 1256
47 254 221 129 1257
547 566 225 129 1257
43 564 223 129 1257
772 568 225 129 1257
304 556 233 129 1257
304 557 235 130 1258
653 189 226 130 1258
444 573 221 130 1258
687 574 227 131 1259
457 567 225 131 1259
304 558 238 131 1259
304 559 233 132 1260
152 567 231 133 1261
206 535 221 133 1261
512 548 221 133 1261
50 555 223 134 1262
555 560 221 134 1262
424 576 223 134 1262
416 566 223 134 1262
159 282 229 135 1263
106 30 229 135 1263
479 459 239 135 1263
572 570 231 135 1263
276 552 233 135 1263
734 486 223 136 1264
149 2 228 136 1264
591 565 228 137 1265
276 554 242 137 1265
27 229 223 137 1265
785 563 223 137 1265
114 365 225 138 1266
276 555 237 138 1266
276 556 241 139 1267
149 5 225 139 1267
166 546 235 139 1267
698 578 223 139 1267
591 568 223 140 1268
503 569 221 140 1268
276 557 238 140 1268
591 569 226 141 1269
276 558 242 141 1269
591 570 228 142 1270
272 582 222 142 1270
503 572 221 143 1271
276 560 235 143 1271
272 583 234 143 1271
450 578 231 144 1272
276 561 244 144 1272
27 236 225 144 1272
166 551 221 144 1272
591 573 222 145 1273
276 562 239 145 1273
166 552 221 145 1273
29 583 236 146 1274
591 574 227 146 1274
272 586 229 146 1274
785 572 225 146 1274
503 576 221 147 1275
29 584 233 147 1275
272 587 221 147 1275
27 239 224 147 1275
450 582 221 148 1276
272 588 224 148 1276
56 3 235 149 1277
272 589 222 149 1277
698 588 239 149 1277
698 590 225 151 1279
272 592 221 152 1280
785 580 221 155 1283
27 258 221 166 1294
27 259 221 167 1295
27 267 222 175 1303
149 41 227 175 1303
27 277 221 185 1313
450 620 224 186 1314
701 625 223 192 1320
450 634 221 200 1328
27 292 222 200 1328
27 293 221 201 1329
671 648 224 205 1333
351 10 223 215 1343
27 321 221 229 1357
27 327 221 235 1363
474 77 222 252 1380
27 354 224 262 1390
272 707 222 267 1395
272 708 221 268 1396
698 710 221 272 1400
27 365 227 273 1401
698 712 222 274 1402
27 366 225 274 1402
27 367 225 275 1403
27 368 225 276 1404
27 379 221 287 1415
785 713 221 288 1416
166 696 221 290 1418
630 93 223 290 1418
272 732 221 293 1421
272 733 223 294 1422
785 719 225 294 1422
27 387 224 296 1424
27 388 222 297 1425
166 705 221 299 1427
276 716 221 299 1427
166 708 221 302 1430
276 720 221 303 1431
166 713 221 307 1435
27 409 221 317 1445
272 757 226 318 1446
276 738 239 321 1449
276 739 225 322 1450
479 646 227 322 1450
27 414 227 322 1450
276 741 243 324 1452
276 742 241 325 1453
276 743 236 326 1454
276 744 235 327 1455
276 745 237 328 1456
276 746 241 329 1457
276 747 237 330 1458
276 748 227 331 1459
276 749 231 332 1460
276 750 232 333 1461
276 751 223 334 1462
276 752 233 335 1463
276 753 225 336 1464
276 754 221 337 1465
276 756 225 339 1467
276 757 229 340 1468
276 759 222 342 1470
276 760 221 343 1471
276 761 224 344 1472
276 762 224 345 1473
276 763 224 346 1474
276 764 227 347 1475
276 766 225 349 1477
166 756 223 350 1478
276 767 224 350 1478
166 757 222 351 1479
276 768 225 351 1479
276 770 227 353 1481
276 771 230 354 1482
276 772 227 355 1483
276 773 237 356 1484
276 774 228 357 1485
276 775 232 358 1486
276 776 226 359 1487
276 777 223 360 1488
276 778 240 361 1489
276 779 221 362 1490
591 790 224 362 1490
272 802 221 363 1491
272 803 227 364 1492
276 781 224 364 1492
479 688 221 364 1492
591 792 223 364 1492
27 456 221 365 1493
591 793 225 365 1493
450 800 227 366 1494
276 783 238 366 1494
785 792 228 367 1495
276 784 221 367 1495
644 797 223 368 1496
276 785 233 368 1496
276 787 228 370 1498
536 810 231 370 1498
725 246 223 370 1498
276 788 241 371 1499
494 327 221 371 1499
103 814 229 372 1500
74 813 223 372 1500
458 816 233 372 1500
276 789 236 372 1500
512 787 226 372 1500
121 30 221 373 1501
212 226 227 373 1501
336 90 235 373 1501
276 790 239 373 1501
609 240 223 374 1502
358 469 221 374 1502
642 20 227 374 1502
273 369 227 374 1502
336 91 234 374 1502
322 797 231 374 1502
435 688 225 374 1502
532 12 232 375 1503
336 92 224 375 1503
45 470 221 375 1503
276 792 221 375 1503
114 602 227 375 1503
104 806 221 375 1503
537 795 227 375 1503
642 22 221 376 1504
161 301 224 376 1504
23 286 225 376 1504
532 13 223 376 1504
401 797 237 376 1504
322 799 221 376 1504
276 793 223 376 1504
735 444 225 376 1504
694 460 228 376 1504
537 796 224 377 1505
438 132 247 377 1505
161 302 223 377 1505
532 14 221 377 1505
380 750 221 377 1505
272 816 235 377 1505
273 372 227 377 1505
684 532 230 377 1505
401 798 225 377 1505
700 669 222 377 1505
340 223 226 377 1505
725 253 221 377 1505
276 794 232 377 1505
556 11 223 377 1505
537 797 234 378 1506
534 816 243 378 1506
401 799 231 378 1506
700 670 230 378 1506
313 1 235 378 1506
476 271 225 379 1507
732 765 229 379 1507
532 16 233 379 1507
253 559 249 379 1507
587 806 225 379 1507
60 822 227 379 1507
396 295 229 379 1507
523 803 233 379 1507
404 779 223 380 1508
271 757 221 380 1508
380 753 237 380 1508
278 819 222 380 1508
52 805 223 380 1508
417 989 225 380 1508
44 470 221 380 1508
233 820 225 381 1509
587 808 226 381 1509
396 297 223 381 1509
44 471 231 381 1509
233 821 229 382 1510
498 393 231 382 1510
399 56 223 382 1510
141 204 236 382 1510
565 816 221 382 1510
785 807 229 382 1510
74 823 240 382 1510
253 562 243 382 1510
393 564 232 382 1510
610 518 221 382 1510
200 16 223 382 1510
114 609 228 382 1510
413 232 231 383 1511
295 789 226 383 1511
253 563 244 383 1511
322 806 221 383 1511
331 156 224 383 1511
200 17 239 383 1511
426 10 227 384 1512
788 782 222 384 1512
123 799 225 384 1512
233 824 233 385 1513
288 253 222 385 1513
479 709 225 385 1513
233 825 231 386 1514
27 477 227 386 1514
631 447 221 386 1514
381 160 223 386 1514
54 809 223 386 1514
247 820 229 386 1514
479 710 221 386 1514
299 321 223 386 1514
86 516 231 387 1515
420 676 223 387 1515
54 810 221 387 1515
40 484 222 387 1515
587 814 222 387 1515
247 821 229 387 1515
479 711 227 387 1515
86 517 228 388 1516
27 479 230 388 1516
380 761 231 388 1516
40 485 230 388 1516
276 805 225 388 1516
247 822 225 388 1516
86 518 239 389 1517
631 450 221 389 1517
573 825 221 389 1517
40 486 231 389 1517
247 823 224 389 1517
56 244 222 389 1517
86 519 244 390 1518
27 481 223 390 1518
31 827 223 390 1518
54 813 223 390 1518
40 487 237 390 1518
247 824 221 390 1518
86 520 245 391 1519
40 488 225 391 1519
479 715 221 391 1519
56 246 232 392 1520
86 521 231 392 1520
288 1 226 392 1520
27 483 221 392 1520
40 489 244 392 1520
56 247 227 393 1521
86 522 224 393 1521
288 2 224 393 1521
631 454 223 393 1521
31 830 222 393 1521
54 816 223 393 1521
40 490 236 393 1521
56 248 224 394 1522
86 523 233 394 1522
288 3 226 394 1522
27 485 224 394 1522
54 817 227 394 1522
40 491 237 394 1522
276 811 235 394 1522
247 828 227 394 1522
56 249 228 395 1523
86 524 236 395 1523
288 4 229 395 1523
380 768 225 395 1523
420 684 221 395 1523
381 169 222 395 1523
54 818 225 395 1523
40 492 225 395 1523
276 812 239 395 1523
247 829 227 395 1523
56 250 223 396 1524
86 525 239 396 1524
288 5 227 396 1524
380 769 227 396 1524
40 493 227 396 1524
276 813 232 396 1524
56 251 229 397 1525
288 6 225 397 1525
86 526 242 397 1525
27 488 225 397 1525
380 770 232 397 1525
54 820 223 397 1525
40 494 223 397 1525
276 814 233 397 1525
288 7 231 398 1526
86 527 235 398 1526
27 489 226 398 1526
587 825 221 398 1526
40 495 221 398 1526
276 815 234 398 1526
247 832 227 398 1526
56 253 226 399 1527
86 528 239 399 1527
288 8 232 399 1527
64 813 221 399 1527
380 772 227 399 1527
31 836 221 399 1527
40 496 226 399 1527
276 816 237 399 1527
247 833 225 399 1527
86 529 231 400 1528
56 254 230 400 1528
288 9 236 400 1528
27 491 223 400 1528
380 773 227 400 1528
40 497 227 400 1528
276 817 235 400 1528
247 834 230 400 1528
86 530 231 401 1529
56 255 232 401 1529
288 10 236 401 1529
380 774 227 401 1529
302 840 225 401 1529
40 498 231 401 1529
276 818 229 401 1529
247 835 227 401 1529
56 256 231 402 1530
86 531 233 402 1530
288 11 231 402 1530
27 493 230 402 1530
380 775 224 402 1530
40 499 227 402 1530
247 836 224 402 1530
276 819 227 402 1530
56 257 225 403 1531
86 532 240 403 1531
288 12 242 403 1531
380 776 229 403 1531
40 500 227 403 1531
276 820 225 403 1531
56 258 225 404 1532
86 533 240 404 1532
380 777 224 404 1532
31 841 221 404 1532
40 501 230 404 1532
276 821 237 404 1532
247 838 229 404 1532
86 534 235 405 1533
56 259 223 405 1533
288 14 238 405 1533
27 496 230 405 1533
380 778 226 405 1533
40 502 227 405 1533
247 839 225 405 1533
276 822 227 405 1533
86 535 240 406 1534
56 260 228 406 1534
27 497 237 406 1534
380 779 229 406 1534
40 503 225 406 1534
276 823 239 406 1534
86 536 238 407 1535
27 498 232 407 1535
380 780 225 407 1535
54 830 223 407 1535
40 504 231 407 1535
276 824 241 407 1535
86 537 239 408 1536
56 262 226 408 1536
380 781 232 408 1536
27 499 239 408 1536
40 505 225 408 1536
276 825 239 408 1536
86 538 241 409 1537
380 782 221 409 1537
27 500 229 409 1537
54 832 223 409 1537
40 506 229 409 1537
587 836 221 409 1537
276 826 245 409 1537
86 539 237 410 1538
380 783 223 410 1538
27 501 228 410 1538
276 827 245 410 1538
86 540 239 411 1539
380 784 227 411 1539
573 847 222 411 1539
276 828 243 411 1539
86 541 241 412 1540
380 785 231 412 1540
27 503 227 412 1540
276 829 227 412 1540
587 839 223 412 1540
86 542 241 413 1541
27 504 227 413 1541
380 786 225 413 1541
276 830 240 413 1541
233 853 221 414 1542
86 543 241 414 1542
27 505 227 414 1542
380 787 222 414 1542
573 850 221 414 1542
86 544 237 415 1543
380 788 231 415 1543
276 832 235 415 1543
86 545 230 416 1544
27 507 233 416 1544
380 789 223 416 1544
187 842 223 416 1544
137 843 232 416 1544
276 833 233 416 1544
86 546 242 417 1545
27 508 225 417 1545
380 790 224 417 1545
187 843 237 417 1545
137 844 223 417 1545
54 840 237 417 1545
40 514 221 417 1545
276 834 231 417 1545
86 547 246 418 1546
27 509 224 418 1546
380 791 224 418 1546
137 845 221 418 1546
54 841 237 418 1546
276 835 223 418 1546
27 510 225 419 1547
86 548 244 419 1547
233 858 221 419 1547
380 792 221 419 1547
187 845 230 419 1547
137 846 222 419 1547
54 842 224 419 1547
40 516 236 419 1547
233 859 222 420 1548
86 549 245 420 1548
187 846 231 420 1548
40 517 227 420 1548
276 837 233 420 1548
233 860 221 421 1549
27 512 223 421 1549
86 550 231 421 1549
380 794 236 421 1549
187 847 231 421 1549
40 518 240 421 1549
276 838 229 421 1549
86 551 243 422 1550
27 513 223 422 1550
187 848 231 422 1550
54 845 222 422 1550
276 839 227 422 1550
40 519 239 422 1550
86 552 235 423 1551
27 514 221 423 1551
380 796 235 423 1551
187 849 223 423 1551
54 846 222 423 1551
40 520 244 423 1551
86 553 241 424 1552
27 515 227 424 1552
122 33 224 424 1552
380 797 231 424 1552
54 847 232 424 1552
40 521 245 424 1552
86 554 238 425 1553
27 516 230 425 1553
380 798 230 425 1553
187 851 229 425 1553
137 852 228 425 1553
40 522 241 425 1553
86 555 232 426 1554
27 517 221 426 1554
187 852 237 426 1554
137 853 225 426 1554
54 849 227 426 1554
276 843 227 426 1554
40 523 237 426 1554
233 866 223 427 1555
86 556 221 427 1555
27 518 225 427 1555
187 853 237 427 1555
137 854 231 427 1555
54 850 228 427 1555
276 844 238 427 1555
40 524 238 427 1555
86 557 223 428 1556
27 519 222 428 1556
187 854 232 428 1556
276 845 231 428 1556
40 525 237 428 1556
86 558 221 429 1557
27 520 222 429 1557
380 802 235 429 1557
187 855 239 429 1557
137 856 225 429 1557
54 852 223 429 1557
40 526 227 429 1557
276 846 233 429 1557
86 559 234 429 1557
380 803 232 430 1558
187 856 237 430 1558
137 857 226 430 1558
54 853 222 430 1558
40 527 233 430 1558
86 560 234 430 1558
27 522 224 431 1559
380 804 225 431 1559
187 857 235 431 1559
54 854 221 431 1559
531 844 221 431 1559
40 528 225 431 1559
276 848 228 431 1559
86 561 223 431 1559
233 871 221 431 1559
402 346 225 432 1560
789 859 222 433 1561
444 875 225 433 1561
450 867 235 433 1561
106 328 237 433 1561
414 868 227 433 1561
716 868 232 433 1561
66 800 221 433 1561
219 400 227 434 1562
290 872 227 434 1562
21 539 225 434 1562
277 61 231 434 1562
373 858 223 435 1563
314 536 225 435 1563
239 866 222 435 1563
705 965 221 435 1563
789 862 223 435 1563
89 875 221 436 1564
263 454 225 436 1564
512 851 221 436 1564
537 856 223 436 1564
187 863 231 437 1565
54 860 227 437 1565
276 854 230 437 1565
40 534 231 437 1565
27 529 231 438 1566
187 864 225 438 1566
54 861 222 438 1566
137 865 223 438 1566
276 855 223 438 1566
27 530 224 439 1567
187 865 228 439 1567
31 876 222 439 1567
137 866 227 439 1567
187 866 230 440 1568
54 863 223 440 1568
276 857 223 440 1568
40 537 227 440 1568
27 532 233 440 1568
187 867 232 441 1569
31 878 223 441 1569
54 864 221 441 1569
137 868 223 441 1569
276 858 223 441 1569
40 538 223 441 1569
27 533 233 441 1569
187 868 226 442 1570
31 879 222 442 1570
54 865 221 442 1570
137 869 223 442 1570
136 648 221 442 1570
276 859 237 442 1570
40 539 235 442 1570
27 534 231 442 1570
420 732 223 443 1571
187 869 227 443 1571
339 861 221 443 1571
276 860 222 443 1571
40 540 239 443 1571
27 535 229 444 1572
54 867 225 444 1572
276 861 237 444 1572
40 541 227 444 1572
233 884 225 444 1572
27 536 221 445 1573
480 318 223 445 1573
531 858 222 445 1573
276 862 235 445 1573
40 542 230 445 1573
27 537 229 446 1574
136 652 223 446 1574
339 864 221 446 1574
276 863 243 446 1574
40 543 235 446 1574
233 886 222 446 1574
187 873 221 447 1575
587 874 221 447 1575
40 544 233 447 1575
233 887 223 447 1575
27 539 221 448 1576
187 874 221 448 1576
276 865 223 448 1576
40 545 231 448 1576
27 540 222 449 1577
187 875 221 449 1577
136 655 223 449 1577
137 876 224 449 1577
276 866 227 449 1577
40 546 224 449 1577
233 889 235 449 1577
187 876 225 450 1578
276 867 227 450 1578
40 547 221 450 1578
573 887 225 451 1579
276 868 222 451 1579
40 548 228 451 1579
233 891 223 451 1579
137 879 221 452 1580
276 869 229 452 1580
276 870 230 453 1581
40 550 225 453 1581
573 890 224 454 1582
276 871 233 454 1582
40 551 231 454 1582
233 894 225 454 1582
31 892 231 455 1583
137 882 221 455 1583
276 872 227 455 1583
339 873 222 455 1583
40 552 233 455 1583
276 873 230 456 1584
40 553 225 456 1584
233 896 223 457 1585
136 663 223 457 1585
276 874 226 457 1585
40 554 246 457 1585
233 897 223 458 1586
137 885 227 458 1586
276 875 236 458 1586
40 555 224 458 1586
40 556 227 459 1587
608 318 221 460 1588
421 116 221 461 1589
706 45 228 462 1590
429 926 221 462 1590
672 20 225 463 1591
209 745 221 463 1591
429 927 221 463 1591
421 119 240 464 1592
666 898 221 464 1592
276 881 248 464 1592
25 866 221 465 1593
421 120 223 465 1593
672 22 221 465 1593
518 31 225 465 1593
666 899 236 465 1593
276 882 240 465 1593
421 121 231 466 1594
173 113 221 466 1594
276 883 243 466 1594
276 884 237 467 1595
276 885 237 468 1596
276 886 226 469 1597
450 904 221 470 1598
276 887 243 470 1598
276 888 223 471 1599
276 889 225 472 1600
276 890 231 473 1601
276 891 236 474 1602
579 918 223 474 1602
276 892 241 475 1603
579 919 230 475 1603
276 893 230 476 1604
579 920 240 476 1604
276 894 231 477 1605
276 895 241 478 1606
276 896 235 479 1607
579 923 234 479 1607
276 897 234 480 1608
579 924 237 480 1608
457 917 225 481 1609
276 898 233 481 1609
579 925 233 481 1609
276 899 234 482 1610
579 926 231 482 1610
276 900 226 483 1611
716 918 237 483 1611
579 927 231 483 1611
276 901 225 484 1612
579 928 233 484 1612
276 902 221 485 1613
276 904 223 487 1615
579 931 227 487 1615
579 932 242 488 1616
164 445 223 489 1617
579 933 240 489 1617
199 484 231 492 1620
370 926 227 492 1620
29 929 235 492 1620
785 918 223 492 1620
381 267 239 493 1621
29 930 226 493 1621
381 268 238 494 1622
199 486 222 494 1622
370 928 222 494 1622
381 270 223 496 1624
381 271 225 497 1625
191 18 221 497 1625
356 611 225 498 1626
308 885 221 498 1626
381 272 231 498 1626
492 177 229 498 1626
285 249 237 498 1626
495 919 230 498 1626
381 273 243 499 1627
381 274 223 500 1628
9 939 223 501 1629
381 275 237 501 1629
527 936 227 501 1629
130 931 221 501 1629
187 928 223 502 1630
381 276 235 502 1630
527 938 226 503 1631
187 930 227 504 1632
137 931 221 504 1632
137 932 230 505 1633
381 279 228 505 1633
495 926 225 505 1633
187 932 223 506 1634
381 280 235 506 1634
495 927 221 506 1634
339 925 225 507 1635
676 943 226 507 1635
335 942 224 507 1635
187 934 223 508 1636
339 926 222 508 1636
335 943 225 508 1636
290 947 221 509 1637
187 935 221 509 1637
381 283 222 509 1637
339 927 222 509 1637
335 944 224 509 1637
495 930 224 509 1637
381 284 231 510 1638
339 928 221 510 1638
676 946 223 510 1638
495 931 221 510 1638
137 938 227 511 1639
381 285 227 511 1639
676 947 229 511 1639
495 932 241 511 1639
137 939 227 512 1640
381 286 221 512 1640
495 933 235 512 1640
137 940 225 513 1641
381 287 222 513 1641
339 931 223 513 1641
676 949 226 513 1641
495 934 233 513 1641
676 950 233 514 1642
335 949 223 514 1642
495 935 226 514 1642
187 941 225 515 1643
137 942 221 515 1643
676 951 222 515 1643
495 936 227 515 1643
69 148 226 516 1644
381 290 231 516 1644
495 937 225 516 1644
137 944 223 517 1645
381 291 225 517 1645
339 935 221 517 1645
676 953 225 517 1645
495 938 221 517 1645
187 944 221 518 1646
381 292 233 518 1646
495 939 223 518 1646
137 946 223 519 1647
187 945 221 519 1647
381 293 238 519 1647
676 955 221 519 1647
495 940 231 519 1647
137 947 221 520 1648
187 946 223 520 1648
591 948 224 520 1648
381 294 225 520 1648
676 956 233 520 1648
339 938 221 520 1648
381 295 242 521 1649
676 957 239 521 1649
29 12 227 522 1650
381 296 238 522 1650
339 940 222 522 1650
381 297 229 523 1651
676 959 221 523 1651
339 941 225 523 1651
495 944 223 523 1651
29 14 224 524 1652
187 950 226 524 1652
381 298 240 524 1652
335 959 221 524 1652
676 960 237 524 1652
339 942 224 524 1652
495 945 221 524 1652
290 963 223 525 1653
137 952 223 525 1653
187 951 223 525 1653
381 299 231 525 1653
676 961 233 525 1653
339 943 222 525 1653
290 964 225 526 1654
187 952 221 526 1654
591 954 221 526 1654
381 300 225 526 1654
676 962 229 526 1654
339 944 227 526 1654
187 953 225 527 1655
381 301 232 527 1655
676 963 224 527 1655
339 945 222 527 1655
381 302 225 528 1656
335 963 223 528 1656
676 964 221 528 1656
29 19 223 529 1657
290 967 223 529 1657
137 956 221 529 1657
187 955 221 529 1657
381 303 224 529 1657
676 965 221 529 1657
339 947 225 529 1657
381 304 237 530 1658
187 957 224 531 1659
335 966 222 531 1659
676 967 223 531 1659
381 306 227 532 1660
676 968 221 532 1660
676 969 239 533 1661
381 308 231 534 1662
676 970 246 534 1662
381 310 221 536 1664
676 973 229 537 1665
187 964 227 538 1666
676 974 240 538 1666
335 974 238 539 1667
495 960 223 539 1667
381 314 231 540 1668
676 976 221 540 1668
495 961 224 540 1668
290 979 224 541 1669
187 967 221 541 1669
381 315 241 541 1669
335 976 223 541 1669
137 969 223 542 1670
187 968 221 542 1670
381 316 238 542 1670
676 978 229 542 1670
339 960 225 542 1670
381 317 223 543 1671
339 961 227 544 1672
290 982 223 544 1672
137 971 226 544 1672
495 965 221 544 1672
676 980 239 545 1673
187 971 221 545 1673
381 319 239 545 1673
495 966 221 546 1674
676 981 247 546 1674
290 984 221 546 1674
381 320 223 546 1674
676 982 241 547 1675
381 321 232 547 1675
676 983 238 547 1675
381 322 230 548 1676
495 969 221 549 1677
676 984 238 549 1677
381 323 229 549 1677
495 970 225 549 1677
676 985 245 550 1678
381 324 222 550 1678
187 976 222 550 1678
495 971 225 550 1678
676 986 241 551 1679
339 968 221 551 1679
290 989 221 551 1679
381 325 235 551 1679
335 986 221 551 1679
495 972 227 551 1679
676 987 253 552 1680
29 42 222 552 1680
137 979 221 552 1680
381 326 241 552 1680
676 988 243 552 1680
290 991 221 553 1681
137 980 221 553 1681
381 327 233 553 1681
676 989 235 554 1682
381 328 241 554 1682
495 975 221 555 1683
676 990 238 555 1683
339 972 223 555 1683
381 329 221 555 1683
676 991 223 556 1684
187 982 225 556 1684
381 330 227 556 1684
676 992 236 557 1685
187 983 222 557 1685
381 331 227 557 1685
495 978 223 557 1685
676 993 235 558 1686
29 48 221 558 1686
381 332 234 558 1686
676 994 225 559 1687
381 333 228 559 1687
676 995 241 560 1688
335 995 223 560 1688
676 996 241 561 1689
381 335 227 561 1689
676 997 243 562 1690
137 989 224 562 1690
381 336 237 562 1690
676 998 246 563 1691
381 337 235 563 1691
676 999 232 564 1692
381 338 241 564 1692
676 1000 241 565 1693
381 339 241 565 1693
676 1001 229 566 1694
339 983 221 566 1694
591 994 226 566 1694
381 340 224 566 1694
676 1002 226 567 1695
381 341 221 567 1695
676 1003 225 568 1696
381 342 239 568 1696
676 1004 237 569 1697
339 986 222 569 1697
137 996 221 569 1697
591 997 221 569 1697
381 343 239 569 1697
187 995 221 569 1697
676 1005 230 570 1698
290 1008 222 570 1698
381 344 239 570 1698
676 1006 235 571 1699
29 61 223 571 1699
137 998 223 571 1699
381 345 239 571 1699
335 1006 223 571 1699
676 1007 242 572 1700
339 989 225 572 1700
381 346 233 572 1700
676 1008 242 573 1701
187 999 221 573 1701
381 347 235 573 1701
335 1008 223 573 1701
381 348 247 574 1702
335 1009 221 574 1702
676 1010 245 575 1703
676 1011 247 576 1704
591 1004 223 576 1704
676 1012 239 576 1704
339 994 223 577 1705
290 1015 224 577 1705
676 1013 227 577 1705
339 995 225 578 1706
381 352 235 578 1706
676 1014 235 578 1706
339 996 229 579 1707
381 353 222 579 1707
676 1015 232 579 1707
339 997 226 580 1708
290 1018 221 580 1708
381 354 225 580 1708
339 998 223 581 1709
381 355 225 581 1709
676 1017 236 581 1709
69 214 221 582 1710
381 356 223 582 1710
591 1010 221 582 1710
335 1017 221 582 1710
676 1018 239 582 1710
29 73 221 583 1711
335 1018 221 583 1711
676 1019 223 583 1711
137 1011 224 584 1712
187 1010 221 584 1712
381 358 221 584 1712
335 1019 224 584 1712
676 1020 223 584 1712
339 1002 223 585 1713
29 75 221 585 1713
290 1023 222 585 1713
381 359 233 585 1713
335 1020 222 585 1713
676 1021 241 585 1713
381 360 233 586 1714
676 1022 234 586 1714
381 361 237 587 1715
676 1023 233 587 1715
381 362 237 588 1716
676 1024 241 588 1716
381 363 228 589 1717
335 1024 222 589 1717
676 1025 239 589 1717
381 364 227 590 1718
335 1025 222 590 1718
676 1026 229 590 1718
381 365 235 591 1719
676 1027 237 591 1719
339 1009 225 591 1719
381 366 239 592 1720
676 1028 226 592 1720
381 367 224 593 1721
676 1029 241 593 1721
290 1032 223 594 1722
381 368 233 594 1722
676 1030 247 594 1722
381 369 231 595 1723
676 1031 231 595 1723
381 370 234 596 1724
335 1031 223 596 1724
495 1017 222 596 1724
676 1032 247 596 1724
290 1035 224 597 1725
137 1024 221 597 1725
381 371 241 597 1725
495 1018 223 597 1725
676 1033 239 597 1725
29 88 226 597 1725
290 1036 227 598 1726
381 372 233 598 1726
335 1033 228 598 1726
495 1019 221 598 1726
676 1034 233 598 1726
29 89 221 598 1726
290 1037 222 599 1727
381 373 236 599 1727
335 1034 227 599 1727
495 1020 223 599 1727
676 1035 232 599 1727
29 90 222 599 1727
381 375 235 601 1729
335 1036 223 601 1729
676 1037 235 601 1729
339 1019 222 601 1729
137 1029 223 602 1730
591 1030 221 602 1730
381 376 232 602 1730
335 1037 225 602 1730
339 1020 225 602 1730
676 1038 233 602 1730
381 377 227 603 1731
335 1038 227 603 1731
495 1024 224 603 1731
676 1039 234 603 1731
69 236 227 604 1732
381 378 227 604 1732
335 1039 231 604 1732
495 1025 227 604 1732
29 95 221 604 1732
676 1040 246 604 1732
339 1022 222 605 1733
381 379 239 605 1733
335 1040 231 605 1733
495 1026 233 605 1733
676 1041 225 605 1733
69 238 225 606 1734
335 1041 225 606 1734
495 1027 227 606 1734
29 97 221 606 1734
339 1024 221 606 1734
676 1042 231 606 1734
335 1042 222 607 1735
381 381 224 607 1735
495 1028 228 607 1735
676 1043 237 607 1735
335 1043 221 608 1736
381 382 242 608 1736
495 1029 227 608 1736
339 1026 225 608 1736
676 1044 233 609 1737
335 1044 222 609 1737
381 383 233 609 1737
339 1027 230 609 1737
676 1045 229 610 1738
381 384 242 610 1738
495 1031 225 610 1738
676 1046 239 611 1739
335 1046 223 611 1739
381 385 239 611 1739
495 1032 223 611 1739
339 1029 225 611 1739
676 1047 237 612 1740
381 386 227 612 1740
495 1033 225 612 1740
339 1030 227 612 1740
29 103 223 612 1740
676 1048 225 612 1740
335 1048 222 613 1741
381 387 230 613 1741
495 1034 227 613 1741
339 1031 229 613 1741
29 104 227 613 1741
676 1049 226 613 1741
335 1049 228 614 1742
381 388 225 614 1742
495 1035 231 614 1742
676 1050 237 615 1743
335 1050 222 615 1743
495 1036 223 615 1743
676 1051 234 615 1743
137 1043 224 616 1744
495 1037 222 616 1744
339 1034 233 616 1744
29 107 222 616 1744
676 1052 227 616 1744
137 1044 229 617 1745
495 1038 225 617 1745
339 1035 223 617 1745
676 1053 235 617 1745
187 1044 221 618 1746
335 1053 222 618 1746
381 392 246 618 1746
381 393 248 619 1747
339 1037 221 619 1747
676 1055 237 619 1747
495 1041 225 620 1748
381 394 243 620 1748
339 1038 221 620 1748
676 1056 228 620 1748
495 1042 228 621 1749
676 1057 231 621 1749
495 1043 223 622 1750
381 396 231 622 1750
676 1058 233 622 1750
339 1040 222 622 1750
381 397 242 623 1751
495 1044 222 623 1751
676 1059 235 623 1751
339 1041 227 623 1751
335 1059 221 624 1752
381 398 244 624 1752
495 1045 221 624 1752
676 1060 227 624 1752
339 1042 233 624 1752
335 1060 225 625 1753
381 399 229 625 1753
339 1043 221 625 1753
676 1061 221 625 1753
69 258 223 626 1754
495 1047 222 626 1754
676 1062 234 626 1754
381 401 224 627 1755
495 1048 235 627 1755
676 1063 238 627 1755
137 1055 223 628 1756
335 1063 223 628 1756
381 402 247 628 1756
676 1064 237 628 1756
339 1046 221 628 1756
137 1056 221 629 1757
381 403 242 629 1757
495 1050 221 629 1757
676 1065 238 629 1757
381 404 242 630 1758
495 1051 225 630 1758
676 1066 238 630 1758
339 1048 223 630 1758
381 405 246 631 1759
676 1067 235 631 1759
339 1049 221 631 1759
29 122 222 631 1759
381 406 246 632 1760
495 1053 221 632 1760
676 1068 241 632 1760
29 123 221 632 1760
381 407 240 633 1761
495 1054 225 633 1761
676 1069 240 633 1761
335 1069 221 634 1762
381 408 241 634 1762
495 1055 235 634 1762
676 1070 224 634 1762
381 409 227 635 1763
495 1056 235 635 1763
676 1071 233 635 1763
290 1074 221 636 1764
381 410 225 636 1764
495 1057 231 636 1764
676 1072 228 636 1764
381 411 239 637 1765
495 1058 231 637 1765
676 1073 235 637 1765
339 1055 222 637 1765
137 1065 222 638 1766
335 1073 221 638 1766
381 412 236 638 1766
495 1059 223 638 1766
676 1074 234 638 1766
381 413 243 639 1767
495 1060 227 639 1767
676 1075 231 639 1767
335 1075 223 640 1768
381 414 244 640 1768
495 1061 231 640 1768
676 1076 232 640 1768
339 1058 222 640 1768
29 131 223 640 1768
381 415 241 641 1769
495 1062 227 641 1769
676 1077 221 641 1769
381 416 231 642 1770
495 1063 221 642 1770
676 1078 232 642 1770
335 1078 221 643 1771
381 417 221 643 1771
495 1064 223 643 1771
676 1079 231 643 1771
335 1079 223 644 1772
381 418 224 644 1772
495 1065 225 644 1772
676 1080 229 644 1772
381 419 227 645 1773
495 1066 229 645 1773
339 1063 223 645 1773
676 1081 227 645 1773
381 420 229 646 1774
495 1067 227 646 1774
676 1082 224 646 1774
381 421 225 647 1775
495 1068 230 647 1775
676 1083 233 647 1775
381 422 221 648 1776
495 1069 233 648 1776
676 1084 234 648 1776
381 423 231 649 1777
495 1070 234 649 1777
676 1085 235 649 1777
495 1071 233 650 1778
339 1068 223 650 1778
676 1086 233 650 1778
381 425 224 651 1779
69 283 222 651 1779
495 1072 223 651 1779
676 1087 233 651 1779
381 426 232 652 1780
69 284 221 652 1780
495 1073 221 652 1780
676 1088 227 652 1780
381 427 231 653 1781
69 285 225 653 1781
676 1089 227 653 1781
381 428 231 654 1782
69 286 222 654 1782
335 1089 223 654 1782
676 1090 231 654 1782
339 1072 221 654 1782
381 429 230 655 1783
69 287 221 655 1783
495 1076 225 655 1783
676 1091 234 655 1783
339 1073 224 655 1783
381 430 232 656 1784
495 1077 224 656 1784
676 1092 241 656 1784
381 431 225 657 1785
591 1085 221 657 1785
495 1078 232 657 1785
676 1093 244 657 1785
339 1075 221 657 1785
381 432 223 658 1786
335 1093 225 658 1786
591 1086 221 658 1786
495 1079 233 658 1786
676 1094 238 658 1786
381 433 231 659 1787
495 1080 225 659 1787
339 1077 224 659 1787
676 1095 227 659 1787
381 434 227 660 1788
495 1081 228 660 1788
676 1096 223 660 1788
339 1078 223 660 1788
187 1087 223 661 1789
381 435 235 661 1789
495 1082 229 661 1789
676 1097 236 661 1789
187 1088 222 662 1790
381 436 243 662 1790
676 1098 234 662 1790
381 437 247 663 1791
495 1084 225 663 1791
676 1099 235 663 1791
69 296 225 664 1792
187 1090 221 664 1792
495 1085 223 664 1792
676 1100 229 664 1792
69 297 226 665 1793
381 439 228 665 1793
187 1091 221 665 1793
495 1086 226 665 1793
676 1101 230 665 1793
381 440 234 666 1794
335 1101 221 666 1794
495 1087 225 666 1794
676 1102 237 666 1794
69 299 225 667 1795
381 441 229 667 1795
495 1088 227 667 1795
381 442 229 668 1796
335 1103 221 668 1796
495 1089 235 668 1796
676 1104 232 668 1796
381 443 225 669 1797
676 1105 231 669 1797
69 302 222 670 1798
381 444 235 670 1798
495 1091 225 670 1798
676 1106 242 670 1798
290 1109 221 671 1799
381 445 241 671 1799
339 1089 224 671 1799
676 1107 241 671 1799
381 446 227 672 1800
339 1090 223 672 1800
676 1108 240 672 1800
381 447 237 673 1801
495 1094 221 673 1801
676 1109 239 674 1802
381 448 239 674 1802
676 1110 243 675 1803
290 1113 222 675 1803
381 449 236 675 1803
495 1096 227 675 1803
676 1111 240 676 1804
290 1114 223 676 1804
381 450 233 676 1804
335 1111 223 676 1804
495 1097 228 676 1804
676 1112 241 677 1805
381 451 235 677 1805
335 1112 221 677 1805
290 1116 221 678 1806
676 1113 239 678 1806
381 452 233 678 1806
335 1113 223 678 1806
495 1099 221 678 1806
339 1096 224 678 1806
676 1114 237 679 1807
381 453 235 679 1807
335 1114 241 679 1807
339 1097 221 679 1807
290 1118 221 679 1807
676 1115 239 680 1808
381 454 227 680 1808
335 1115 238 680 1808
339 1098 223 680 1808
381 455 232 681 1809
335 1116 238 681 1809
676 1117 231 682 1810
381 456 235 682 1810
335 1117 241 682 1810
290 1121 225 682 1810
676 1118 232 683 1811
137 1110 221 683 1811
381 457 237 683 1811
335 1118 223 683 1811
339 1101 224 683 1811
290 1122 223 683 1811
676 1119 237 684 1812
381 458 239 684 1812
495 1105 224 684 1812
339 1102 222 684 1812
290 1123 221 684 1812
676 1120 235 685 1813
381 459 233 685 1813
335 1120 225 685 1813
495 1106 221 685 1813
339 1103 221 685 1813
676 1121 232 685 1813
335 1121 223 686 1814
381 460 239 686 1814
676 1122 231 687 1815
335 1122 227 687 1815
381 461 239 687 1815
495 1108 221 687 1815
676 1123 223 687 1815
335 1123 227 688 1816
381 462 233 688 1816
339 1106 224 688 1816
676 1124 232 688 1816
381 463 236 689 1817
335 1124 223 689 1817
676 1125 232 689 1817
381 464 221 690 1818
339 1108 221 690 1818
676 1126 231 690 1818
381 465 230 691 1819
495 1112 221 691 1819
339 1109 221 691 1819
676 1127 225 691 1819
381 466 240 692 1820
381 467 233 693 1821
495 1114 223 693 1821
339 1111 222 693 1821
676 1129 231 693 1821
381 468 239 694 1822
339 1112 222 694 1822
676 1130 226 694 1822
381 469 241 695 1823
495 1116 227 695 1823
339 1113 223 695 1823
676 1131 241 695 1823
381 470 235 696 1824
335 1131 225 696 1824
495 1117 228 696 1824
676 1132 239 696 1824
381 471 233 697 1825
335 1132 223 697 1825
137 1124 224 697 1825
495 1118 221 697 1825
339 1115 226 697 1825
676 1133 241 697 1825
335 1133 221 698 1826
381 472 231 698 1826
187 1124 225 698 1826
339 1116 227 698 1826
676 1134 237 698 1826
381 473 232 699 1827
137 1126 222 699 1827
676 1135 226 699 1827
290 1138 221 699 1827
381 474 242 700 1828
495 1121 223 700 1828
339 1118 221 700 1828
676 1136 229 700 1828
290 1139 222 700 1828
381 475 238 701 1829
495 1122 221 701 1829
676 1137 227 701 1829
290 1140 222 701 1829
381 476 231 702 1830
495 1123 221 702 1830
339 1120 221 702 1830
676 1138 233 702 1830
381 477 237 703 1831
335 1138 221 703 1831
339 1121 221 703 1831
676 1139 223 703 1831
381 478 237 704 1832
495 1125 223 704 1832
339 1122 223 704 1832
676 1140 227 704 1832
69 337 223 705 1833
187 1131 222 705 1833
381 479 238 705 1833
335 1140 221 705 1833
676 1141 231 705 1833
69 338 226 706 1834
381 480 239 706 1834
187 1132 221 706 1834
591 1134 222 706 1834
339 1124 225 706 1834
676 1142 246 706 1834
69 339 228 707 1835
381 481 239 707 1835
187 1133 221 707 1835
495 1128 233 707 1835
591 1135 223 707 1835
676 1143 242 707 1835
339 1125 224 707 1835
137 1135 226 708 1836
381 482 247 708 1836
187 1134 223 708 1836
335 1143 221 708 1836
339 1126 222 708 1836
676 1144 237 708 1836
381 483 227 709 1837
495 1130 221 709 1837
69 342 222 710 1838
381 484 229 710 1838
676 1146 226 710 1838
381 485 235 711 1839
495 1132 223 711 1839
591 1139 221 711 1839
676 1147 238 711 1839
339 1129 221 711 1839
381 486 233 712 1840
676 1148 239 712 1840
339 1130 223 712 1840
69 345 221 713 1841
676 1149 231 713 1841
339 1131 221 713 1841
381 488 233 714 1842
335 1149 224 714 1842
495 1135 223 714 1842
676 1150 233 714 1842
69 347 223 715 1843
381 489 237 715 1843
339 1133 231 715 1843
676 1151 242 715 1843
381 490 241 716 1844
339 1134 221 716 1844
676 1152 239 716 1844
381 491 239 717 1845
335 1152 221 717 1845
495 1138 225 717 1845
676 1153 237 717 1845
381 492 231 718 1846
339 1136 231 718 1846
381 493 230 719 1847
495 1140 233 719 1847
339 1137 223 719 1847
676 1155 239 719 1847
381 494 229 720 1848
495 1141 228 720 1848
676 1156 227 720 1848
381 495 243 721 1849
335 1156 224 721 1849
495 1142 227 721 1849
339 1139 225 721 1849
676 1157 232 721 1849
381 496 234 722 1850
676 1158 234 722 1850
381 497 231 723 1851
676 1159 224 723 1851
335 1159 224 724 1852
495 1145 225 724 1852
339 1142 227 724 1852
676 1160 241 724 1852
381 499 227 725 1853
495 1146 227 725 1853
339 1143 226 725 1853
676 1161 247 725 1853
381 500 221 726 1854
187 1152 227 726 1854
335 1161 221 726 1854
495 1147 234 726 1854
676 1162 249 726 1854
187 1153 221 727 1855
495 1148 227 727 1855
676 1163 241 727 1855
495 1149 234 728 1856
676 1164 250 728 1856
381 503 221 729 1857
335 1164 223 729 1857
495 1150 237 729 1857
339 1147 235 729 1857
676 1165 221 729 1857
381 504 229 730 1858
137 1157 227 730 1858
335 1165 231 730 1858
495 1151 225 730 1858
676 1166 235 730 1858
381 505 225 731 1859
29 222 221 731 1859
187 1158 228 732 1860
495 1153 222 732 1860
69 365 221 733 1861
187 1159 227 733 1861
187 1160 224 734 1862
137 1161 223 734 1862
676 1171 224 735 1863
676 1172 226 736 1864
137 1165 222 738 1866
676 1174 222 738 1866
158 91 225 740 1868
312 1162 222 740 1868
170 1161 222 740 1868
46 1167 223 740 1868
124 1162 221 740 1868
74 275 230 740 1868
763 266 235 740 1868
703 1160 227 741 1869
364 1176 233 742 1870
364 1177 232 743 1871
563 21 227 743 1871
541 350 225 743 1871
497 1176 234 743 1871
74 278 240 743 1871
518 239 222 744 1872
364 1178 223 744 1872
218 246 227 744 1872
563 22 221 744 1872
257 1097 224 744 1872
497 1177 223 744 1872
99 8 239 744 1872
74 279 241 744 1872
564 242 222 745 1873
218 247 223 745 1873
541 352 225 745 1873
257 1098 223 745 1873
170 1166 224 745 1873
99 9 231 745 1873
756 500 225 745 1873
170 1167 229 746 1874
497 1179 234 746 1874
99 10 228 746 1874
756 501 236 746 1874
364 1181 225 746 1874
563 25 223 746 1874
257 1100 224 746 1874
170 1168 223 747 1875
756 502 243 747 1875
364 1182 235 747 1875
563 26 223 747 1875
257 1101 229 747 1875
170 1169 227 748 1876
99 12 239 748 1876
756 503 225 748 1876
518 244 224 748 1876
364 1183 223 748 1876
257 1102 226 748 1876
99 13 227 749 1877
611 1172 221 749 1877
518 245 227 749 1877
564 247 237 749 1877
541 357 222 749 1877
563 28 221 749 1877
257 1103 235 749 1877
99 14 227 750 1878
57 287 224 750 1878
518 246 222 750 1878
563 29 222 750 1878
257 1104 233 750 1878
170 1172 221 751 1879
99 15 235 751 1879
74 286 223 751 1879
57 288 222 751 1879
518 247 221 751 1879
74 287 238 752 1880
99 16 237 752 1880
611 1175 223 752 1880
564 250 226 752 1880
563 31 239 752 1880
257 1106 221 753 1881
74 288 238 753 1881
99 17 235 753 1881
364 1188 221 753 1881
170 1175 224 754 1882
99 18 224 754 1882
74 289 238 754 1882
364 1189 223 754 1882
564 252 235 754 1882
497 1188 221 755 1883
74 290 233 755 1883
99 19 243 755 1883
497 1189 223 756 1884
74 291 235 756 1884
99 20 240 756 1884
564 254 227 756 1884
497 1190 225 757 1885
74 292 230 757 1885
99 21 233 757 1885
57 294 221 757 1885
518 253 223 757 1885
564 255 231 757 1885
756 513 221 758 1886
74 293 223 758 1886
518 254 233 758 1886
541 366 248 758 1886
518 255 225 759 1887
364 1194 230 759 1887
541 367 255 759 1887
518 256 239 760 1888
564 258 237 760 1888
563 39 232 760 1888
170 1182 224 761 1889
74 296 221 761 1889
99 25 237 761 1889
518 257 239 761 1889
364 1196 237 761 1889
218 264 224 761 1889
564 259 243 761 1889
563 40 227 761 1889
170 1183 222 762 1890
497 1195 228 762 1890
756 517 228 762 1890
74 297 224 762 1890
99 26 247 762 1890
518 258 228 762 1890
57 299 221 762 1890
364 1197 243 762 1890
564 260 227 762 1890
218 265 227 762 1890
563 41 228 763 1891
170 1184 226 763 1891
756 518 232 763 1891
74 298 221 763 1891
99 27 238 763 1891
518 259 243 763 1891
364 1198 235 763 1891
564 261 227 763 1891
218 266 223 763 1891
563 42 223 764 1892
170 1185 226 764 1892
756 519 223 764 1892
99 28 223 764 1892
74 299 223 764 1892
518 260 251 764 1892
364 1199 236 764 1892
218 267 223 764 1892
564 262 240 764 1892
170 1186 221 765 1893
756 520 230 765 1893
99 29 232 765 1893
518 261 238 765 1893
364 1200 247 765 1893
218 268 227 765 1893
564 263 228 765 1893
541 373 221 766 1894
756 521 226 766 1894
74 301 223 766 1894
518 262 246 766 1894
364 1201 242 766 1894
218 269 227 766 1894
563 45 233 767 1895
257 1120 222 767 1895
756 522 223 767 1895
518 263 235 767 1895
364 1202 243 767 1895
218 270 223 767 1895
564 265 221 767 1895
563 46 227 768 1896
170 1189 229 768 1896
74 303 227 768 1896
99 32 228 768 1896
518 264 231 768 1896
364 1203 236 768 1896
218 271 227 768 1896
564 266 221 768 1896
563 47 223 768 1896
541 376 222 769 1897
756 524 231 769 1897
74 304 227 769 1897
57 306 223 769 1897
99 33 222 769 1897
518 265 236 769 1897
364 1204 221 769 1897
218 272 239 769 1897
564 267 223 769 1897
563 48 231 769 1897
541 377 225 770 1898
170 1191 239 770 1898
497 1203 233 770 1898
518 266 221 770 1898
364 1205 232 770 1898
218 273 246 770 1898
564 268 231 770 1898
563 49 221 770 1898
541 378 230 771 1899
756 526 221 771 1899
99 35 227 771 1899
518 267 235 771 1899
364 1206 226 771 1899
564 269 244 771 1899
563 50 242 771 1899
541 379 241 772 1900
257 1125 223 772 1900
170 1193 228 772 1900
497 1205 221 772 1900
756 527 224 772 1900
74 307 235 772 1900
99 36 231 772 1900
518 268 235 772 1900
364 1207 236 772 1900
564 270 223 772 1900
563 51 235 772 1900
541 380 233 773 1901
257 1126 231 773 1901
170 1194 227 773 1901
756 528 225 773 1901
74 308 224 773 1901
99 37 234 773 1901
364 1208 230 773 1901
218 276 226 773 1901
564 271 235 773 1901
563 52 247 773 1901
541 381 225 774 1902
257 1127 228 774 1902
170 1195 225 774 1902
756 529 223 774 1902
74 309 225 774 1902
99 38 223 774 1902
518 270 225 774 1902
364 1209 233 774 1902
563 53 235 774 1902
170 1196 223 775 1903
756 530 227 775 1903
74 310 238 775 1903
518 271 225 775 1903
57 312 223 775 1903
364 1210 234 775 1903
218 278 235 775 1903
564 273 227 775 1903
563 54 221 775 1903
541 383 229 776 1904
257 1129 233 776 1904
170 1197 241 776 1904
756 531 231 776 1904
74 311 227 776 1904
99 40 227 776 1904
364 1211 229 776 1904
218 279 232 776 1904
564 274 221 776 1904
563 55 227 776 1904
170 1198 233 777 1905
497 1210 225 777 1905
74 312 238 777 1905
99 41 234 777 1905
57 314 227 777 1905
518 273 231 777 1905
364 1212 227 777 1905
218 280 240 777 1905
564 275 236 777 1905
257 1131 227 778 1906
170 1199 235 778 1906
756 533 238 778 1906
74 313 235 778 1906
57 315 227 778 1906
99 42 231 778 1906
518 274 224 778 1906
364 1213 237 778 1906
218 281 229 778 1906
564 276 237 778 1906
563 57 224 778 1906
541 386 223 779 1907
257 1132 231 779 1907
170 1200 241 779 1907
756 534 231 779 1907
497 1212 233 779 1907
74 314 236 779 1907
57 316 227 779 1907
518 275 223 779 1907
218 282 239 779 1907
563 58 233 779 1907
564 277 238 779 1907
170 1201 247 780 1908
756 535 226 780 1908
74 315 246 780 1908
57 317 227 780 1908
99 44 221 780 1908
364 1215 225 780 1908
218 283 241 780 1908
563 59 239 780 1908
541 388 227 781 1909
257 1134 221 781 1909
170 1202 237 781 1909
756 536 226 781 1909
497 1214 227 781 1909
74 316 242 781 1909
99 45 232 781 1909
518 277 227 781 1909
364 1216 230 781 1909
218 284 234 781 1909
564 279 223 781 1909
563 60 233 781 1909
541 389 224 782 1910
257 1135 233 782 1910
170 1203 224 782 1910
497 1215 225 782 1910
756 537 227 782 1910
74 317 227 782 1910
57 319 228 782 1910
99 46 233 782 1910
364 1217 247 782 1910
218 285 237 782 1910
563 61 231 783 1911
257 1136 227 783 1911
170 1204 237 783 1911
756 538 222 783 1911
497 1216 235 783 1911
57 320 225 783 1911
74 318 236 783 1911
99 47 232 783 1911
518 279 223 783 1911
364 1218 230 783 1911
218 286 231 783 1911
564 281 222 783 1911
541 391 221 784 1912
756 539 227 784 1912
497 1217 232 784 1912
74 319 227 784 1912
57 321 236 784 1912
99 48 235 784 1912
518 280 223 784 1912
364 1219 226 784 1912
218 287 241 784 1912
563 63 234 785 1913
257 1138 230 785 1913
170 1206 236 785 1913
756 540 243 785 1913
497 1218 225 785 1913
57 322 236 785 1913
74 320 233 785 1913
99 49 235 785 1913
518 281 231 785 1913
364 1220 228 785 1913
218 288 243 785 1913
564 283 221 785 1913
563 64 227 786 1914
541 393 225 786 1914
257 1139 231 786 1914
170 1207 239 786 1914
497 1219 233 786 1914
57 323 221 786 1914
99 50 228 786 1914
518 282 235 786 1914
218 289 239 786 1914
563 65 243 787 1915
541 394 221 787 1915
170 1208 231 787 1915
756 542 227 787 1915
497 1220 225 787 1915
57 324 230 787 1915
74 322 223 787 1915
99 51 227 787 1915
518 283 221 787 1915
218 290 244 787 1915
563 66 250 788 1916
541 395 226 788 1916
257 1141 231 788 1916
170 1209 231 788 1916
497 1221 223 788 1916
756 543 224 788 1916
57 325 230 788 1916
99 52 224 788 1916
611 1211 226 788 1916
518 284 242 788 1916
218 291 231 788 1916
564 286 243 788 1916
563 67 245 789 1917
257 1142 221 789 1917
756 544 235 789 1917
74 324 222 789 1917
99 53 243 789 1917
518 285 221 789 1917
364 1224 224 789 1917
218 292 226 789 1917
564 287 221 789 1917
563 68 233 790 1918
497 1223 221 790 1918
756 545 221 790 1918
74 325 221 790 1918
518 286 225 790 1918
364 1225 235 790 1918
218 293 241 790 1918
564 288 236 790 1918
563 69 226 791 1919
541 398 233 791 1919
170 1212 225 791 1919
756 546 229 791 1919
497 1224 225 791 1919
518 287 223 791 1919
364 1226 227 791 1919
218 294 223 791 1919
564 289 224 791 1919
541 399 223 792 1920
170 1213 227 792 1920
756 547 243 792 1920
497 1225 231 792 1920
57 329 227 792 1920
611 1215 221 792 1920
518 288 222 792 1920
564 290 244 792 1920
541 400 233 793 1921
756 548 222 793 1921
74 328 245 793 1921
99 57 246 793 1921
364 1228 225 793 1921
541 401 225 794 1922
756 549 222 794 1922
611 1217 222 794 1922
99 58 235 794 1922
364 1229 227 794 1922
564 292 228 794 1922
99 59 237 795 1923
518 291 223 795 1923
364 1230 221 795 1923
99 60 239 796 1924
74 331 223 796 1924
364 1231 228 796 1924
57 334 221 797 1925
99 61 231 797 1925
74 332 241 797 1925
518 293 223 797 1925
364 1232 225 797 1925
541 405 223 798 1926
99 62 239 798 1926
218 301 222 798 1926
74 334 224 799 1927
99 63 231 799 1927
518 295 222 799 1927
170 1221 225 800 1928
74 335 227 800 1928
99 64 230 800 1928
518 296 226 800 1928
497 1234 227 801 1929
170 1222 227 801 1929
756 556 221 801 1929
74 336 232 801 1929
99 65 234 801 1929
497 1235 223 802 1930
57 339 223 802 1930
74 337 239 802 1930
518 298 224 802 1930
563 81 227 803 1931
74 338 226 803 1931
99 67 231 803 1931
564 301 223 803 1931
563 82 228 804 1932
74 339 227 804 1932
563 83 223 805 1933
57 342 222 805 1933
99 69 235 805 1933
497 1239 224 806 1934
57 343 223 806 1934
74 341 226 806 1934
99 70 241 806 1934
564 304 223 806 1934
170 1228 221 807 1935
74 342 227 807 1935
99 71 224 807 1935
257 1161 223 808 1936
74 343 225 808 1936
518 304 222 808 1936
563 87 225 809 1937
541 416 225 809 1937
497 1242 223 809 1937
756 564 227 809 1937
74 344 235 809 1937
99 73 229 809 1937
518 305 225 809 1937
497 1243 223 810 1938
74 345 221 810 1938
99 74 224 810 1938
518 306 233 810 1938
564 308 221 810 1938
563 89 221 811 1939
74 346 230 811 1939
99 75 233 811 1939
611 1234 226 811 1939
518 307 225 811 1939
564 309 221 811 1939
563 90 221 812 1940
497 1245 225 812 1940
99 76 231 812 1940
74 347 238 812 1940
518 308 224 812 1940
497 1246 222 813 1941
74 348 233 813 1941
99 77 227 813 1941
57 350 222 813 1941
99 78 232 814 1942
74 349 227 814 1942
57 351 221 814 1942
364 1249 223 814 1942
563 93 221 815 1943
74 350 236 815 1943
564 313 223 815 1943
756 571 221 816 1944
99 80 237 816 1944
74 351 236 816 1944
518 312 233 816 1944
564 314 225 816 1944
364 1251 222 816 1944
497 1250 225 817 1945
756 572 221 817 1945
74 352 237 817 1945
99 81 223 817 1945
518 313 230 817 1945
74 353 242 818 1946
564 316 223 818 1946
563 97 231 819 1947
497 1252 223 819 1947
99 83 222 819 1947
74 354 227 819 1947
218 322 222 819 1947
497 1253 225 820 1948
99 84 223 820 1948
74 355 224 820 1948
611 1243 221 820 1948
518 316 223 820 1948
99 85 228 821 1949
74 356 235 821 1949
518 317 233 821 1949
497 1255 227 822 1950
170 1243 225 822 1950
756 577 224 822 1950
74 357 225 822 1950
518 318 222 822 1950
170 1244 223 823 1951
756 578 221 823 1951
257 1176 223 823 1951
74 358 242 823 1951
99 87 237 823 1951
57 360 223 823 1951
364 1258 221 823 1951
497 1257 221 824 1952
756 579 224 824 1952
74 359 231 824 1952
497 1258 227 825 1953
170 1246 223 825 1953
74 360 233 825 1953
99 89 224 825 1953
57 362 225 825 1953
611 1248 221 825 1953
518 321 237 825 1953
497 1259 228 826 1954
170 1247 221 826 1954
756 581 221 826 1954
74 361 235 826 1954
99 90 229 826 1954
611 1249 223 826 1954
57 363 221 826 1954
518 322 224 826 1954
564 324 225 826 1954
364 1261 222 826 1954
497 1260 223 827 1955
170 1248 227 827 1955
218 2 226 827 1955
756 582 223 827 1955
74 362 233 827 1955
99 91 230 827 1955
518 323 231 827 1955
564 325 223 827 1955
74 363 233 828 1956
99 92 223 828 1956
518 324 231 828 1956
564 326 221 828 1956
541 436 222 828 1956
497 1262 223 829 1957
74 364 235 829 1957
99 93 232 829 1957
564 327 224 829 1957
99 94 224 830 1958
756 586 223 831 1959
518 327 221 831 1959
564 329 222 831 1959
497 1265 223 832 1960
756 587 224 832 1960
99 96 222 832 1960
74 367 223 832 1960
518 328 223 832 1960
218 8 223 833 1961
257 1186 221 833 1961
74 368 224 833 1961
170 1255 232 834 1962
99 98 225 834 1962
518 330 226 834 1962
564 332 221 834 1962
541 442 221 834 1962
99 99 226 835 1963
57 372 227 835 1963
756 591 227 836 1964
99 100 228 836 1964
518 332 221 836 1964
756 592 222 837 1965
497 1270 224 837 1965
218 12 224 837 1965
170 1258 224 837 1965
99 101 222 837 1965
564 335 222 837 1965
541 445 222 838 1966
756 593 226 838 1966
218 13 221 838 1966
170 1259 223 838 1966
541 446 227 839 1967
218 14 221 839 1967
170 1260 232 839 1967
497 1272 226 839 1967
74 374 221 839 1967
541 447 229 840 1968
170 1261 232 840 1968
74 375 225 840 1968
57 377 221 840 1968
518 336 227 840 1968
541 448 231 841 1969
756 596 223 841 1969
170 1262 233 841 1969
497 1274 225 841 1969
99 105 226 841 1969
57 378 223 841 1969
518 337 226 841 1969
541 449 223 842 1970
170 1263 224 842 1970
756 597 223 842 1970
218 17 221 842 1970
497 1275 221 842 1970
99 106 221 842 1970
57 379 222 842 1970
518 338 223 842 1970
756 598 221 843 1971
170 1264 225 843 1971
497 1276 225 843 1971
541 451 227 844 1972
563 122 222 844 1972
756 599 225 844 1972
170 1265 225 844 1972
518 340 227 844 1972
541 452 227 845 1973
563 123 223 845 1973
170 1266 228 845 1973
756 600 221 845 1973
99 109 223 845 1973
57 382 233 845 1973
518 341 226 845 1973
541 453 227 846 1974
170 1267 225 846 1974
99 110 225 846 1974
611 1269 221 846 1974
518 342 227 846 1974
541 454 231 846 1974
756 602 221 847 1975
170 1268 225 847 1975
99 111 227 847 1975
497 1280 228 847 1975
57 384 221 847 1975
518 343 227 847 1975
541 455 227 848 1976
99 112 227 848 1976
170 1269 225 848 1976
497 1281 227 848 1976
57 385 221 848 1976
518 344 226 848 1976
541 456 227 849 1977
99 113 225 849 1977
170 1270 238 849 1977
541 457 228 850 1978
99 114 224 850 1978
497 1283 223 850 1978
74 385 227 850 1978
57 387 226 850 1978
518 346 221 850 1978
541 458 224 851 1979
563 129 222 851 1979
756 606 223 851 1979
563 130 225 852 1980
756 607 221 852 1980
541 460 221 853 1981
563 131 221 853 1981
99 117 222 853 1981
611 1276 221 853 1981
518 349 225 853 1981
541 461 226 854 1982
563 132 221 854 1982
218 29 223 854 1982
99 118 229 854 1982
57 391 221 854 1982
518 350 225 854 1982
364 1289 223 854 1982
541 462 223 854 1982
563 133 221 855 1983
99 119 227 855 1983
497 1288 221 855 1983
57 392 221 855 1983
364 1290 225 855 1983
563 134 221 856 1984
218 31 221 856 1984
99 120 231 856 1984
364 1291 224 856 1984
541 464 222 856 1984
218 32 225 857 1985
99 121 225 857 1985
569 1287 221 857 1985
541 465 225 858 1986
99 122 225 858 1986
611 1281 221 858 1986
541 466 223 858 1986
611 1282 221 859 1987
364 1294 221 859 1987
541 467 224 859 1987
497 1293 223 860 1988
99 124 232 860 1988
611 1283 223 860 1988
364 1295 224 860 1988
541 468 223 861 1989
611 1284 225 861 1989
497 1295 221 862 1990
611 1285 224 862 1990
364 1297 221 862 1990
564 360 221 862 1990
541 470 222 863 1991
563 141 223 863 1991
611 1286 222 863 1991
564 361 231 863 1991
541 471 222 864 1992
563 142 221 864 1992
564 362 222 864 1992
364 1299 222 864 1992
57 402 224 865 1993
564 363 221 865 1993
364 1300 222 865 1993
563 144 233 866 1994
170 1287 233 866 1994
99 130 223 866 1994
74 401 225 866 1994
518 362 229 866 1994
564 364 237 866 1994
563 145 222 867 1995
170 1288 233 867 1995
99 131 226 867 1995
74 402 223 867 1995
518 363 231 867 1995
364 1302 223 867 1995
564 365 239 867 1995
541 475 222 868 1996
170 1289 223 868 1996
518 364 225 868 1996
364 1303 222 868 1996
564 366 226 868 1996
170 1290 223 869 1997
57 406 223 869 1997
497 1302 221 869 1997
74 404 223 869 1997
518 365 223 869 1997
364 1304 223 869 1997
564 367 227 869 1997
170 1291 230 870 1998
99 134 224 870 1998
497 1303 222 870 1998
611 1293 221 870 1998
57 408 221 871 1999
497 1304 224 871 1999
564 369 234 871 1999
563 150 221 872 2000
541 479 222 872 2000
170 1293 227 872 2000
99 136 226 872 2000
74 407 222 872 2000
564 370 231 872 2000
563 151 223 873 2001
541 480 222 873 2001
170 1294 227 873 2001
57 410 221 873 2001
518 369 223 873 2001
564 371 223 873 2001
541 481 222 874 2002
57 411 222 874 2002
99 138 224 874 2002
518 370 231 874 2002
564 372 235 874 2002
364 1309 227 874 2002
541 482 221 875 2003
497 1308 225 875 2003
99 139 223 875 2003
518 371 227 875 2003
611 1298 222 875 2003
564 373 241 875 2003
364 1310 222 875 2003
57 413 221 876 2004
497 1309 223 876 2004
518 372 225 876 2004
564 374 232 876 2004
364 1311 224 876 2004
74 412 222 877 2005
518 373 238 877 2005
564 375 235 877 2005
364 1312 225 877 2005
541 485 225 878 2006
497 1311 225 878 2006
99 142 226 878 2006
518 374 224 878 2006
564 376 224 878 2006
170 1300 222 879 2007
57 416 227 879 2007
497 1312 235 879 2007
99 143 228 879 2007
518 375 229 879 2007
564 377 225 879 2007
364 1314 224 879 2007
541 487 225 880 2008
170 1301 222 880 2008
99 144 225 880 2008
564 378 228 880 2008
364 1315 225 880 2008
541 488 225 881 2009
170 1302 225 881 2009
218 14 225 881 2009
564 379 233 881 2009
364 1316 221 881 2009
541 489 226 882 2010
170 1303 221 882 2010
497 1315 221 882 2010
99 146 227 882 2010
518 378 221 882 2010
564 380 229 882 2010
541 490 227 883 2011
170 1304 231 883 2011
497 1316 224 883 2011
518 379 227 883 2011
99 147 233 883 2011
564 381 226 883 2011
364 1318 227 883 2011
541 491 227 884 2012
170 1305 227 884 2012
497 1317 221 884 2012
74 419 223 884 2012
518 380 225 884 2012
99 148 238 884 2012
564 382 224 884 2012
364 1319 227 884 2012
170 1306 229 885 2013
497 1318 221 885 2013
74 420 223 885 2013
99 149 230 885 2013
564 383 225 885 2013
364 1320 231 885 2013
170 1307 227 886 2014
497 1319 222 886 2014
549 1312 221 886 2014
74 421 221 886 2014
99 150 237 886 2014
564 384 222 886 2014
364 1321 229 886 2014
563 165 221 887 2015
541 494 223 887 2015
257 1240 229 887 2015
170 1308 227 887 2015
99 151 221 887 2015
364 1322 226 887 2015
564 385 232 887 2015
563 166 222 888 2016
541 495 221 888 2016
170 1309 229 888 2016
74 423 228 888 2016
364 1323 228 888 2016
563 167 225 889 2017
257 1242 223 889 2017
74 424 228 889 2017
99 153 221 889 2017
364 1324 229 889 2017
563 168 224 890 2018
57 427 225 890 2018
99 154 225 890 2018
563 169 224 891 2019
497 1324 224 891 2019
518 387 223 891 2019
563 170 225 892 2020
541 499 223 892 2020
497 1325 221 892 2020
99 156 221 892 2020
564 390 224 892 2020
541 500 226 893 2021
563 171 225 893 2021
57 430 221 893 2021
497 1326 224 893 2021
74 428 223 893 2021
518 389 227 893 2021
99 157 232 893 2021
563 172 227 894 2022
541 501 223 894 2022
257 1247 222 894 2022
497 1327 230 894 2022
218 27 223 894 2022
518 390 223 894 2022
99 158 228 894 2022
611 1317 222 894 2022
564 392 223 894 2022
563 173 225 895 2023
218 28 223 895 2023
74 430 225 895 2023
518 391 230 895 2023
99 159 227 895 2023
497 1329 225 896 2024
218 29 225 896 2024
518 392 224 896 2024
74 431 232 896 2024
564 394 231 896 2024
563 175 235 897 2025
541 504 223 897 2025
257 1250 234 897 2025
497 1330 234 897 2025
74 432 229 897 2025
611 1320 227 897 2025
170 1319 237 898 2026
497 1331 225 898 2026
541 506 231 899 2027
497 1332 224 899 2027
541 507 221 900 2028
666 77 226 900 2028
170 1322 227 901 2029
690 123 221 901 2029
497 1335 223 902 2030
468 1337 230 902 2030
343 1322 221 903 2031
518 399 237 903 2031
497 1336 222 903 2031
535 156 230 903 2031
