366 1 225 2 703
239 2 236 2 703
393 1 235 3 704
251 1 227 3 704
440 2 221 3 704
366 2 227 3 704
239 3 236 3 704
184 3 237 3 704
321 2 236 4 705
251 2 234 4 705
366 3 233 4 705
360 3 225 5 706
321 3 232 5 706
251 3 228 5 706
440 4 221 5 706
366 4 223 5 706
360 4 237 6 707
321 4 236 6 707
251 4 223 6 707
239 6 223 6 707
360 5 223 7 708
321 5 227 7 708
251 5 227 7 708
440 6 227 7 708
239 7 231 7 708
184 7 224 8 709
321 6 223 8 709
393 6 235 8 709
251 6 230 8 709
366 7 224 8 709
184 8 235 8 709
239 8 231 8 709
360 7 238 8 709
321 7 221 9 710
604 4 231 9 710
365 1 221 9 710
251 7 250 9 710
239 10 237 10 711
184 10 221 10 711
321 9 225 11 712
393 9 237 11 712
604 6 228 11 712
251 9 232 11 712
184 11 228 11 712
321 10 221 12 713
393 10 222 12 713
413 4 221 12 713
239 13 223 13 714
184 13 229 13 714
393 12 222 14 715
604 9 225 14 715
251 12 229 14 715
360 22 227 24 725
604 19 221 24 725
251 22 224 24 725
440 23 223 24 725
184 24 230 24 725
239 24 223 24 725
321 23 229 24 725
360 23 227 25 726
251 23 221 25 726
239 25 221 25 726
321 24 238 25 726
366 5 243 25 726
413 18 221 26 727
251 24 231 26 727
184 26 227 26 727
366 6 241 26 727
321 25 245 26 727
153 19 221 27 728
604 22 231 27 728
251 25 226 27 728
184 27 225 27 728
366 7 233 27 728
321 26 225 27 728
360 26 225 28 729
393 26 225 28 729
153 20 223 28 729
141 20 221 28 729
251 26 223 28 729
366 8 226 29 730
360 27 239 29 730
393 27 231 29 730
153 21 225 29 730
373 21 223 29 730
440 28 225 29 730
251 27 221 29 730
184 29 227 29 730
321 28 223 29 730
366 9 233 29 730
365 22 222 30 731
153 22 221 30 731
373 22 225 30 731
322 22 223 30 731
251 28 223 30 731
184 30 227 30 731
321 29 222 30 731
366 10 228 30 731
373 23 222 31 732
153 23 221 31 732
322 23 222 31 732
604 26 227 31 732
360 30 227 31 732
373 24 225 32 733
604 27 223 32 733
251 30 223 32 733
321 1 223 32 733
239 32 224 32 733
184 32 226 32 733
366 12 225 32 733
604 28 227 33 734
153 25 221 33 734
251 31 227 33 734
440 32 227 33 734
321 2 229 33 734
239 33 224 33 734
604 29 231 34 735
251 32 239 34 735
440 33 223 34 735
321 3 222 34 735
184 34 225 34 735
251 33 231 35 736
321 4 234 35 736
184 35 226 35 736
239 35 232 35 736
251 34 231 36 737
440 35 229 36 737
321 5 230 36 737
604 35 240 39 740
604 39 238 43 744
604 43 223 47 748
604 45 223 49 750
251 49 223 50 751
360 51 222 52 753
251 51 225 52 753
360 52 223 53 754
604 49 222 53 754
184 54 223 54 755
604 51 224 55 756
360 55 223 56 757
251 64 221 65 766
604 70 223 74 775
321 45 227 75 776
360 75 224 75 776
604 72 227 76 777
440 77 223 77 778
239 82 241 81 782
239 83 230 82 783
529 105 223 86 787
307 92 225 86 787
529 106 231 87 788
307 93 227 87 788
529 107 228 88 789
179 77 221 88 789
529 108 223 89 790
256 76 237 89 790
179 78 231 89 790
708 88 225 89 790
378 62 236 89 790
307 95 238 89 790
529 109 237 90 791
708 89 236 90 791
179 79 222 90 791
396 96 231 90 791
378 63 228 90 791
307 96 239 90 791
523 85 226 91 792
529 110 224 91 792
179 80 235 91 792
378 64 237 91 792
307 97 243 91 792
523 86 225 92 793
529 111 232 92 793
256 79 222 92 793
179 81 224 92 793
378 65 235 92 793
307 98 237 92 793
523 87 222 93 794
529 112 231 93 794
256 80 235 93 794
307 99 231 93 794
523 88 235 94 795
529 113 233 94 795
256 81 227 94 795
708 93 231 94 795
179 83 231 94 795
396 100 235 94 795
378 67 231 94 795
523 89 231 95 796
529 114 232 95 796
256 82 231 95 796
383 96 233 95 796
708 94 224 95 796
179 84 223 95 796
396 101 239 95 796
378 68 231 95 796
307 101 231 95 796
523 90 225 96 797
256 83 233 96 797
529 115 232 96 797
383 97 230 96 797
708 95 231 96 797
179 85 232 96 797
396 102 247 96 797
378 69 235 96 797
307 102 234 96 797
523 91 231 97 798
529 116 233 97 798
708 96 229 97 798
179 86 225 97 798
396 103 240 97 798
378 70 230 97 798
307 103 233 97 798
523 92 223 98 799
529 117 233 98 799
383 99 224 98 799
256 85 235 98 799
708 97 225 98 799
396 104 226 98 799
307 104 225 98 799
523 93 233 99 800
529 118 234 99 800
383 100 223 99 800
256 86 231 99 800
179 88 225 99 800
396 105 241 99 800
378 72 233 99 800
307 105 227 99 800
523 94 232 100 801
383 101 232 100 801
529 119 233 100 801
256 87 221 100 801
179 89 221 100 801
378 73 221 100 801
307 106 226 100 801
383 102 221 101 802
529 120 227 101 802
708 100 232 101 802
256 88 232 101 802
396 107 228 101 802
523 96 221 102 803
529 121 225 102 803
708 101 234 102 803
256 89 227 102 803
179 91 221 102 803
396 108 239 102 803
378 75 225 102 803
307 108 233 102 803
523 97 233 103 804
523 98 222 104 805
708 103 223 104 805
529 123 234 104 805
179 93 228 104 805
396 110 238 104 805
523 99 225 105 806
708 104 227 105 806
179 94 223 105 806
396 111 223 105 806
378 78 228 105 806
708 105 225 106 807
383 107 230 106 807
256 93 231 106 807
179 95 232 106 807
307 112 227 106 807
523 101 221 107 808
708 106 225 107 808
529 126 223 107 808
256 94 224 107 808
179 96 231 107 808
378 80 221 107 808
307 113 221 107 808
523 102 223 108 809
708 107 221 108 809
529 127 222 108 809
256 95 223 108 809
179 97 221 108 809
378 81 231 108 809
396 114 226 108 809
307 114 223 108 809
523 103 237 109 810
383 110 225 109 810
708 108 221 109 810
256 96 228 109 810
179 98 225 109 810
396 115 229 109 810
378 82 221 109 810
523 104 237 110 811
383 111 231 110 811
708 109 227 110 811
179 99 227 110 811
396 116 233 110 811
378 83 236 110 811
307 116 230 110 811
523 105 226 111 812
708 110 223 111 812
256 98 235 111 812
179 100 225 111 812
396 117 228 111 812
378 84 223 111 812
307 117 227 111 812
523 106 222 112 813
708 111 223 112 813
529 131 227 112 813
256 99 224 112 813
179 101 227 112 813
378 85 223 112 813
307 118 222 112 813
523 107 223 113 814
708 112 232 113 814
529 132 222 113 814
256 100 235 113 814
179 102 229 113 814
378 86 223 113 814
307 119 227 113 814
383 115 224 114 815
256 101 221 114 815
378 87 231 114 815
708 114 221 115 816
383 116 221 115 816
256 102 231 115 816
179 104 235 115 816
396 121 235 115 816
378 88 227 115 816
708 115 221 116 817
396 122 225 116 817
307 122 221 116 817
523 111 233 117 818
708 116 222 117 818
179 106 223 117 818
396 123 222 117 818
708 117 223 118 819
179 107 222 118 819
396 124 221 118 819
523 113 247 119 820
708 118 230 119 820
383 120 238 119 820
256 106 237 119 820
179 108 225 119 820
396 125 221 119 820
378 92 225 119 820
307 125 237 119 820
523 114 245 120 821
383 121 247 120 821
256 107 227 120 821
179 109 232 120 821
396 126 231 120 821
378 93 228 120 821
307 126 232 120 821
529 1 239 121 822
383 122 227 121 822
179 110 237 121 822
396 127 239 121 822
378 94 223 121 822
523 116 221 122 823
523 117 240 123 824
708 122 242 123 824
256 110 235 123 824
179 112 221 123 824
523 118 225 124 825
396 130 226 124 825
179 114 221 125 826
396 131 221 125 826
523 120 223 126 827
708 125 221 126 827
383 127 243 126 827
179 115 222 126 827
256 114 221 127 828
378 100 223 127 828
529 8 225 128 829
179 117 225 128 829
396 134 228 128 829
256 116 223 129 830
523 124 223 130 831
256 117 221 130 831
396 136 224 130 831
523 126 227 132 833
256 119 227 132 833
383 133 227 132 833
179 121 221 132 833
396 138 241 132 833
307 138 227 132 833
523 127 226 133 834
529 13 227 133 834
256 120 241 133 834
383 134 228 133 834
179 122 241 133 834
256 121 225 134 835
383 135 226 134 835
396 140 225 134 835
256 122 221 135 836
708 134 233 135 836
523 130 225 136 837
529 16 232 136 837
256 123 225 136 837
383 137 227 136 837
708 135 228 136 837
396 142 225 136 837
523 131 225 137 838
529 17 226 137 838
378 110 225 137 838
396 143 232 137 838
529 18 221 138 839
523 132 224 138 839
256 125 233 138 839
179 127 222 138 839
179 128 229 139 840
378 112 226 139 840
179 129 236 140 841
378 113 243 140 841
179 130 221 141 842
307 147 224 141 842
708 141 224 142 843
708 142 223 143 844
396 149 222 143 844
307 149 223 143 844
529 24 225 144 845
523 138 228 144 845
179 133 221 144 845
529 25 225 145 846
523 139 226 145 846
708 144 227 145 846
179 134 222 145 846
378 118 223 145 846
396 151 233 145 846
523 140 223 146 847
383 147 221 146 847
708 145 226 146 847
378 119 221 146 847
307 152 235 146 847
523 141 225 147 848
529 27 223 147 848
179 136 223 147 848
378 120 225 147 848
307 153 233 147 848
529 28 225 148 849
523 142 227 148 849
708 147 223 148 849
378 121 223 148 849
396 154 222 148 849
307 154 237 148 849
523 143 229 149 850
708 148 229 149 850
256 136 233 149 850
179 138 235 149 850
378 122 225 149 850
396 155 225 149 850
307 155 228 149 850
378 123 224 150 851
396 156 233 150 851
307 156 227 150 851
708 150 230 151 852
378 124 226 151 852
396 157 230 151 852
307 157 223 151 852
529 32 223 152 853
708 151 226 152 853
396 158 225 152 853
256 140 231 153 854
378 126 222 153 854
396 159 224 153 854
307 159 233 153 854
179 2 223 154 855
523 149 221 155 856
529 35 226 155 856
383 156 222 155 856
378 128 222 155 856
396 161 221 155 856
256 143 224 156 857
396 162 223 156 857
708 156 224 157 858
256 145 226 158 859
378 131 223 158 859
396 164 221 158 859
307 164 223 158 859
383 160 221 159 860
523 154 221 160 861
708 159 224 160 861
383 162 223 161 862
256 148 224 161 862
529 42 221 162 863
256 149 222 162 863
708 162 222 163 864
256 150 223 163 864
378 136 224 163 864
396 169 223 163 864
396 171 221 165 866
307 171 222 165 866
383 167 221 166 867
256 153 222 166 867
383 168 229 167 868
383 169 223 168 869
179 1 226 168 869
307 174 221 168 869
396 175 223 169 870
523 164 221 169 870
179 3 225 170 871
179 4 227 171 872
523 166 223 172 873
383 173 223 172 873
179 5 225 172 873
396 178 224 172 873
523 167 221 172 873
179 6 228 173 874
179 7 225 174 875
307 180 224 174 875
256 163 223 176 877
179 10 225 177 878
523 172 226 177 878
529 58 221 178 879
179 11 221 178 879
396 184 223 178 879
307 184 222 178 879
383 180 228 179 880
396 185 221 179 880
523 174 221 179 880
383 181 221 180 881
307 186 221 180 881
523 175 221 181 882
708 182 224 183 884
256 170 233 183 884
708 183 223 184 885
179 17 222 184 885
396 190 223 184 885
307 190 240 184 885
523 179 225 184 885
529 65 227 184 885
383 186 222 185 886
256 172 227 185 886
179 18 241 185 886
378 158 223 185 886
396 191 239 185 886
708 185 221 186 887
256 173 221 186 887
179 19 226 186 887
708 186 223 187 888
179 20 229 187 888
396 193 224 187 888
307 193 233 187 888
307 194 223 188 889
307 195 221 189 890
529 71 224 190 891
307 197 221 191 892
396 198 223 192 893
307 199 222 193 894
256 181 223 194 895
396 200 222 194 895
179 33 226 200 901
529 81 223 200 901
256 189 223 202 903
529 88 221 207 908
307 215 226 209 910
307 216 225 210 911
179 45 224 212 913
378 188 221 215 916
256 2 223 215 916
523 213 225 218 919
383 220 225 218 919
708 218 225 218 919
378 192 226 218 919
179 52 231 218 919
307 225 231 218 919
396 225 221 218 919
256 5 223 218 919
523 214 228 219 920
383 221 229 219 920
708 219 232 219 920
378 193 224 219 920
179 53 233 219 920
307 226 231 219 920
396 226 226 219 920
256 6 222 219 920
529 101 222 220 921
396 228 222 221 922
529 103 223 222 923
523 217 221 222 923
708 222 223 222 923
378 196 227 222 923
307 229 222 222 923
523 218 225 223 924
307 230 223 223 924
396 230 224 223 924
256 10 222 223 924
378 198 221 224 925
396 231 232 224 925
396 232 222 225 926
256 12 223 225 926
529 107 222 226 927
383 228 222 226 927
307 233 226 226 927
396 233 226 226 927
256 13 224 226 927
529 108 224 227 928
523 222 226 227 928
396 234 225 227 928
307 234 221 227 928
529 109 221 228 929
383 230 225 228 929
378 202 223 228 929
307 235 223 228 929
256 15 223 228 929
523 224 222 229 930
708 229 225 229 930
383 231 221 229 930
396 236 228 229 930
307 236 227 229 930
396 238 231 231 932
307 238 231 231 932
179 66 223 232 933
396 239 221 232 933
307 239 225 232 933
256 19 225 232 933
523 228 229 233 934
529 115 223 234 935
523 229 225 234 935
383 236 221 234 935
307 241 227 234 935
529 116 221 235 936
523 230 227 235 936
708 235 223 235 936
307 242 227 235 936
256 23 221 236 937
523 232 227 237 938
396 244 221 237 938
523 233 221 238 939
529 120 222 239 940
523 234 225 239 940
256 26 223 239 940
523 235 224 240 941
307 247 224 240 941
256 27 222 240 941
523 236 223 241 942
523 237 231 242 943
378 216 225 242 943
708 242 223 242 943
523 238 226 243 944
529 125 225 244 945
396 251 227 244 945
529 126 227 245 946
523 240 221 245 946
523 241 225 246 947
396 254 225 247 948
256 34 221 247 948
383 250 223 248 949
256 35 225 248 949
523 244 224 249 950
383 251 224 249 950
179 83 221 249 950
523 245 223 250 951
383 252 223 250 951
378 224 225 250 951
396 257 223 250 951
523 246 223 251 952
595 244 223 251 952
529 133 223 251 952
383 254 227 252 953
378 226 225 252 953
529 134 222 252 953
523 248 222 253 954
396 260 221 253 954
378 228 223 254 955
307 261 225 254 955
523 250 227 255 956
708 255 221 255 956
396 262 226 255 956
256 42 231 255 956
307 262 225 255 956
529 137 221 255 956
523 251 231 256 957
708 256 223 256 957
396 263 221 256 957
383 259 221 257 958
396 264 225 257 958
256 44 223 257 958
307 264 221 257 958
529 139 221 257 958
523 253 221 258 959
396 265 223 258 959
256 45 221 258 959
307 265 227 258 959
708 259 222 259 960
307 266 228 259 960
529 141 225 259 960
523 255 221 260 961
383 262 222 260 961
396 267 227 260 961
523 256 224 261 962
378 235 224 261 962
396 268 223 261 962
529 143 221 261 962
523 257 223 262 963
523 258 222 263 964
708 263 221 263 964
179 97 223 263 964
708 264 221 264 965
383 266 223 264 965
378 238 226 264 965
179 98 223 264 965
396 271 225 264 965
523 260 221 264 965
383 267 223 265 966
378 239 223 265 966
529 147 222 265 966
383 268 225 266 967
396 273 223 266 967
307 273 222 266 967
529 148 221 266 967
523 262 223 266 967
708 268 224 268 969
396 275 227 268 969
708 269 224 269 970
396 276 223 269 970
256 57 226 270 971
256 58 224 271 972
383 274 221 272 973
396 279 221 272 973
256 59 223 272 973
383 275 225 273 974
256 62 224 275 976
523 271 221 275 976
529 161 221 279 980
179 114 223 280 981
383 284 225 282 983
708 288 221 288 989
523 284 221 288 989
256 76 223 289 990
708 290 221 290 991
529 172 223 290 991
396 301 222 294 995
378 269 221 295 996
179 129 226 295 996
256 82 221 295 996
708 296 222 296 997
378 270 225 296 997
179 130 225 296 997
523 292 228 296 997
708 297 223 297 998
378 271 223 297 998
307 304 225 297 998
523 293 225 297 998
708 298 227 298 999
179 132 221 298 999
396 305 233 298 999
708 299 221 299 1000
396 306 225 299 1000
307 315 221 308 1009
565 331 226 324 1025
309 322 225 325 1026
469 327 229 326 1027
125 340 221 326 1027
469 328 224 327 1028
469 329 225 328 1029
658 337 228 328 1029
159 48 222 329 1030
469 330 221 329 1030
469 332 229 331 1032
565 339 225 332 1033
469 333 229 332 1033
125 346 227 332 1033
761 336 233 332 1033
489 281 230 332 1033
359 275 223 332 1033
205 58 221 333 1034
761 337 237 333 1034
489 282 224 333 1034
134 29 223 334 1035
232 296 221 334 1035
761 338 225 334 1035
489 283 222 334 1035
100 49 221 335 1036
232 297 229 335 1036
469 336 223 335 1036
125 349 233 335 1036
761 339 223 335 1036
489 284 237 335 1036
134 31 233 336 1037
205 61 225 336 1037
232 298 229 336 1037
125 350 224 336 1037
134 32 227 337 1038
309 334 223 337 1038
565 344 225 337 1038
232 299 227 337 1038
125 351 231 337 1038
761 341 223 337 1038
159 57 226 337 1038
489 286 231 337 1038
100 52 221 338 1039
309 335 222 338 1039
134 33 224 338 1039
232 300 221 338 1039
125 352 232 338 1039
658 347 225 338 1039
761 342 225 338 1039
359 281 221 338 1039
489 287 221 338 1039
159 58 221 338 1039
309 336 223 339 1040
134 34 228 339 1040
125 353 231 339 1040
761 343 223 339 1040
489 288 227 339 1040
309 337 223 340 1041
205 65 225 340 1041
469 341 221 340 1041
761 344 223 340 1041
359 283 231 340 1041
489 289 227 340 1041
134 36 221 341 1042
205 66 226 341 1042
565 348 221 341 1042
761 345 221 341 1042
134 37 225 342 1043
761 346 222 342 1043
359 285 223 342 1043
100 57 225 343 1044
134 38 226 343 1044
309 340 223 343 1044
359 286 227 343 1044
100 58 227 344 1045
134 39 225 344 1045
359 287 227 344 1045
309 342 223 345 1046
469 346 221 345 1046
761 349 222 345 1046
159 65 221 345 1046
309 343 227 346 1047
469 347 225 346 1047
125 360 227 346 1047
761 350 227 346 1047
489 295 227 346 1047
100 61 225 347 1048
134 42 225 347 1048
309 344 227 347 1048
565 354 223 347 1048
469 348 224 347 1048
232 309 227 347 1048
125 361 227 347 1048
761 351 224 347 1048
359 290 225 347 1048
489 296 224 347 1048
100 62 225 348 1049
134 43 227 348 1049
309 345 227 348 1049
469 349 225 348 1049
232 310 223 348 1049
125 362 225 348 1049
159 68 227 348 1049
100 63 224 349 1050
134 44 221 349 1050
309 346 230 349 1050
232 311 225 349 1050
469 350 225 349 1050
125 363 225 349 1050
761 353 221 349 1050
489 298 225 349 1050
134 45 226 350 1051
309 347 223 350 1051
232 312 222 350 1051
761 354 225 350 1051
359 293 221 350 1051
489 299 225 350 1051
134 46 222 351 1052
309 348 222 351 1052
469 352 227 351 1052
232 313 221 351 1052
125 365 221 351 1052
761 355 223 351 1052
359 294 226 351 1052
489 300 230 351 1052
134 47 221 352 1053
309 349 227 352 1053
565 359 227 352 1053
469 353 226 352 1053
125 366 227 352 1053
761 356 227 352 1053
359 295 223 352 1053
489 301 228 352 1053
134 48 221 352 1053
309 350 224 353 1054
205 78 235 353 1054
565 360 225 353 1054
469 354 229 353 1054
125 367 225 353 1054
622 450 226 353 1054
761 357 224 353 1054
359 296 223 353 1054
489 302 222 353 1054
134 49 226 353 1054
309 351 225 354 1055
205 79 228 354 1055
469 355 221 354 1055
565 361 227 354 1055
125 368 225 354 1055
761 358 222 354 1055
159 74 221 354 1055
489 303 226 354 1055
134 50 221 355 1056
309 352 226 355 1056
205 80 237 355 1056
469 356 225 355 1056
565 362 223 355 1056
125 369 225 355 1056
159 75 228 355 1056
359 298 224 355 1056
100 70 223 355 1056
565 363 223 356 1057
100 71 232 356 1057
134 52 227 357 1058
565 364 223 357 1058
761 361 226 357 1058
359 300 221 357 1058
100 72 225 357 1058
100 73 226 358 1059
309 356 226 359 1060
469 360 231 359 1060
565 366 226 359 1060
159 79 222 359 1060
359 302 225 359 1060
100 74 225 359 1060
134 55 224 360 1061
761 364 223 360 1061
159 80 224 360 1061
359 303 223 360 1061
489 309 225 360 1061
134 56 227 361 1062
309 358 227 361 1062
469 362 227 361 1062
359 304 226 361 1062
489 310 221 361 1062
134 57 229 361 1062
309 359 233 362 1063
469 363 221 362 1063
761 366 222 362 1063
359 305 225 362 1063
489 311 221 362 1063
134 58 223 362 1063
309 360 225 363 1064
232 325 226 363 1064
159 83 225 363 1064
489 312 222 363 1064
100 78 223 363 1064
469 365 225 364 1065
565 371 225 364 1065
359 307 222 364 1065
489 313 227 364 1065
100 79 225 364 1065
134 60 229 364 1065
309 362 223 365 1066
658 374 221 365 1066
761 369 227 365 1066
359 308 224 365 1066
309 363 221 366 1067
469 367 221 366 1067
232 328 226 366 1067
159 86 221 366 1067
359 309 224 366 1067
489 315 224 366 1067
100 81 225 366 1067
134 62 223 366 1067
205 92 221 367 1068
359 310 224 367 1068
489 316 223 367 1068
125 382 225 368 1069
232 330 225 368 1069
658 377 225 368 1069
159 88 223 368 1069
205 94 227 369 1070
232 331 221 369 1070
761 373 227 369 1070
359 312 225 369 1070
489 318 223 369 1070
100 84 222 369 1070
359 313 222 370 1071
309 368 221 371 1072
125 385 225 371 1072
489 320 227 371 1072
100 86 221 372 1073
125 386 221 372 1073
761 376 225 372 1073
359 316 223 373 1074
489 322 223 373 1074
100 88 224 374 1075
309 371 221 374 1075
309 372 221 375 1076
359 318 221 375 1076
100 90 221 376 1077
125 390 221 376 1077
489 326 222 378 1079
100 93 221 379 1080
359 322 222 379 1080
489 328 227 380 1081
489 329 223 381 1082
232 343 224 381 1082
489 330 223 381 1082
489 331 225 382 1083
309 380 223 383 1084
489 332 221 383 1084
100 98 222 384 1085
232 346 224 384 1085
489 333 225 384 1085
159 105 224 385 1086
125 400 221 386 1087
159 106 221 386 1087
489 335 227 386 1087
100 101 221 387 1088
489 336 227 387 1088
100 102 222 388 1089
658 397 221 388 1089
489 337 223 388 1089
309 386 222 389 1090
309 387 221 390 1091
125 404 221 390 1091
658 399 222 390 1091
489 339 225 390 1091
309 388 221 391 1092
489 340 225 391 1092
309 389 226 392 1093
469 394 222 393 1094
761 397 222 393 1094
159 113 223 393 1094
489 342 222 393 1094
134 89 221 394 1095
125 408 221 394 1095
159 114 221 394 1095
761 398 222 394 1095
489 343 221 394 1095
205 120 223 395 1096
134 90 227 395 1096
309 392 223 395 1096
125 409 223 395 1096
489 344 225 395 1096
658 405 221 396 1097
489 345 224 396 1097
134 92 226 397 1098
232 359 222 397 1098
761 401 223 397 1098
658 406 223 397 1098
134 93 226 398 1099
469 399 221 398 1099
232 360 223 398 1099
489 347 223 398 1099
761 403 224 399 1100
232 361 223 399 1100
134 95 227 400 1101
205 125 221 400 1101
100 114 227 400 1101
469 401 227 400 1101
565 407 221 400 1101
359 343 227 400 1101
489 350 223 401 1102
205 127 221 402 1103
159 122 221 402 1103
164 3 224 402 1103
134 98 223 403 1104
309 400 224 403 1104
100 117 225 403 1104
469 404 225 403 1104
125 417 221 403 1104
159 123 229 403 1104
164 4 226 403 1104
359 346 222 403 1104
489 352 226 403 1104
309 401 223 404 1105
232 366 226 404 1105
159 124 227 404 1105
359 347 225 404 1105
205 130 224 404 1105
309 402 227 405 1106
125 419 225 405 1106
761 409 222 405 1106
232 367 225 405 1106
159 125 229 405 1106
489 354 231 405 1106
205 131 223 405 1106
309 403 231 406 1107
761 410 225 406 1107
232 368 222 406 1107
159 126 221 406 1107
164 7 221 406 1107
359 349 223 406 1107
489 355 227 406 1107
205 132 221 407 1108
469 408 225 407 1108
565 414 221 407 1108
125 421 223 407 1108
761 411 226 407 1108
232 369 227 407 1108
164 8 221 407 1108
489 356 223 407 1108
469 409 223 408 1109
159 128 229 408 1109
164 9 225 408 1109
489 357 221 408 1109
159 129 224 409 1110
469 411 227 410 1111
100 125 221 411 1112
159 131 230 411 1112
164 12 223 411 1112
489 360 229 411 1112
309 409 225 412 1113
100 126 225 412 1113
761 416 231 412 1113
658 421 224 412 1113
232 374 225 412 1113
159 132 228 412 1113
489 361 222 412 1113
359 355 226 412 1113
309 410 227 413 1114
761 417 227 413 1114
159 133 222 413 1114
232 375 225 413 1114
658 422 222 413 1114
489 362 221 413 1114
309 411 231 414 1115
761 418 230 414 1115
232 376 223 414 1115
159 134 225 414 1115
489 363 230 414 1115
359 357 221 414 1115
205 140 225 415 1116
309 412 226 415 1116
469 416 226 415 1116
761 419 225 415 1116
232 377 222 415 1116
159 135 225 415 1116
164 16 226 415 1116
489 364 233 415 1116
309 413 221 416 1117
565 423 222 416 1117
232 378 223 416 1117
159 136 231 416 1117
489 365 227 416 1117
100 131 221 417 1118
565 424 221 417 1118
761 421 230 417 1118
159 137 225 417 1118
489 366 231 417 1118
309 415 221 418 1119
232 380 223 418 1119
658 427 223 418 1119
359 361 221 418 1119
489 367 231 418 1119
232 381 226 419 1120
159 139 226 419 1120
658 428 225 419 1120
489 368 229 419 1120
134 115 223 419 1120
100 134 224 420 1121
469 421 224 420 1121
232 382 225 420 1121
164 1 227 420 1121
159 140 223 420 1121
761 424 222 420 1121
658 429 223 420 1121
489 369 230 420 1121
469 422 223 421 1122
232 383 223 421 1122
761 425 223 421 1122
359 364 223 421 1122
489 370 233 421 1122
469 423 224 422 1123
232 384 222 422 1123
359 365 223 422 1123
134 118 227 422 1123
761 427 223 423 1124
359 366 226 423 1124
489 372 221 423 1124
100 138 225 424 1125
309 421 236 424 1125
359 367 223 424 1125
489 373 227 424 1125
309 422 231 425 1126
565 432 222 425 1126
232 387 227 425 1126
761 429 221 425 1126
658 434 224 425 1126
469 427 221 426 1127
232 388 223 426 1127
489 375 228 426 1127
469 428 225 427 1128
164 8 224 427 1128
232 389 223 427 1128
489 376 227 428 1129
134 123 222 428 1129
309 425 227 428 1129
565 435 222 428 1129
159 148 221 428 1129
125 442 223 428 1129
761 432 221 428 1129
489 377 227 428 1129
134 124 223 429 1130
309 426 227 429 1130
565 436 227 429 1130
159 149 225 429 1130
359 372 222 429 1130
489 378 227 430 1131
134 125 223 430 1131
309 427 222 430 1131
164 11 221 430 1131
359 373 223 430 1131
469 432 224 431 1132
489 380 223 432 1133
309 429 221 432 1133
489 381 221 432 1133
309 430 221 433 1134
761 437 221 433 1134
359 376 222 433 1134
489 382 225 434 1135
309 432 224 435 1136
164 16 225 435 1136
489 384 226 436 1137
309 434 224 437 1138
164 18 223 437 1138
489 387 231 439 1140
309 436 229 439 1140
489 388 228 439 1140
309 437 228 440 1141
658 449 221 440 1141
761 444 224 440 1141
309 438 227 441 1142
489 390 228 442 1143
309 439 227 442 1143
489 391 225 443 1144
309 440 223 443 1144
164 24 223 443 1144
658 452 222 443 1144
489 392 227 444 1145
309 441 223 444 1145
658 453 221 444 1145
489 393 227 445 1146
309 442 228 445 1146
164 26 226 445 1146
658 454 221 445 1146
489 394 223 446 1147
309 443 230 446 1147
134 142 225 447 1148
565 454 227 447 1148
489 396 221 448 1149
100 163 221 449 1150
565 457 221 450 1151
489 399 223 451 1152
309 448 223 451 1152
489 400 223 452 1153
309 449 226 452 1153
469 453 221 452 1153
489 401 221 453 1154
205 178 221 453 1154
309 450 221 453 1154
489 404 221 456 1157
159 176 221 456 1157
134 152 222 457 1158
761 461 227 457 1158
489 406 221 458 1159
761 462 222 458 1159
489 407 225 459 1160
309 467 224 470 1171
100 185 222 471 1172
469 472 224 471 1172
469 473 228 472 1173
469 475 221 474 1175
565 483 221 476 1177
134 172 221 477 1178
309 476 222 479 1180
761 483 223 479 1180
159 200 225 480 1181
164 10 221 482 1183
469 483 221 482 1183
100 199 221 485 1186
100 200 225 486 1187
565 493 221 486 1187
469 489 224 488 1189
565 495 221 488 1189
164 17 226 489 1190
469 491 227 490 1191
159 211 221 491 1192
565 498 229 491 1192
469 493 222 492 1193
164 20 221 492 1193
489 441 221 493 1194
469 494 222 493 1194
565 500 221 493 1194
489 442 223 494 1195
309 491 221 494 1195
489 443 224 494 1195
565 502 223 495 1196
761 499 222 495 1196
359 438 221 495 1196
469 497 233 496 1197
205 221 222 496 1197
658 505 222 496 1197
761 500 227 496 1197
309 494 221 497 1198
205 222 226 497 1198
565 504 228 497 1198
761 501 235 497 1198
489 446 223 497 1198
469 499 222 498 1199
159 218 228 498 1199
565 505 223 498 1199
469 500 231 499 1200
309 496 221 499 1200
164 27 221 499 1200
159 219 223 499 1200
565 506 224 499 1200
761 503 221 499 1200
489 448 222 500 1201
100 214 221 500 1201
469 501 221 500 1201
164 28 225 500 1201
565 507 224 500 1201
761 510 221 506 1207
159 228 230 508 1209
159 238 221 517 1218
159 239 228 518 1219
159 240 230 519 1220
159 242 223 521 1222
469 524 227 522 1223
469 525 224 523 1224
469 528 223 526 1227
469 529 221 527 1228
469 534 221 532 1233
658 550 221 540 1241
159 262 225 542 1243
761 548 221 544 1245
761 555 223 551 1252
125 2 221 551 1252
761 556 228 552 1253
456 562 223 555 1256
217 624 224 613 1314
560 621 221 613 1314
648 337 231 615 1316
685 603 222 615 1316
544 49 224 615 1316
214 504 221 616 1317
475 148 223 617 1318
669 624 238 617 1318
460 342 255 617 1318
49 495 221 618 1319
595 312 233 618 1319
460 343 252 618 1319
254 455 231 618 1319
144 267 233 618 1319
283 317 224 619 1320
437 48 227 619 1320
460 344 248 619 1320
119 594 226 620 1321
461 594 223 620 1321
347 623 223 620 1321
746 306 221 620 1321
201 796 227 620 1321
10 136 223 621 1322
44 286 221 623 1324
643 401 231 623 1324
703 616 225 624 1325
333 629 225 624 1325
730 626 222 625 1326
662 477 221 625 1326
382 626 223 625 1326
378 601 224 625 1326
762 58 225 626 1327
369 632 232 626 1327
16 310 233 626 1327
92 796 233 626 1327
369 633 227 627 1328
92 797 232 627 1328
662 480 223 628 1329
296 645 224 628 1329
378 604 232 628 1329
418 636 226 628 1329
369 634 233 628 1329
296 646 237 629 1330
378 605 221 629 1330
750 181 225 629 1330
527 637 223 629 1330
67 573 224 629 1330
194 624 223 629 1330
520 638 227 630 1331
296 647 236 630 1331
296 648 233 631 1332
177 184 228 631 1332
676 640 221 631 1332
330 584 223 631 1332
787 327 244 631 1332
208 643 221 631 1332
116 647 226 632 1333
296 649 237 632 1333
355 353 221 632 1333
296 650 235 633 1334
10 148 225 633 1334
707 587 221 633 1334
546 334 221 634 1335
296 651 239 634 1335
296 652 227 635 1336
649 64 221 635 1336
15 640 225 635 1336
296 653 233 636 1337
546 337 233 637 1338
750 189 221 637 1338
623 480 221 637 1338
656 644 223 638 1339
347 641 223 638 1339
656 645 229 639 1340
623 482 221 639 1340
649 69 222 640 1341
656 646 233 640 1341
656 647 222 641 1342
347 644 223 641 1342
656 648 221 642 1343
347 645 235 642 1343
11 99 223 643 1344
656 649 224 643 1344
347 646 232 643 1344
347 647 234 644 1345
11 101 221 645 1346
347 648 235 645 1346
649 75 223 646 1347
656 652 230 646 1347
347 649 233 646 1347
524 279 241 646 1347
649 76 224 647 1348
656 653 222 647 1348
347 650 235 647 1348
524 280 227 647 1348
649 77 223 648 1349
656 654 228 648 1349
347 651 225 648 1349
524 281 239 648 1349
656 655 233 649 1350
347 652 233 649 1350
524 282 239 649 1350
649 79 222 650 1351
656 656 222 650 1351
347 653 234 650 1351
524 283 245 650 1351
649 80 222 651 1352
347 654 233 651 1352
524 284 240 651 1352
656 658 227 652 1353
347 655 231 652 1353
524 285 246 652 1353
649 82 224 653 1354
347 656 235 653 1354
524 286 241 653 1354
347 657 233 654 1355
524 287 232 654 1355
656 661 230 655 1356
347 658 237 655 1356
524 288 241 655 1356
656 662 226 656 1357
347 659 233 656 1357
524 289 240 656 1357
11 113 221 657 1358
347 660 231 657 1358
656 664 228 658 1359
347 661 227 658 1359
524 291 230 658 1359
296 676 222 659 1360
11 115 221 659 1360
347 662 227 659 1360
524 292 240 659 1360
11 116 223 660 1361
656 666 221 660 1361
347 663 221 660 1361
524 293 243 660 1361
347 664 221 661 1362
524 294 240 661 1362
347 665 231 662 1363
524 295 234 662 1363
347 666 227 663 1364
524 296 238 663 1364
11 120 223 664 1365
347 667 225 664 1365
524 297 240 664 1365
347 668 227 665 1366
524 298 239 665 1366
347 669 227 666 1367
524 299 240 666 1367
347 670 227 667 1368
524 300 239 667 1368
347 671 229 668 1369
524 301 239 668 1369
524 302 221 669 1370
524 303 239 670 1371
656 677 227 671 1372
524 304 238 671 1372
656 678 221 672 1373
524 305 227 672 1373
649 102 223 673 1374
524 306 231 673 1374
649 103 221 674 1375
656 680 225 674 1375
524 307 232 674 1375
649 104 221 675 1376
524 308 239 675 1376
656 682 224 676 1377
524 309 239 676 1377
656 683 227 677 1378
524 310 237 677 1378
711 28 223 678 1379
524 311 237 678 1379
711 29 221 679 1380
656 685 228 679 1380
524 312 237 679 1380
711 30 223 680 1381
656 686 225 680 1381
524 313 236 680 1381
711 31 223 681 1382
656 687 229 681 1382
524 314 241 681 1382
711 32 224 682 1383
524 315 239 682 1383
711 33 222 683 1384
635 450 221 683 1384
524 316 239 683 1384
711 34 225 684 1385
635 451 221 684 1385
524 317 231 684 1385
723 682 221 685 1386
656 691 227 685 1386
635 452 222 685 1386
524 318 227 685 1386
656 692 224 686 1387
524 319 233 686 1387
723 684 221 687 1388
656 693 225 687 1388
635 454 221 687 1388
524 320 234 687 1388
656 694 223 688 1389
635 455 221 688 1389
524 321 227 688 1389
656 695 224 689 1390
524 322 226 689 1390
656 697 227 691 1392
25 877 221 902 1603
518 42 221 902 1603
366 1 228 902 1603
309 10 221 903 1604
498 46 223 903 1604
158 183 223 904 1605
593 594 222 905 1606
735 546 225 905 1606
173 127 224 906 1607
396 398 235 909 1610
180 74 221 911 1612
547 922 223 911 1612
38 385 225 914 1615
392 924 237 914 1615
547 925 222 914 1615
547 926 223 915 1616
334 855 223 916 1617
180 80 235 917 1618
180 81 230 918 1619
180 82 226 919 1620
180 83 232 920 1621
392 931 222 921 1622
180 84 233 921 1622
547 932 223 921 1622
5 933 223 923 1624
547 934 221 923 1624
547 935 225 924 1625
180 88 236 925 1626
274 74 222 926 1627
275 941 221 931 1632
732 893 247 933 1634
198 556 231 935 1636
692 881 221 936 1637
215 856 221 936 1637
713 8 224 937 1638
776 30 222 937 1638
54 934 221 937 1638
283 636 226 937 1638
361 27 225 937 1638
384 949 221 938 1639
670 503 223 940 1641
384 952 227 941 1642
713 12 225 941 1642
56 369 221 941 1642
713 13 223 942 1643
713 15 221 944 1645
283 643 225 944 1645
119 919 221 944 1645
330 7 227 944 1645
670 507 221 944 1645
553 946 223 944 1645
384 956 222 945 1646
196 943 224 945 1646
713 16 228 945 1646
56 373 233 945 1646
119 920 237 945 1646
670 508 223 945 1646
166 84 222 945 1646
361 35 227 945 1646
713 17 225 946 1647
196 944 225 946 1647
119 921 225 946 1647
119 922 224 947 1648
330 10 224 947 1648
196 946 221 948 1649
56 376 221 948 1649
54 945 227 948 1649
283 647 221 948 1649
119 923 231 948 1649
553 950 225 948 1649
361 38 225 948 1649
782 903 223 949 1650
54 946 232 949 1650
283 648 222 949 1650
119 924 221 949 1650
330 12 221 949 1650
166 88 221 949 1650
782 904 223 949 1650
384 961 225 950 1651
54 947 231 950 1651
119 925 221 950 1651
330 13 225 950 1651
361 40 224 950 1651
782 905 223 950 1651
54 948 231 951 1652
330 14 224 951 1652
553 953 221 951 1652
54 949 226 952 1653
553 954 223 952 1653
713 24 221 953 1654
56 381 224 953 1654
54 950 221 953 1654
94 20 223 953 1654
283 652 225 953 1654
119 928 230 953 1654
361 43 225 953 1654
713 25 223 954 1655
94 21 223 954 1655
283 653 229 954 1655
119 929 225 954 1655
553 956 222 954 1655
361 44 223 954 1655
54 952 221 955 1656
94 22 227 955 1656
283 654 230 955 1656
119 930 227 955 1656
361 45 228 955 1656
782 910 221 956 1657
283 655 224 956 1657
119 931 227 956 1657
330 19 222 956 1657
361 46 223 957 1658
94 24 223 957 1658
283 656 224 957 1658
330 20 221 957 1658
361 47 225 958 1659
54 955 233 958 1659
94 25 223 958 1659
283 657 225 958 1659
119 933 227 958 1659
330 21 223 958 1659
553 960 225 958 1659
670 521 221 958 1659
361 48 225 959 1660
196 957 222 959 1660
54 956 233 959 1660
119 934 232 959 1660
723 957 221 959 1660
361 49 222 960 1661
54 957 236 960 1661
119 935 233 960 1661
330 23 225 960 1661
782 915 222 961 1662
384 972 223 961 1662
56 389 222 961 1662
384 973 222 962 1663
330 25 221 962 1663
670 525 222 962 1663
384 974 230 963 1664
56 391 225 963 1664
54 960 223 963 1664
283 662 226 963 1664
119 938 222 963 1664
553 965 227 963 1664
330 26 225 963 1664
384 975 227 964 1665
119 939 223 964 1665
553 966 231 964 1665
330 27 229 964 1665
56 393 228 965 1666
54 962 223 965 1666
94 32 223 965 1666
283 664 238 965 1666
553 967 227 965 1666
166 104 228 965 1666
782 920 231 965 1666
361 55 226 965 1666
196 964 231 966 1667
384 977 223 966 1667
713 37 226 966 1667
56 394 222 966 1667
94 33 229 966 1667
119 941 223 966 1667
330 29 229 966 1667
196 965 221 967 1668
713 38 223 967 1668
54 964 227 967 1668
94 34 225 967 1668
119 942 223 967 1668
553 969 229 967 1668
782 922 223 967 1668
361 57 224 968 1669
330 1 221 968 1669
196 966 221 968 1669
54 965 227 968 1669
94 35 223 968 1669
553 970 229 968 1669
782 923 228 968 1669
330 2 223 969 1670
196 967 227 969 1670
56 397 224 969 1670
94 36 225 969 1670
553 971 226 969 1670
247 977 225 969 1670
361 59 221 969 1670
330 3 228 970 1671
196 968 227 970 1671
54 967 223 970 1671
283 669 225 970 1671
553 972 231 970 1671
247 978 221 970 1671
782 925 221 970 1671
361 60 227 970 1671
196 969 227 971 1672
384 982 223 971 1672
553 973 231 971 1672
782 926 222 971 1672
361 61 221 972 1673
196 970 227 972 1673
330 5 235 972 1673
713 43 221 972 1673
56 400 226 972 1673
94 39 227 972 1673
283 671 222 972 1673
553 974 227 972 1673
782 927 225 972 1673
361 62 223 973 1674
196 971 228 973 1674
330 6 225 973 1674
94 40 227 973 1674
553 975 227 973 1674
782 928 225 973 1674
361 63 223 974 1675
196 972 231 974 1675
330 7 225 974 1675
119 949 221 974 1675
553 976 228 974 1675
196 973 227 975 1676
330 8 236 975 1676
713 46 223 975 1676
94 42 223 975 1676
670 538 225 975 1676
119 950 221 975 1676
553 977 225 975 1676
247 983 221 975 1676
361 65 224 976 1677
196 974 229 976 1677
384 987 224 976 1677
330 9 239 976 1677
56 404 224 976 1677
670 539 221 976 1677
283 675 223 976 1677
553 978 231 976 1677
247 984 227 976 1677
361 66 231 976 1677
196 975 227 977 1678
54 974 225 977 1678
119 952 225 977 1678
553 979 227 977 1678
361 67 227 977 1678
196 976 222 978 1679
56 406 221 978 1679
713 49 227 978 1679
119 953 225 978 1679
553 980 227 978 1679
247 986 224 978 1679
361 68 224 978 1679
713 50 225 979 1680
94 46 226 979 1680
119 954 228 979 1680
782 934 223 979 1680
361 69 225 979 1680
196 978 225 979 1680
330 13 229 980 1681
713 51 224 980 1681
94 47 226 980 1681
54 977 229 980 1681
553 982 233 980 1681
119 955 221 980 1681
166 119 225 980 1681
361 70 223 980 1681
196 979 227 980 1681
713 52 223 981 1682
54 978 223 981 1682
119 956 231 981 1682
553 983 232 981 1682
166 120 223 981 1682
196 980 227 981 1682
330 15 234 982 1683
94 49 225 982 1683
553 984 231 982 1683
247 990 225 982 1683
361 72 226 982 1683
330 16 225 983 1684
54 980 227 983 1684
670 546 221 983 1684
553 985 231 983 1684
361 73 222 983 1684
330 17 225 984 1685
56 412 223 984 1685
94 51 223 984 1685
119 959 225 984 1685
553 986 231 984 1685
247 992 224 984 1685
361 74 225 984 1685
196 983 225 984 1685
330 18 225 984 1685
54 982 227 985 1686
553 987 233 985 1686
196 984 221 985 1686
361 75 225 985 1686
330 19 223 986 1687
54 983 224 986 1687
553 988 235 986 1687
782 941 221 986 1687
361 76 229 986 1687
196 985 223 986 1687
384 998 221 986 1687
713 58 224 987 1688
330 20 229 987 1688
56 415 225 987 1688
94 54 236 987 1688
283 686 223 987 1688
119 962 225 987 1688
553 989 231 987 1688
782 942 222 987 1688
361 77 221 987 1688
330 21 227 988 1689
56 416 227 988 1689
54 985 221 988 1689
670 551 222 988 1689
119 963 221 988 1689
553 990 223 988 1689
361 78 224 988 1689
196 987 223 988 1689
384 1000 223 989 1690
56 417 224 989 1690
330 22 225 989 1690
94 56 225 989 1690
54 986 223 989 1690
553 991 231 989 1690
119 964 226 989 1690
166 128 221 989 1690
330 23 223 990 1691
54 987 224 990 1691
119 965 228 990 1691
166 129 228 990 1691
782 945 223 990 1691
361 80 224 990 1691
54 988 223 991 1692
553 993 223 991 1692
119 966 225 991 1692
166 130 233 991 1692
247 999 223 991 1692
361 81 222 991 1692
196 990 221 991 1692
713 63 222 992 1693
384 1003 223 992 1693
94 59 221 992 1693
553 994 225 992 1693
166 131 221 992 1693
361 82 225 992 1693
330 26 225 993 1694
94 60 221 993 1694
553 995 224 993 1694
119 968 221 993 1694
166 132 233 993 1694
247 1001 221 993 1694
361 83 223 993 1694
196 992 222 993 1694
330 27 222 994 1695
713 65 222 994 1695
54 991 225 994 1695
553 996 225 994 1695
119 969 224 994 1695
166 133 227 994 1695
361 84 228 994 1695
196 993 231 994 1695
330 28 225 995 1696
94 62 225 995 1696
54 992 224 995 1696
119 970 225 995 1696
553 997 227 995 1696
166 134 228 995 1696
361 85 227 995 1696
196 994 226 995 1696
384 1007 223 996 1697
713 67 221 996 1697
94 63 221 996 1697
553 998 223 996 1697
119 971 225 996 1697
166 135 227 996 1697
247 1004 231 996 1697
361 86 228 996 1697
196 995 229 996 1697
56 425 223 996 1697
384 1008 221 996 1697
54 994 227 997 1698
119 972 221 997 1698
166 136 223 997 1698
782 952 221 997 1698
361 87 228 997 1698
196 996 229 997 1698
713 69 223 998 1699
553 1000 227 998 1699
166 137 223 998 1699
361 88 222 998 1699
384 1010 221 998 1699
713 70 221 998 1699
54 996 221 999 1700
119 974 228 999 1700
553 1001 225 999 1700
247 1007 221 999 1700
782 954 226 999 1700
196 998 225 999 1700
384 1011 223 999 1700
330 33 227 999 1700
54 997 221 1000 1701
553 1002 235 1000 1701
119 975 223 1000 1701
166 139 231 1000 1701
247 1008 228 1000 1701
361 90 221 1000 1701
196 999 223 1000 1701
330 34 227 1000 1701
713 72 225 1000 1701
54 998 221 1001 1702
553 1003 225 1001 1702
166 140 225 1001 1702
247 1009 224 1001 1702
361 91 229 1001 1702
330 35 230 1001 1702
713 73 227 1002 1703
54 999 223 1002 1703
119 977 225 1002 1703
553 1004 227 1002 1703
166 141 223 1002 1703
361 92 223 1002 1703
196 1001 225 1002 1703
384 1014 221 1002 1703
713 74 223 1003 1704
94 70 223 1003 1704
54 1000 221 1003 1704
119 978 224 1003 1704
166 142 226 1003 1704
361 93 226 1003 1704
330 37 223 1003 1704
713 75 222 1004 1705
94 71 231 1004 1705
54 1001 225 1004 1705
119 979 226 1004 1705
553 1006 221 1004 1705
166 143 229 1004 1705
361 94 233 1004 1705
196 1003 230 1004 1705
384 1016 230 1004 1705
330 38 235 1004 1705
56 433 225 1004 1705
713 76 221 1004 1705
94 72 223 1005 1706
670 568 223 1005 1706
119 980 228 1005 1706
247 1013 222 1005 1706
196 1004 223 1005 1706
384 1017 221 1005 1706
56 434 221 1005 1706
94 73 223 1006 1707
54 1003 222 1006 1707
553 1008 225 1006 1707
166 145 227 1006 1707
361 96 223 1006 1707
330 40 227 1006 1707
94 74 228 1007 1708
54 1004 225 1007 1708
119 982 221 1007 1708
553 1009 231 1007 1708
196 1006 221 1007 1708
361 97 225 1007 1708
330 41 236 1007 1708
56 436 225 1008 1709
713 79 221 1008 1709
166 147 221 1008 1709
553 1010 228 1008 1709
782 963 223 1008 1709
196 1007 223 1008 1709
384 1020 226 1008 1709
713 80 221 1009 1710
56 437 223 1009 1710
553 1011 226 1009 1710
166 148 221 1009 1710
782 964 221 1009 1710
384 1021 221 1009 1710
330 43 225 1009 1710
56 438 231 1010 1711
670 573 221 1010 1711
553 1012 227 1010 1711
119 985 223 1010 1711
166 149 222 1010 1711
782 965 225 1010 1711
361 100 227 1010 1711
196 1009 228 1010 1711
384 1022 223 1010 1711
330 44 233 1010 1711
94 78 226 1011 1712
670 574 227 1011 1712
384 1023 223 1011 1712
713 83 221 1011 1712
56 440 232 1012 1713
670 575 221 1012 1713
553 1014 234 1012 1713
283 711 230 1012 1713
782 967 227 1012 1713
361 102 222 1012 1713
713 84 223 1012 1713
56 441 234 1013 1714
670 576 226 1013 1714
330 47 228 1013 1714
384 1025 224 1013 1714
713 85 225 1013 1714
56 442 231 1014 1715
94 81 221 1014 1715
553 1016 221 1014 1715
330 48 228 1014 1715
713 86 225 1015 1716
56 443 238 1015 1716
670 578 229 1015 1716
553 1017 229 1015 1716
384 1027 222 1015 1716
713 87 230 1016 1717
56 444 237 1016 1717
670 579 225 1016 1717
553 1018 230 1016 1717
330 50 229 1016 1717
384 1028 229 1016 1717
713 88 221 1017 1718
56 445 231 1017 1718
283 716 221 1017 1718
330 51 225 1017 1718
384 1029 233 1017 1718
56 446 238 1018 1719
713 89 222 1018 1719
670 581 231 1018 1719
330 52 221 1018 1719
384 1030 227 1018 1719
713 90 223 1019 1720
56 447 237 1019 1720
670 582 233 1019 1720
782 974 225 1019 1720
330 53 230 1019 1720
384 1031 221 1019 1720
670 583 221 1020 1721
782 975 230 1020 1721
330 54 223 1020 1721
384 1032 236 1020 1721
713 92 223 1021 1722
56 449 235 1021 1722
553 1023 222 1021 1722
196 1020 226 1021 1722
361 111 225 1021 1722
330 55 227 1021 1722
713 93 233 1022 1723
56 450 231 1022 1723
283 721 221 1022 1723
553 1024 224 1022 1723
119 997 221 1022 1723
361 112 231 1022 1723
196 1021 229 1022 1723
330 56 231 1022 1723
119 998 223 1023 1724
166 162 227 1023 1724
361 113 237 1023 1724
196 1022 224 1023 1724
330 57 224 1023 1724
54 1021 225 1024 1725
361 114 231 1024 1725
196 1023 227 1024 1725
94 92 221 1025 1726
54 1022 227 1025 1726
119 1000 221 1025 1726
166 164 225 1025 1726
361 115 233 1025 1726
330 59 224 1025 1726
54 1023 222 1026 1727
119 1001 222 1026 1727
361 116 238 1026 1727
196 1025 230 1026 1727
330 60 221 1026 1727
119 1002 223 1027 1728
166 166 225 1027 1728
361 117 226 1027 1728
196 1026 222 1027 1728
553 1030 225 1028 1729
119 1003 223 1028 1729
166 167 221 1028 1729
361 118 227 1028 1729
196 1027 233 1028 1729
94 96 222 1029 1730
54 1026 226 1029 1730
553 1031 227 1029 1730
119 1004 221 1029 1730
166 168 232 1029 1730
361 119 225 1029 1730
54 1027 223 1030 1731
670 593 221 1030 1731
196 1029 222 1030 1731
782 985 227 1030 1731
330 64 233 1030 1731
713 102 228 1030 1731
56 459 221 1031 1732
94 98 221 1031 1732
54 1028 227 1031 1732
166 170 222 1031 1732
196 1030 227 1031 1732
330 65 221 1031 1732
713 103 226 1031 1732
56 460 226 1032 1733
94 99 228 1032 1733
384 2 222 1032 1733
670 595 224 1032 1733
553 1034 221 1032 1733
94 100 223 1033 1734
782 988 223 1033 1734
330 67 225 1033 1734
670 597 221 1034 1735
166 173 222 1034 1735
196 1033 221 1034 1735
94 102 221 1035 1736
54 1032 225 1035 1736
196 1034 226 1035 1736
54 1033 221 1036 1737
94 103 226 1036 1737
670 599 225 1036 1737
166 175 227 1036 1737
119 1011 223 1036 1737
361 126 222 1036 1737
54 1034 224 1037 1738
94 104 223 1037 1738
166 176 227 1037 1738
119 1012 222 1037 1738
361 127 223 1037 1738
196 1036 223 1037 1738
54 1035 226 1038 1739
94 105 225 1038 1739
553 1040 223 1038 1739
361 128 228 1038 1739
196 1037 224 1038 1739
713 110 221 1038 1739
54 1036 227 1039 1740
166 178 231 1039 1740
196 1038 227 1039 1740
782 994 224 1039 1740
713 111 227 1039 1740
56 468 230 1039 1740
384 10 229 1040 1741
166 179 231 1040 1741
361 130 225 1040 1741
782 995 225 1040 1741
713 112 227 1040 1741
553 1043 221 1041 1742
166 180 225 1041 1742
713 113 225 1041 1742
384 12 221 1041 1742
54 1039 221 1041 1742
361 132 223 1042 1743
782 997 223 1042 1743
713 114 231 1042 1743
384 13 222 1042 1743
54 1040 228 1042 1743
283 742 225 1043 1744
670 606 225 1043 1744
553 1045 221 1043 1744
166 182 227 1043 1744
361 133 235 1043 1744
196 1042 228 1043 1744
713 115 230 1043 1744
54 1041 226 1043 1744
283 743 225 1044 1745
166 183 226 1044 1745
119 1019 223 1044 1745
361 134 228 1044 1745
713 116 223 1044 1745
94 112 223 1045 1746
166 184 229 1045 1746
361 135 221 1045 1746
196 1044 224 1045 1746
384 16 221 1045 1746
54 1043 227 1045 1746
166 185 227 1046 1747
361 136 222 1046 1747
196 1045 221 1046 1747
713 118 227 1046 1747
384 17 225 1046 1747
56 475 233 1046 1747
54 1044 230 1046 1747
670 610 221 1047 1748
553 1049 224 1047 1748
166 186 221 1047 1748
361 137 229 1047 1748
782 1002 229 1047 1748
713 119 227 1047 1748
330 3 225 1047 1748
283 747 236 1048 1749
553 1050 221 1048 1749
166 187 225 1048 1749
782 1003 223 1048 1749
384 19 221 1048 1749
330 4 229 1048 1749
94 116 225 1048 1749
553 1051 223 1049 1750
166 188 221 1049 1750
196 1048 233 1049 1750
94 117 222 1049 1750
330 5 221 1049 1750
283 749 221 1050 1751
166 189 225 1050 1751
196 1049 227 1050 1751
54 1048 221 1050 1751
94 118 225 1050 1751
283 750 228 1051 1752
670 614 222 1051 1752
553 1053 227 1051 1752
166 190 224 1051 1752
196 1050 225 1051 1752
94 119 225 1051 1752
330 7 223 1051 1752
283 751 222 1052 1753
94 120 227 1052 1753
330 8 225 1052 1753
283 752 221 1053 1754
553 1055 221 1053 1754
196 1052 227 1053 1754
94 121 226 1053 1754
330 9 223 1053 1754
670 617 224 1053 1754
196 1053 221 1054 1755
94 122 225 1054 1755
553 1057 223 1055 1756
94 123 224 1055 1756
553 1058 227 1056 1757
166 195 221 1056 1757
553 1059 223 1057 1758
119 1032 225 1057 1758
361 147 222 1057 1758
713 129 221 1057 1758
330 13 222 1057 1758
553 1060 221 1058 1759
166 197 223 1058 1759
119 1033 223 1058 1759
196 1057 221 1058 1759
782 1013 226 1058 1759
713 130 225 1058 1759
56 487 231 1058 1759
94 126 231 1058 1759
330 14 233 1058 1759
283 758 229 1058 1759
670 622 225 1058 1759
553 1061 225 1059 1760
166 198 225 1059 1760
782 1014 232 1059 1760
196 1058 224 1059 1760
713 131 229 1059 1760
384 30 224 1059 1760
283 759 237 1059 1760
166 199 221 1060 1761
361 150 222 1060 1761
56 489 231 1060 1761
384 31 233 1060 1761
330 16 223 1060 1761
166 200 230 1061 1762
361 151 227 1061 1762
54 1059 225 1061 1762
713 133 227 1061 1762
56 490 226 1061 1762
94 129 225 1061 1762
670 625 223 1061 1762
283 761 239 1061 1762
553 1064 227 1062 1763
166 201 226 1062 1763
119 1037 227 1062 1763
361 152 227 1062 1763
196 1061 221 1062 1763
782 1017 222 1062 1763
713 134 226 1062 1763
54 1060 225 1062 1763
56 491 231 1062 1763
384 33 226 1062 1763
330 18 227 1062 1763
670 626 226 1062 1763
553 1065 224 1063 1764
166 202 228 1063 1764
119 1038 225 1063 1764
361 153 223 1063 1764
782 1018 225 1063 1764
54 1061 225 1063 1764
713 135 229 1063 1764
56 492 231 1063 1764
384 34 233 1063 1764
330 19 225 1063 1764
670 627 222 1063 1764
283 763 229 1063 1764
361 154 229 1064 1765
196 1063 222 1064 1765
782 1019 223 1064 1765
713 136 223 1064 1765
54 1062 228 1064 1765
330 20 221 1064 1765
166 204 228 1065 1766
361 155 229 1065 1766
713 137 221 1065 1766
54 1063 233 1065 1766
56 494 225 1065 1766
384 36 221 1065 1766
330 21 224 1065 1766
670 629 237 1065 1766
119 1041 227 1066 1767
361 156 222 1066 1767
782 1021 225 1066 1767
713 138 221 1066 1767
56 495 223 1066 1767
283 766 223 1066 1767
670 630 221 1066 1767
166 206 223 1067 1768
196 1066 221 1067 1768
94 135 223 1067 1768
670 631 227 1067 1768
330 23 225 1067 1768
94 136 231 1068 1769
56 497 226 1068 1769
283 768 229 1068 1769
330 24 232 1068 1769
670 632 230 1068 1769
553 1071 221 1069 1770
166 208 231 1069 1770
196 1068 226 1069 1770
713 141 229 1069 1770
94 137 221 1069 1770
56 498 222 1069 1770
283 769 233 1069 1770
670 633 227 1069 1770
196 1069 230 1070 1771
782 1025 227 1070 1771
54 1068 223 1070 1771
713 142 229 1070 1771
56 499 225 1070 1771
94 138 226 1070 1771
670 634 227 1070 1771
330 26 224 1070 1771
283 770 229 1070 1771
553 1073 223 1071 1772
166 210 227 1071 1772
196 1070 221 1071 1772
782 1026 225 1071 1772
713 143 225 1071 1772
94 139 223 1071 1772
384 42 225 1071 1772
670 635 227 1071 1772
330 27 233 1071 1772
283 771 231 1072 1773
553 1074 223 1072 1773
166 211 225 1072 1773
196 1071 226 1072 1773
782 1027 225 1072 1773
54 1070 221 1072 1773
713 144 231 1072 1773
56 501 225 1072 1773
94 140 221 1072 1773
330 28 227 1072 1773
283 772 225 1072 1773
670 636 230 1073 1774
553 1075 223 1073 1774
166 212 223 1073 1774
196 1072 221 1073 1774
782 1028 225 1073 1774
713 145 226 1073 1774
94 141 221 1073 1774
330 29 231 1073 1774
283 773 234 1073 1774
119 1049 223 1074 1775
361 164 222 1074 1775
196 1073 231 1074 1775
782 1029 224 1074 1775
54 1072 231 1074 1775
713 146 225 1074 1775
56 503 229 1074 1775
330 30 227 1074 1775
384 45 227 1074 1775
94 142 223 1074 1775
283 774 225 1074 1775
553 1077 224 1075 1776
166 214 225 1075 1776
119 1050 232 1075 1776
196 1074 224 1075 1776
782 1030 231 1075 1776
54 1073 228 1075 1776
713 147 231 1075 1776
330 31 227 1075 1776
384 46 223 1075 1776
94 143 222 1075 1776
283 775 233 1075 1776
119 1051 221 1076 1777
196 1075 221 1076 1777
782 1031 223 1076 1777
713 148 233 1076 1777
330 32 226 1076 1777
94 144 224 1076 1777
384 47 227 1076 1777
283 776 229 1077 1778
469 470 223 1077 1778
782 1032 221 1077 1778
56 506 228 1077 1778
94 145 225 1077 1778
330 33 227 1077 1778
670 641 230 1077 1778
283 777 221 1077 1778
166 217 222 1078 1779
196 1077 221 1078 1779
782 1033 225 1078 1779
713 150 227 1078 1779
330 34 225 1078 1779
56 507 223 1078 1779
670 642 221 1078 1779
384 49 225 1079 1780
553 1081 226 1079 1780
713 151 232 1079 1780
330 35 227 1079 1780
670 643 221 1079 1780
56 508 231 1079 1780
283 779 235 1079 1780
553 1082 227 1080 1781
196 1079 225 1080 1781
713 152 228 1080 1781
330 36 221 1080 1781
56 509 225 1080 1781
283 780 221 1080 1781
553 1083 227 1081 1782
166 220 227 1081 1782
196 1080 222 1081 1782
670 645 231 1081 1782
166 221 225 1082 1783
361 172 221 1082 1783
782 1037 224 1082 1783
670 646 224 1082 1783
330 38 232 1082 1783
56 511 222 1082 1783
283 782 239 1082 1783
553 1085 225 1083 1784
166 222 223 1083 1784
330 39 226 1083 1784
283 783 227 1083 1784
361 174 222 1084 1785
196 1083 222 1084 1785
713 156 224 1084 1785
670 648 227 1084 1785
330 40 223 1084 1785
283 784 229 1084 1785
553 1087 227 1085 1786
196 1084 225 1085 1786
782 1040 224 1085 1786
670 649 224 1085 1786
94 153 222 1085 1786
330 41 232 1085 1786
283 785 231 1085 1786
56 514 223 1085 1786
361 176 223 1086 1787
54 1084 221 1086 1787
670 650 223 1086 1787
94 154 234 1086 1787
330 42 225 1086 1787
56 515 223 1086 1787
283 786 225 1086 1787
553 1089 222 1087 1788
166 226 222 1087 1788
196 1086 223 1087 1788
782 1042 221 1087 1788
670 651 224 1087 1788
94 155 229 1087 1788
330 43 232 1087 1788
384 58 221 1087 1788
553 1090 225 1088 1789
166 227 233 1088 1789
119 1063 223 1088 1789
196 1087 227 1088 1789
782 1043 225 1088 1789
54 1086 221 1088 1789
713 160 231 1088 1789
670 652 228 1088 1789
330 44 232 1088 1789
384 59 229 1088 1789
56 517 221 1088 1789
196 1088 225 1089 1790
54 1087 221 1089 1790
713 161 229 1089 1790
94 157 223 1089 1790
670 653 223 1089 1790
330 45 229 1089 1790
384 60 227 1089 1790
166 229 227 1090 1791
361 180 222 1090 1791
54 1088 224 1090 1791
713 162 221 1090 1791
94 158 223 1090 1791
670 654 227 1090 1791
330 46 229 1090 1791
384 61 223 1090 1791
56 519 221 1090 1791
361 181 225 1091 1792
196 1090 227 1091 1792
782 1046 222 1091 1792
54 1089 227 1091 1792
713 163 221 1091 1792
670 655 223 1091 1792
330 47 230 1091 1792
384 62 226 1091 1792
166 231 224 1092 1793
119 1067 232 1092 1793
361 182 221 1092 1793
196 1091 224 1092 1793
54 1090 236 1092 1793
670 656 221 1092 1793
330 48 227 1092 1793
384 63 226 1092 1793
283 792 224 1092 1793
56 521 222 1092 1793
553 1095 225 1093 1794
166 232 221 1093 1794
196 1092 231 1093 1794
782 1048 225 1093 1794
54 1091 233 1093 1794
713 165 223 1093 1794
670 657 223 1093 1794
330 49 231 1093 1794
384 64 225 1093 1794
283 793 222 1093 1794
166 233 228 1094 1795
196 1093 227 1094 1795
782 1049 229 1094 1795
54 1092 233 1094 1795
330 50 232 1094 1795
283 794 224 1094 1795
166 234 227 1095 1796
196 1094 223 1095 1796
54 1093 225 1095 1796
94 163 221 1095 1796
713 167 221 1095 1796
330 51 232 1095 1796
553 1098 221 1095 1796
166 235 225 1096 1797
361 186 228 1096 1797
196 1095 225 1096 1797
713 168 225 1096 1797
330 52 231 1096 1797
670 660 234 1096 1797
384 67 222 1096 1797
166 236 224 1097 1798
361 187 224 1097 1798
782 1052 229 1097 1798
54 1095 230 1097 1798
330 53 223 1097 1798
670 661 230 1097 1798
56 526 223 1097 1798
283 797 228 1097 1798
553 1100 222 1097 1798
166 237 226 1098 1799
361 188 225 1098 1799
196 1097 222 1098 1799
54 1096 225 1098 1799
94 166 221 1098 1799
670 662 225 1098 1799
330 54 232 1098 1799
384 69 226 1098 1799
283 798 233 1098 1799
553 1101 225 1099 1800
166 238 221 1099 1800
361 189 225 1099 1800
196 1098 227 1099 1800
54 1097 227 1099 1800
713 171 221 1099 1800
330 55 227 1099 1800
670 663 231 1099 1800
384 70 227 1099 1800
56 528 225 1099 1800
283 799 230 1099 1800
553 1102 224 1100 1801
361 190 227 1100 1801
196 1099 221 1100 1801
54 1098 222 1100 1801
782 1055 221 1100 1801
330 56 226 1100 1801
670 664 225 1100 1801
713 172 221 1100 1801
384 71 227 1100 1801
283 800 234 1100 1801
553 1103 221 1101 1802
361 191 228 1101 1802
54 1099 227 1101 1802
330 57 228 1101 1802
670 665 229 1101 1802
384 72 223 1101 1802
283 801 233 1101 1802
553 1104 222 1102 1803
166 241 229 1102 1803
196 1101 227 1102 1803
54 1100 224 1102 1803
330 58 232 1102 1803
670 666 225 1102 1803
283 802 233 1102 1803
166 242 232 1103 1804
361 193 221 1103 1804
196 1102 226 1103 1804
54 1101 226 1103 1804
94 171 223 1103 1804
330 59 225 1103 1804
713 175 227 1103 1804
670 667 227 1103 1804
384 74 221 1103 1804
283 803 241 1103 1804
166 243 225 1104 1805
361 194 234 1104 1805
196 1103 228 1104 1805
782 1059 223 1104 1805
54 1102 226 1104 1805
330 60 225 1104 1805
713 176 228 1104 1805
670 668 221 1104 1805
384 75 231 1104 1805
283 804 238 1104 1805
196 1104 227 1105 1806
54 1103 227 1105 1806
782 1060 225 1105 1806
330 61 227 1105 1806
713 177 228 1105 1806
670 669 231 1105 1806
384 76 221 1105 1806
283 805 234 1105 1806
361 196 223 1106 1807
54 1104 222 1106 1807
782 1061 225 1106 1807
94 174 223 1106 1807
330 62 227 1106 1807
713 178 229 1106 1807
670 670 227 1106 1807
384 77 231 1106 1807
283 806 229 1106 1807
56 535 222 1106 1807
553 1109 223 1107 1808
361 197 226 1107 1808
196 1106 221 1107 1808
782 1062 221 1107 1808
330 63 233 1107 1808
670 671 230 1107 1808
384 78 231 1107 1808
283 807 225 1107 1808
553 1110 227 1108 1809
361 198 229 1108 1809
196 1107 225 1108 1809
782 1063 227 1108 1809
330 64 229 1108 1809
713 180 227 1108 1809
670 672 229 1108 1809
283 808 229 1108 1809
56 537 226 1108 1809
553 1111 225 1108 1809
166 248 231 1109 1810
361 199 233 1109 1810
196 1108 227 1109 1810
54 1107 231 1109 1810
713 181 223 1109 1810
330 65 227 1109 1810
670 673 221 1109 1810
384 80 225 1109 1810
283 809 236 1109 1810
56 538 229 1109 1810
166 249 224 1110 1811
361 200 222 1110 1811
196 1109 225 1110 1811
782 1065 227 1110 1811
54 1108 222 1110 1811
330 66 230 1110 1811
670 674 225 1110 1811
384 81 221 1110 1811
283 810 232 1110 1811
56 539 231 1110 1811
361 201 223 1111 1812
782 1066 229 1111 1812
54 1109 227 1111 1812
94 179 223 1111 1812
330 67 235 1111 1812
713 183 231 1111 1812
670 675 224 1111 1812
384 82 221 1111 1812
283 811 223 1111 1812
166 251 240 1112 1813
196 1111 225 1112 1813
54 1110 229 1112 1813
713 184 225 1112 1813
330 68 227 1112 1813
670 676 229 1112 1813
384 83 227 1112 1813
283 812 230 1112 1813
166 252 227 1113 1814
361 203 233 1113 1814
782 1068 225 1113 1814
54 1111 224 1113 1814
713 185 226 1113 1814
94 181 225 1113 1814
670 677 221 1113 1814
330 69 221 1113 1814
283 813 225 1113 1814
553 1116 225 1113 1814
166 253 225 1114 1815
361 204 224 1114 1815
196 1113 222 1114 1815
782 1069 224 1114 1815
54 1112 225 1114 1815
713 186 231 1114 1815
94 182 225 1114 1815
670 678 224 1114 1815
283 814 234 1114 1815
56 543 224 1114 1815
166 254 231 1115 1816
361 205 225 1115 1816
54 1113 225 1115 1816
713 187 227 1115 1816
330 71 233 1115 1816
94 183 227 1115 1816
384 86 231 1115 1816
670 679 227 1115 1816
56 544 227 1115 1816
553 1118 224 1115 1816
166 255 227 1116 1817
119 1091 225 1116 1817
361 206 221 1116 1817
196 1115 224 1116 1817
782 1071 231 1116 1817
54 1114 221 1116 1817
713 188 221 1116 1817
94 184 225 1116 1817
384 87 225 1116 1817
670 680 223 1116 1817
283 816 234 1116 1817
56 545 227 1116 1817
166 256 224 1117 1818
196 1116 223 1117 1818
782 1072 225 1117 1818
54 1115 222 1117 1818
713 189 230 1117 1818
330 73 227 1117 1818
384 88 223 1117 1818
94 185 221 1117 1818
670 681 225 1117 1818
56 546 223 1117 1818
283 817 229 1117 1818
553 1120 225 1117 1818
361 208 231 1118 1819
782 1073 222 1118 1819
54 1116 223 1118 1819
330 74 236 1118 1819
384 89 225 1118 1819
670 682 233 1118 1819
94 186 226 1118 1819
283 818 225 1118 1819
56 547 227 1118 1819
782 1074 222 1119 1820
713 191 223 1119 1820
330 75 225 1119 1820
670 683 231 1119 1820
384 90 226 1119 1820
283 819 225 1119 1820
56 548 224 1119 1820
553 1122 221 1119 1820
166 259 226 1120 1821
361 210 226 1120 1821
54 1118 231 1120 1821
330 76 229 1120 1821
713 192 221 1120 1821
670 684 223 1120 1821
384 91 223 1120 1821
94 188 227 1120 1821
283 820 235 1120 1821
56 549 233 1120 1821
553 1123 221 1120 1821
196 1120 225 1121 1822
782 1076 222 1121 1822
54 1119 223 1121 1822
330 77 222 1121 1822
670 685 225 1121 1822
384 92 226 1121 1822
94 189 227 1121 1822
361 212 225 1122 1823
196 1121 230 1122 1823
782 1077 227 1122 1823
54 1120 229 1122 1823
330 78 234 1122 1823
713 194 232 1122 1823
670 686 224 1122 1823
384 93 229 1122 1823
94 190 226 1122 1823
283 822 226 1122 1823
119 1098 227 1123 1824
361 213 229 1123 1824
196 1122 224 1123 1824
782 1078 222 1123 1824
54 1121 231 1123 1824
330 79 236 1123 1824
713 195 229 1123 1824
384 94 225 1123 1824
94 191 231 1123 1824
283 823 235 1123 1824
56 552 226 1123 1824
553 1126 231 1123 1824
166 263 226 1124 1825
361 214 222 1124 1825
196 1123 225 1124 1825
54 1122 225 1124 1825
330 80 225 1124 1825
713 196 233 1124 1825
94 192 225 1124 1825
283 824 230 1124 1825
56 553 221 1124 1825
553 1127 225 1124 1825
166 264 229 1125 1826
361 215 224 1125 1826
670 689 222 1125 1826
713 197 232 1125 1826
384 96 225 1125 1826
94 193 225 1125 1826
283 825 221 1125 1826
56 554 227 1125 1826
361 216 225 1126 1827
196 1125 229 1126 1827
782 1081 227 1126 1827
54 1124 225 1126 1827
670 690 231 1126 1827
713 198 221 1126 1827
384 97 227 1126 1827
283 826 227 1126 1827
56 555 223 1126 1827
782 1082 234 1127 1828
330 83 234 1127 1828
670 691 221 1127 1828
713 199 224 1127 1828
384 98 231 1127 1828
56 556 232 1127 1828
119 1103 231 1128 1829
361 218 221 1128 1829
54 1126 225 1128 1829
553 1131 224 1128 1829
56 557 227 1128 1829
782 1084 226 1129 1830
670 693 224 1129 1830
330 85 226 1129 1830
384 100 233 1129 1830
283 829 221 1129 1830
56 558 234 1129 1830
166 269 227 1129 1830
361 220 226 1130 1831
196 1129 232 1130 1831
782 1085 229 1130 1831
330 86 229 1130 1831
670 694 225 1130 1831
384 101 224 1130 1831
713 202 225 1130 1831
94 198 224 1130 1831
553 1133 226 1130 1831
166 270 221 1130 1831
196 1130 223 1131 1832
54 1129 223 1131 1832
782 1086 223 1131 1832
670 695 221 1131 1832
330 87 232 1131 1832
713 203 221 1131 1832
553 1134 224 1131 1832
361 222 221 1132 1833
196 1131 221 1132 1833
384 103 222 1132 1833
94 200 225 1132 1833
361 223 222 1133 1834
196 1132 223 1133 1834
54 1131 232 1133 1834
330 89 231 1133 1834
384 104 228 1133 1834
94 201 226 1133 1834
283 833 229 1133 1834
553 1136 227 1133 1834
469 527 222 1134 1835
54 1132 225 1134 1835
782 1089 225 1134 1835
330 90 230 1134 1835
384 105 230 1134 1835
670 698 223 1134 1835
94 202 223 1134 1835
283 834 221 1134 1835
553 1137 225 1134 1835
56 563 222 1134 1835
196 1134 227 1135 1836
54 1133 223 1135 1836
782 1090 221 1135 1836
330 91 233 1135 1836
713 207 222 1135 1836
670 699 223 1135 1836
283 835 227 1135 1836
553 1138 227 1135 1836
196 1135 226 1136 1837
54 1134 227 1136 1837
782 1091 223 1136 1837
330 92 223 1136 1837
713 208 225 1136 1837
670 700 221 1136 1837
384 107 223 1136 1837
94 204 221 1136 1837
283 836 227 1136 1837
361 227 223 1137 1838
54 1135 221 1137 1838
782 1092 221 1137 1838
330 93 241 1137 1838
94 205 223 1137 1838
283 837 231 1137 1838
553 1140 229 1137 1838
56 566 222 1137 1838
361 228 223 1138 1839
54 1136 233 1138 1839
330 94 236 1138 1839
670 702 221 1138 1839
283 838 226 1138 1839
94 206 225 1138 1839
196 1138 222 1139 1840
54 1137 224 1139 1840
330 95 230 1139 1840
384 110 221 1139 1840
283 839 233 1139 1840
94 207 222 1139 1840
553 1142 233 1139 1840
56 568 222 1139 1840
361 230 235 1140 1841
119 1115 224 1140 1841
54 1138 225 1140 1841
330 96 232 1140 1841
283 840 224 1140 1841
94 208 228 1140 1841
553 1143 228 1140 1841
56 569 223 1140 1841
361 231 226 1141 1842
54 1139 227 1141 1842
330 97 224 1141 1842
94 209 227 1141 1842
283 841 227 1141 1842
553 1144 223 1141 1842
361 232 235 1142 1843
54 1140 228 1142 1843
330 98 227 1142 1843
670 706 225 1142 1843
384 113 227 1142 1843
94 210 223 1142 1843
553 1145 221 1142 1843
56 571 228 1142 1843
361 233 222 1143 1844
54 1141 226 1143 1844
330 99 226 1143 1844
782 1098 222 1143 1844
384 114 227 1143 1844
283 843 232 1143 1844
553 1146 234 1143 1844
94 211 231 1143 1844
361 234 235 1144 1845
54 1142 230 1144 1845
330 100 225 1144 1845
283 844 227 1144 1845
553 1147 229 1144 1845
94 212 232 1144 1845
56 573 223 1144 1845
361 235 235 1145 1846
54 1143 221 1145 1846
330 101 225 1145 1846
283 845 231 1145 1846
553 1148 232 1145 1846
94 213 225 1145 1846
361 236 231 1146 1847
54 1144 226 1146 1847
330 102 227 1146 1847
713 218 227 1146 1847
283 846 234 1146 1847
553 1149 227 1146 1847
56 575 223 1146 1847
361 237 223 1147 1848
330 103 230 1147 1848
782 1102 221 1147 1848
283 847 225 1147 1848
553 1150 221 1147 1848
94 215 233 1147 1848
56 576 222 1147 1848
361 238 232 1148 1849
119 1123 224 1148 1849
54 1146 224 1148 1849
283 848 239 1148 1849
94 216 227 1148 1849
553 1151 233 1148 1849
56 577 225 1148 1849
196 1148 223 1149 1850
54 1147 228 1149 1850
330 105 231 1149 1850
782 1104 227 1149 1850
670 713 226 1149 1850
384 120 221 1149 1850
713 221 225 1149 1850
283 849 229 1149 1850
553 1152 221 1149 1850
94 217 224 1149 1850
56 578 222 1149 1850
361 240 223 1150 1851
196 1149 223 1150 1851
166 290 221 1150 1851
361 241 234 1151 1852
196 1150 229 1151 1852
54 1149 224 1151 1852
330 107 229 1151 1852
782 1106 227 1151 1852
384 122 226 1151 1852
713 223 228 1151 1852
166 291 227 1151 1852
54 1150 223 1152 1853
782 1107 228 1152 1853
713 224 221 1152 1853
283 852 231 1152 1853
166 292 221 1152 1853
119 1128 225 1153 1854
196 1152 229 1153 1854
54 1151 223 1153 1854
330 109 221 1153 1854
713 225 223 1153 1854
384 124 222 1153 1854
94 221 221 1153 1854
553 1156 247 1153 1854
119 1129 223 1154 1855
54 1152 222 1154 1855
713 226 227 1154 1855
384 125 225 1154 1855
553 1157 247 1154 1855
119 1130 231 1155 1856
549 1155 225 1155 1856
330 112 233 1156 1857
330 113 231 1157 1858
330 115 225 1159 1860
330 116 240 1160 1861
330 117 233 1161 1862
330 118 243 1162 1863
330 119 247 1163 1864
330 120 244 1164 1865
330 121 239 1165 1866
330 122 244 1166 1867
330 123 244 1167 1868
330 124 244 1168 1869
330 125 244 1169 1870
330 126 244 1170 1871
330 127 246 1171 1872
330 128 233 1172 1873
330 130 224 1174 1875
330 131 249 1175 1876
330 132 235 1176 1877
