618 1 222 2 691
319 1 221 2 691
534 2 229 3 692
202 1 233 3 692
408 1 239 3 692
314 1 224 3 692
319 2 222 3 692
534 3 223 3 692
202 2 228 4 693
408 2 225 4 693
314 2 222 4 693
534 4 228 5 694
202 3 227 5 694
408 3 222 5 694
314 3 228 5 694
534 5 221 6 695
202 4 223 6 695
618 5 221 6 695
314 4 226 6 695
319 5 221 6 695
534 6 225 7 696
202 5 229 7 696
408 5 222 7 696
618 6 224 7 696
319 6 224 7 696
534 7 225 8 697
408 6 223 8 697
618 7 224 8 697
314 6 231 8 697
319 7 221 8 697
66 3 227 9 698
202 7 232 9 698
408 7 226 9 698
314 7 233 9 698
319 8 223 9 698
534 9 227 10 699
66 4 235 10 699
202 8 238 10 699
408 8 224 10 699
618 9 226 10 699
319 9 224 10 699
66 5 225 11 700
202 9 222 11 700
408 9 225 11 700
618 10 226 11 700
314 9 223 11 700
319 10 221 11 700
534 11 224 12 701
66 6 237 12 701
202 10 223 12 701
314 10 227 12 701
319 11 224 12 701
202 11 227 13 702
408 11 222 13 702
352 13 222 13 702
319 12 225 14 703
66 8 223 14 703
202 12 232 14 703
408 12 227 14 703
618 13 227 14 703
314 12 226 14 703
319 13 226 15 704
534 14 225 15 704
202 13 228 15 704
408 13 230 15 704
618 14 221 15 704
319 14 221 16 705
534 15 225 16 705
408 14 235 16 705
314 14 226 16 705
319 15 223 17 706
202 15 231 17 706
408 15 231 17 706
534 17 221 18 707
66 12 222 18 707
408 16 231 18 707
314 16 224 18 707
66 13 221 19 708
202 17 225 19 708
408 17 221 19 708
314 17 224 19 708
534 19 224 20 709
66 14 226 20 709
155 9 231 20 709
314 18 231 20 709
319 19 223 21 710
202 19 221 21 710
408 19 223 21 710
352 21 226 21 710
314 19 223 21 710
319 20 230 22 711
66 16 229 22 711
408 20 227 22 711
534 22 229 23 712
66 17 228 23 712
618 22 221 23 712
66 18 226 24 713
202 22 224 24 713
408 22 229 24 713
618 23 221 24 713
314 22 226 24 713
66 19 221 25 714
202 23 233 25 714
408 23 237 25 714
66 20 221 26 715
202 24 224 26 715
408 24 226 26 715
319 25 222 27 716
66 21 225 27 716
408 25 221 27 716
352 27 234 27 716
314 25 221 27 716
534 27 226 28 717
319 26 231 28 717
202 26 227 28 717
408 26 223 28 717
618 27 221 28 717
534 28 223 29 718
319 27 226 29 718
202 27 240 29 718
408 27 239 29 718
618 28 221 29 718
314 27 231 29 718
319 28 225 30 719
202 28 229 30 719
408 28 222 30 719
314 28 230 30 719
319 29 225 31 720
202 29 221 31 720
408 29 227 31 720
314 29 236 31 720
534 31 223 32 721
319 30 226 32 721
202 30 233 32 721
314 30 225 32 721
534 32 224 33 722
202 31 223 33 722
408 31 225 33 722
314 31 226 33 722
202 32 226 34 723
314 32 241 34 723
319 33 227 35 724
534 34 223 35 724
408 33 223 35 724
314 33 234 35 724
319 34 222 36 725
202 34 225 36 725
408 34 221 36 725
314 34 227 36 725
319 35 233 37 726
66 31 226 37 726
202 35 229 37 726
352 9 223 37 726
413 22 229 38 727
153 22 223 38 727
373 22 225 38 727
66 37 223 43 732
352 15 236 43 732
618 42 226 43 732
319 42 224 44 733
66 38 225 44 733
202 42 228 44 733
408 42 231 44 733
314 42 225 44 733
319 43 231 45 734
534 44 222 45 734
202 43 233 45 734
408 43 235 45 734
314 43 223 46 735
534 45 225 46 735
66 40 224 46 735
202 44 235 46 735
352 18 226 46 735
408 44 231 46 735
534 46 221 47 736
66 41 233 47 736
202 45 228 47 736
352 19 221 47 736
408 45 231 47 736
319 46 223 48 737
66 42 225 48 737
202 46 231 48 737
352 20 227 48 737
408 46 233 48 737
314 46 221 49 738
202 47 231 49 738
352 21 221 49 738
408 47 227 49 738
314 47 221 50 739
319 48 228 50 739
534 49 229 50 739
66 44 224 50 739
202 48 231 50 739
352 22 234 50 739
408 48 238 50 739
319 49 227 51 740
534 50 223 51 740
66 45 225 51 740
202 49 231 51 740
408 49 233 51 740
314 49 230 52 741
319 50 227 52 741
202 50 225 52 741
408 50 221 52 741
314 50 223 53 742
534 52 221 53 742
319 51 221 53 742
66 47 227 53 742
202 51 235 53 742
408 51 227 53 742
534 53 225 54 743
66 48 221 54 743
202 52 237 54 743
352 26 231 54 743
408 52 228 54 743
314 52 221 55 744
319 53 230 55 744
66 49 226 55 744
408 53 231 55 744
314 53 226 56 745
319 54 222 56 745
66 50 221 56 745
202 54 225 56 745
408 54 231 56 745
314 54 231 57 746
319 55 225 57 746
66 51 224 57 746
202 55 227 57 746
408 55 233 57 746
618 56 221 57 746
314 55 224 58 747
66 52 229 58 747
202 56 228 58 747
408 56 223 58 747
319 57 225 59 748
66 53 221 59 748
408 57 235 59 748
314 57 222 60 749
319 58 228 60 749
66 54 233 60 749
202 58 223 60 749
352 32 221 60 749
319 59 223 61 750
66 55 227 61 750
202 59 225 61 750
408 59 224 61 750
534 61 225 62 751
319 60 223 62 751
66 56 221 62 751
202 60 231 62 751
408 60 225 62 751
314 60 227 63 752
534 62 225 63 752
319 61 231 63 752
202 61 237 63 752
408 61 231 63 752
314 61 226 64 753
319 62 233 64 753
202 62 235 64 753
408 62 234 64 753
314 62 227 65 754
319 63 233 65 754
66 59 226 65 754
202 63 235 65 754
408 63 225 65 754
66 60 225 66 755
202 64 233 66 755
408 64 226 66 755
314 64 226 67 756
534 66 229 67 756
66 61 222 67 756
202 65 227 67 756
408 65 233 67 756
319 66 227 68 757
66 62 235 68 757
202 66 235 68 757
314 66 225 69 758
202 67 231 69 758
408 67 230 69 758
314 67 225 70 759
534 69 223 70 759
319 68 225 70 759
66 64 221 70 759
202 68 233 70 759
408 68 235 70 759
534 70 223 71 760
319 69 226 71 760
408 69 235 71 760
534 71 223 72 761
202 70 222 72 761
352 44 231 72 761
408 70 241 72 761
314 70 231 73 762
66 1 225 73 762
319 71 223 73 762
202 71 224 73 762
352 45 233 73 762
408 71 241 73 762
618 72 223 73 762
314 71 222 74 763
534 73 227 74 763
66 2 223 74 763
319 72 226 74 763
202 72 229 74 763
352 46 235 74 763
408 72 229 74 763
534 74 227 75 764
319 73 233 75 764
202 73 231 75 764
352 47 237 75 764
408 73 240 75 764
618 74 231 75 764
314 73 232 76 765
66 4 221 76 765
319 74 235 76 765
202 74 227 76 765
352 48 230 76 765
408 74 233 76 765
618 75 221 76 765
314 74 231 77 766
534 76 224 77 766
319 75 229 77 766
202 75 227 77 766
352 49 235 77 766
408 75 231 77 766
314 75 231 78 767
66 6 225 78 767
319 76 223 78 767
352 50 226 78 767
408 76 236 78 767
618 77 227 78 767
314 76 226 79 768
534 78 228 79 768
319 77 229 79 768
408 77 231 79 768
66 8 225 80 769
352 52 221 80 769
408 78 235 80 769
618 79 222 80 769
314 78 227 81 770
66 9 233 81 770
319 79 223 81 770
352 53 225 81 770
408 79 223 81 770
618 80 225 81 770
314 79 226 82 771
66 10 225 82 771
319 80 235 82 771
202 80 227 82 771
408 80 222 82 771
618 81 225 82 771
314 80 224 83 772
534 82 223 83 772
66 11 233 83 772
319 81 228 83 772
352 55 228 83 772
202 81 237 83 772
314 81 222 84 773
534 83 230 84 773
319 82 221 84 773
352 56 229 84 773
202 82 221 84 773
408 82 226 84 773
618 83 223 84 773
314 82 231 85 774
66 13 223 85 774
202 83 225 85 774
618 84 225 85 774
314 83 227 86 775
534 85 231 86 775
66 14 222 86 775
319 84 225 86 775
352 58 231 86 775
408 84 231 86 775
314 84 229 87 776
534 86 237 87 776
66 15 238 87 776
319 85 231 87 776
202 85 225 87 776
408 85 235 87 776
618 86 223 87 776
66 16 243 88 777
408 86 232 88 777
145 80 226 88 777
534 88 225 89 778
319 87 226 89 778
244 80 226 89 778
408 87 222 89 778
715 21 221 91 780
124 74 228 91 780
10 33 238 93 782
193 76 232 93 782
773 14 226 93 782
722 26 221 93 782
98 85 223 93 782
481 93 222 93 782
440 84 223 93 782
657 89 232 94 783
10 34 229 94 783
19 85 225 94 783
773 15 227 94 783
230 69 221 94 783
516 89 221 95 784
10 35 230 95 784
657 90 230 95 784
773 16 229 95 784
230 70 223 95 784
12 92 225 95 784
516 90 222 96 785
101 75 225 96 785
10 36 225 96 785
657 91 227 96 785
19 87 234 96 785
773 17 227 96 785
240 75 221 96 785
112 76 225 96 785
12 93 221 96 785
384 95 223 96 785
774 96 231 96 785
335 92 225 96 785
101 76 225 97 786
657 92 225 97 786
10 37 225 97 786
380 31 221 97 786
773 18 231 97 786
112 77 224 97 786
12 94 223 97 786
774 97 221 97 786
10 38 238 98 787
102 88 226 98 787
773 19 228 98 787
208 98 239 98 787
658 96 227 98 787
384 97 221 98 787
101 78 223 99 788
426 69 229 99 788
657 94 224 99 788
10 39 221 99 788
641 74 232 99 788
102 89 243 99 788
773 20 226 99 788
230 74 221 99 788
101 80 223 101 790
773 22 226 101 790
365 85 230 101 790
112 81 229 101 790
658 99 227 101 790
405 29 221 101 790
774 101 223 101 790
101 81 222 102 791
340 68 221 102 791
657 97 223 102 791
10 42 223 102 791
102 92 223 102 791
774 102 225 102 791
657 98 224 103 792
773 24 223 103 792
112 83 222 103 792
774 103 221 103 792
208 104 226 104 793
774 104 222 104 793
743 15 221 105 794
774 105 222 105 794
657 101 223 106 795
773 27 222 106 795
223 100 223 106 795
102 97 221 107 796
773 28 222 107 796
208 107 221 107 796
294 101 222 108 797
19 99 225 108 797
102 98 221 108 797
773 29 221 108 797
208 109 221 109 798
223 104 223 110 799
773 32 221 111 800
208 111 221 111 800
774 111 222 112 801
19 104 222 113 802
774 113 221 114 803
294 107 223 114 803
19 105 223 114 803
208 114 221 114 803
223 108 221 114 803
19 106 225 115 804
658 113 223 115 804
294 109 226 116 805
102 106 221 116 805
19 107 223 116 805
641 91 221 116 805
405 44 223 116 805
774 116 222 116 805
641 92 225 117 806
208 117 222 117 806
223 111 223 117 806
294 111 226 118 807
10 59 226 119 808
19 110 221 119 808
10 60 221 120 809
19 111 226 120 809
208 120 223 120 809
223 114 227 120 809
658 118 224 120 809
208 121 223 121 810
46 109 221 121 810
774 121 221 122 811
101 101 221 122 811
10 62 221 122 811
294 115 224 122 811
102 112 223 122 811
19 113 236 122 811
101 102 221 123 812
19 114 245 123 812
774 123 222 124 813
101 103 223 124 813
516 118 223 124 813
19 115 245 124 813
208 124 221 124 813
294 118 221 125 814
19 116 239 125 814
658 123 221 125 814
516 120 221 126 815
658 124 221 126 815
774 127 222 128 817
101 107 221 128 817
657 123 221 128 817
102 118 224 128 817
641 103 223 128 817
19 119 233 128 817
101 108 225 129 818
657 124 221 129 818
102 119 234 129 818
19 120 223 129 818
101 109 229 130 819
516 124 222 130 819
657 125 227 130 819
112 110 221 130 819
208 130 223 130 819
658 128 221 130 819
101 110 231 131 820
657 126 228 131 820
208 131 225 131 820
101 111 225 132 821
657 127 223 132 821
19 123 221 132 821
208 132 227 132 821
101 112 226 133 822
516 128 221 134 823
101 113 221 134 823
19 125 221 134 823
112 114 223 134 823
208 134 223 134 823
658 132 223 134 823
101 114 229 135 824
657 130 223 135 824
208 135 229 135 824
658 133 221 136 825
101 115 225 136 825
294 129 221 136 825
19 127 225 136 825
101 116 223 137 826
657 132 223 137 826
426 108 223 138 827
19 129 223 138 827
101 118 221 139 828
426 109 222 139 828
112 119 223 139 828
223 133 224 139 828
102 130 222 140 829
19 131 225 140 829
19 132 221 141 830
102 132 223 142 831
294 135 226 142 831
19 133 223 142 831
208 142 224 142 831
658 140 221 143 832
101 122 221 143 832
102 133 221 143 832
294 136 226 143 832
19 134 241 143 832
230 118 224 143 832
658 141 221 143 832
657 139 224 144 833
440 135 221 144 833
208 144 221 144 833
102 135 225 145 834
657 141 223 146 835
101 127 221 148 837
102 139 225 149 838
658 147 225 150 839
294 143 222 150 839
102 140 221 150 839
19 141 223 150 839
223 144 221 150 839
208 150 223 150 839
658 148 223 151 840
10 91 221 151 840
19 142 221 151 840
19 143 223 152 841
19 144 226 153 842
223 147 222 153 842
294 147 224 154 843
19 145 229 154 843
112 134 221 154 843
223 148 225 154 843
208 154 224 154 843
516 149 221 155 844
294 148 234 155 844
19 146 226 155 844
102 146 222 156 845
294 149 227 156 845
19 147 227 156 845
223 150 225 156 845
208 156 222 156 845
657 152 221 157 846
102 147 227 157 846
19 148 221 157 846
223 151 222 157 846
774 157 222 158 847
657 153 222 158 847
101 137 222 158 847
10 98 223 158 847
437 110 222 158 847
641 133 223 158 847
19 149 235 158 847
5 155 221 158 847
774 158 221 159 848
426 129 223 159 848
101 138 230 159 848
10 99 235 159 848
19 150 222 159 848
774 159 221 160 849
10 100 225 160 849
19 151 224 160 849
112 140 233 160 849
658 158 223 160 849
657 156 223 161 850
641 136 223 161 850
112 141 223 161 850
223 155 221 161 850
19 153 227 162 851
230 137 232 162 851
223 156 231 162 851
208 162 225 162 851
426 133 222 163 852
101 142 233 163 852
102 153 233 163 852
19 154 225 163 852
223 157 222 163 852
658 161 225 163 852
10 104 223 164 853
101 143 235 164 853
294 157 221 164 853
112 144 221 164 853
223 158 224 164 853
657 160 221 165 854
101 146 225 167 856
774 167 221 168 857
101 147 223 168 857
223 162 225 168 857
657 164 224 169 858
102 159 231 169 858
101 148 226 169 858
773 90 221 169 858
230 144 221 169 858
208 169 223 169 858
101 149 221 170 859
112 150 221 170 859
230 145 222 170 859
657 166 231 171 860
102 161 223 171 860
208 171 232 171 860
657 167 223 172 861
102 162 231 172 861
101 151 223 172 861
19 163 224 172 861
516 168 225 174 863
657 169 224 174 863
101 153 222 174 863
294 167 229 174 863
223 168 223 174 863
208 175 222 175 864
658 173 221 176 865
516 170 222 176 865
19 167 221 176 865
112 156 221 176 865
223 170 233 176 865
208 176 227 176 865
658 174 225 177 866
19 168 222 177 866
657 173 227 178 867
102 168 227 178 867
10 118 226 178 867
19 169 224 178 867
657 174 221 179 868
657 175 227 180 869
19 171 223 180 869
223 174 224 180 869
208 180 223 180 869
657 176 226 181 870
102 171 226 181 870
223 175 221 181 870
208 181 222 181 870
657 177 234 182 871
102 172 223 182 871
223 176 221 182 871
657 178 224 183 872
102 173 226 183 872
773 104 221 183 872
223 177 225 183 872
774 183 223 184 873
657 179 232 184 873
101 163 221 184 873
19 175 223 184 873
223 178 224 184 873
208 184 224 184 873
657 180 232 185 874
101 164 223 185 874
102 175 224 185 874
641 160 221 185 874
19 176 227 185 874
223 179 221 185 874
208 185 224 185 874
774 185 221 186 875
657 181 229 186 875
102 176 226 186 875
294 179 222 186 875
19 177 225 186 875
223 180 223 186 875
208 186 226 186 875
774 186 221 187 876
657 182 228 187 876
101 166 225 187 876
102 177 225 187 876
294 180 223 187 876
223 181 222 187 876
657 183 229 188 877
101 167 225 188 877
102 178 227 188 877
223 182 223 188 877
12 6 221 188 877
657 184 233 189 878
101 168 221 189 878
102 179 224 189 878
208 189 223 189 878
101 169 224 190 879
294 183 221 190 879
19 181 231 190 879
223 184 221 190 879
657 186 227 191 880
223 185 226 191 880
657 187 228 192 881
101 171 224 192 881
102 182 223 192 881
223 186 225 192 881
657 188 228 193 882
102 183 227 193 882
773 114 221 193 882
657 189 227 194 883
102 184 223 194 883
223 188 223 194 883
19 185 226 194 883
657 190 225 195 884
657 191 223 196 885
102 187 225 197 886
657 194 221 199 888
19 192 221 201 890
657 197 231 202 891
101 181 221 202 891
102 192 223 202 891
657 198 221 203 892
102 193 225 203 892
712 205 221 211 900
102 202 223 212 901
208 213 221 214 903
657 209 221 214 903
516 208 222 214 903
657 212 223 217 906
657 213 222 218 907
208 218 222 219 908
657 214 223 219 908
208 219 227 220 909
657 215 231 220 909
102 210 222 220 909
223 214 228 220 909
657 216 225 221 910
208 221 222 222 911
102 212 221 222 911
19 213 223 222 911
208 222 226 223 912
223 217 223 223 912
208 223 227 224 913
657 219 223 224 913
657 220 222 225 914
223 219 230 225 914
657 221 222 226 915
208 225 221 226 915
102 216 221 226 915
208 226 224 227 916
101 206 222 227 916
102 217 221 227 916
230 202 225 227 916
657 223 235 228 917
208 227 223 228 917
657 224 224 229 918
657 225 225 230 919
112 210 225 230 919
19 221 227 230 919
223 224 222 230 919
774 230 222 231 920
657 226 233 231 920
101 210 225 231 920
19 222 225 231 920
223 225 223 231 920
774 231 223 232 921
657 227 238 232 921
208 231 226 232 921
101 211 227 232 921
641 207 223 232 921
223 226 223 232 921
774 232 222 233 922
657 228 237 233 922
208 232 228 233 922
223 227 224 233 922
657 229 226 234 923
208 233 231 234 923
102 224 222 234 923
641 209 221 234 923
19 225 221 234 923
19 226 221 235 924
223 229 225 235 924
657 231 235 236 925
19 228 221 237 926
19 231 222 240 929
208 240 223 241 930
657 237 221 242 931
208 241 221 242 931
208 242 221 243 932
516 237 222 243 932
101 222 221 243 932
208 247 225 248 937
657 244 233 249 938
208 248 224 249 938
657 245 223 250 939
774 249 222 250 939
10 190 223 250 939
294 243 224 250 939
208 250 221 251 940
10 191 226 251 940
101 230 225 251 940
294 244 223 251 940
112 231 223 251 940
658 249 226 251 940
657 247 223 252 941
208 251 223 252 941
10 192 222 252 941
102 242 223 252 941
101 231 232 252 941
112 232 221 252 941
19 243 226 252 941
658 250 222 252 941
657 248 222 253 942
19 245 225 254 943
223 248 222 254 943
208 254 227 255 944
101 234 224 255 944
641 230 221 255 944
294 248 221 255 944
112 235 223 255 944
19 246 223 255 944
223 249 224 255 944
774 255 221 256 945
208 255 227 256 945
112 236 223 256 945
208 256 230 257 946
112 237 224 257 946
223 251 226 257 946
657 253 223 258 947
208 257 225 258 947
112 238 224 258 947
19 249 221 258 947
657 254 223 259 948
208 258 221 259 948
774 259 224 260 949
208 259 221 260 949
19 251 221 260 949
657 256 229 261 950
774 260 221 261 950
208 260 225 261 950
230 236 222 261 950
657 257 222 262 951
208 261 223 262 951
102 252 227 262 951
440 253 222 262 951
657 258 227 263 952
208 262 225 263 952
101 242 221 263 952
102 253 227 263 952
19 254 222 263 952
657 259 224 264 953
774 263 223 264 953
19 255 226 264 953
657 260 228 265 954
10 205 222 265 954
102 255 227 265 954
340 231 221 265 954
641 240 222 265 954
657 261 229 266 955
10 206 223 266 955
230 241 221 266 955
657 262 226 267 956
774 266 224 267 956
208 266 227 267 956
102 257 221 267 956
440 258 223 267 956
223 261 223 267 956
208 267 222 268 957
102 258 224 268 957
223 262 225 268 957
19 259 223 269 958
657 264 223 269 958
208 268 225 269 958
10 209 224 269 958
773 190 221 269 958
102 259 221 269 958
223 263 227 269 958
19 260 221 270 959
657 265 221 270 959
208 269 226 270 959
10 210 225 270 959
657 267 223 272 961
19 265 229 275 964
657 271 223 276 965
208 275 223 276 965
230 251 221 276 965
208 276 221 277 966
102 269 221 279 968
657 275 223 280 969
774 279 221 280 969
19 271 221 281 970
657 276 225 281 970
657 278 225 283 972
294 276 221 283 972
102 273 221 283 972
208 283 227 284 973
641 259 221 284 973
19 275 223 285 974
208 284 223 285 974
102 275 223 285 974
658 283 221 286 975
657 281 222 286 975
426 256 221 286 975
208 285 233 286 975
102 276 230 286 975
19 277 221 287 976
657 282 224 287 976
208 286 232 287 976
101 266 221 287 976
102 277 225 287 976
19 278 221 288 977
774 287 221 288 977
10 228 223 288 977
102 278 224 288 977
223 282 222 288 977
208 288 232 289 978
440 280 221 289 978
223 283 223 289 978
10 230 221 290 979
773 211 221 290 979
102 280 224 290 979
223 284 221 290 979
658 288 222 291 980
19 281 221 291 980
774 290 222 291 980
208 290 221 291 980
223 285 224 291 980
658 289 221 292 981
102 282 231 292 981
101 271 229 292 981
658 290 223 292 981
208 292 223 293 982
112 275 221 295 984
10 237 233 297 986
102 287 225 297 986
10 238 229 298 987
294 291 224 298 987
641 273 221 298 987
658 296 225 299 988
657 294 226 299 988
208 298 225 299 988
10 239 222 299 988
743 209 221 299 988
223 293 222 299 988
12 72 225 300 989
657 295 225 300 989
774 299 230 300 989
10 240 232 300 989
101 279 223 300 989
112 280 221 300 989
223 294 221 300 989
774 300 225 301 990
10 241 222 301 990
19 292 230 302 991
774 301 231 302 991
208 301 222 302 991
10 242 237 302 991
294 295 221 302 991
19 293 228 303 992
774 302 221 303 992
10 243 240 303 992
773 224 223 303 992
223 297 224 303 992
19 294 233 304 993
658 301 221 304 993
774 303 231 304 993
208 303 221 304 993
10 244 233 304 993
101 283 223 304 993
641 279 221 304 993
223 298 227 304 993
19 295 231 305 994
774 304 221 305 994
10 245 236 305 994
101 284 221 305 994
112 285 223 305 994
19 296 223 306 995
10 246 224 306 995
19 297 225 306 995
774 306 227 307 996
10 247 232 307 996
19 298 235 307 996
10 248 239 308 997
19 299 222 308 997
774 308 227 309 998
10 249 237 309 998
19 300 226 309 998
774 309 223 310 999
223 304 231 310 999
19 301 232 310 999
657 306 223 311 1000
774 310 227 311 1000
10 251 243 311 1000
773 232 224 311 1000
294 304 221 311 1000
19 302 233 311 1000
774 311 225 312 1001
208 311 221 312 1001
10 252 235 312 1001
101 291 221 312 1001
19 303 236 312 1001
774 312 221 313 1002
10 253 227 313 1002
102 303 221 313 1002
101 292 221 313 1002
223 307 224 313 1002
19 304 233 313 1002
657 309 224 314 1003
101 293 223 314 1003
223 308 227 314 1003
657 310 223 315 1004
10 255 231 315 1004
294 308 225 315 1004
19 306 228 316 1005
516 310 224 316 1005
774 315 223 316 1005
657 311 223 316 1005
10 256 235 316 1005
223 310 231 316 1005
294 309 225 316 1005
641 291 223 316 1005
19 307 222 317 1006
774 316 223 317 1006
657 312 225 317 1006
10 257 241 317 1006
641 292 221 317 1006
19 308 224 318 1007
774 317 223 318 1007
657 313 221 318 1007
10 258 241 318 1007
440 4 222 318 1007
294 311 222 318 1007
101 297 221 318 1007
641 293 221 318 1007
112 298 225 318 1007
19 309 227 319 1008
658 316 221 319 1008
774 318 233 319 1008
657 314 226 319 1008
10 259 234 319 1008
102 309 225 319 1008
679 320 221 319 1008
641 294 226 319 1008
330 260 222 319 1008
112 299 229 319 1008
19 310 233 320 1009
516 314 221 320 1009
774 319 223 320 1009
657 315 221 320 1009
102 310 231 320 1009
223 314 225 320 1009
641 295 227 320 1009
101 299 227 320 1009
19 311 229 321 1010
658 318 226 321 1010
774 320 224 321 1010
208 320 233 321 1010
10 261 231 321 1010
773 242 224 321 1010
102 311 224 321 1010
223 315 225 321 1010
641 296 221 321 1010
101 300 228 321 1010
19 312 225 322 1011
516 316 226 322 1011
657 317 231 322 1011
208 321 222 322 1011
10 262 240 322 1011
773 243 221 322 1011
102 312 233 322 1011
641 297 223 322 1011
294 315 224 322 1011
101 301 222 322 1011
19 313 221 323 1012
658 320 223 323 1012
657 318 224 323 1012
208 322 226 323 1012
10 263 245 323 1012
102 313 231 323 1012
223 317 221 323 1012
641 298 223 323 1012
112 303 223 323 1012
774 323 231 324 1013
657 319 239 324 1013
208 323 236 324 1013
10 264 231 324 1013
102 314 225 324 1013
230 299 223 324 1013
223 318 233 324 1013
641 299 221 324 1013
112 304 225 324 1013
444 328 221 325 1014
12 97 221 325 1014
657 320 232 325 1014
208 324 231 325 1014
10 265 230 325 1014
773 246 222 325 1014
102 315 232 325 1014
223 319 233 325 1014
294 318 222 325 1014
641 300 221 325 1014
112 305 221 325 1014
658 323 221 326 1015
544 321 222 326 1015
516 320 225 326 1015
536 328 229 328 1017
457 325 225 328 1017
565 326 230 330 1019
713 323 239 330 1019
211 326 221 331 1020
110 318 222 331 1020
654 317 223 331 1020
110 319 241 332 1021
654 318 221 332 1021
101 311 227 332 1021
538 313 229 333 1022
10 273 223 333 1022
101 312 229 333 1022
101 313 229 334 1023
632 229 233 335 1024
703 315 224 335 1024
597 335 227 335 1024
101 314 234 335 1024
2 326 223 336 1025
581 339 233 337 1026
2 328 222 338 1027
538 318 221 338 1027
2 329 225 339 1028
632 233 224 339 1028
476 34 221 339 1028
101 318 233 339 1028
2 330 231 340 1029
632 234 234 340 1029
488 333 221 340 1029
741 312 221 340 1029
101 319 225 340 1029
783 320 221 341 1030
300 321 223 341 1030
476 36 233 341 1030
741 313 225 341 1030
703 321 228 341 1030
597 341 227 341 1030
101 320 231 341 1030
476 37 224 342 1031
399 335 230 342 1031
703 322 229 342 1031
597 342 227 342 1031
101 321 232 342 1031
2 333 222 343 1032
300 323 226 343 1032
783 322 225 343 1032
538 323 222 343 1032
632 237 229 343 1032
476 38 222 343 1032
399 336 225 343 1032
101 322 225 343 1032
2 334 222 344 1033
783 323 226 344 1033
300 324 223 344 1033
538 324 223 344 1033
632 238 224 344 1033
399 337 223 344 1033
101 323 225 344 1033
2 335 224 345 1034
783 324 225 345 1034
632 239 225 345 1034
476 40 237 345 1034
741 317 225 345 1034
399 338 222 345 1034
783 325 222 346 1035
62 274 222 346 1035
538 326 227 346 1035
741 318 229 346 1035
703 326 222 346 1035
2 337 221 347 1036
632 241 223 347 1036
476 42 225 347 1036
101 326 225 347 1036
2 338 221 348 1037
538 328 221 348 1037
476 43 226 348 1037
703 328 222 348 1037
399 341 226 348 1037
101 327 227 348 1037
62 277 223 349 1038
538 329 227 349 1038
476 44 222 349 1038
10 289 221 349 1038
597 349 221 349 1038
101 328 227 349 1038
783 329 223 350 1039
300 330 222 350 1039
476 45 224 350 1039
101 329 227 350 1039
476 46 224 351 1040
101 330 226 351 1040
783 331 223 352 1041
476 47 224 352 1041
10 292 221 352 1041
399 345 227 352 1041
101 331 227 352 1041
783 332 223 353 1042
476 48 223 353 1042
10 293 224 353 1042
101 332 228 353 1042
783 333 222 354 1043
538 334 221 354 1043
476 49 223 354 1043
10 294 227 354 1043
101 333 227 354 1043
783 334 223 355 1044
538 335 221 355 1044
476 50 222 355 1044
10 295 223 355 1044
101 334 224 355 1044
538 336 221 356 1045
10 296 226 356 1045
101 335 231 356 1045
538 337 222 357 1046
10 297 233 357 1046
101 336 233 357 1046
538 338 221 358 1047
632 252 221 358 1047
476 53 222 358 1047
10 298 226 358 1047
399 351 222 358 1047
101 337 225 358 1047
783 338 221 359 1048
538 339 222 359 1048
632 253 221 359 1048
476 54 221 359 1048
101 338 231 359 1048
783 339 224 360 1049
703 340 221 360 1049
101 339 231 360 1049
783 340 223 361 1050
300 341 221 361 1050
741 333 221 361 1050
703 341 224 361 1050
10 301 227 361 1050
101 340 236 362 1051
783 341 222 362 1051
300 342 223 362 1051
538 342 221 362 1051
476 57 229 362 1051
399 355 223 362 1051
101 341 225 362 1051
10 303 222 363 1052
399 356 229 363 1052
101 342 225 363 1052
783 343 223 364 1053
632 258 222 364 1053
703 344 223 364 1053
10 304 222 364 1053
399 357 229 364 1053
101 343 229 364 1053
632 259 223 365 1054
10 305 223 365 1054
703 345 224 365 1054
101 344 227 366 1055
10 306 221 366 1055
101 345 227 367 1056
783 346 223 367 1056
538 347 221 367 1056
476 62 221 367 1056
10 307 230 367 1056
538 348 221 368 1057
632 262 223 368 1057
10 308 229 368 1057
783 348 223 369 1058
538 349 226 369 1058
10 309 224 369 1058
597 369 221 369 1058
538 350 223 370 1059
10 310 226 370 1059
101 349 232 371 1060
62 299 224 371 1060
10 311 223 371 1060
597 371 221 371 1060
101 350 235 372 1061
538 352 224 372 1061
101 351 221 373 1062
632 267 223 373 1062
101 352 221 374 1063
476 69 221 374 1063
538 354 224 374 1063
101 353 221 375 1064
783 354 223 375 1064
538 355 223 375 1064
101 354 224 376 1065
783 355 225 376 1065
62 304 225 376 1065
300 356 225 376 1065
476 71 221 376 1065
399 369 222 376 1065
101 355 231 377 1066
62 305 222 377 1066
300 357 222 377 1066
476 72 227 377 1066
10 317 225 377 1066
783 357 222 378 1067
278 378 227 378 1067
538 358 226 378 1067
10 318 230 378 1067
399 371 224 378 1067
101 357 225 379 1068
632 273 221 379 1068
10 319 221 379 1068
597 379 223 379 1068
101 358 224 380 1069
783 359 224 380 1069
300 360 224 380 1069
632 274 221 380 1069
476 75 221 380 1069
10 320 225 380 1069
703 360 223 380 1069
399 373 225 380 1069
101 359 222 380 1069
278 381 229 381 1070
300 361 221 381 1070
10 321 223 381 1070
101 360 223 382 1071
783 361 225 382 1071
300 362 227 382 1071
538 362 225 382 1071
10 322 228 382 1071
703 362 227 382 1071
399 375 227 382 1071
101 361 235 383 1072
783 362 226 383 1072
300 363 224 383 1072
703 363 225 383 1072
399 376 224 383 1072
101 362 233 383 1072
300 364 223 384 1073
538 364 223 384 1073
597 384 222 384 1073
703 364 225 384 1073
399 377 223 384 1073
101 363 230 384 1073
300 365 224 385 1074
538 365 225 385 1074
10 325 227 385 1074
703 365 221 385 1074
101 364 233 385 1074
300 366 222 386 1075
538 366 225 386 1075
10 326 227 386 1075
703 366 222 386 1075
101 365 232 386 1075
2 377 222 387 1076
300 367 221 387 1076
632 281 224 387 1076
476 82 233 387 1076
538 367 221 387 1076
597 387 224 387 1076
10 327 221 387 1076
300 368 223 388 1077
632 282 223 388 1077
476 83 229 388 1077
538 368 224 388 1077
10 328 231 388 1077
597 388 232 388 1077
741 360 223 388 1077
101 367 233 388 1077
783 368 222 389 1078
300 369 222 389 1078
741 361 221 389 1078
703 369 225 389 1078
597 389 226 389 1078
399 382 223 389 1078
101 368 234 389 1078
632 284 225 390 1079
300 370 222 390 1079
538 370 229 390 1079
10 330 223 390 1079
703 370 227 390 1079
399 383 222 390 1079
2 381 221 391 1080
300 371 222 391 1080
538 371 229 391 1080
10 331 226 391 1080
741 363 224 391 1080
597 391 233 391 1080
703 371 226 391 1080
101 370 227 391 1080
538 372 225 392 1081
10 332 224 392 1081
597 392 224 392 1081
741 364 221 392 1081
101 371 226 392 1081
783 372 230 393 1082
62 321 221 393 1082
538 373 224 393 1082
10 333 224 393 1082
597 393 231 393 1082
101 372 231 393 1082
783 373 221 394 1083
300 374 222 394 1083
597 394 232 394 1083
703 374 224 394 1083
101 373 230 394 1083
538 375 225 395 1084
597 395 233 395 1084
399 2 223 395 1084
101 374 231 395 1084
741 368 221 396 1085
300 377 225 397 1086
741 370 223 398 1087
399 5 229 398 1087
101 377 227 398 1087
300 379 221 399 1088
597 399 221 399 1088
703 379 221 399 1088
2 390 221 400 1089
597 400 224 400 1089
101 379 224 400 1089
2 391 221 401 1090
632 295 224 401 1090
538 381 223 401 1090
597 401 223 401 1090
703 381 221 401 1090
741 373 223 401 1090
2 392 228 402 1091
632 296 223 402 1091
538 382 222 402 1091
10 342 222 402 1091
741 374 222 402 1091
399 9 221 402 1091
399 10 224 403 1092
101 382 235 403 1092
632 298 221 404 1093
703 384 222 404 1093
741 376 221 404 1093
783 384 223 405 1094
632 299 223 405 1094
399 12 226 405 1094
783 385 223 406 1095
476 101 223 406 1095
399 13 232 406 1095
101 385 238 406 1095
300 387 222 407 1096
703 387 225 407 1096
741 379 225 407 1096
399 14 235 407 1096
101 386 237 407 1096
703 388 221 408 1097
741 380 228 408 1097
399 15 223 408 1097
101 387 223 408 1097
2 399 221 409 1098
632 303 221 409 1098
300 389 224 409 1098
10 349 225 409 1098
538 389 222 409 1098
741 381 235 409 1098
101 388 239 409 1098
399 16 225 409 1098
783 389 222 410 1099
399 17 233 410 1099
101 389 235 410 1099
538 391 223 411 1100
703 391 225 411 1100
399 18 232 411 1100
101 390 221 411 1100
538 392 227 412 1101
741 384 225 412 1101
399 19 225 412 1101
101 391 229 412 1101
62 341 223 413 1102
538 393 224 413 1102
597 413 223 413 1102
399 20 240 413 1102
632 308 231 414 1103
538 394 227 414 1103
399 21 223 414 1103
101 393 233 414 1103
783 394 223 415 1104
538 395 223 415 1104
597 415 224 415 1104
741 387 227 415 1104
399 22 236 415 1104
101 394 222 415 1104
2 406 223 416 1105
632 310 222 416 1105
10 356 223 416 1105
597 416 221 416 1105
741 388 223 416 1105
399 23 232 416 1105
2 407 226 417 1106
62 345 222 417 1106
632 311 236 417 1106
703 397 223 417 1106
399 24 237 417 1106
101 396 231 417 1106
783 397 221 418 1107
62 346 221 418 1107
632 312 223 418 1107
741 390 233 418 1107
399 25 238 418 1107
101 397 239 418 1107
783 398 221 419 1108
538 399 227 419 1108
703 399 223 419 1108
741 391 221 419 1108
101 398 234 419 1108
538 400 222 420 1109
703 400 222 420 1109
741 392 223 420 1109
399 27 229 420 1109
101 399 224 420 1109
538 401 228 421 1110
10 361 223 421 1110
703 401 224 421 1110
741 393 231 421 1110
399 28 235 421 1110
101 400 241 421 1110
703 402 221 422 1111
399 29 221 422 1111
101 401 238 422 1111
783 402 222 422 1111
741 395 227 423 1112
741 397 225 425 1114
101 404 223 425 1114
741 398 223 426 1115
101 405 228 426 1115
10 367 225 427 1116
741 399 223 427 1116
399 34 223 427 1116
101 406 226 427 1116
741 400 221 428 1117
101 407 237 428 1117
101 408 225 429 1118
538 410 223 430 1119
741 402 221 430 1119
399 37 230 430 1119
101 409 232 430 1119
399 38 231 431 1120
101 410 233 431 1120
538 412 223 432 1121
399 39 222 432 1121
101 411 227 432 1121
632 327 223 433 1122
300 413 221 433 1122
399 40 224 433 1122
101 412 228 433 1122
399 41 231 434 1123
101 413 221 434 1123
399 42 221 435 1124
101 415 221 436 1125
399 45 227 438 1127
101 417 221 438 1127
101 419 227 440 1129
62 369 221 441 1130
399 48 229 441 1130
101 420 229 441 1130
2 432 221 442 1131
10 382 221 442 1131
476 137 221 442 1131
703 422 223 442 1131
399 49 226 442 1131
632 2 221 442 1131
476 138 223 443 1132
476 140 223 445 1134
703 427 221 447 1136
476 143 221 448 1137
399 55 222 448 1137
476 144 224 449 1138
741 422 221 450 1139
399 57 229 450 1139
741 423 225 451 1140
399 58 233 451 1140
476 147 221 452 1141
101 431 225 452 1141
399 60 224 453 1142
101 432 229 453 1142
101 434 231 455 1144
101 438 223 459 1148
632 20 223 460 1149
632 22 224 462 1151
632 23 223 463 1152
399 71 224 464 1153
101 443 221 464 1153
703 445 221 465 1154
399 73 223 466 1155
783 446 223 466 1155
703 448 221 468 1157
399 75 225 468 1157
632 5 223 468 1157
399 76 224 469 1158
300 450 222 470 1159
10 410 222 470 1159
2 461 223 471 1160
300 451 221 471 1160
741 445 222 473 1162
399 80 227 473 1162
101 452 221 473 1162
783 453 223 473 1162
399 81 225 474 1163
399 82 223 475 1164
101 454 227 475 1164
783 455 223 475 1164
399 83 232 476 1165
783 456 222 476 1165
703 457 221 477 1166
399 84 227 477 1166
783 457 222 477 1166
632 14 225 477 1166
10 418 221 478 1167
741 450 225 478 1167
399 85 224 478 1167
101 457 221 478 1167
399 86 224 479 1168
597 479 223 479 1168
399 88 229 481 1170
703 464 222 484 1173
703 465 221 485 1174
741 457 223 485 1174
399 92 226 485 1174
538 466 222 486 1175
703 466 221 486 1175
399 93 223 486 1175
741 458 227 486 1175
703 467 223 487 1176
399 94 227 487 1176
101 466 221 487 1176
300 468 222 488 1177
538 468 223 488 1177
476 183 226 488 1177
399 95 237 488 1177
538 469 224 489 1178
10 429 222 489 1178
476 184 224 489 1178
399 96 224 489 1178
101 469 228 490 1179
399 98 221 491 1180
741 464 224 492 1181
101 472 224 493 1182
399 101 221 494 1183
101 473 223 494 1183
399 103 225 496 1185
101 476 223 497 1186
399 104 223 497 1186
741 469 229 497 1186
399 105 227 498 1187
399 106 226 499 1188
10 2 221 500 1189
703 480 222 500 1189
399 107 233 500 1189
399 109 227 502 1191
101 481 224 502 1191
399 110 234 503 1192
399 111 229 504 1193
399 112 233 505 1194
741 477 223 505 1194
399 114 224 507 1196
101 487 229 508 1197
101 488 221 509 1198
101 490 223 511 1200
399 119 226 512 1201
399 122 225 515 1204
399 131 224 524 1213
399 132 227 525 1214
399 133 225 526 1215
741 498 221 526 1215
101 505 227 526 1215
300 507 222 527 1216
399 134 233 527 1216
101 506 227 527 1216
10 30 221 528 1217
399 135 226 528 1217
101 507 231 528 1217
10 31 222 529 1218
399 136 228 529 1218
101 508 224 529 1218
399 137 223 530 1219
101 509 221 530 1219
10 33 225 531 1220
399 139 221 532 1221
399 140 223 533 1222
741 507 223 535 1224
399 142 223 535 1224
101 514 221 535 1224
741 508 222 536 1225
399 147 221 540 1229
703 521 221 541 1230
741 513 225 541 1230
597 541 223 541 1230
703 522 227 542 1231
741 514 223 542 1231
101 521 223 542 1231
476 238 222 543 1232
632 80 221 543 1232
399 150 222 543 1232
741 516 223 544 1233
399 151 225 544 1233
10 47 221 545 1234
399 152 223 545 1234
10 48 223 546 1235
741 518 222 546 1235
101 534 223 555 1244
703 540 223 560 1249
741 534 223 562 1251
399 169 221 562 1251
399 170 221 563 1252
399 172 224 565 1254
101 544 233 565 1254
56 501 221 568 1257
525 562 223 570 1259
313 477 225 571 1260
206 537 221 574 1263
555 565 227 577 1266
22 522 222 579 1268
22 523 228 580 1269
454 581 230 581 1270
22 524 221 581 1270
454 582 224 582 1271
22 525 221 582 1271
539 73 223 582 1271
454 583 227 583 1272
522 262 224 583 1272
304 571 221 583 1272
49 449 221 584 1273
454 584 223 584 1273
522 263 221 584 1273
683 445 221 584 1273
454 586 221 586 1275
22 532 221 589 1278
22 533 225 590 1279
454 591 221 591 1280
22 534 229 591 1280
761 584 221 592 1281
761 586 221 594 1283
22 537 221 594 1283
22 538 221 595 1284
761 588 225 596 1285
22 539 226 596 1285
761 589 226 597 1286
428 599 221 597 1286
22 541 221 598 1287
648 309 223 599 1288
22 544 224 601 1290
22 550 228 607 1296
22 551 224 608 1297
454 613 221 613 1302
522 292 221 613 1302
62 549 225 620 1309
475 140 221 621 1310
652 609 227 621 1310
745 619 223 621 1310
706 802 221 622 1311
22 567 221 624 1313
22 568 222 625 1314
326 631 221 630 1319
442 625 234 632 1321
32 606 221 633 1322
701 627 223 633 1322
125 72 232 633 1322
701 628 222 634 1323
442 627 225 634 1323
202 632 225 634 1323
125 73 227 634 1323
254 461 222 636 1325
125 76 224 637 1326
362 632 221 637 1326
442 631 222 638 1327
125 77 222 638 1327
15 632 224 639 1328
125 78 221 639 1328
442 634 221 641 1330
671 651 225 647 1336
652 636 231 648 1337
442 642 223 649 1338
442 644 223 651 1340
442 648 224 655 1344
351 14 224 657 1346
707 600 221 659 1348
442 654 221 661 1350
442 655 223 662 1351
237 657 230 663 1352
770 109 226 672 1361
760 3 222 676 1365
416 669 227 676 1365
22 620 227 677 1366
139 656 227 677 1366
663 672 221 678 1367
22 621 221 678 1367
171 110 221 679 1368
75 29 221 679 1368
73 345 221 680 1369
139 660 224 681 1370
75 31 227 681 1370
707 623 221 681 1370
43 678 221 682 1371
75 32 227 682 1371
364 679 228 683 1372
125 126 223 687 1376
22 638 237 695 1384
32 669 227 696 1385
367 365 221 696 1385
783 677 231 697 1386
650 638 245 697 1386
783 678 222 698 1387
650 639 223 698 1387
202 696 223 698 1387
632 235 223 698 1387
513 687 222 698 1387
194 681 224 698 1387
22 641 223 698 1387
783 679 235 699 1388
202 697 221 699 1388
513 688 222 699 1388
194 682 226 699 1388
650 642 235 701 1390
194 684 225 701 1390
650 644 221 703 1392
214 579 222 703 1392
650 645 231 704 1393
214 585 223 709 1398
650 651 223 710 1399
680 645 221 710 1399
783 691 223 711 1400
730 701 224 712 1401
650 653 221 712 1401
650 654 224 713 1402
214 589 222 713 1402
783 694 222 714 1403
650 655 221 714 1403
513 703 221 714 1403
783 695 222 715 1404
650 656 227 715 1404
783 696 221 716 1405
214 592 224 716 1405
783 697 221 717 1406
650 658 223 717 1406
650 659 221 718 1407
783 699 221 719 1408
650 660 231 719 1408
22 662 223 719 1408
783 700 222 720 1409
650 661 225 720 1409
632 258 223 721 1410
650 662 234 721 1410
513 710 227 721 1410
650 663 228 722 1411
650 664 225 723 1412
650 665 221 724 1413
650 666 225 725 1414
650 667 226 726 1415
214 602 222 726 1415
730 716 223 727 1416
238 700 223 727 1416
650 668 224 727 1416
214 603 223 727 1416
680 662 228 727 1416
238 701 223 728 1417
650 669 230 728 1417
730 718 223 729 1418
680 664 222 729 1418
730 719 224 730 1419
214 606 223 730 1419
238 704 221 731 1420
214 607 221 731 1420
680 666 224 731 1420
730 721 221 732 1421
513 721 221 732 1421
214 608 223 732 1421
680 667 221 732 1421
783 713 223 733 1422
238 706 224 733 1422
214 609 224 733 1422
680 668 224 733 1422
730 723 223 734 1423
783 714 224 734 1423
680 669 226 734 1423
214 611 222 735 1424
680 670 226 735 1424
783 716 223 736 1425
238 709 221 736 1425
632 273 221 736 1425
22 679 223 736 1425
680 671 223 736 1425
783 717 224 737 1426
22 680 221 737 1426
680 672 222 737 1426
680 673 225 738 1427
730 728 223 739 1428
783 719 222 739 1428
650 680 221 739 1428
214 615 225 739 1428
680 674 225 739 1428
214 616 221 740 1429
680 675 221 740 1429
783 721 221 741 1430
238 714 221 741 1430
214 617 221 741 1430
680 676 229 741 1430
214 618 222 742 1431
680 677 224 742 1431
650 684 221 743 1432
214 619 221 743 1432
680 678 227 743 1432
650 685 223 744 1433
214 620 221 744 1433
680 679 231 744 1433
650 686 222 745 1434
680 680 227 745 1434
680 681 221 746 1435
22 691 222 748 1437
650 690 221 749 1438
238 723 221 750 1439
680 685 221 750 1439
730 740 221 751 1440
238 724 224 751 1440
680 686 223 751 1440
730 741 224 752 1441
238 725 225 752 1441
238 726 223 753 1442
650 694 222 753 1442
680 688 225 753 1442
238 727 224 754 1443
650 695 221 754 1443
632 291 221 754 1443
650 696 223 755 1444
513 745 221 756 1445
194 739 224 756 1445
730 746 225 757 1446
22 700 222 757 1446
214 633 221 757 1446
650 699 221 758 1447
632 295 222 758 1447
650 700 221 759 1448
650 701 227 760 1449
650 702 227 761 1450
650 703 227 762 1451
650 704 226 763 1452
650 705 233 764 1453
650 706 229 765 1454
690 699 221 765 1454
650 707 235 766 1455
650 708 224 767 1456
650 709 232 768 1457
650 712 231 771 1460
650 713 228 772 1461
650 714 223 773 1462
650 716 223 775 1464
650 717 225 776 1465
650 718 222 777 1466
650 719 231 778 1467
650 720 226 779 1468
730 769 223 780 1469
650 721 225 780 1469
650 725 221 784 1473
730 775 221 786 1475
650 727 224 786 1475
632 325 222 788 1477
22 731 223 788 1477
238 765 223 792 1481
680 727 222 792 1481
300 774 221 793 1482
680 738 221 803 1492
139 782 221 804 1493
783 784 221 804 1493
730 793 225 804 1493
22 747 223 804 1493
632 341 223 804 1493
680 739 230 804 1493
783 785 225 805 1494
730 794 223 805 1494
680 740 224 805 1494
680 741 230 806 1495
730 796 223 807 1496
650 748 221 807 1496
680 742 226 807 1496
680 743 231 808 1497
650 750 221 809 1498
680 744 227 809 1498
650 752 229 811 1500
650 753 226 812 1501
513 801 221 812 1501
680 748 224 813 1502
650 756 224 815 1504
680 750 221 815 1504
650 759 221 818 1507
680 753 223 818 1507
650 760 232 819 1508
632 356 221 819 1508
680 754 221 819 1508
650 761 231 820 1509
680 755 225 820 1509
300 801 221 820 1509
650 762 226 821 1510
680 756 222 821 1510
300 802 222 821 1510
650 763 223 822 1511
650 764 221 823 1512
300 805 221 824 1513
650 766 222 825 1514
680 760 222 825 1514
680 764 221 829 1518
680 765 227 830 1519
139 809 221 831 1520
680 766 226 831 1520
139 810 221 832 1521
680 767 227 832 1521
680 768 231 833 1522
139 812 227 834 1523
650 776 223 835 1524
139 814 222 836 1525
650 777 222 836 1525
680 773 223 838 1527
680 774 221 839 1528
783 822 221 842 1531
650 783 225 842 1531
300 824 221 843 1532
650 785 223 844 1533
238 817 221 844 1533
300 825 221 844 1533
238 818 222 845 1534
650 786 227 845 1534
650 789 223 848 1537
650 790 221 849 1538
650 791 231 850 1539
650 792 230 851 1540
650 793 228 852 1541
680 789 222 854 1543
238 833 222 860 1549
680 795 224 860 1549
513 853 221 864 1553
513 856 221 867 1556
650 814 228 873 1562
238 847 225 874 1563
650 815 229 874 1563
300 855 221 874 1563
650 818 229 877 1566
632 414 222 877 1566
650 819 229 878 1567
300 862 227 881 1570
650 823 222 882 1571
300 863 222 882 1571
783 863 223 883 1572
650 824 232 883 1572
783 864 226 884 1573
650 825 229 884 1573
680 819 225 884 1573
632 422 221 885 1574
194 868 223 885 1574
194 869 221 886 1575
680 822 223 887 1576
194 871 223 888 1577
300 869 224 888 1577
680 823 221 888 1577
650 830 222 889 1578
300 870 224 889 1578
680 824 226 889 1578
650 831 225 890 1579
300 871 221 890 1579
680 825 221 890 1579
783 871 221 891 1580
650 832 223 891 1580
214 767 222 891 1580
783 872 221 892 1581
680 827 227 892 1581
214 768 222 892 1581
680 828 221 893 1582
214 769 224 893 1582
214 770 224 894 1583
680 830 222 895 1584
680 831 227 896 1585
214 772 227 896 1585
680 832 227 897 1586
214 773 224 897 1586
300 879 221 898 1587
650 840 223 899 1588
680 834 222 899 1588
650 841 225 900 1589
680 836 225 901 1590
650 843 222 902 1591
650 844 225 903 1592
783 884 223 904 1593
650 845 222 904 1593
680 839 221 904 1593
650 846 227 905 1594
783 886 224 906 1595
650 847 232 906 1595
650 848 229 907 1596
632 22 221 909 1598
680 844 230 909 1598
214 785 225 909 1598
214 786 223 910 1599
680 846 223 911 1600
214 787 225 911 1600
730 901 221 912 1601
650 853 222 912 1601
214 788 224 913 1602
783 893 221 913 1602
680 848 223 913 1602
214 789 223 914 1603
650 855 223 914 1603
214 790 222 915 1604
650 856 237 915 1604
680 850 222 915 1604
238 889 223 916 1605
650 857 222 916 1605
650 859 228 918 1607
650 860 233 919 1608
214 795 221 919 1608
680 855 224 920 1609
650 862 221 921 1610
214 797 222 921 1610
650 863 224 922 1611
690 857 221 923 1612
680 858 223 923 1612
214 799 224 923 1612
632 37 221 924 1613
650 865 221 924 1613
214 800 221 924 1613
690 859 223 925 1614
650 867 233 926 1615
513 915 223 926 1615
202 186 226 926 1615
650 868 233 927 1616
238 900 222 927 1616
680 862 221 927 1616
211 353 225 928 1617
191 10 230 928 1617
618 18 227 928 1617
288 99 227 928 1617
22 871 222 928 1617
319 927 221 929 1618
322 913 243 929 1618
9 928 225 929 1618
101 908 221 929 1618
489 866 243 929 1618
512 905 221 929 1618
288 100 227 929 1618
23 401 229 929 1618
696 145 221 929 1618
322 914 227 930 1619
650 871 231 930 1619
322 915 241 931 1620
661 779 221 931 1620
442 924 234 931 1620
324 286 234 931 1620
322 916 245 931 1620
475 451 224 932 1621
764 862 229 932 1621
554 928 229 932 1621
322 917 242 932 1621
512 909 227 933 1622
322 918 248 933 1622
322 919 233 934 1623
487 367 231 935 1624
550 791 221 935 1624
688 323 222 935 1624
242 1 224 935 1624
322 920 231 935 1624
249 285 226 936 1625
400 750 222 936 1625
322 921 237 937 1626
652 236 221 937 1626
322 922 241 937 1626
159 647 222 938 1627
10 441 224 938 1627
584 846 227 938 1627
18 925 226 938 1627
322 923 243 939 1628
652 238 222 939 1628
584 847 233 939 1628
295 907 241 940 1629
439 859 221 940 1629
506 395 223 940 1629
774 939 223 940 1629
658 938 226 940 1629
582 931 224 940 1629
584 848 227 940 1629
18 927 224 940 1629
295 908 252 941 1630
652 240 235 941 1630
506 396 223 941 1630
454 941 227 941 1630
774 940 235 941 1630
159 650 237 941 1630
10 1 223 941 1630
453 47 223 941 1630
584 849 231 941 1630
18 928 223 941 1630
294 35 228 941 1630
295 909 254 942 1631
454 942 238 942 1631
774 941 237 942 1631
82 25 224 942 1631
10 1 252 942 1631
658 940 227 942 1631
584 850 228 942 1631
18 929 221 942 1631
294 36 231 942 1631
439 862 223 942 1631
295 910 227 942 1631
652 242 222 943 1632
332 140 239 943 1632
506 398 224 943 1632
774 942 221 943 1632
10 2 223 943 1632
582 934 221 943 1632
584 851 227 943 1632
295 911 229 944 1633
652 243 233 944 1633
332 141 239 944 1633
33 904 225 944 1633
454 944 223 944 1633
774 943 227 944 1633
192 174 224 944 1633
79 7 223 944 1633
653 21 224 945 1634
745 943 247 945 1634
74 43 221 947 1636
27 600 226 947 1636
27 601 225 948 1637
74 45 223 949 1638
27 602 233 949 1638
658 949 222 951 1640
295 919 230 952 1641
506 407 221 952 1641
33 912 221 952 1641
582 943 224 952 1641
18 939 229 952 1641
652 252 227 953 1642
295 920 221 953 1642
332 150 236 953 1642
462 296 221 953 1642
18 940 224 953 1642
454 954 221 954 1643
332 151 236 954 1643
773 875 223 954 1643
10 13 221 954 1643
658 952 221 954 1643
582 945 225 954 1643
18 941 221 954 1643
295 922 225 955 1644
332 152 221 955 1644
773 876 221 955 1644
33 915 225 955 1644
774 954 225 955 1644
192 185 221 955 1644
295 923 223 956 1645
192 186 222 956 1645
10 15 222 956 1645
18 943 222 956 1645
332 154 222 957 1646
774 956 225 957 1646
82 40 222 957 1646
295 925 228 958 1647
774 958 231 959 1648
652 259 222 960 1649
454 960 221 960 1649
774 959 229 960 1649
192 190 223 960 1649
774 960 227 961 1650
294 16 221 961 1650
18 948 222 961 1650
774 961 227 962 1651
652 262 221 963 1652
774 962 231 963 1652
652 263 223 964 1653
295 931 223 964 1653
774 963 234 964 1653
10 23 223 964 1653
295 932 231 965 1654
774 964 231 965 1654
10 24 224 965 1654
295 933 225 966 1655
332 163 221 966 1655
774 965 224 966 1655
18 953 225 966 1655
652 266 222 967 1656
332 164 221 967 1656
774 966 221 967 1656
295 935 223 968 1657
774 967 234 968 1657
295 936 233 969 1658
774 968 231 969 1658
774 969 221 970 1659
774 970 232 971 1660
652 271 225 972 1661
774 971 228 972 1661
295 940 221 973 1662
774 972 223 973 1662
774 973 227 974 1663
652 275 225 976 1665
774 975 227 976 1665
295 943 226 976 1665
159 685 221 976 1665
295 944 224 977 1666
773 898 225 977 1666
774 976 235 977 1666
18 964 221 977 1666
652 277 221 977 1666
774 977 233 978 1667
295 945 223 978 1667
774 978 235 979 1668
295 946 226 979 1668
192 209 221 979 1668
18 966 222 979 1668
652 279 221 980 1669
295 947 227 980 1669
774 979 232 980 1669
773 901 225 980 1669
294 35 223 980 1669
18 967 223 980 1669
295 948 225 981 1670
774 980 233 981 1670
18 968 225 981 1670
652 281 223 981 1670
332 179 223 982 1671
774 981 234 982 1671
294 37 223 982 1671
652 282 222 982 1671
332 180 223 983 1672
774 982 234 983 1672
294 38 223 983 1672
18 970 222 983 1672
652 283 222 983 1672
295 951 225 984 1673
774 983 233 984 1673
10 43 221 984 1673
18 971 223 984 1673
652 284 227 984 1673
332 182 222 985 1674
295 952 231 985 1674
774 984 235 985 1674
584 893 221 985 1674
18 972 223 985 1674
652 285 227 985 1674
332 183 221 986 1675
295 953 227 986 1675
774 985 235 986 1675
18 973 223 986 1675
295 954 226 987 1676
774 986 233 987 1676
18 974 224 987 1676
652 287 225 987 1676
332 185 222 988 1677
295 955 235 988 1677
774 987 235 988 1677
584 896 221 988 1677
652 288 223 988 1677
295 956 223 989 1678
294 44 222 989 1678
18 976 222 989 1678
332 187 226 990 1679
295 957 224 990 1679
774 990 225 991 1680
332 189 221 992 1681
295 959 222 992 1681
774 991 225 992 1681
774 993 231 994 1683
774 994 225 995 1684
18 982 223 995 1684
295 963 228 996 1685
774 995 226 996 1685
652 296 223 996 1685
295 964 233 997 1686
774 996 231 997 1686
295 965 235 998 1687
18 985 221 998 1687
295 966 237 999 1688
774 998 221 999 1688
295 967 236 1000 1689
774 999 227 1000 1689
652 300 230 1000 1689
295 968 237 1001 1690
652 301 221 1001 1690
295 969 223 1002 1691
774 1001 227 1002 1691
295 970 236 1003 1692
774 1002 225 1003 1692
295 971 237 1004 1693
774 1003 230 1004 1693
18 991 222 1004 1693
652 304 221 1004 1693
295 972 223 1005 1694
774 1004 221 1005 1694
295 973 237 1006 1695
652 306 227 1006 1695
295 974 232 1007 1696
774 1006 225 1007 1696
652 307 221 1007 1696
295 975 235 1008 1697
332 205 221 1008 1697
295 976 237 1009 1698
774 1008 226 1009 1698
295 977 223 1010 1699
774 1009 223 1010 1699
18 997 221 1010 1699
295 978 222 1011 1700
295 979 227 1012 1701
774 1011 225 1012 1701
10 71 221 1012 1701
18 999 224 1012 1701
773 934 222 1012 1701
295 980 234 1013 1702
774 1012 223 1013 1702
10 72 221 1013 1702
18 1 229 1014 1703
295 981 236 1014 1703
652 314 224 1014 1703
82 98 221 1014 1703
18 2 221 1015 1704
295 982 223 1015 1704
652 315 222 1015 1704
82 99 221 1015 1704
295 983 226 1016 1705
774 1015 238 1016 1705
159 725 225 1016 1705
506 471 223 1016 1705
10 75 225 1016 1705
295 984 232 1017 1706
774 1016 241 1017 1706
192 247 230 1017 1706
584 925 225 1017 1706
652 317 223 1017 1706
454 1018 223 1017 1706
332 215 227 1018 1707
295 985 226 1018 1707
774 1017 239 1018 1707
10 77 221 1018 1707
192 248 227 1018 1707
652 318 222 1018 1707
454 1019 221 1018 1707
295 986 222 1019 1708
774 1018 226 1019 1708
192 249 225 1019 1708
10 78 233 1019 1708
652 319 227 1019 1708
295 987 225 1020 1709
774 1019 227 1020 1709
295 988 229 1021 1710
774 1020 229 1021 1710
192 251 224 1021 1710
10 80 222 1021 1710
295 989 225 1022 1711
774 1021 226 1022 1711
192 252 222 1022 1711
10 81 222 1022 1711
658 1020 222 1022 1711
295 990 233 1023 1712
774 1022 230 1023 1712
295 991 234 1024 1713
774 1023 222 1024 1713
774 1024 232 1025 1714
192 255 222 1025 1714
10 84 222 1025 1714
332 223 223 1026 1715
295 993 221 1026 1715
774 1025 235 1026 1715
774 1026 231 1027 1716
332 225 222 1028 1717
774 1027 237 1028 1717
192 258 226 1028 1717
18 16 223 1028 1717
774 1028 225 1029 1718
192 259 231 1029 1718
506 484 223 1029 1718
10 88 227 1029 1718
773 951 224 1029 1718
332 227 223 1029 1718
18 17 224 1029 1718
295 997 235 1030 1719
10 89 233 1030 1719
582 1021 222 1030 1719
652 330 225 1030 1719
82 114 221 1030 1719
192 261 227 1031 1720
582 1022 222 1031 1720
652 331 226 1031 1720
773 953 225 1031 1720
774 1031 224 1032 1721
295 999 239 1032 1721
192 262 222 1032 1721
773 954 223 1032 1721
33 993 221 1032 1721
774 1032 223 1033 1722
295 1000 247 1033 1722
506 488 222 1033 1722
10 92 223 1033 1722
33 994 221 1033 1722
18 21 223 1033 1722
192 264 228 1034 1723
10 93 221 1034 1723
18 22 225 1034 1723
774 1034 228 1035 1724
295 1002 234 1035 1724
10 94 231 1035 1724
582 1026 232 1035 1724
33 996 225 1035 1724
295 1003 225 1036 1725
10 95 221 1036 1725
33 997 224 1036 1725
774 1036 237 1036 1725
295 1004 225 1036 1725
10 96 223 1037 1726
454 1038 221 1037 1726
33 998 221 1037 1726
774 1037 233 1037 1726
295 1005 237 1038 1727
10 97 223 1038 1727
774 1038 228 1038 1727
295 1006 230 1039 1728
10 98 222 1039 1728
773 961 223 1039 1728
295 1007 229 1040 1729
10 99 227 1040 1729
10 100 221 1041 1730
295 1009 227 1042 1731
10 101 226 1042 1731
295 1010 232 1043 1732
332 241 223 1043 1732
295 1011 241 1044 1733
192 274 222 1044 1733
10 103 221 1044 1733
774 1044 222 1044 1733
295 1012 246 1045 1734
295 1013 241 1046 1735
192 276 221 1046 1735
10 105 227 1046 1735
774 1046 222 1046 1735
295 1014 241 1047 1736
10 106 224 1047 1736
192 277 221 1047 1736
295 1015 242 1048 1737
10 107 224 1048 1737
295 1016 231 1049 1738
295 1017 237 1050 1739
192 280 226 1050 1739
10 109 221 1050 1739
18 38 221 1050 1739
774 1050 227 1050 1739
295 1018 241 1051 1740
506 506 223 1051 1740
192 281 224 1051 1740
295 1019 244 1052 1741
774 1052 225 1052 1741
295 1020 242 1053 1742
10 112 225 1053 1742
295 1022 224 1055 1744
774 1058 229 1058 1747
10 119 223 1060 1749
295 1027 221 1060 1749
774 1060 231 1060 1749
18 49 223 1061 1750
774 1061 233 1061 1750
10 121 227 1062 1751
295 1029 223 1062 1751
774 1062 231 1062 1751
82 147 223 1063 1752
774 1063 230 1063 1752
192 294 222 1064 1753
295 1031 223 1064 1753
10 124 227 1065 1754
774 1065 223 1065 1754
10 126 226 1067 1756
18 55 221 1067 1756
18 56 225 1068 1757
774 1068 224 1068 1757
295 1036 221 1069 1758
774 1069 223 1069 1758
295 1037 221 1070 1759
18 58 221 1070 1759
774 1070 222 1070 1759
10 130 223 1071 1760
192 301 221 1071 1760
774 1071 228 1071 1760
192 302 224 1072 1761
774 1072 226 1072 1761
774 1073 223 1073 1762
10 133 224 1073 1762
295 1041 221 1074 1763
774 1074 222 1074 1763
10 134 223 1074 1763
774 1076 231 1076 1765
295 1044 222 1077 1766
774 1077 224 1077 1766
10 137 221 1077 1766
18 66 221 1078 1767
192 309 223 1078 1767
774 1079 223 1079 1768
332 278 232 1080 1769
10 140 229 1080 1769
192 311 226 1080 1769
652 381 223 1081 1770
322 1067 239 1082 1771
87 492 221 1083 1772
322 1068 224 1083 1772
159 793 225 1083 1772
322 1069 227 1084 1773
322 1070 250 1085 1774
322 1071 239 1086 1775
322 1072 243 1087 1776
322 1073 242 1088 1777
192 320 224 1089 1778
294 145 225 1089 1778
295 1057 225 1090 1779
454 1091 221 1090 1779
332 288 230 1090 1779
10 150 232 1090 1779
295 1058 237 1091 1780
506 546 221 1091 1780
652 391 223 1091 1780
332 289 225 1091 1780
10 151 233 1091 1780
192 322 227 1091 1780
295 1059 235 1092 1781
774 1092 227 1092 1781
10 152 237 1092 1781
192 323 225 1092 1781
295 1060 237 1093 1782
582 1084 222 1093 1782
652 393 222 1093 1782
10 153 223 1093 1782
774 1093 226 1093 1782
192 324 233 1093 1782
295 1061 231 1094 1783
652 394 222 1094 1783
454 1095 223 1094 1783
10 154 227 1094 1783
774 1094 224 1094 1783
192 325 227 1094 1783
294 150 225 1095 1784
582 1086 222 1095 1784
295 1062 237 1095 1784
652 395 224 1095 1784
454 1096 225 1095 1784
584 1003 221 1095 1784
10 155 229 1095 1784
774 1095 237 1095 1784
192 326 227 1096 1785
582 1087 221 1096 1785
295 1063 239 1096 1785
10 156 221 1096 1785
774 1096 223 1096 1785
192 327 221 1097 1786
295 1064 226 1097 1786
18 85 222 1097 1786
774 1097 246 1097 1786
10 157 231 1097 1786
774 1098 227 1098 1787
295 1066 235 1099 1788
652 399 229 1099 1788
774 1099 231 1099 1788
10 159 238 1099 1788
295 1067 236 1100 1789
652 400 234 1100 1789
18 88 225 1100 1789
774 1100 227 1100 1789
10 160 226 1100 1789
295 1068 239 1101 1790
652 401 233 1101 1790
506 556 221 1101 1790
774 1101 231 1101 1790
10 161 227 1102 1791
192 332 222 1102 1791
295 1069 239 1102 1791
652 402 232 1102 1791
774 1102 237 1102 1791
10 162 227 1102 1791
652 403 227 1103 1792
18 91 225 1103 1792
774 1103 224 1103 1792
10 163 227 1103 1792
295 1071 235 1104 1793
652 404 227 1104 1793
774 1104 229 1104 1793
10 164 233 1104 1793
295 1072 241 1105 1794
652 405 228 1105 1794
18 93 222 1105 1794
774 1105 234 1105 1794
10 165 221 1106 1795
295 1073 243 1106 1795
506 561 221 1106 1795
652 406 231 1106 1795
18 94 223 1106 1795
774 1106 221 1106 1795
10 166 223 1107 1796
192 337 225 1107 1796
295 1074 236 1107 1796
658 1105 222 1107 1796
506 562 221 1107 1796
652 407 227 1107 1796
774 1107 223 1107 1796
295 1075 243 1108 1797
652 408 232 1108 1797
18 96 222 1108 1797
774 1108 226 1108 1797
10 168 227 1109 1798
295 1076 244 1109 1798
652 409 235 1109 1798
295 1077 229 1110 1799
652 410 233 1110 1799
774 1110 234 1110 1799
295 1078 234 1111 1800
652 411 231 1111 1800
774 1111 233 1111 1800
192 342 223 1112 1801
295 1079 246 1112 1801
652 412 236 1112 1801
774 1112 234 1112 1801
295 1080 242 1113 1802
294 168 221 1113 1802
652 413 237 1113 1802
506 568 224 1113 1802
774 1113 233 1113 1802
192 344 225 1114 1803
295 1081 246 1114 1803
652 414 237 1114 1803
506 569 222 1114 1803
10 174 221 1115 1804
192 345 221 1115 1804
295 1082 236 1115 1804
18 103 224 1115 1804
774 1115 223 1115 1804
295 1083 230 1116 1805
652 416 231 1116 1805
774 1116 233 1116 1805
10 176 222 1117 1806
295 1084 224 1117 1806
18 105 224 1117 1806
774 1117 225 1117 1806
295 1085 224 1118 1807
774 1118 235 1118 1807
295 1086 226 1119 1808
774 1119 236 1119 1808
10 179 221 1120 1809
295 1087 239 1120 1809
652 420 223 1120 1809
506 575 223 1120 1809
332 318 237 1120 1809
774 1120 221 1120 1809
192 351 221 1121 1810
295 1088 243 1121 1810
192 352 221 1122 1811
295 1089 241 1122 1811
652 422 222 1122 1811
506 577 221 1122 1811
192 353 222 1123 1812
295 1090 241 1123 1812
652 423 221 1123 1812
18 111 223 1123 1812
332 321 223 1123 1812
774 1123 229 1123 1812
10 183 221 1124 1813
192 354 223 1124 1813
295 1091 237 1124 1813
582 1115 221 1124 1813
652 424 223 1124 1813
506 579 223 1124 1813
332 322 229 1124 1813
774 1124 235 1124 1813
658 1123 223 1125 1814
192 355 233 1125 1814
295 1092 233 1125 1814
774 1125 225 1125 1814
295 1093 224 1126 1815
192 356 222 1126 1815
652 426 221 1126 1815
18 114 225 1126 1815
82 211 221 1127 1816
332 325 225 1127 1816
774 1127 229 1127 1816
295 1095 223 1128 1817
652 428 227 1128 1817
18 116 221 1128 1817
18 117 223 1129 1818
774 1129 223 1129 1818
192 361 223 1131 1820
18 119 225 1131 1820
332 329 221 1131 1820
603 1122 221 1131 1820
774 1131 237 1131 1820
652 432 221 1132 1821
774 1132 225 1132 1821
10 192 224 1132 1821
332 331 225 1133 1822
774 1133 231 1133 1822
652 434 221 1134 1823
332 332 222 1134 1823
774 1134 222 1134 1823
652 435 224 1135 1824
774 1135 223 1135 1824
652 436 225 1136 1825
774 1136 231 1136 1825
10 196 221 1137 1826
10 197 233 1137 1826
774 1137 235 1138 1827
192 368 225 1138 1827
332 336 225 1138 1827
10 198 225 1139 1828
774 1138 235 1139 1828
294 194 221 1139 1828
192 369 222 1139 1828
652 439 223 1139 1828
10 199 225 1140 1829
774 1139 238 1140 1829
652 440 222 1140 1829
10 200 222 1141 1830
774 1140 237 1141 1830
652 441 224 1141 1830
18 129 221 1141 1830
10 201 224 1142 1831
774 1141 223 1142 1831
295 1109 221 1142 1831
652 442 221 1142 1831
10 202 223 1143 1832
774 1142 240 1143 1832
294 198 221 1143 1832
652 443 225 1143 1832
18 131 224 1143 1832
332 341 224 1143 1832
10 203 226 1144 1833
774 1143 239 1144 1833
295 1111 221 1144 1833
506 599 221 1144 1833
18 132 230 1144 1833
774 1144 239 1145 1834
10 204 223 1145 1834
18 134 227 1146 1835
10 206 225 1147 1836
774 1147 230 1148 1837
10 207 231 1148 1837
652 448 221 1148 1837
18 136 227 1148 1837
10 209 223 1150 1839
294 205 222 1150 1839
506 605 221 1150 1839
652 450 221 1150 1839
10 210 225 1151 1840
294 206 225 1151 1840
652 451 223 1151 1840
10 211 226 1152 1841
295 1119 221 1152 1841
652 452 223 1152 1841
332 350 229 1152 1841
82 236 221 1152 1841
10 212 235 1153 1842
294 208 221 1153 1842
295 1120 228 1153 1842
10 213 231 1154 1843
192 384 221 1154 1843
652 454 221 1154 1843
82 238 224 1154 1843
10 214 224 1155 1844
10 215 227 1156 1845
774 1155 223 1156 1845
192 386 222 1156 1845
652 456 221 1156 1845
10 216 231 1157 1846
774 1156 222 1157 1846
294 212 221 1157 1846
10 217 239 1158 1847
192 388 223 1158 1847
295 1125 237 1158 1847
454 1159 225 1158 1847
10 218 232 1159 1848
774 1158 237 1159 1848
295 1126 238 1159 1848
462 502 221 1159 1848
33 1120 228 1159 1848
159 869 222 1159 1848
582 1151 224 1160 1849
95 14 221 1161 1850
402 258 224 1161 1850
159 874 222 1164 1853
322 1152 229 1167 1856
122 33 240 1167 1856
322 1153 237 1168 1857
317 71 221 1168 1857
210 228 222 1169 1858
405 121 241 1169 1858
43 1165 221 1169 1858
452 991 230 1169 1858
322 1154 235 1169 1858
322 1155 227 1170 1859
772 41 232 1170 1859
634 495 221 1170 1859
317 73 243 1170 1859
322 1156 237 1171 1860
483 598 223 1171 1860
322 1157 236 1172 1861
435 1047 229 1172 1861
322 1158 229 1173 1862
435 1048 231 1173 1862
435 1050 226 1175 1864
322 1160 222 1175 1864
435 1051 221 1176 1865
322 1161 226 1176 1865
475 696 246 1177 1866
435 1052 229 1177 1866
313 335 242 1177 1866
435 1053 235 1178 1867
322 1163 233 1178 1867
313 336 250 1178 1867
313 337 235 1179 1868
527 1176 225 1180 1869
188 659 246 1180 1869
582 1172 221 1181 1870
313 339 234 1181 1870
188 660 242 1181 1870
627 1175 223 1182 1871
188 661 242 1182 1871
188 662 223 1183 1872
188 664 224 1185 1874
313 2 243 1185 1874
199 3 230 1185 1874
188 665 238 1186 1875
25 1150 222 1186 1875
313 3 248 1186 1875
188 666 233 1187 1876
313 4 230 1187 1876
188 667 239 1188 1877
313 5 238 1188 1877
188 668 229 1189 1878
313 6 224 1189 1878
43 1186 221 1189 1878
188 669 229 1190 1879
313 7 232 1190 1879
188 670 225 1191 1880
524 4 223 1193 1882
313 2 234 1193 1882
