65 14 222 0 763
188 15 221 0 763
380 9 222 0 763
56 7 225 0 763
707 16 221 1 764
175 16 229 1 764
65 15 221 1 764
461 37 223 1 764
677 15 227 1 764
380 10 238 1 764
56 8 222 1 764
707 17 221 2 765
380 11 227 2 765
175 18 223 3 766
188 18 227 3 766
380 12 227 3 766
56 10 230 3 766
175 19 221 4 767
65 18 223 4 767
188 19 223 4 767
380 13 233 4 767
56 11 227 4 767
175 20 224 5 768
188 20 223 5 768
56 12 223 5 768
380 15 221 6 769
56 13 227 6 769
707 22 221 7 770
65 21 226 7 770
91 19 225 7 770
357 26 221 7 770
677 21 221 7 770
380 16 225 7 770
56 14 233 7 770
707 23 225 8 771
175 23 231 8 771
65 22 225 8 771
91 20 223 8 771
188 23 230 8 771
677 22 223 8 771
56 15 231 8 771
380 17 227 8 771
175 24 224 9 772
65 23 226 9 772
91 21 226 9 772
188 24 229 9 772
677 23 226 9 772
56 16 232 9 772
380 18 230 9 772
175 25 225 10 773
65 24 227 10 773
91 22 224 10 773
188 25 228 10 773
677 24 223 10 773
165 52 221 10 773
380 19 227 10 773
707 26 223 11 774
175 26 231 11 774
65 25 230 11 774
188 26 229 11 774
56 18 221 11 774
380 20 225 11 774
707 27 225 12 775
175 27 231 12 775
65 26 230 12 775
404 47 223 12 775
188 27 229 12 775
677 26 223 12 775
56 19 225 12 775
707 28 225 13 776
8 29 227 13 776
65 27 223 13 776
188 28 221 13 776
677 27 221 13 776
91 26 223 14 777
91 27 225 15 778
91 28 222 16 779
307 87 227 16 779
254 95 221 16 779
498 19 230 18 781
206 55 234 18 781
618 91 221 18 781
749 81 225 18 781
43 89 224 19 782
778 89 230 21 784
184 87 224 21 784
340 62 223 21 784
319 94 231 21 784
397 61 221 22 785
184 89 222 23 786
99 86 231 25 788
596 95 223 30 793
578 101 235 31 794
349 96 221 31 794
21 89 223 31 794
176 49 225 32 795
688 100 222 32 795
85 95 221 32 795
423 93 222 32 795
616 89 221 32 795
728 110 221 33 796
176 51 227 34 797
596 101 221 36 799
41 107 227 36 799
21 94 227 36 799
627 104 226 37 800
85 100 221 37 800
21 95 231 37 800
21 96 227 38 801
627 106 224 39 802
21 97 223 39 802
627 107 223 40 803
176 57 222 40 803
423 101 221 40 803
754 107 222 40 803
21 98 223 40 803
627 108 229 41 804
688 109 221 41 804
578 111 225 41 804
484 28 222 41 804
21 99 222 41 804
627 109 221 42 805
11 24 221 42 805
578 112 223 42 805
21 100 235 42 805
176 60 225 43 806
21 101 237 43 806
176 61 224 44 807
41 115 224 44 807
85 107 229 44 807
484 31 225 44 807
21 102 229 44 807
627 112 221 45 808
688 113 223 45 808
596 110 229 45 808
553 108 221 45 808
21 103 227 45 808
176 64 221 47 810
85 111 225 48 811
484 35 225 48 811
296 128 221 49 812
41 120 221 49 812
423 110 223 49 812
176 67 223 50 813
357 69 223 50 813
423 111 221 50 813
349 115 223 50 813
21 108 221 50 813
80 125 221 51 814
85 114 221 51 814
484 38 225 51 814
349 116 221 51 814
21 110 224 52 815
423 114 225 53 816
21 111 221 53 816
345 59 231 54 817
578 124 227 54 817
423 115 221 54 817
486 114 222 54 817
616 111 223 54 817
21 112 223 54 817
41 126 231 55 818
357 74 221 55 818
21 113 222 55 818
85 119 225 56 819
85 120 225 57 820
578 127 224 57 820
423 118 221 57 820
616 114 223 57 820
210 115 221 57 820
21 115 224 57 820
85 121 222 58 821
578 128 225 58 821
21 116 223 58 821
616 116 221 59 822
21 117 225 59 822
474 125 221 60 823
21 118 222 60 823
616 118 221 61 824
21 119 223 61 824
368 69 221 62 825
627 129 222 62 825
616 119 226 62 825
627 130 225 63 826
423 124 223 63 826
21 121 221 63 826
21 122 221 64 827
627 132 225 65 828
688 133 223 65 828
578 135 227 65 828
21 123 221 65 828
627 133 224 66 829
688 134 221 66 829
41 137 221 66 829
578 136 225 66 829
21 124 223 66 829
627 134 227 67 830
688 135 221 67 830
345 72 223 67 830
578 137 225 67 830
21 125 223 67 830
484 54 221 67 830
627 135 230 68 831
578 138 223 68 831
21 126 222 68 831
484 55 221 68 831
627 136 227 69 832
345 74 225 69 832
21 127 221 69 832
484 56 227 69 832
754 136 221 69 832
627 137 227 70 833
345 75 221 70 833
21 128 225 70 833
484 57 223 70 833
627 138 225 71 834
345 76 225 71 834
423 132 226 71 834
22 88 227 71 834
21 129 221 71 834
484 58 224 71 834
627 139 225 72 835
345 77 221 72 835
423 133 221 72 835
22 89 223 72 835
21 130 223 72 835
627 140 227 73 836
578 143 221 73 836
423 134 223 73 836
22 90 225 73 836
21 131 221 73 836
627 141 228 74 837
423 135 225 74 837
22 91 223 74 837
21 132 221 74 837
627 142 225 75 838
423 136 226 75 838
22 92 224 75 838
627 143 233 76 839
423 137 225 76 839
627 144 235 77 840
11 59 221 77 840
578 147 224 77 840
423 138 225 77 840
21 135 221 77 840
627 145 235 78 841
345 83 221 78 841
423 139 223 78 841
627 146 227 79 842
423 140 225 79 842
616 136 221 79 842
21 137 221 79 842
484 66 223 79 842
627 147 233 80 843
578 150 221 80 843
423 141 224 80 843
22 97 221 80 843
616 137 221 80 843
484 67 233 80 843
627 148 233 81 844
423 142 225 81 844
754 148 222 81 844
627 149 224 82 845
423 143 225 82 845
627 150 230 83 846
423 144 223 83 846
627 151 223 84 847
578 154 221 84 847
754 151 221 84 847
627 152 231 85 848
85 148 224 85 848
423 146 222 85 848
627 153 230 86 849
688 154 222 86 849
85 149 223 86 849
423 147 223 86 849
627 154 229 87 850
85 150 226 87 850
627 155 222 88 851
85 151 225 88 851
627 156 230 89 852
85 152 225 89 852
484 76 223 89 852
474 155 223 90 853
627 157 225 90 853
85 153 227 90 853
484 1 227 91 854
627 158 223 91 854
85 154 226 91 854
578 161 222 91 854
627 159 235 92 855
423 153 221 92 855
484 3 231 93 856
627 160 232 93 856
423 154 221 93 856
484 4 224 94 857
627 161 231 94 857
85 157 221 94 857
616 151 222 94 857
484 5 228 95 858
80 169 221 95 858
627 162 231 95 858
578 165 223 95 858
616 152 225 95 858
627 163 233 96 859
627 164 228 97 860
80 171 221 97 860
688 165 223 97 860
85 160 223 97 860
627 165 231 98 861
85 161 225 98 861
22 115 225 98 861
484 9 224 99 862
627 166 235 99 862
85 162 226 99 862
22 116 223 99 862
627 167 235 100 863
85 163 223 100 863
357 119 221 100 863
423 161 221 100 863
616 157 221 100 863
484 11 226 101 864
627 168 235 101 864
484 12 226 102 865
627 169 235 102 865
578 172 221 102 865
21 160 221 102 865
754 169 221 102 865
484 13 224 103 866
627 170 238 103 866
688 171 223 103 866
22 120 221 103 866
754 170 221 103 866
474 169 221 104 867
688 172 222 104 867
578 174 222 104 867
484 15 225 105 868
754 172 223 105 868
627 173 221 106 869
688 174 223 106 869
484 17 221 106 869
22 124 223 107 870
21 165 223 107 870
616 165 221 108 871
484 19 221 108 871
616 166 223 109 872
22 126 221 109 872
484 20 226 110 873
616 167 225 110 873
22 127 221 110 873
484 21 221 111 874
616 168 221 111 874
627 179 237 112 875
688 180 223 112 875
627 180 235 113 876
616 170 227 113 876
627 181 237 114 877
627 182 236 115 878
22 132 221 115 878
578 185 223 115 878
627 183 234 116 879
357 135 221 116 879
578 186 221 116 879
423 177 221 116 879
754 183 221 117 880
627 184 235 117 880
423 178 226 117 880
484 28 223 118 881
688 186 223 118 881
41 189 221 118 881
423 179 227 118 881
483 199 227 119 882
627 186 235 119 882
578 189 231 119 882
423 180 227 119 882
21 177 234 119 882
627 187 239 120 883
578 190 231 120 883
85 183 225 120 883
21 178 227 120 883
627 188 240 121 884
688 189 221 121 884
41 192 228 121 884
578 191 226 121 884
85 184 221 121 884
21 179 235 121 884
688 190 221 122 885
357 141 228 122 885
578 192 231 122 885
21 180 229 122 885
754 190 221 124 887
728 30 223 127 890
85 190 223 127 890
85 191 229 128 891
21 186 223 128 891
728 32 221 129 892
728 33 221 130 893
423 191 225 130 893
85 194 223 131 894
423 192 226 131 894
423 193 226 132 895
423 194 221 133 896
423 195 226 134 897
21 193 223 135 898
423 197 225 136 899
85 202 228 139 902
754 206 221 139 902
672 197 221 140 903
616 18 222 140 903
41 211 227 140 903
21 198 223 140 903
85 204 223 141 904
578 211 222 141 904
21 199 233 141 904
21 200 224 142 905
21 201 228 143 906
85 207 223 144 907
578 215 225 145 908
21 204 221 146 909
578 217 221 147 910
578 219 221 149 912
41 220 222 149 912
474 215 243 150 913
85 213 225 150 913
41 221 227 150 913
85 214 226 151 914
578 221 222 151 914
578 222 221 152 915
85 216 224 153 916
578 223 223 153 916
578 224 225 154 917
41 225 225 154 917
85 218 221 155 918
578 225 223 155 918
21 213 221 155 918
85 219 223 156 919
578 226 223 156 919
688 226 221 158 921
85 222 223 159 922
578 229 225 159 922
41 230 225 159 922
85 223 223 160 923
578 230 221 160 923
41 231 226 160 923
85 224 225 161 924
41 232 225 161 924
41 233 225 162 925
41 234 225 163 926
41 235 224 164 927
85 228 223 165 928
41 236 227 165 928
85 229 227 166 929
85 230 225 167 930
616 45 222 167 930
21 226 221 168 931
41 243 223 172 935
21 230 221 172 935
21 231 223 173 936
85 237 221 174 937
41 245 230 174 937
21 232 223 174 937
627 242 221 175 938
578 245 223 175 938
41 246 231 175 938
21 233 227 175 938
85 239 223 176 939
41 247 232 176 939
21 234 227 176 939
578 247 221 177 940
41 248 228 177 940
21 235 227 177 940
754 245 221 178 941
21 236 227 178 941
21 237 227 179 942
21 238 225 180 943
21 239 223 181 944
41 253 221 182 945
21 240 227 182 945
21 241 225 183 946
21 242 225 184 947
41 256 227 185 948
21 243 222 185 948
41 257 229 186 949
21 244 221 186 949
21 245 221 187 950
41 259 221 188 951
21 246 221 188 951
21 247 224 189 952
41 261 221 190 953
41 263 221 192 955
41 265 221 194 957
21 252 223 194 957
21 253 223 195 958
21 254 223 196 959
21 255 223 197 960
21 256 226 198 961
596 264 221 199 962
754 266 221 199 962
21 257 227 199 962
578 270 223 200 963
41 271 222 200 963
21 258 225 200 963
176 4 221 201 964
21 259 227 201 964
616 82 221 204 967
21 262 221 204 967
176 8 221 205 968
22 223 223 206 969
578 276 225 206 969
21 264 221 206 969
22 224 221 207 970
176 10 223 207 970
21 265 224 207 970
627 275 233 208 971
176 11 225 208 971
21 266 221 208 971
688 277 226 209 972
41 280 227 209 972
21 267 225 209 972
578 280 221 210 973
41 281 222 210 973
21 268 225 210 973
85 274 221 211 974
21 269 223 211 974
85 275 223 212 975
688 281 221 213 976
85 276 224 213 976
80 287 221 213 976
176 16 221 213 976
21 271 226 213 976
688 282 221 214 977
85 277 226 214 977
41 285 229 214 977
21 272 223 214 977
85 278 226 215 978
41 286 222 215 978
21 273 223 215 978
85 279 225 216 979
41 287 229 216 979
176 19 224 216 979
21 274 227 216 979
85 280 226 217 980
21 275 227 217 980
688 286 221 218 981
85 281 222 218 981
41 289 227 218 981
21 276 227 218 981
85 282 227 219 982
21 277 221 219 982
85 283 227 220 983
41 291 229 220 983
21 278 221 220 983
85 284 225 221 984
21 279 223 221 984
21 280 223 222 985
85 286 221 223 986
22 240 221 223 986
41 294 227 223 986
21 281 227 223 986
41 295 227 224 987
21 282 227 224 987
85 288 225 225 988
41 296 223 225 988
21 283 225 225 988
85 289 226 226 989
176 29 226 226 989
21 284 223 226 989
85 290 223 227 990
616 105 221 227 990
41 298 233 227 990
176 30 225 227 990
21 285 222 227 990
85 291 225 228 991
176 31 224 228 991
41 299 227 228 991
21 286 223 228 991
85 292 222 229 992
176 32 223 229 992
41 300 228 229 992
21 287 223 229 992
85 293 223 230 993
21 288 222 230 993
85 294 226 231 994
423 292 221 231 994
21 289 225 231 994
85 295 221 232 995
41 303 225 232 995
21 290 221 232 995
85 296 223 233 996
21 291 223 233 996
21 292 221 234 997
578 305 221 235 998
21 293 225 235 998
616 114 221 236 999
21 294 227 236 999
176 40 224 237 1000
41 308 223 237 1000
176 41 226 238 1001
21 296 221 238 1001
176 42 221 239 1002
21 297 224 239 1002
41 312 221 241 1004
85 306 222 243 1006
627 311 221 244 1007
85 307 222 244 1007
616 122 221 244 1007
627 312 223 245 1008
627 313 223 246 1009
578 316 223 246 1009
423 307 221 246 1009
176 49 225 246 1009
41 317 223 246 1009
21 304 243 246 1009
728 150 221 247 1010
41 318 229 247 1010
22 266 226 249 1012
644 314 221 249 1012
474 1 221 249 1012
291 311 227 250 1013
259 255 227 254 1017
80 328 231 254 1017
284 327 221 254 1017
88 294 227 254 1017
425 201 226 254 1017
141 313 223 255 1018
614 320 237 258 1021
709 322 222 258 1021
115 101 243 260 1023
200 202 221 261 1024
689 235 230 261 1024
394 326 233 261 1024
397 301 223 261 1024
760 94 221 261 1024
571 318 227 262 1025
480 335 241 263 1026
576 302 221 263 1026
571 320 223 264 1027
480 336 221 264 1027
480 339 227 267 1030
571 324 233 268 1031
480 340 227 268 1031
480 341 235 269 1032
571 326 231 270 1033
571 327 224 270 1033
480 343 225 271 1034
480 344 235 272 1035
199 341 247 272 1035
480 345 239 273 1036
199 342 231 273 1036
199 343 224 274 1037
480 347 223 275 1038
199 344 238 275 1038
480 348 229 276 1039
571 333 223 277 1040
480 349 235 277 1040
480 350 223 278 1041
576 317 223 278 1041
576 318 223 279 1042
199 349 234 280 1043
199 350 234 281 1044
199 351 227 282 1045
199 353 229 284 1047
199 354 239 285 1048
571 342 221 286 1049
480 358 221 286 1049
199 355 241 286 1049
576 325 223 286 1049
571 343 228 287 1050
199 356 239 287 1050
199 357 227 288 1051
571 345 225 289 1052
199 358 239 289 1052
571 346 225 290 1053
199 359 241 290 1053
571 347 225 291 1054
199 360 231 291 1054
571 348 229 292 1055
480 364 221 292 1055
199 361 229 292 1055
571 349 235 292 1055
199 362 227 293 1056
571 350 225 294 1057
199 363 226 294 1057
571 351 223 295 1058
199 364 233 295 1058
571 352 221 296 1059
199 365 233 296 1059
576 335 227 296 1059
571 353 221 296 1059
199 366 237 297 1060
576 336 222 297 1060
199 367 233 298 1061
571 355 225 298 1061
199 368 237 299 1062
576 338 223 299 1062
571 356 231 299 1062
199 369 235 300 1063
571 357 223 300 1063
480 373 221 301 1064
199 370 237 301 1064
199 371 237 302 1065
480 375 221 303 1066
199 372 225 303 1066
199 373 237 304 1067
571 361 223 304 1067
480 377 221 305 1068
199 374 221 305 1068
576 344 223 305 1068
571 362 225 305 1068
199 375 226 306 1069
571 363 227 306 1069
576 346 222 307 1070
571 364 227 307 1070
199 378 226 309 1072
571 366 233 309 1072
199 379 228 310 1073
571 367 230 310 1073
199 380 231 311 1074
571 368 227 311 1074
199 381 231 312 1075
571 369 223 312 1075
199 382 232 313 1076
571 370 223 313 1076
199 383 227 314 1077
571 371 222 314 1077
199 384 229 315 1078
199 385 224 316 1079
480 389 221 317 1080
199 386 231 317 1080
576 356 223 317 1080
199 388 225 319 1082
199 390 223 321 1084
199 391 224 322 1085
199 392 235 323 1086
576 362 225 323 1086
199 393 227 324 1087
571 381 223 325 1088
199 394 237 325 1088
571 382 225 326 1089
199 395 232 326 1089
571 383 221 327 1090
247 396 222 327 1090
571 384 227 328 1091
480 400 221 328 1091
576 367 225 328 1091
571 385 223 329 1092
480 401 227 329 1092
576 368 223 329 1092
571 386 225 330 1093
480 402 231 330 1093
199 399 231 330 1093
576 369 221 330 1093
571 387 226 331 1094
480 403 227 331 1094
199 400 229 331 1094
576 370 231 331 1094
571 388 234 332 1095
480 404 222 332 1095
199 401 225 332 1095
571 389 229 333 1096
199 402 238 333 1096
571 390 225 334 1097
199 403 238 334 1097
199 404 233 335 1098
576 374 232 335 1098
571 392 226 336 1099
199 405 227 336 1099
199 407 225 338 1101
571 395 221 339 1102
199 408 227 339 1102
199 409 227 340 1103
576 379 225 340 1103
199 410 231 341 1104
576 380 229 341 1104
571 398 226 342 1105
199 411 235 342 1105
576 381 229 342 1105
571 399 227 343 1106
199 412 227 343 1106
576 382 234 343 1106
571 400 229 344 1107
199 413 237 344 1107
576 383 234 344 1107
199 414 233 345 1108
576 384 233 345 1108
199 415 231 346 1109
576 385 236 346 1109
199 416 233 347 1110
576 386 233 347 1110
199 417 229 348 1111
576 387 237 348 1111
199 418 231 349 1112
576 388 236 349 1112
571 406 223 350 1113
199 419 227 350 1113
576 389 233 350 1113
571 407 223 351 1114
199 420 223 351 1114
576 390 228 351 1114
576 391 229 352 1115
571 409 221 353 1116
199 422 221 353 1116
576 392 223 353 1116
480 426 221 354 1117
199 423 221 354 1117
576 393 225 354 1117
199 424 227 355 1118
576 394 233 355 1118
571 412 230 356 1119
199 425 228 356 1119
576 395 227 356 1119
571 413 229 357 1120
199 426 227 357 1120
576 396 222 357 1120
571 414 231 358 1121
199 427 229 358 1121
576 397 225 358 1121
571 415 221 359 1122
199 428 223 359 1122
571 416 231 360 1123
199 429 225 360 1123
571 417 229 361 1124
199 430 229 361 1124
576 400 225 361 1124
571 418 224 362 1125
199 431 227 362 1125
576 401 234 362 1125
571 419 223 363 1126
199 432 226 363 1126
576 402 226 364 1127
571 420 221 364 1127
199 433 231 364 1127
576 403 222 365 1128
199 434 226 365 1128
576 404 227 366 1129
571 422 225 366 1129
199 435 227 366 1129
576 405 227 367 1130
571 423 229 367 1130
576 406 227 368 1131
571 424 231 368 1131
199 437 221 368 1131
576 407 229 369 1132
571 425 221 369 1132
199 438 223 369 1132
199 439 221 370 1133
576 409 233 371 1134
571 427 231 371 1134
199 440 225 371 1134
576 410 232 372 1135
199 441 225 372 1135
576 411 227 373 1136
571 429 231 373 1136
480 445 221 373 1136
199 1 227 373 1136
199 2 223 374 1137
576 413 243 375 1138
571 431 227 375 1138
199 3 223 375 1138
576 414 235 376 1139
199 4 224 376 1139
576 415 227 377 1140
199 5 222 377 1140
576 416 221 378 1141
199 6 224 378 1141
576 417 227 379 1142
199 7 223 379 1142
576 418 229 380 1143
199 8 224 380 1143
576 419 227 381 1144
199 9 224 381 1144
576 420 231 382 1145
199 10 222 382 1145
576 421 233 383 1146
199 11 223 383 1146
576 422 235 384 1147
199 12 221 384 1147
576 423 235 385 1148
576 424 230 386 1149
576 425 230 387 1150
576 426 232 388 1151
576 427 230 389 1152
199 17 223 389 1152
571 446 225 390 1153
576 428 229 390 1153
199 18 221 390 1153
576 429 226 391 1154
571 449 230 393 1156
571 450 225 394 1157
576 432 223 394 1157
199 23 221 395 1158
576 434 221 396 1159
571 452 227 396 1159
199 24 223 396 1159
571 453 221 397 1160
571 454 221 398 1161
571 455 226 399 1162
576 437 222 399 1162
480 471 221 399 1162
199 28 221 400 1163
571 457 223 401 1164
199 29 225 401 1164
571 458 223 402 1165
199 30 224 402 1165
571 459 221 403 1166
576 442 233 404 1167
571 461 224 405 1168
571 462 221 406 1169
576 445 221 407 1170
571 463 226 407 1170
199 35 233 407 1170
571 464 240 408 1171
480 480 222 408 1171
199 36 233 408 1171
571 465 233 409 1172
199 37 231 409 1172
571 466 228 410 1173
480 482 225 410 1173
199 38 229 410 1173
571 467 235 411 1174
480 483 225 411 1174
199 39 226 412 1175
571 468 233 412 1175
199 40 228 412 1175
571 469 232 413 1176
480 485 225 413 1176
576 452 223 414 1177
571 470 235 414 1177
199 42 221 414 1177
571 471 233 415 1178
576 454 223 416 1179
571 472 235 416 1179
480 488 222 416 1179
576 455 221 417 1180
571 473 237 417 1180
480 489 221 417 1180
576 456 221 418 1181
199 46 225 419 1182
576 457 221 419 1182
571 475 234 419 1182
199 47 221 420 1183
571 476 225 420 1183
576 459 221 421 1184
571 477 225 421 1184
199 49 228 421 1184
571 478 231 422 1185
199 50 227 422 1185
576 461 226 423 1186
571 479 230 423 1186
199 51 227 423 1186
576 462 225 424 1187
571 480 226 424 1187
199 52 227 424 1187
571 481 232 425 1188
571 482 227 426 1189
576 465 233 427 1190
571 483 226 427 1190
480 499 223 427 1190
199 55 224 427 1190
576 466 236 428 1191
571 484 227 428 1191
199 56 221 429 1192
480 501 221 429 1192
576 468 221 430 1193
571 486 221 430 1193
199 58 225 431 1194
571 487 222 431 1194
199 59 225 432 1195
199 60 225 433 1196
571 489 231 433 1196
199 61 227 434 1197
199 62 227 435 1198
199 63 227 436 1199
199 64 227 437 1200
571 493 222 437 1200
199 65 223 438 1201
480 514 221 442 1205
199 74 227 447 1210
199 75 230 448 1211
199 76 226 449 1212
199 77 230 450 1213
199 78 230 451 1214
571 507 221 451 1214
199 79 230 452 1215
576 490 221 452 1215
199 80 225 453 1216
199 84 223 457 1220
199 85 226 458 1221
199 86 226 459 1222
199 87 223 460 1223
199 88 223 461 1224
571 518 221 462 1225
199 91 227 464 1227
571 520 227 464 1227
199 92 221 465 1228
571 521 236 465 1228
199 93 223 466 1229
199 95 223 468 1231
199 99 225 472 1235
571 528 230 472 1235
199 100 224 473 1236
571 529 227 473 1236
199 101 223 474 1237
199 103 223 476 1239
571 532 224 476 1239
199 104 222 477 1240
199 105 223 478 1241
199 106 224 479 1242
199 107 225 480 1243
199 108 224 481 1244
199 111 224 484 1247
199 112 225 485 1248
199 113 224 486 1249
571 543 225 487 1250
576 526 225 488 1251
571 545 225 489 1252
199 116 226 489 1252
480 561 229 489 1252
576 528 227 490 1253
571 546 235 490 1253
480 562 223 490 1253
576 529 221 491 1254
571 547 233 491 1254
21 234 233 494 1257
424 571 237 494 1257
441 502 221 495 1258
8 511 232 495 1258
153 553 227 495 1258
441 503 223 496 1259
95 248 230 496 1259
208 570 235 496 1259
150 330 227 496 1259
403 565 221 497 1260
89 571 227 497 1260
8 513 248 497 1260
311 103 221 497 1260
559 444 222 497 1260
89 572 227 498 1261
549 559 227 498 1261
83 4 230 498 1261
652 560 239 498 1261
618 571 244 498 1261
89 573 235 499 1262
226 26 223 499 1262
83 5 225 499 1262
326 574 231 499 1262
567 525 229 500 1263
89 575 229 501 1264
419 556 223 502 1265
730 566 221 503 1266
360 15 221 504 1267
83 10 228 504 1267
747 373 221 504 1267
662 419 233 505 1268
153 563 227 505 1268
309 8 221 506 1269
63 557 235 506 1269
515 526 229 506 1269
18 566 225 506 1269
381 285 225 506 1269
281 6 226 506 1269
603 570 226 506 1269
358 237 223 506 1269
655 222 221 506 1269
568 78 233 506 1269
358 238 228 507 1270
568 79 233 507 1270
568 80 225 508 1271
568 81 229 509 1272
551 475 221 510 1273
603 574 223 510 1273
45 240 226 510 1273
358 241 241 510 1273
568 82 233 510 1273
537 565 221 511 1274
266 210 225 511 1274
358 242 238 511 1274
568 83 223 511 1274
79 139 231 512 1275
266 211 221 512 1275
312 569 221 512 1275
273 142 223 512 1275
253 327 227 512 1275
63 563 221 512 1275
45 242 221 512 1275
358 243 241 512 1275
568 84 230 512 1275
79 140 221 513 1276
266 212 224 513 1276
253 328 228 513 1276
45 243 223 513 1276
358 244 241 513 1276
568 85 227 513 1276
79 141 221 514 1277
312 571 221 514 1277
273 144 221 514 1277
281 14 223 514 1277
45 244 225 514 1277
358 245 242 514 1277
568 86 231 514 1277
266 214 225 515 1278
273 145 223 515 1278
253 330 223 515 1278
63 566 231 515 1278
358 246 243 515 1278
568 87 225 515 1278
253 331 222 516 1279
63 567 223 516 1279
281 16 221 516 1279
603 580 223 516 1279
45 246 226 516 1279
358 247 243 516 1279
273 147 221 517 1280
175 532 225 517 1280
253 332 221 517 1280
63 568 225 517 1280
281 17 225 517 1280
603 581 225 517 1280
45 247 223 517 1280
358 248 247 517 1280
568 89 221 517 1280
79 145 221 518 1281
266 217 223 518 1281
63 569 233 518 1281
281 18 228 518 1281
603 582 224 518 1281
476 46 221 518 1281
45 248 221 518 1281
358 249 243 518 1281
277 135 221 518 1281
568 90 225 518 1281
63 570 233 519 1282
281 19 231 519 1282
603 583 225 519 1282
45 249 221 519 1282
476 47 221 519 1282
358 250 238 519 1282
568 91 223 519 1282
79 147 221 520 1283
175 535 223 520 1283
63 571 225 520 1283
281 20 221 520 1283
603 584 227 520 1283
358 251 240 520 1283
568 92 225 520 1283
655 236 221 520 1283
266 220 221 521 1284
731 1 223 521 1284
273 151 221 521 1284
175 536 223 521 1284
281 21 223 521 1284
603 585 227 521 1284
45 251 225 521 1284
358 252 235 521 1284
568 93 221 521 1284
79 149 223 522 1285
175 537 223 522 1285
63 573 224 522 1285
281 22 223 522 1285
603 586 224 522 1285
45 252 223 522 1285
358 253 233 522 1285
253 338 222 523 1286
63 574 224 523 1286
281 23 221 523 1286
603 587 224 523 1286
358 254 237 523 1286
79 151 229 524 1287
63 575 226 524 1287
281 24 223 524 1287
603 588 221 524 1287
45 254 223 524 1287
358 255 237 524 1287
655 240 221 524 1287
358 256 236 525 1288
79 153 226 526 1289
253 341 225 526 1289
358 257 232 526 1289
104 593 223 527 1290
358 258 237 527 1290
358 259 233 528 1291
568 100 222 528 1291
63 580 221 529 1292
358 260 236 529 1292
104 596 225 530 1293
358 261 234 530 1293
731 11 221 531 1294
104 597 227 531 1294
358 262 235 531 1294
104 598 225 532 1295
358 263 240 532 1295
277 149 222 532 1295
266 232 221 533 1296
358 264 233 533 1296
277 150 221 533 1296
358 265 241 534 1297
277 151 227 534 1297
79 162 223 535 1298
175 550 221 535 1298
104 601 231 535 1298
358 266 239 535 1298
568 107 221 535 1298
277 152 221 535 1298
104 602 225 536 1299
358 267 239 536 1299
568 108 223 536 1299
277 153 221 536 1299
358 268 236 537 1300
79 165 221 538 1301
104 604 227 538 1301
358 269 240 538 1301
277 155 221 538 1301
79 166 225 539 1302
104 605 225 539 1302
358 270 239 539 1302
277 156 221 539 1302
79 167 221 540 1303
63 591 222 540 1303
104 606 223 540 1303
358 271 234 540 1303
79 168 221 540 1303
104 607 225 541 1304
358 272 236 541 1304
79 169 223 541 1304
45 272 223 542 1305
358 273 236 542 1305
63 594 223 543 1306
358 274 227 543 1306
79 171 221 543 1306
273 174 221 544 1307
63 595 225 544 1307
358 275 231 544 1307
63 596 221 545 1308
358 276 237 545 1308
358 277 235 546 1309
277 163 221 546 1309
273 177 221 547 1310
63 598 221 547 1310
358 278 237 547 1310
358 279 237 548 1311
175 564 221 549 1312
358 280 240 549 1312
79 177 221 549 1312
277 167 224 550 1313
358 281 239 550 1313
79 178 224 550 1313
277 168 225 551 1314
358 282 243 551 1314
175 567 231 552 1315
358 283 242 552 1315
79 180 221 552 1315
273 183 222 553 1316
63 604 221 553 1316
603 617 221 553 1316
358 284 243 553 1316
175 569 221 554 1317
277 171 221 554 1317
358 285 233 554 1317
277 172 221 555 1318
358 286 237 555 1318
79 183 224 555 1318
63 607 221 556 1319
175 571 221 556 1319
277 173 225 556 1319
358 287 238 556 1319
273 187 221 557 1320
63 608 223 557 1320
45 287 223 557 1320
277 174 225 557 1320
104 623 221 557 1320
358 288 237 557 1320
556 634 221 557 1320
312 615 221 558 1321
63 609 229 558 1321
175 573 221 558 1321
45 288 225 558 1321
277 175 227 558 1321
104 624 221 558 1321
358 289 239 558 1321
79 186 223 558 1321
175 574 223 559 1322
277 176 223 559 1322
104 625 229 559 1322
358 290 237 559 1322
277 177 231 560 1323
104 626 226 560 1323
358 291 237 560 1323
104 627 221 561 1324
277 178 230 561 1324
358 292 237 561 1324
63 613 225 562 1325
104 628 223 562 1325
277 179 231 562 1325
358 293 241 562 1325
79 190 223 562 1325
175 578 221 563 1326
104 629 230 563 1326
277 180 223 563 1326
358 294 239 563 1326
568 135 221 563 1326
79 191 227 563 1326
281 64 221 564 1327
277 181 222 564 1327
104 630 221 564 1327
358 295 239 564 1327
568 136 221 564 1327
63 616 229 565 1328
281 65 221 565 1328
277 182 221 565 1328
104 631 221 565 1328
358 296 239 565 1328
568 137 222 565 1328
79 193 221 565 1328
63 617 233 566 1329
175 581 223 566 1329
45 296 223 566 1329
104 632 227 566 1329
277 183 225 566 1329
358 297 233 566 1329
79 194 223 566 1329
63 618 231 567 1330
175 582 225 567 1330
45 297 227 567 1330
358 298 229 567 1330
312 625 221 567 1330
63 619 228 568 1331
266 267 221 568 1331
45 298 226 568 1331
358 299 235 568 1331
63 620 227 569 1332
266 268 223 569 1332
175 584 221 569 1332
45 299 225 569 1332
358 300 235 569 1332
63 621 229 570 1333
175 585 223 570 1333
45 300 228 570 1333
358 301 236 570 1333
568 142 221 570 1333
104 637 228 571 1334
45 301 221 571 1334
603 635 223 571 1334
358 302 233 571 1334
79 199 227 571 1334
104 638 221 572 1335
603 636 221 572 1335
358 303 223 572 1335
79 200 222 572 1335
253 388 223 573 1336
45 303 225 573 1336
358 304 237 573 1336
568 145 221 573 1336
266 273 221 574 1337
175 589 221 574 1337
192 46 221 574 1337
45 304 221 574 1337
104 640 227 574 1337
358 305 231 574 1337
79 202 225 574 1337
266 274 223 575 1338
63 626 223 575 1338
104 641 231 575 1338
381 354 223 575 1338
358 306 231 575 1338
266 275 225 576 1339
603 640 223 576 1339
45 306 221 576 1339
104 642 227 576 1339
192 48 221 576 1339
79 204 223 576 1339
104 643 225 577 1340
603 641 221 577 1340
192 49 221 577 1340
358 308 236 577 1340
79 205 221 577 1340
266 277 221 578 1341
104 644 225 578 1341
603 642 221 578 1341
192 50 221 578 1341
358 309 233 578 1341
104 645 221 579 1342
192 51 223 579 1342
358 310 243 579 1342
63 631 223 580 1343
104 646 227 580 1343
358 311 238 580 1343
79 208 223 580 1343
63 632 221 581 1344
175 596 221 581 1344
277 198 225 581 1344
358 312 233 581 1344
175 597 221 582 1345
104 648 227 582 1345
358 313 239 582 1345
273 213 221 583 1346
175 598 221 583 1346
358 314 231 583 1346
63 635 221 584 1347
175 599 221 584 1347
358 315 225 584 1347
568 156 221 584 1347
273 215 223 585 1348
358 316 231 585 1348
63 637 222 586 1349
175 601 223 586 1349
358 317 237 586 1349
63 638 221 587 1350
358 318 228 587 1350
568 159 221 587 1350
266 287 221 588 1351
63 639 228 588 1351
281 88 221 588 1351
358 319 229 588 1351
568 160 223 588 1351
266 288 221 589 1352
63 640 230 589 1352
281 89 221 589 1352
358 320 231 589 1352
266 289 221 590 1353
63 641 227 590 1353
358 321 229 590 1353
266 290 221 591 1354
358 322 235 591 1354
266 291 225 592 1355
175 607 223 592 1355
104 658 221 592 1355
358 323 230 592 1355
358 324 229 593 1356
277 211 223 594 1357
358 325 230 594 1357
266 294 221 595 1358
45 325 223 595 1358
358 326 225 595 1358
266 296 224 597 1360
45 327 225 597 1360
277 214 223 597 1360
358 328 223 597 1360
63 649 221 598 1361
45 328 221 598 1361
358 329 233 598 1361
45 329 225 599 1362
358 330 235 599 1362
253 415 221 600 1363
63 651 221 600 1363
568 173 225 601 1364
45 332 226 602 1365
358 333 228 602 1365
79 230 221 603 1366
358 334 231 603 1366
358 335 232 604 1367
568 176 223 604 1367
358 336 232 605 1368
45 336 221 606 1369
358 337 233 606 1369
175 622 221 607 1370
358 338 225 607 1370
358 339 235 608 1371
63 660 221 609 1372
45 339 225 609 1372
358 340 235 609 1372
358 341 231 610 1373
358 342 237 611 1374
358 343 225 612 1375
358 346 233 615 1378
273 246 221 616 1379
358 347 227 616 1379
358 348 233 617 1380
273 248 221 618 1381
175 634 225 619 1382
45 349 223 619 1382
358 350 233 619 1382
273 250 223 620 1383
358 351 229 620 1383
358 352 232 621 1384
358 353 221 622 1385
358 354 223 623 1386
358 355 223 624 1387
358 356 233 625 1388
358 359 225 628 1391
175 644 221 629 1392
63 680 222 629 1392
358 360 225 629 1392
358 362 221 631 1394
63 683 221 632 1395
358 363 226 632 1395
358 364 233 633 1396
358 365 229 634 1397
63 686 221 635 1398
358 366 233 635 1398
358 368 227 637 1400
175 653 221 638 1401
358 369 235 638 1401
63 690 221 639 1402
358 372 228 641 1404
175 657 224 642 1405
358 373 228 642 1405
358 374 223 643 1406
358 375 233 644 1407
358 376 233 645 1408
358 377 229 646 1409
358 378 227 647 1410
63 699 221 648 1411
358 379 241 648 1411
358 380 230 649 1412
253 465 221 650 1413
358 381 239 650 1413
568 222 221 650 1413
79 278 223 651 1414
358 382 229 651 1414
79 279 223 652 1415
358 383 240 652 1415
358 384 240 653 1416
79 282 221 655 1418
358 386 225 655 1418
358 387 226 656 1419
79 284 223 657 1420
175 672 222 657 1420
358 388 231 657 1420
281 157 223 657 1420
273 288 221 658 1421
175 674 221 659 1422
358 391 228 660 1423
358 393 239 662 1425
18 723 221 663 1426
63 714 224 663 1426
358 394 239 663 1426
281 163 225 663 1426
358 395 227 664 1427
281 164 224 664 1427
358 396 237 665 1428
568 237 221 665 1428
358 397 227 666 1429
281 166 221 666 1429
358 398 235 667 1430
568 239 223 667 1430
281 167 225 667 1430
273 299 221 669 1432
45 399 225 669 1432
358 400 227 669 1432
281 169 221 669 1432
568 241 222 669 1432
273 300 221 670 1433
175 685 223 670 1433
79 297 221 670 1433
104 736 225 670 1433
281 170 225 670 1433
358 401 227 670 1433
358 402 233 671 1434
79 299 223 672 1435
104 738 225 672 1435
358 403 225 672 1435
358 404 227 673 1436
79 301 221 674 1437
358 405 227 674 1437
79 302 224 675 1438
358 406 232 675 1438
79 303 227 676 1439
358 407 227 676 1439
63 728 221 677 1440
104 743 227 677 1440
358 408 233 677 1440
655 1 224 678 1441
358 409 222 678 1441
45 409 221 679 1442
104 745 231 679 1442
104 746 227 680 1443
358 411 228 680 1443
63 732 221 681 1444
281 181 221 681 1444
104 747 221 681 1444
358 412 229 681 1444
266 381 226 682 1445
79 309 224 682 1445
358 413 239 682 1445
266 382 225 683 1446
63 734 226 683 1446
281 183 221 683 1446
104 749 226 683 1446
358 414 234 683 1446
175 699 222 684 1447
266 383 223 684 1447
79 311 225 684 1447
45 414 221 684 1447
63 735 225 684 1447
281 184 223 684 1447
104 750 225 684 1447
568 256 223 684 1447
358 415 221 684 1447
79 312 225 685 1448
45 415 223 685 1448
358 416 240 685 1448
175 701 221 686 1449
79 313 221 686 1449
104 752 222 686 1449
358 417 233 686 1449
79 314 223 687 1450
358 418 237 687 1450
175 703 225 688 1451
79 315 226 688 1451
358 419 239 688 1451
175 704 225 689 1452
266 388 225 689 1452
79 316 223 689 1452
104 755 223 689 1452
358 420 239 689 1452
175 705 221 690 1453
63 741 228 690 1453
104 756 221 690 1453
358 421 237 690 1453
515 82 221 691 1454
79 318 221 691 1454
63 742 233 691 1454
281 191 223 691 1454
358 422 239 691 1454
63 743 227 692 1455
358 423 239 692 1455
63 744 223 693 1456
104 759 231 693 1456
358 424 235 693 1456
63 745 222 694 1457
655 17 221 694 1457
104 760 233 694 1457
568 266 221 694 1457
358 425 235 694 1457
63 746 222 695 1458
104 761 230 695 1458
277 1 223 695 1458
281 195 229 695 1458
568 267 221 695 1458
358 426 238 695 1458
45 426 223 696 1459
63 747 226 696 1459
104 762 237 696 1459
281 196 221 696 1459
358 427 233 696 1459
45 427 223 697 1460
63 748 223 697 1460
358 428 232 697 1460
45 428 223 698 1461
104 764 221 698 1461
358 429 237 698 1461
358 430 233 699 1462
104 766 223 700 1463
568 272 223 700 1463
358 431 227 700 1463
104 767 230 701 1464
568 273 221 701 1464
358 432 238 701 1464
104 768 229 702 1465
358 433 241 702 1465
63 754 221 703 1466
104 769 232 703 1466
358 434 237 703 1466
266 403 221 704 1467
40 436 221 704 1467
104 770 224 704 1467
358 435 237 704 1467
104 771 229 705 1468
358 436 235 705 1468
40 438 223 706 1469
104 772 227 706 1469
358 437 226 706 1469
281 206 223 706 1469
40 439 222 707 1470
104 773 224 707 1470
281 207 223 707 1470
358 438 239 707 1470
358 439 237 708 1471
551 674 223 709 1472
45 439 223 709 1472
40 441 221 709 1472
358 440 239 709 1472
358 441 238 710 1473
281 210 228 710 1473
175 726 221 711 1474
104 777 225 711 1474
358 442 240 711 1474
281 211 221 711 1474
175 727 222 712 1475
358 443 239 712 1475
104 779 230 713 1476
358 444 241 713 1476
45 444 221 714 1477
104 780 233 714 1477
358 445 237 714 1477
266 414 221 715 1478
175 730 221 715 1478
45 445 223 715 1478
104 781 227 715 1478
358 446 235 715 1478
281 215 221 715 1478
45 446 223 716 1479
104 782 231 716 1479
281 216 221 716 1479
358 447 238 716 1479
104 783 225 717 1480
358 448 235 717 1480
45 448 221 718 1481
104 784 223 718 1481
358 449 238 718 1481
63 770 221 719 1482
104 785 225 719 1482
358 450 238 719 1482
45 450 223 720 1483
63 771 224 720 1483
104 786 228 720 1483
358 451 237 720 1483
568 292 221 720 1483
175 736 222 721 1484
40 453 221 721 1484
63 772 226 721 1484
281 221 225 721 1484
358 452 243 721 1484
63 773 227 722 1485
358 453 239 722 1485
175 738 221 723 1486
104 789 224 723 1486
358 454 241 723 1486
568 295 223 723 1486
63 775 223 724 1487
104 790 225 724 1487
358 455 241 724 1487
568 296 223 724 1487
104 791 225 725 1488
358 456 239 725 1488
175 741 221 726 1489
104 792 223 726 1489
358 457 240 726 1489
175 742 223 727 1490
63 778 221 727 1490
104 793 225 727 1490
358 458 241 727 1490
175 743 221 728 1491
104 794 223 728 1491
358 459 241 728 1491
515 120 223 729 1492
45 459 221 729 1492
175 744 221 729 1492
281 229 221 729 1492
358 460 235 729 1492
18 790 221 730 1493
655 53 225 730 1493
358 461 229 730 1493
568 302 225 730 1493
253 546 225 730 1493
45 461 221 731 1494
281 231 225 731 1494
358 462 246 731 1494
568 303 223 731 1494
253 547 223 731 1494
266 431 225 732 1495
79 359 239 732 1495
603 796 223 732 1495
556 1 221 732 1495
63 783 225 732 1495
281 232 222 732 1495
358 463 237 732 1495
476 260 225 732 1495
266 432 230 733 1496
655 56 223 733 1496
63 784 243 733 1496
444 811 221 733 1496
568 305 235 733 1496
537 789 221 734 1497
294 802 244 735 1498
697 804 225 735 1498
610 507 221 736 1499
776 660 235 736 1499
561 81 225 737 1500
251 801 221 737 1500
317 806 225 737 1500
153 168 222 738 1501
317 807 232 738 1501
317 808 225 739 1502
153 170 221 740 1503
317 809 221 740 1503
789 802 231 740 1503
317 2 231 742 1505
627 813 225 746 1509
782 762 239 746 1509
777 807 221 746 1509
684 537 225 747 1510
52 807 221 747 1510
698 821 228 747 1510
395 749 225 748 1511
129 826 221 748 1511
578 368 226 748 1511
358 479 237 748 1511
735 451 225 748 1511
196 808 222 748 1511
413 233 229 748 1511
88 788 227 749 1512
467 20 221 749 1512
363 244 222 749 1512
131 806 237 749 1512
253 564 227 749 1512
395 750 221 749 1512
322 807 221 749 1512
320 71 233 749 1512
129 827 227 749 1512
392 821 225 749 1512
60 827 225 749 1512
358 480 228 749 1512
651 819 221 749 1512
644 814 228 749 1512
284 822 223 749 1512
295 791 225 749 1512
88 789 234 750 1513
266 9 225 750 1513
467 21 227 750 1513
256 600 227 750 1513
373 808 231 750 1513
383 816 240 750 1513
7 808 229 750 1513
262 60 225 750 1513
415 811 225 750 1513
196 810 238 750 1513
644 815 229 750 1513
284 823 225 750 1513
295 792 222 750 1513
256 601 224 751 1514
467 22 237 751 1514
373 809 240 751 1514
455 167 222 751 1514
592 19 237 751 1514
512 801 223 751 1514
431 528 221 751 1514
196 811 235 751 1514
468 821 221 751 1514
438 142 223 751 1514
295 793 225 751 1514
698 825 221 751 1514
467 23 226 752 1515
256 602 250 752 1515
373 810 235 752 1515
101 805 231 752 1515
374 820 230 752 1515
733 823 222 752 1515
295 794 226 752 1515
399 62 224 752 1515
363 248 231 753 1516
373 811 232 753 1516
256 603 245 753 1516
262 63 227 753 1516
200 22 224 753 1516
498 400 221 753 1516
468 823 224 753 1516
295 795 247 753 1516
698 827 227 754 1517
373 812 231 754 1517
552 821 225 754 1517
7 812 235 754 1517
314 490 225 754 1517
201 992 224 754 1517
57 817 228 754 1517
467 26 233 755 1518
552 822 225 755 1518
340 236 228 755 1518
489 766 223 755 1518
262 65 223 755 1518
345 498 226 755 1518
24 68 223 756 1519
649 247 233 756 1519
383 822 233 756 1519
538 811 227 756 1519
651 826 228 756 1519
98 822 240 756 1519
47 517 223 756 1519
138 835 226 757 1520
301 93 233 757 1520
756 147 223 758 1521
412 774 233 758 1521
320 80 221 758 1521
340 240 221 759 1522
489 770 222 759 1522
157 838 223 759 1522
221 829 226 759 1522
354 720 223 759 1522
446 820 231 759 1522
738 764 225 760 1523
230 809 221 760 1523
365 493 231 760 1523
188 313 221 760 1523
55 828 237 760 1523
453 268 244 760 1523
191 220 221 761 1524
458 840 227 761 1524
607 797 229 761 1524
777 822 225 761 1524
643 602 221 762 1525
272 837 224 762 1525
211 262 223 763 1526
299 333 226 763 1526
200 32 225 763 1526
88 803 227 763 1526
688 225 225 763 1526
667 188 223 763 1526
322 822 231 764 1527
101 817 227 764 1527
506 293 223 764 1527
392 836 221 764 1527
314 500 227 764 1527
594 29 223 764 1527
629 750 221 764 1527
537 819 224 764 1527
317 13 229 765 1528
516 834 221 765 1528
659 70 221 765 1528
89 840 222 766 1529
322 824 227 766 1529
110 111 223 766 1529
423 827 222 766 1529
724 837 223 766 1529
596 831 221 766 1529
432 36 223 766 1529
421 57 229 767 1530
552 834 237 767 1530
331 13 223 767 1530
223 275 237 767 1530
757 280 221 767 1530
211 267 231 768 1531
83 274 231 768 1531
397 211 243 768 1531
704 839 221 769 1532
583 37 221 769 1532
476 297 234 769 1532
724 840 225 769 1532
592 8 223 769 1532
552 837 226 770 1533
515 161 233 770 1533
191 229 221 770 1533
395 771 230 770 1533
262 80 224 770 1533
25 807 221 770 1533
625 28 221 770 1533
103 848 223 770 1533
735 473 221 770 1533
121 63 221 771 1534
692 777 224 771 1534
567 796 223 771 1534
157 851 223 772 1535
518 1 222 772 1535
604 34 221 773 1536
366 20 223 773 1536
567 799 225 774 1537
366 21 221 774 1537
157 853 221 774 1537
735 477 221 774 1537
508 753 221 775 1538
567 800 221 775 1538
366 22 223 775 1538
25 812 222 775 1538
593 527 223 776 1539
567 801 223 776 1539
594 41 229 776 1539
366 23 221 776 1539
735 479 222 776 1539
6 47 221 778 1541
518 7 223 778 1541
160 842 221 780 1543
567 805 223 780 1543
604 42 225 781 1544
567 806 225 781 1544
518 10 228 781 1544
594 47 230 782 1545
157 861 227 782 1545
604 44 221 783 1546
692 789 223 783 1546
594 48 230 783 1546
157 862 221 783 1546
6 52 225 783 1546
692 790 222 784 1547
594 49 228 784 1547
567 809 221 784 1547
164 375 221 784 1547
6 53 225 784 1547
518 13 223 784 1547
280 852 221 784 1547
692 791 224 785 1548
594 50 230 785 1548
567 810 223 785 1548
25 822 221 785 1548
735 488 223 785 1548
692 792 221 786 1549
594 51 221 786 1549
331 13 221 786 1549
567 811 223 786 1549
518 15 227 786 1549
625 44 223 786 1549
567 812 223 787 1550
518 16 229 787 1550
625 45 221 787 1550
284 860 221 787 1550
692 794 221 788 1551
567 813 227 788 1551
25 825 221 788 1551
518 17 223 788 1551
692 795 226 789 1552
594 54 221 789 1552
302 863 225 789 1552
518 18 229 789 1552
586 860 221 789 1552
625 47 221 789 1552
692 796 223 790 1553
567 815 231 790 1553
518 19 223 790 1553
692 797 225 791 1554
223 299 221 791 1554
25 828 221 791 1554
160 854 222 792 1555
593 543 221 792 1555
735 495 221 792 1555
594 58 225 793 1556
366 40 221 793 1556
567 818 229 793 1556
295 835 221 794 1557
593 545 221 794 1557
518 23 225 794 1557
625 52 223 794 1557
74 871 221 794 1557
157 874 223 795 1558
518 24 221 795 1558
735 498 221 795 1558
593 547 228 796 1559
366 43 223 796 1559
25 833 225 796 1559
684 587 223 796 1559
393 614 221 797 1560
223 305 221 797 1560
242 159 223 797 1560
239 863 243 797 1560
776 721 231 797 1560
64 847 221 797 1560
421 88 221 797 1560
399 107 223 797 1560
618 216 233 798 1561
126 513 223 798 1561
277 60 221 798 1561
314 534 230 798 1561
697 867 231 799 1562
106 329 225 799 1562
281 63 223 799 1562
35 815 227 799 1562
239 865 243 799 1562
625 57 247 799 1562
201 1037 231 800 1563
314 536 227 800 1563
705 965 225 800 1563
726 436 223 800 1563
363 296 223 800 1563
263 454 231 801 1564
512 851 223 801 1564
757 314 233 801 1564
14 867 227 807 1570
607 843 229 807 1570
672 864 221 807 1570
87 290 230 807 1570
714 813 237 807 1570
780 88 223 809 1572
692 816 237 810 1573
787 12 225 810 1573
457 881 223 810 1573
263 463 248 810 1573
556 79 223 810 1573
86 578 223 813 1576
76 804 241 814 1577
392 886 221 814 1577
495 870 221 814 1577
592 53 223 814 1577
547 889 221 817 1580
180 42 221 817 1580
344 880 223 817 1580
619 857 226 817 1580
732 839 221 817 1580
391 812 223 818 1581
691 417 221 818 1581
299 388 221 818 1581
676 889 235 818 1581
224 792 233 819 1582
38 352 223 819 1582
224 793 233 820 1583
299 390 222 820 1583
287 591 221 821 1584
691 420 223 821 1584
224 794 227 821 1584
426 83 221 821 1584
691 421 221 822 1585
224 795 227 822 1585
426 84 221 822 1585
287 593 225 823 1586
732 845 223 823 1586
60 902 221 824 1587
299 394 221 824 1587
287 595 229 825 1588
224 798 235 825 1588
60 903 225 825 1588
299 395 223 825 1588
87 308 221 825 1588
224 799 227 826 1589
60 904 221 826 1589
224 802 225 829 1592
60 907 221 829 1592
426 91 221 829 1592
700 757 221 830 1593
38 363 222 830 1593
38 364 221 831 1594
287 602 223 832 1595
38 365 221 832 1595
287 603 221 833 1596
38 366 221 833 1596
676 904 221 833 1596
287 604 223 834 1597
287 605 221 835 1598
691 435 223 836 1599
287 606 239 836 1599
60 914 222 836 1599
287 607 237 837 1600
691 436 224 837 1600
287 608 229 838 1601
287 609 230 839 1602
60 917 225 839 1602
60 918 226 840 1603
691 440 224 841 1604
443 809 221 841 1604
60 919 223 841 1604
691 441 221 842 1605
287 612 221 842 1605
60 920 227 842 1605
691 442 224 843 1606
349 908 233 843 1606
60 921 227 843 1606
668 916 226 843 1606
349 910 221 845 1608
60 923 225 845 1608
349 911 228 846 1609
668 2 223 846 1609
547 919 221 847 1610
349 912 229 847 1610
60 925 223 847 1610
547 920 221 848 1611
60 926 225 848 1611
349 913 226 848 1611
547 921 223 849 1612
60 927 225 849 1612
547 922 225 850 1613
60 928 221 850 1613
38 383 221 850 1613
426 112 221 850 1613
547 923 222 851 1614
422 90 221 851 1614
349 916 231 851 1614
38 384 221 851 1614
728 754 223 851 1614
87 334 221 851 1614
547 924 223 852 1615
60 930 226 852 1615
570 397 223 852 1615
728 755 221 852 1615
530 183 222 853 1616
87 336 225 853 1616
60 932 235 854 1617
265 932 226 854 1617
100 38 237 854 1617
676 925 221 854 1617
87 337 223 854 1617
635 685 225 856 1619
281 121 223 857 1620
18 918 231 857 1620
279 289 225 857 1620
215 839 223 858 1621
632 45 228 858 1621
531 906 245 858 1621
118 385 227 858 1621
321 598 227 858 1621
279 290 229 859 1622
578 479 223 859 1622
224 832 221 859 1622
537 914 245 859 1622
169 228 227 860 1623
215 841 221 860 1623
634 258 227 860 1623
210 41 240 860 1623
556 129 227 860 1623
173 143 227 860 1623
337 926 221 861 1624
632 48 229 861 1624
610 4 227 861 1624
156 349 221 863 1626
675 243 226 865 1628
339 918 221 865 1628
720 902 227 865 1628
90 312 225 867 1630
527 937 226 867 1630
430 840 223 867 1630
527 940 224 870 1633
61 947 227 870 1633
78 386 223 870 1633
749 618 222 871 1634
527 941 221 871 1634
77 469 226 871 1634
78 387 227 871 1634
749 619 221 872 1635
785 933 239 872 1635
77 470 221 872 1635
61 949 221 872 1635
77 471 221 873 1636
78 389 221 873 1636
785 935 227 874 1637
785 936 233 875 1638
77 474 221 876 1639
78 392 225 876 1639
61 954 237 877 1640
78 394 231 878 1641
749 626 233 879 1642
785 940 237 879 1642
78 396 238 880 1643
749 628 231 881 1644
61 958 221 881 1644
677 180 225 882 1645
61 959 230 882 1645
78 398 221 882 1645
527 953 221 883 1646
77 481 227 883 1646
77 482 221 884 1647
677 183 221 885 1648
677 185 225 887 1650
78 403 221 887 1650
677 186 234 888 1651
749 637 223 890 1653
677 188 227 890 1653
785 951 221 890 1653
78 407 227 891 1654
389 946 235 892 1655
749 639 226 892 1655
785 953 225 892 1655
677 190 235 892 1655
370 961 225 892 1655
77 490 223 892 1655
61 969 225 892 1655
78 408 233 892 1655
677 191 239 893 1656
785 954 233 893 1656
370 962 221 893 1656
78 409 237 893 1656
677 192 241 894 1657
785 955 229 894 1657
61 971 231 894 1657
78 410 235 894 1657
749 642 225 895 1658
677 193 231 895 1658
61 972 221 895 1658
785 957 221 896 1659
78 412 223 896 1659
370 967 224 898 1661
78 414 229 899 1662
78 415 223 899 1662
389 954 222 900 1663
527 970 226 900 1663
677 198 225 900 1663
77 498 221 900 1663
785 962 227 901 1664
677 199 221 901 1664
677 215 221 917 1680
78 434 221 919 1682
677 217 241 919 1682
78 435 225 920 1683
677 218 235 920 1683
78 436 247 921 1684
677 220 239 922 1685
78 438 237 923 1686
78 439 230 924 1687
677 222 231 924 1687
78 440 231 925 1688
677 223 237 925 1688
78 441 233 926 1689
61 1003 225 926 1689
677 224 241 926 1689
78 442 225 926 1689
389 981 221 927 1690
677 225 227 927 1690
78 443 221 927 1690
370 999 227 930 1693
785 991 223 930 1693
677 228 227 930 1693
677 230 221 932 1695
370 1002 223 933 1696
78 449 225 933 1696
677 231 227 933 1696
785 995 222 934 1697
677 232 238 934 1697
370 1004 221 935 1698
78 451 232 935 1698
677 233 235 935 1698
78 452 226 936 1699
677 234 239 936 1699
78 453 233 937 1700
677 235 237 937 1700
78 454 240 938 1701
677 236 241 938 1701
78 455 237 939 1702
78 456 241 940 1703
677 238 229 940 1703
785 1002 223 941 1704
78 457 231 941 1704
677 239 229 941 1704
785 1003 221 942 1705
78 458 233 942 1705
677 240 223 942 1705
78 459 223 943 1706
78 461 226 945 1708
677 243 233 945 1708
78 462 227 946 1709
677 244 235 946 1709
78 463 234 947 1710
677 245 233 947 1710
785 1009 221 948 1711
78 464 226 948 1711
61 1025 221 948 1711
677 246 221 948 1711
785 1010 223 949 1712
78 465 233 949 1712
61 1026 221 949 1712
677 247 226 949 1712
785 1011 222 950 1713
78 467 229 951 1714
78 468 227 952 1715
677 251 223 953 1716
78 470 221 954 1717
370 1023 223 954 1717
677 252 236 954 1717
78 471 240 955 1718
677 253 233 955 1718
785 1017 222 956 1719
78 472 233 956 1719
677 254 225 956 1719
78 473 235 957 1720
78 474 237 958 1721
677 256 231 958 1721
389 1013 227 959 1722
78 475 222 959 1722
677 257 235 959 1722
389 1014 237 960 1723
785 1021 221 960 1723
78 476 227 960 1723
677 258 239 960 1723
389 1015 233 961 1724
785 1022 226 961 1724
78 477 227 961 1724
677 259 230 961 1724
389 1016 233 962 1725
78 478 223 962 1725
677 260 231 962 1725
389 1017 225 963 1726
785 1024 225 963 1726
677 261 223 963 1726
78 480 221 964 1727
677 262 227 964 1727
389 1019 228 965 1728
677 263 225 965 1728
389 1020 231 966 1729
78 482 222 966 1729
78 483 233 967 1730
677 265 225 968 1731
78 484 231 968 1731
677 266 229 969 1732
78 485 227 969 1732
785 1031 221 970 1733
78 486 221 970 1733
677 268 223 971 1734
677 269 227 972 1735
78 488 237 972 1735
370 1041 221 972 1735
677 270 239 973 1736
78 489 241 973 1736
677 271 225 974 1737
78 490 239 974 1737
677 272 227 975 1738
785 1036 223 975 1738
78 491 240 975 1738
527 1045 221 975 1738
677 273 229 976 1739
78 492 231 976 1739
677 274 239 977 1740
78 493 221 977 1740
677 275 225 978 1741
78 494 228 978 1741
677 276 231 979 1742
78 495 241 979 1742
677 277 237 980 1743
78 496 233 980 1743
677 278 239 981 1744
78 497 223 981 1744
677 279 241 982 1745
527 1051 221 982 1745
78 498 243 982 1745
677 280 229 982 1745
78 499 245 983 1746
677 281 233 984 1747
78 500 242 984 1747
677 282 231 984 1747
677 283 227 985 1748
78 502 239 986 1749
61 1063 221 986 1749
78 503 233 987 1750
677 285 233 988 1751
78 504 247 988 1751
677 286 235 989 1752
389 1043 233 989 1752
78 505 233 989 1752
370 1058 222 989 1752
677 287 224 990 1753
527 1059 221 990 1753
78 506 245 990 1753
677 288 225 991 1754
78 507 236 991 1754
389 1046 221 992 1755
78 508 235 992 1755
677 290 225 993 1756
527 1062 221 993 1756
389 1047 221 993 1756
785 1054 221 993 1756
78 509 223 993 1756
677 291 231 994 1757
389 1048 226 994 1757
78 510 237 994 1757
677 292 231 995 1758
527 1064 221 995 1758
78 511 229 995 1758
370 1064 223 995 1758
677 293 231 996 1759
78 512 231 996 1759
61 1073 222 996 1759
370 1065 221 996 1759
677 294 227 997 1760
78 513 231 997 1760
370 1066 221 997 1760
677 295 237 998 1761
527 1067 221 998 1761
785 1059 223 998 1761
370 1067 221 998 1761
677 296 223 999 1762
527 1068 222 999 1762
78 515 233 999 1762
370 1068 223 999 1762
677 297 241 1000 1763
785 1061 221 1000 1763
61 1077 223 1000 1763
677 298 228 1001 1764
389 1055 239 1001 1764
78 517 223 1001 1764
677 299 231 1002 1765
389 1056 235 1002 1765
78 518 225 1002 1765
677 300 231 1003 1766
389 1057 238 1003 1766
785 1064 225 1003 1766
78 519 225 1003 1766
78 520 235 1004 1767
677 302 237 1005 1768
785 1066 221 1005 1768
78 521 231 1005 1768
677 303 233 1006 1769
527 1075 223 1006 1769
78 522 232 1006 1769
370 1075 223 1007 1770
677 304 223 1007 1770
527 1076 222 1007 1770
370 1076 225 1008 1771
677 305 226 1008 1771
527 1077 227 1008 1771
78 524 235 1008 1771
370 1077 226 1009 1772
677 307 233 1010 1773
78 526 233 1010 1773
527 1080 229 1011 1774
78 527 225 1011 1774
677 309 223 1012 1775
78 528 221 1012 1775
677 310 223 1013 1776
677 311 226 1014 1777
785 1075 221 1014 1777
78 530 228 1014 1777
677 312 227 1015 1778
78 531 225 1015 1778
677 313 226 1016 1779
78 537 235 1021 1784
677 319 229 1022 1785
389 1076 230 1022 1785
78 538 223 1022 1785
677 320 225 1023 1786
389 1077 239 1023 1786
785 1084 221 1023 1786
78 539 237 1023 1786
677 321 235 1024 1787
389 1078 243 1024 1787
78 540 222 1024 1787
370 1093 221 1024 1787
677 322 231 1025 1788
785 1086 221 1025 1788
77 623 225 1026 1789
677 323 237 1026 1789
527 1095 223 1026 1789
785 1087 221 1026 1789
677 325 223 1028 1791
78 544 223 1028 1791
677 326 237 1029 1792
785 1090 221 1029 1792
677 327 231 1030 1793
527 1099 229 1030 1793
785 1091 221 1030 1793
677 328 237 1031 1794
527 1100 221 1031 1794
785 1092 226 1031 1794
677 329 223 1032 1795
527 1102 226 1033 1796
677 330 233 1033 1796
785 1094 223 1033 1796
78 549 227 1033 1796
677 331 233 1034 1797
78 550 224 1034 1797
677 332 227 1035 1798
78 551 228 1035 1798
677 333 227 1036 1799
78 552 228 1036 1799
677 334 231 1037 1800
785 1098 221 1037 1800
677 335 233 1038 1801
78 554 223 1038 1801
527 1108 225 1039 1802
677 336 225 1039 1802
677 337 223 1040 1803
78 556 237 1040 1803
677 338 227 1041 1804
78 557 239 1041 1804
527 1111 225 1042 1805
677 339 234 1042 1805
527 1112 231 1043 1806
677 340 234 1043 1806
78 559 247 1043 1806
677 341 221 1044 1807
78 560 240 1044 1807
677 342 221 1045 1808
78 561 223 1045 1808
677 343 233 1046 1809
78 562 233 1046 1809
677 344 233 1047 1810
677 345 225 1048 1811
78 564 221 1048 1811
677 347 223 1050 1813
78 566 222 1050 1813
677 348 223 1050 1813
677 349 223 1051 1814
677 350 224 1052 1815
527 1122 221 1053 1816
677 351 225 1053 1816
677 352 226 1055 1818
677 353 235 1056 1819
677 354 223 1056 1819
389 1111 222 1057 1820
785 1118 223 1057 1820
677 355 238 1057 1820
389 1112 223 1058 1821
785 1119 225 1058 1821
785 1120 221 1059 1822
677 357 221 1059 1822
527 1129 221 1060 1823
677 366 221 1068 1831
78 585 221 1069 1832
61 1147 225 1070 1833
749 818 221 1071 1834
370 1140 221 1071 1834
749 821 229 1074 1837
61 1151 229 1074 1837
78 590 223 1074 1837
677 372 230 1074 1837
78 591 231 1075 1838
78 593 222 1077 1840
527 1147 227 1077 1840
785 1139 223 1078 1841
78 594 223 1078 1841
77 677 223 1079 1842
527 1150 224 1080 1843
749 828 223 1081 1844
335 1151 224 1081 1844
370 1151 223 1082 1845
78 598 229 1082 1845
527 1152 226 1082 1845
61 1160 231 1083 1846
677 381 230 1083 1846
785 1145 225 1084 1847
78 600 235 1084 1847
77 682 236 1084 1847
677 382 221 1085 1848
785 1146 227 1085 1848
370 1154 221 1085 1848
785 1147 223 1086 1849
677 384 225 1086 1849
78 603 228 1087 1850
77 685 232 1087 1850
527 1158 227 1088 1851
677 386 221 1088 1851
749 836 221 1089 1852
61 1166 223 1089 1852
78 605 221 1089 1852
527 1159 221 1089 1852
527 1160 223 1090 1853
785 1152 223 1091 1854
78 607 231 1091 1854
785 1153 228 1092 1855
749 840 226 1093 1856
76 205 225 1093 1856
77 692 221 1094 1857
527 1165 223 1095 1858
677 393 223 1095 1858
76 208 226 1096 1859
527 1166 221 1096 1859
255 25 225 1099 1862
709 235 227 1099 1862
558 206 225 1099 1862
248 1150 225 1100 1863
484 266 233 1100 1863
170 1156 227 1100 1863
350 1177 221 1103 1866
618 5 223 1103 1866
105 1145 221 1103 1866
531 56 221 1104 1867
468 1177 233 1108 1871
180 184 226 1111 1874
115 88 223 1113 1876
115 90 221 1115 1878
272 1189 229 1115 1878
115 91 223 1116 1879
87 12 223 1120 1883
522 873 227 1120 1883
87 13 226 1121 1884
522 874 225 1121 1884
606 71 222 1121 1884
87 14 226 1122 1885
522 875 221 1122 1885
87 15 225 1123 1886
522 876 222 1123 1886
156 58 221 1123 1886
606 73 221 1124 1887
87 16 227 1124 1887
522 877 223 1124 1887
87 17 223 1125 1888
522 878 225 1125 1888
87 18 227 1126 1889
522 879 221 1126 1889
87 19 227 1127 1890
87 20 227 1128 1891
272 1203 221 1129 1892
87 21 227 1129 1892
166 329 221 1129 1892
87 22 226 1130 1893
87 23 225 1131 1894
166 331 223 1131 1894
87 24 225 1132 1895
87 25 225 1133 1896
522 886 221 1133 1896
87 26 225 1134 1897
522 887 227 1134 1897
87 27 225 1135 1898
522 888 227 1135 1898
87 28 225 1136 1899
522 889 225 1136 1899
156 71 223 1136 1899
87 29 226 1137 1900
522 890 223 1137 1900
87 30 227 1138 1901
87 31 226 1139 1902
87 32 227 1140 1903
522 893 223 1140 1903
87 33 227 1141 1904
522 894 223 1141 1904
87 34 226 1142 1905
522 895 221 1142 1905
87 35 225 1143 1906
522 896 225 1143 1906
87 36 225 1144 1907
522 897 221 1144 1907
87 37 227 1145 1908
522 898 221 1145 1908
87 38 227 1146 1909
522 899 223 1146 1909
87 39 227 1147 1910
87 40 229 1148 1911
522 901 223 1148 1911
87 41 225 1149 1912
522 904 221 1151 1914
522 905 221 1152 1915
292 616 221 1154 1917
87 48 221 1156 1919
522 909 223 1156 1919
522 910 223 1157 1920
292 619 223 1157 1920
166 357 221 1157 1920
674 13 221 1167 1930
435 26 221 1169 1932
87 65 224 1173 1936
607 1209 221 1174 1937
87 66 223 1174 1937
522 927 225 1174 1937
87 67 225 1175 1938
522 928 225 1175 1938
87 68 227 1176 1939
522 929 225 1176 1939
87 69 228 1176 1939
87 70 227 1177 1940
522 931 225 1178 1941
87 71 230 1178 1941
522 932 229 1179 1942
87 72 230 1179 1942
46 1241 223 1180 1943
522 933 229 1180 1943
87 73 227 1180 1943
522 934 226 1181 1944
87 74 228 1181 1944
166 382 221 1182 1945
166 383 221 1183 1946
46 1245 225 1184 1947
87 77 223 1184 1947
46 1246 222 1185 1948
87 78 224 1185 1948
87 79 224 1186 1949
46 1248 221 1187 1950
87 81 225 1188 1951
87 82 224 1189 1952
272 1265 225 1191 1954
607 1227 223 1191 1954
272 1266 224 1192 1955
522 945 221 1192 1955
607 1228 221 1192 1955
272 1267 224 1193 1956
522 946 223 1193 1956
607 1230 221 1194 1957
272 1269 225 1195 1958
522 948 221 1195 1958
607 1231 221 1195 1958
272 1270 223 1196 1959
522 949 223 1196 1959
272 1271 223 1197 1960
522 950 222 1197 1960
607 1233 221 1197 1960
272 1272 223 1198 1961
8 1213 224 1198 1961
272 1273 225 1199 1962
522 952 221 1199 1962
607 1235 224 1200 1963
272 1274 225 1200 1963
522 953 223 1200 1963
607 1236 228 1201 1964
522 954 221 1201 1964
607 1237 228 1202 1965
412 1218 221 1202 1965
46 1264 221 1203 1966
607 1238 230 1203 1966
272 1277 225 1203 1966
607 1239 231 1203 1966
272 1278 225 1204 1967
412 1220 221 1204 1967
46 1266 223 1204 1967
607 1240 230 1204 1967
180 279 225 1205 1968
607 1241 231 1206 1969
272 1280 227 1206 1969
607 1242 231 1206 1969
272 1281 225 1207 1970
607 1243 228 1207 1970
272 1282 221 1207 1970
607 1244 227 1208 1971
272 1283 221 1208 1971
607 1245 225 1209 1972
272 1284 225 1209 1972
607 1246 223 1210 1973
8 1226 233 1211 1974
607 1247 223 1211 1974
8 1227 223 1212 1975
607 1248 223 1212 1975
272 1287 221 1212 1975
272 1288 223 1213 1976
607 1250 221 1214 1977
8 1237 231 1222 1985
607 1258 223 1222 1985
283 985 223 1225 1988
316 1153 221 1227 1990
272 1304 224 1229 1992
272 1305 225 1230 1993
316 1156 223 1230 1993
272 1306 223 1231 1994
272 1307 224 1232 1995
272 1308 221 1233 1996
272 1309 221 1234 1997
316 1161 221 1235 1998
272 1312 227 1237 2000
272 1313 223 1238 2001
46 1301 221 1239 2002
606 190 223 1240 2003
272 1319 221 1244 2007
272 1320 221 1245 2008
272 1321 221 1246 2009
607 1282 221 1246 2009
272 1322 223 1247 2010
607 1283 221 1247 2010
272 1323 223 1248 2011
272 1324 222 1249 2012
316 1175 221 1249 2012
316 1177 221 1251 2014
607 1288 223 1252 2015
8 1269 223 1254 2017
166 457 232 1257 2020
272 1333 229 1258 2021
316 1186 221 1260 2023
46 1323 229 1261 2024
8 1277 227 1261 2024
418 1334 223 1264 2027
300 1326 223 1272 2035
761 1337 225 1272 2035
241 1347 232 1272 2035
532 174 223 1273 2036
299 425 223 1273 2036
450 1343 233 1274 2037
