150 5 225 0 697
560 4 226 0 697
151 5 221 1 698
150 6 234 1 698
498 1 225 1 698
106 2 223 1 698
560 5 243 1 698
151 6 225 2 699
562 6 221 2 699
106 3 221 2 699
594 7 225 2 699
560 6 241 2 699
151 7 223 3 700
562 7 221 3 700
106 4 223 3 700
560 7 246 3 700
594 8 221 3 700
150 9 222 4 701
562 8 227 4 701
560 8 241 4 701
151 9 237 5 702
150 10 224 5 702
498 5 221 5 702
562 9 221 5 702
560 9 246 5 702
151 10 230 6 703
150 11 224 6 703
498 6 221 6 703
562 10 235 6 703
560 10 245 6 703
151 11 225 7 704
562 11 226 7 704
560 11 223 7 704
594 12 225 7 704
520 12 224 8 705
498 8 225 8 705
560 12 223 8 705
151 13 221 9 706
498 1 223 9 706
562 13 235 9 706
527 13 221 9 706
560 13 231 9 706
520 14 223 10 707
150 15 233 10 707
754 10 221 10 707
498 2 233 10 707
562 14 239 10 707
106 11 227 10 707
560 14 233 10 707
520 15 235 11 708
150 16 237 11 708
754 11 231 11 708
498 3 246 11 708
562 15 223 11 708
106 12 234 11 708
560 15 239 11 708
151 16 221 12 709
520 16 227 12 709
150 17 245 12 709
754 12 223 12 709
562 16 223 12 709
106 13 222 12 709
560 16 222 12 709
151 17 229 13 710
520 17 239 13 710
498 5 225 13 710
562 17 228 13 710
106 14 222 13 710
560 17 225 13 710
594 18 231 13 710
151 18 221 14 711
520 18 225 14 711
498 6 248 14 711
562 18 237 14 711
106 15 236 14 711
560 18 245 14 711
594 19 231 14 711
754 15 230 15 712
498 7 239 15 712
562 19 225 15 712
106 16 225 15 712
560 19 239 15 712
150 21 221 16 713
106 17 235 16 713
562 21 247 17 714
594 22 233 17 714
562 22 224 18 715
106 19 231 18 715
520 23 235 19 716
562 23 241 19 716
560 23 240 19 716
594 24 233 19 716
151 24 223 20 717
520 24 238 20 717
562 24 255 20 717
151 25 224 21 718
498 13 243 21 718
106 22 231 21 718
560 25 221 21 718
151 26 221 22 719
520 26 229 22 719
498 14 224 22 719
594 27 231 22 719
150 28 233 23 720
754 23 233 23 720
498 15 241 23 720
560 27 248 23 720
594 28 241 23 720
151 28 226 24 721
520 28 245 24 721
150 29 233 24 721
754 24 221 24 721
498 16 221 24 721
562 28 223 24 721
594 29 227 24 721
520 29 229 25 722
150 30 226 25 722
498 17 234 25 722
106 26 237 25 722
560 29 237 25 722
151 30 221 26 723
150 31 222 26 723
560 30 238 26 723
151 31 223 27 724
150 32 226 27 724
560 31 230 27 724
150 33 222 28 725
754 28 223 28 725
560 32 231 28 725
106 30 221 29 726
560 33 229 29 726
560 34 226 30 727
150 36 225 31 728
560 35 223 31 728
151 37 222 33 730
754 33 225 33 730
106 34 231 33 730
560 37 227 33 730
754 34 223 34 731
106 35 231 34 731
560 38 231 34 731
106 36 235 35 732
560 39 235 35 732
754 36 223 36 733
106 37 245 36 733
560 40 223 36 733
754 37 223 37 734
106 38 223 37 734
560 41 233 37 734
150 43 222 38 735
754 38 223 38 735
106 39 227 38 735
560 42 241 38 735
106 40 227 39 736
560 43 235 39 736
594 44 227 39 736
754 40 223 40 737
106 41 230 40 737
560 44 236 40 737
754 41 224 41 738
106 42 225 41 738
560 45 239 41 738
106 43 223 42 739
754 43 223 43 740
560 47 231 43 740
594 48 221 43 740
754 44 221 44 741
560 48 225 44 741
754 45 225 45 742
594 50 221 45 742
560 49 237 45 742
754 46 222 46 743
594 51 224 46 743
560 50 242 46 743
594 52 223 47 744
560 51 240 47 744
560 52 225 48 745
150 54 224 49 746
754 49 221 49 746
594 54 223 49 746
560 53 224 49 746
754 50 223 50 747
560 54 225 50 747
150 56 225 51 748
106 52 221 51 748
560 55 235 51 748
560 56 235 52 749
150 58 221 53 750
754 53 223 53 750
560 57 237 53 750
150 59 221 54 751
754 54 221 54 751
560 58 229 54 751
754 55 223 55 752
560 59 239 55 752
151 60 225 56 753
754 56 224 56 753
594 61 223 56 753
560 60 227 56 753
151 61 229 57 754
754 57 223 57 754
498 49 227 57 754
151 62 222 58 755
150 63 225 58 755
594 63 223 58 755
150 64 225 59 756
594 64 223 59 756
151 64 223 60 757
150 65 225 60 757
150 66 221 61 758
754 61 229 61 758
562 65 227 61 758
560 65 235 61 758
151 66 225 62 759
150 67 223 62 759
562 66 234 62 759
594 67 221 62 759
520 67 227 63 760
562 67 231 63 760
498 55 227 63 760
594 68 224 63 760
560 67 233 63 760
520 68 221 64 761
562 68 236 64 761
151 69 223 65 762
150 70 227 65 762
106 66 221 65 762
562 69 225 65 762
594 70 223 65 762
560 69 227 65 762
562 70 223 66 763
594 71 230 66 763
106 68 225 67 764
562 71 221 67 764
594 72 223 67 764
150 73 221 68 765
520 72 221 68 765
594 73 227 68 765
150 74 221 69 766
520 73 235 69 766
562 73 235 69 766
594 74 225 69 766
562 74 222 70 767
594 75 231 70 767
150 76 221 71 768
520 75 225 71 768
562 75 226 71 768
560 75 224 71 768
520 76 243 72 769
562 76 223 72 769
498 7 226 72 769
151 77 221 73 770
150 78 229 73 770
106 74 223 73 770
498 8 221 73 770
150 79 235 74 771
106 75 227 74 771
562 78 223 74 771
560 78 237 74 771
754 75 221 75 772
562 79 230 75 772
498 10 235 75 772
150 81 228 76 773
106 77 223 76 773
520 80 229 76 773
562 80 237 76 773
106 79 235 78 775
151 84 221 80 777
106 81 233 80 777
789 75 234 80 777
682 87 223 81 778
579 93 221 81 778
106 82 231 81 778
151 86 225 82 779
425 82 221 83 780
121 95 223 85 782
730 81 223 85 782
551 88 227 85 782
660 78 221 86 783
601 94 222 86 783
594 91 229 86 783
322 78 233 86 783
355 93 224 87 784
6 29 233 87 784
333 88 223 87 784
171 45 221 87 784
590 92 227 87 784
716 91 229 87 784
334 21 223 87 784
297 25 229 87 784
83 26 227 88 785
490 28 239 90 787
783 77 230 90 787
383 90 224 90 787
172 96 229 91 788
639 99 223 91 788
252 4 222 93 790
78 87 223 94 791
551 97 227 94 791
371 144 229 94 791
252 5 235 94 791
551 99 227 96 793
95 101 225 97 794
789 92 221 97 794
552 98 222 97 794
606 61 226 97 794
662 100 225 97 794
107 1 236 98 795
95 102 223 98 795
604 93 221 98 795
552 99 224 98 795
152 101 227 98 795
107 2 229 99 796
235 96 223 99 796
789 94 221 99 796
585 98 225 99 796
604 94 227 99 796
606 63 227 99 796
152 102 228 99 796
107 3 223 100 797
150 105 223 100 797
235 97 223 100 797
95 104 225 100 797
604 95 223 100 797
606 64 227 100 797
152 103 227 100 797
606 65 227 101 798
152 104 225 102 799
150 107 225 102 799
105 78 223 102 799
552 103 226 102 799
606 66 225 102 799
662 105 221 103 800
152 105 233 103 800
461 72 225 103 800
150 108 221 103 800
95 107 225 103 800
585 102 225 103 800
552 104 221 103 800
606 67 231 103 800
552 105 221 104 801
606 68 223 104 801
662 107 227 104 801
461 74 227 104 801
152 107 233 105 802
107 8 227 105 802
95 109 225 105 802
105 81 221 105 802
757 82 221 105 802
552 106 225 105 802
606 69 221 105 802
461 75 223 106 803
107 9 221 106 803
268 108 237 106 803
461 82 224 112 809
152 115 224 113 810
150 118 221 113 810
95 117 221 113 810
606 77 223 113 810
152 116 223 114 811
150 119 221 114 811
662 117 225 114 811
606 78 226 114 811
152 117 223 115 812
95 119 221 115 812
105 91 223 115 812
461 85 221 115 812
606 79 223 116 813
95 120 226 116 813
789 111 224 116 813
107 1 231 116 813
105 92 227 116 813
662 119 223 116 813
461 86 225 116 813
606 80 226 117 814
152 119 228 117 814
150 122 223 117 814
585 116 230 117 814
662 120 222 117 814
606 81 225 118 815
152 120 223 118 815
150 123 225 118 815
235 115 225 118 815
95 122 227 118 815
585 117 227 118 815
40 95 221 118 815
604 113 224 118 815
662 121 230 118 815
606 82 238 118 815
461 88 225 119 816
152 121 224 119 816
199 121 221 119 816
107 4 221 119 816
585 118 223 119 816
662 122 225 119 816
461 89 223 120 817
107 5 221 120 817
585 119 223 120 817
604 115 223 120 817
552 121 226 120 817
461 90 221 121 818
152 123 223 121 818
789 116 223 121 818
105 97 224 121 818
604 116 221 121 818
552 122 221 121 818
789 117 223 122 819
95 126 223 122 819
268 12 222 122 819
107 7 229 122 819
662 125 221 122 819
461 92 221 123 820
789 118 224 123 820
107 8 231 123 820
585 122 226 123 820
97 46 221 123 820
461 93 236 123 820
611 115 223 124 821
107 9 225 124 821
585 123 223 124 821
461 94 223 125 822
606 88 222 125 822
789 120 223 125 822
105 101 222 125 822
107 10 227 125 822
585 124 224 125 822
552 126 227 125 822
452 50 221 125 822
779 94 221 125 822
606 89 223 126 823
152 128 223 126 823
105 102 221 126 823
107 11 224 126 823
585 125 222 126 823
734 46 222 127 824
585 126 223 127 824
152 130 221 128 825
150 133 222 128 825
318 127 223 128 825
585 127 222 128 825
461 98 222 128 825
606 92 222 129 826
150 134 222 129 826
757 106 223 129 826
585 128 223 129 826
150 135 221 130 827
95 134 239 130 827
105 106 221 130 827
552 131 227 130 827
604 125 225 130 827
585 129 222 130 827
606 94 231 131 828
107 1 223 131 828
152 133 223 131 828
150 136 224 131 828
95 135 225 131 828
105 107 225 131 828
757 108 223 131 828
751 88 221 131 828
604 126 221 131 828
606 95 222 132 829
152 134 227 132 829
150 137 224 132 829
95 136 224 132 829
105 108 221 132 829
604 127 231 132 829
662 135 223 132 829
461 102 221 132 829
328 131 222 132 829
107 3 225 133 830
152 135 225 133 830
150 138 224 133 830
95 137 232 133 830
105 109 227 133 830
552 134 225 133 830
604 128 223 133 830
461 103 221 133 830
662 136 225 133 830
606 97 221 133 830
152 136 229 134 831
585 133 221 134 831
662 137 233 134 831
606 98 225 134 831
107 5 226 135 832
152 137 225 135 832
105 111 227 135 832
452 60 223 135 832
662 138 225 135 832
606 99 229 135 832
152 138 227 136 833
107 7 226 137 834
552 138 226 137 834
585 136 224 137 834
662 140 223 137 834
606 101 221 137 834
152 140 221 138 835
107 1 233 138 835
585 137 225 138 835
152 141 224 139 836
107 2 227 139 836
789 134 221 139 836
552 140 222 139 836
585 138 221 139 836
606 103 225 139 836
461 109 221 140 837
751 97 221 140 837
585 139 231 140 837
662 143 223 140 837
789 136 225 141 838
585 140 226 141 838
152 144 221 142 839
107 5 227 142 839
675 148 221 142 839
585 141 225 142 839
604 137 223 142 839
95 147 224 143 840
585 142 226 143 840
662 146 226 143 840
152 146 225 144 841
107 7 224 144 841
585 143 225 144 841
662 147 223 144 841
152 147 223 145 842
585 144 225 145 842
662 148 227 146 843
152 148 225 146 843
585 145 221 146 843
152 149 224 147 844
662 150 221 147 844
152 150 222 148 845
107 11 221 148 845
585 147 223 148 845
152 151 221 149 846
107 12 231 149 846
552 150 222 149 846
585 148 223 149 846
606 113 223 149 846
107 13 233 150 847
95 154 223 150 847
585 149 226 150 847
606 114 223 150 847
662 153 221 150 847
107 14 231 151 848
95 155 225 151 848
585 150 225 151 848
606 115 225 151 848
152 154 221 152 849
95 156 223 152 849
585 151 223 152 849
107 16 223 153 850
105 129 223 153 850
95 157 225 153 850
585 152 221 153 850
662 1 223 153 850
152 156 226 154 851
107 17 227 154 851
105 130 222 154 851
552 155 221 154 851
585 153 223 154 851
606 118 224 154 851
107 18 226 155 852
585 154 227 155 852
606 119 221 155 852
107 19 231 156 853
95 160 221 156 853
552 157 221 156 853
585 155 225 156 853
606 120 221 156 853
107 20 224 157 854
606 121 227 157 854
585 157 221 158 855
662 6 222 158 855
606 122 234 158 855
585 158 221 159 856
662 7 221 159 856
606 123 229 159 856
107 23 222 160 857
606 124 231 160 857
152 163 227 161 858
606 125 231 161 858
152 164 221 162 859
107 25 233 162 859
552 163 221 162 859
606 126 231 162 859
107 26 224 163 860
606 127 227 163 860
107 27 225 164 861
107 28 224 165 862
585 164 221 165 862
606 129 223 165 862
152 168 221 166 863
107 29 225 166 863
585 165 223 166 863
606 130 226 166 863
107 30 225 167 864
585 166 222 167 864
606 131 225 167 864
107 31 237 168 865
150 173 221 168 865
95 172 222 168 865
552 169 222 168 865
585 167 226 168 865
152 171 227 169 866
107 32 226 169 866
150 174 223 169 866
585 168 221 169 866
606 133 226 169 866
662 17 222 169 866
107 33 242 170 867
150 175 225 170 867
105 146 221 170 867
604 165 221 170 867
606 134 227 170 867
662 18 231 170 867
107 34 234 171 868
105 147 223 171 868
585 170 225 171 868
606 135 224 171 868
662 19 223 172 869
107 35 240 172 869
105 148 230 172 869
585 171 221 172 869
606 136 227 172 869
662 20 225 173 870
461 142 221 173 870
107 36 239 173 870
105 149 225 173 870
552 174 227 173 870
606 137 223 173 870
107 37 223 174 871
105 150 223 174 871
585 173 225 174 871
606 138 225 174 871
152 177 225 175 872
107 38 229 175 872
552 176 222 175 872
606 139 229 175 872
107 39 223 176 873
105 152 222 176 873
552 177 221 176 873
606 140 228 176 873
107 40 221 177 874
105 153 230 177 874
585 176 223 177 874
606 141 225 177 874
107 41 227 178 875
105 154 227 178 875
606 142 227 178 875
107 42 231 179 876
105 155 227 179 876
585 178 223 179 876
606 143 234 180 877
107 43 229 180 877
105 156 221 180 877
585 179 223 180 877
606 144 223 181 878
662 28 226 181 878
107 44 222 181 878
105 157 222 181 878
606 145 233 182 879
107 45 231 182 879
585 181 225 182 879
606 146 222 183 880
107 46 230 183 880
585 182 225 183 880
107 47 228 184 881
585 183 226 184 881
729 17 221 185 882
107 48 235 185 882
537 173 223 185 882
105 161 233 185 882
585 184 223 185 882
606 149 233 186 883
107 49 233 186 883
105 162 231 186 883
585 185 227 186 883
606 150 234 187 884
107 50 233 187 884
105 163 229 187 884
662 35 221 188 885
585 186 227 188 885
606 151 225 188 885
107 51 234 188 885
105 164 231 188 885
585 187 228 189 886
606 152 228 189 886
107 52 233 189 886
105 165 229 189 886
585 188 236 190 887
107 53 233 190 887
105 166 231 190 887
585 189 235 191 888
606 154 221 191 888
107 54 234 191 888
105 167 222 191 888
585 190 224 192 889
606 155 231 192 889
107 55 227 192 889
105 168 233 192 889
606 156 233 193 890
107 56 231 193 890
105 169 233 193 890
606 157 232 194 891
107 57 227 194 891
105 170 223 194 891
585 193 226 195 892
606 158 231 195 892
107 58 222 195 892
105 171 227 195 892
662 43 225 195 892
585 194 229 196 893
606 159 234 196 893
107 59 229 196 893
662 44 225 196 893
606 160 235 197 894
152 199 223 197 894
107 60 227 197 894
105 173 224 197 894
662 45 225 198 895
606 161 235 198 895
152 200 223 198 895
107 61 223 198 895
105 174 225 198 895
662 46 224 199 896
606 162 224 199 896
107 62 237 199 896
105 175 223 199 896
552 200 223 200 897
662 47 223 200 897
585 198 226 200 897
606 163 228 200 897
107 63 236 200 897
105 176 225 200 897
662 48 221 201 898
585 199 225 201 898
606 164 237 201 898
107 64 237 201 898
105 177 231 201 898
662 49 225 202 899
585 200 229 202 899
606 165 232 202 899
107 65 233 202 899
105 178 234 202 899
606 166 238 203 900
107 66 243 203 900
105 179 231 203 900
585 202 224 204 901
606 167 239 204 901
107 67 236 204 901
105 180 227 204 901
95 208 226 204 901
606 168 236 205 902
107 68 231 205 902
105 181 233 205 902
95 209 224 205 902
606 169 237 206 903
107 69 232 206 903
105 182 231 206 903
95 210 227 206 903
606 170 238 207 904
107 70 241 207 904
105 183 233 207 904
95 211 225 207 904
606 171 237 208 905
107 71 238 208 905
105 184 233 208 905
95 212 224 208 905
606 172 239 209 906
107 72 239 209 906
105 185 233 209 906
585 208 225 210 907
606 173 240 210 907
107 73 239 210 907
105 186 231 210 907
585 209 221 211 908
606 174 239 211 908
107 74 239 211 908
95 215 221 211 908
606 175 229 212 909
107 75 233 212 909
606 176 226 213 910
105 189 223 213 910
606 177 226 214 911
107 77 224 214 911
150 219 225 214 911
606 178 232 215 912
107 78 224 215 912
606 179 227 216 913
606 180 230 217 914
95 221 223 217 914
640 116 227 217 914
662 65 223 218 915
606 181 227 218 915
107 81 223 218 915
105 194 225 218 915
95 222 225 218 915
552 219 221 219 916
606 182 231 219 916
105 195 225 219 916
756 203 221 220 917
606 183 232 220 917
105 196 226 220 917
606 184 233 221 918
606 185 227 222 919
585 221 223 223 920
606 186 227 223 920
751 180 221 223 920
585 222 221 224 921
662 71 221 224 921
606 187 223 224 921
105 200 221 224 921
606 188 230 225 922
662 73 221 226 923
606 189 224 226 923
606 190 224 227 924
152 230 221 228 925
606 191 227 228 925
606 192 225 229 926
107 92 234 229 926
105 205 223 229 926
585 228 221 230 927
152 232 227 230 927
606 193 227 230 927
552 231 222 231 928
585 229 221 231 928
152 233 231 231 928
606 194 226 231 928
150 236 223 231 928
95 235 221 231 928
235 113 221 231 928
552 232 236 232 929
585 230 221 232 929
152 234 230 232 929
662 80 223 233 930
552 233 230 233 930
152 235 221 233 930
606 196 222 233 930
662 81 225 234 931
25 204 221 234 931
552 234 225 234 931
606 197 234 234 931
552 235 223 235 932
152 237 224 235 932
606 198 221 235 932
461 204 223 235 932
585 234 226 236 933
606 199 233 236 933
585 235 221 237 934
606 200 227 237 934
107 101 230 238 935
105 214 221 238 935
585 237 233 239 936
107 102 223 239 936
105 215 224 239 936
585 238 224 240 937
461 209 221 240 937
107 103 229 240 937
105 216 224 240 937
585 239 224 241 938
606 204 223 241 938
107 104 231 241 938
585 240 229 242 939
107 105 246 242 939
105 218 227 242 939
552 243 221 243 940
152 245 221 243 940
585 241 225 243 940
606 206 225 243 940
107 106 224 243 940
105 219 223 243 940
585 242 223 244 941
606 207 222 244 941
107 107 225 244 941
105 220 227 244 941
585 243 227 245 942
606 208 221 245 942
107 108 222 245 942
585 244 227 246 943
606 209 223 246 943
105 222 225 246 943
585 245 227 247 944
606 210 225 247 944
606 211 227 248 945
107 111 226 248 945
604 243 225 248 945
461 218 221 249 946
107 112 221 249 946
604 244 223 249 946
552 250 224 250 947
107 113 224 250 947
789 245 221 250 947
461 220 221 251 948
606 214 221 251 948
107 114 223 251 948
552 253 223 253 950
152 255 221 253 950
606 216 221 253 950
107 116 221 253 950
789 248 221 253 950
662 101 225 254 951
662 102 221 255 952
585 253 222 255 952
107 118 222 255 952
662 103 221 256 953
107 119 224 256 953
662 104 225 257 954
789 252 221 257 954
235 139 221 258 955
662 105 228 258 955
552 258 221 258 955
606 221 226 258 955
107 121 225 258 955
662 106 230 259 956
552 259 227 259 956
606 222 227 259 956
107 122 222 259 956
606 223 224 260 957
107 123 224 260 957
152 263 221 261 958
585 259 222 261 958
606 224 225 261 958
606 225 224 262 959
789 257 222 262 959
606 226 221 263 960
789 258 221 263 960
606 227 224 264 961
606 228 222 265 962
152 268 225 266 963
606 229 225 266 963
152 269 225 267 964
604 261 221 267 964
606 230 225 267 964
789 262 221 267 964
585 266 222 268 965
150 35 221 268 965
606 231 221 268 965
95 272 223 268 965
552 269 222 269 966
150 36 224 269 966
606 232 227 269 966
150 37 221 270 967
606 233 223 270 967
606 234 227 271 968
604 266 224 272 969
606 235 227 272 969
95 276 221 272 969
235 154 223 272 969
604 267 223 273 970
606 236 226 273 970
662 121 223 274 971
150 41 221 274 971
606 237 227 274 971
152 277 221 275 972
662 122 227 275 972
552 275 221 275 972
606 238 224 275 972
662 123 223 276 973
606 239 223 276 973
235 158 223 276 973
662 124 225 277 974
95 281 225 277 974
662 125 223 278 975
152 280 221 278 975
606 241 231 278 975
662 126 227 279 976
152 281 221 279 976
552 279 222 279 976
606 242 231 279 976
150 46 223 279 976
662 127 226 280 977
552 280 225 280 977
150 47 223 280 977
606 243 233 280 977
95 284 222 280 977
662 128 224 281 978
150 48 227 281 978
107 144 223 281 978
95 285 222 281 978
152 284 221 282 979
662 129 225 282 979
606 245 225 282 979
150 49 223 282 979
107 145 221 282 979
152 285 221 283 980
662 130 225 283 980
606 246 225 283 980
150 50 221 283 980
107 146 221 283 980
152 286 221 284 981
662 131 225 284 981
552 284 221 284 981
606 247 232 284 981
150 51 222 284 981
152 287 222 285 982
662 132 227 285 982
150 52 221 285 982
152 288 223 286 983
662 133 227 286 983
606 249 225 286 983
150 53 221 286 983
606 250 233 287 984
150 54 222 287 984
606 252 222 289 986
152 292 227 290 987
606 254 221 291 988
95 295 224 291 988
751 248 226 291 988
606 255 225 292 989
95 296 228 292 989
152 295 221 293 990
606 256 227 293 990
95 297 225 293 990
152 296 221 294 991
606 257 225 294 991
585 293 221 295 992
606 258 226 295 992
662 143 223 296 993
585 294 226 296 993
107 159 222 296 993
662 144 226 297 994
585 295 225 297 994
606 260 230 297 994
105 273 224 297 994
662 145 224 298 995
606 261 224 298 995
150 65 221 298 995
107 161 225 298 995
662 146 229 299 996
585 298 223 300 997
606 263 222 300 997
107 163 221 300 997
585 299 225 301 998
95 305 221 301 998
585 300 225 302 999
662 150 221 303 1000
585 301 224 303 1000
606 266 222 303 1000
606 267 227 304 1001
107 167 224 304 1001
585 303 227 305 1002
606 268 237 305 1002
107 168 225 305 1002
105 281 231 305 1002
107 169 224 306 1003
95 310 221 306 1003
105 282 229 306 1003
107 170 224 307 1004
105 283 223 307 1004
606 271 223 308 1005
105 284 221 308 1005
585 307 223 309 1006
606 272 221 309 1006
105 285 232 309 1006
662 157 221 310 1007
606 273 223 310 1007
107 173 221 310 1007
105 286 231 310 1007
606 274 233 311 1008
107 174 228 311 1008
606 275 235 312 1009
107 175 223 312 1009
662 160 230 313 1010
606 276 225 313 1010
150 80 221 313 1010
95 317 221 313 1010
585 312 221 314 1011
107 177 225 314 1011
552 315 222 315 1012
662 162 225 315 1012
585 313 237 315 1012
789 310 223 315 1012
107 178 226 315 1012
152 318 224 316 1013
585 314 223 316 1013
150 83 224 316 1013
152 319 221 317 1014
552 317 225 317 1014
585 315 227 317 1014
150 84 225 317 1014
107 1 225 317 1014
95 3 223 317 1014
152 320 221 318 1015
585 316 221 318 1015
606 281 224 318 1015
105 294 225 318 1015
756 302 221 319 1016
662 166 227 319 1016
606 283 224 320 1017
107 4 223 320 1017
235 1 223 320 1017
152 323 229 321 1018
604 315 224 321 1018
606 284 223 321 1018
235 2 223 321 1018
105 298 228 322 1019
666 327 226 325 1022
666 328 241 326 1023
772 334 224 327 1024
211 330 231 327 1024
653 316 242 327 1024
171 285 225 327 1024
343 315 223 327 1024
245 337 231 327 1024
520 331 223 327 1024
407 43 226 328 1025
669 330 228 328 1025
19 326 226 328 1025
610 33 231 329 1026
385 296 223 329 1026
654 323 227 330 1027
229 342 221 332 1029
313 247 225 333 1030
59 239 227 333 1030
271 286 235 340 1037
425 220 233 340 1037
775 59 231 341 1038
11 62 225 341 1038
65 288 227 341 1038
572 344 235 341 1038
633 328 222 341 1038
41 345 228 341 1038
271 287 224 341 1038
775 60 227 342 1039
633 329 223 342 1039
271 288 232 342 1039
41 346 229 342 1039
463 351 221 342 1039
65 290 223 343 1040
572 346 221 343 1040
633 330 222 343 1040
271 289 223 343 1040
425 223 222 343 1040
572 347 223 344 1041
633 331 225 344 1041
271 290 223 344 1041
644 343 224 345 1042
271 292 225 346 1043
633 334 223 347 1044
392 353 221 348 1045
572 351 223 348 1045
271 294 233 348 1045
392 354 224 349 1046
633 336 221 349 1046
644 347 223 349 1046
425 229 221 349 1046
572 353 223 350 1047
644 348 223 350 1047
271 296 221 350 1047
392 356 223 351 1048
644 349 223 351 1048
271 297 222 351 1048
392 357 225 352 1049
572 355 223 352 1049
644 350 224 352 1049
271 298 223 352 1049
392 358 225 353 1050
65 300 222 353 1050
633 340 222 353 1050
644 351 221 353 1050
392 359 224 354 1051
392 360 232 355 1052
633 342 223 355 1052
644 353 222 355 1052
392 361 234 356 1053
572 359 224 356 1053
633 343 225 356 1053
425 236 221 356 1053
572 360 225 357 1054
633 344 221 357 1054
633 345 223 358 1055
644 357 221 359 1056
633 347 223 360 1057
572 364 221 361 1058
572 365 224 362 1059
633 350 221 363 1060
425 243 225 363 1060
425 244 224 364 1061
392 372 235 367 1064
392 373 230 368 1065
633 355 222 368 1065
392 374 235 369 1066
284 375 221 369 1066
41 373 221 369 1066
392 375 229 370 1067
644 368 222 370 1067
425 250 227 371 1068
392 376 226 371 1068
392 377 227 372 1069
572 375 227 372 1069
392 378 233 373 1070
572 376 225 373 1070
633 360 221 373 1070
392 379 239 374 1071
572 377 223 374 1071
644 372 223 374 1071
392 380 233 375 1072
572 378 221 375 1072
633 362 224 375 1072
644 373 221 375 1072
463 384 221 376 1073
392 381 241 376 1073
633 363 226 376 1073
775 95 227 376 1073
425 256 231 377 1074
392 382 238 377 1074
572 380 222 377 1074
775 96 226 377 1074
425 257 233 378 1075
392 383 229 378 1075
572 381 221 378 1075
644 376 223 378 1075
775 97 225 378 1075
425 258 235 379 1076
392 384 237 379 1076
572 382 225 379 1076
633 366 221 379 1076
271 325 222 379 1076
775 98 226 379 1076
425 259 235 380 1077
392 385 237 380 1077
572 383 225 380 1077
633 367 225 380 1077
775 99 227 380 1077
425 260 235 381 1078
392 386 235 381 1078
572 384 224 381 1078
633 368 229 381 1078
644 379 229 381 1078
775 100 231 381 1078
425 261 229 382 1079
392 387 233 382 1079
572 385 226 382 1079
633 369 228 382 1079
644 380 221 382 1079
775 101 229 382 1079
425 262 230 383 1080
392 388 231 383 1080
644 381 225 383 1080
271 329 223 383 1080
425 263 231 384 1081
392 389 233 384 1081
633 371 223 384 1081
271 330 223 384 1081
401 374 221 384 1081
463 393 223 385 1082
392 390 235 385 1082
572 388 226 385 1082
401 375 221 385 1082
463 394 223 385 1082
425 265 227 386 1083
392 391 234 386 1083
572 389 224 386 1083
244 384 221 386 1083
633 373 221 386 1083
644 384 223 386 1083
271 332 221 386 1083
401 376 223 386 1083
463 395 222 386 1083
392 392 235 387 1084
644 385 225 387 1084
271 333 221 387 1084
775 106 223 387 1084
425 267 228 388 1085
392 393 231 388 1085
572 391 221 388 1085
633 375 223 388 1085
271 334 221 388 1085
775 107 222 388 1085
425 268 224 389 1086
392 394 231 389 1086
633 376 222 389 1086
644 387 221 389 1086
271 335 225 389 1086
775 108 222 389 1086
425 269 228 390 1087
392 395 223 390 1087
572 393 231 390 1087
271 336 224 390 1087
775 109 224 390 1087
401 380 221 390 1087
425 270 231 391 1088
392 396 228 391 1088
572 394 233 391 1088
633 378 222 391 1088
271 337 225 391 1088
775 110 225 391 1088
463 400 223 391 1088
425 271 227 392 1089
392 397 239 392 1089
633 379 221 392 1089
644 390 221 392 1089
775 111 229 392 1089
425 272 226 393 1090
572 396 237 393 1090
392 398 222 393 1090
633 380 224 393 1090
271 339 223 393 1090
463 402 222 393 1090
425 273 229 394 1091
572 397 226 394 1091
392 399 235 394 1091
633 381 222 394 1091
271 340 223 394 1091
775 113 224 394 1091
425 274 223 395 1092
572 398 227 395 1092
392 400 227 395 1092
633 382 223 395 1092
644 393 227 395 1092
271 341 233 395 1092
41 399 221 395 1092
775 114 225 395 1092
425 275 222 396 1093
572 399 227 396 1093
392 401 231 396 1093
271 342 240 396 1093
775 115 225 396 1093
425 276 223 397 1094
572 400 228 397 1094
392 402 234 397 1094
644 395 222 397 1094
271 343 247 397 1094
425 277 223 398 1095
572 401 231 398 1095
392 403 230 398 1095
633 385 222 398 1095
644 396 221 398 1095
271 344 225 398 1095
775 117 223 398 1095
425 278 222 399 1096
572 402 235 399 1096
392 404 227 399 1096
633 386 223 399 1096
644 397 221 399 1096
271 345 235 399 1096
572 403 229 400 1097
392 405 231 400 1097
644 398 230 400 1097
271 346 239 400 1097
775 119 235 400 1097
572 404 237 401 1098
425 280 221 401 1098
392 406 223 401 1098
633 388 221 401 1098
644 399 225 401 1098
271 347 223 401 1098
775 120 225 401 1098
463 410 222 401 1098
572 405 234 402 1099
425 281 221 402 1099
392 407 227 402 1099
633 389 227 402 1099
271 348 223 402 1099
775 121 225 402 1099
463 411 221 402 1099
572 406 225 403 1100
425 282 231 403 1100
392 408 233 403 1100
644 401 223 403 1100
775 122 225 403 1100
572 407 225 404 1101
392 409 227 404 1101
644 402 227 404 1101
271 350 225 404 1101
572 408 233 405 1102
392 410 230 405 1102
271 351 235 405 1102
775 124 223 405 1102
572 409 225 405 1102
425 285 228 406 1103
721 396 221 406 1103
644 404 227 406 1103
271 352 232 406 1103
572 410 231 407 1104
425 286 225 407 1104
392 412 229 407 1104
271 353 231 407 1104
775 126 225 407 1104
572 411 226 407 1104
392 413 231 408 1105
425 287 221 408 1105
644 406 221 408 1105
271 354 231 408 1105
775 127 222 408 1105
572 412 222 408 1105
425 288 227 409 1106
392 414 237 409 1106
271 355 226 409 1106
572 413 221 409 1106
425 289 222 410 1107
392 415 237 410 1107
633 397 221 410 1107
644 408 225 410 1107
572 414 221 410 1107
392 416 233 411 1108
644 409 227 411 1108
271 357 225 411 1108
572 415 223 412 1109
392 417 239 412 1109
644 410 227 412 1109
271 358 239 412 1109
572 416 229 413 1110
425 292 226 413 1110
392 418 235 413 1110
633 400 227 413 1110
644 411 223 413 1110
271 359 233 413 1110
775 132 224 413 1110
572 417 235 414 1111
425 293 227 414 1111
392 419 226 414 1111
633 401 221 414 1111
644 412 223 414 1111
41 418 221 414 1111
271 360 235 414 1111
572 418 227 415 1112
425 294 231 415 1112
392 420 236 415 1112
271 361 237 415 1112
775 134 223 415 1112
572 419 227 415 1112
425 295 227 416 1113
392 421 230 416 1113
633 403 221 416 1113
644 414 231 416 1113
271 362 239 416 1113
572 420 225 416 1113
425 296 233 417 1114
392 422 236 417 1114
633 404 223 417 1114
644 415 231 417 1114
271 363 238 417 1114
572 421 221 417 1114
425 297 221 418 1115
392 423 232 418 1115
633 405 221 418 1115
271 364 235 418 1115
775 137 221 418 1115
572 422 226 419 1116
425 298 225 419 1116
392 424 241 419 1116
644 417 221 419 1116
271 365 234 419 1116
572 423 225 419 1116
425 299 221 420 1117
392 425 221 420 1117
644 418 222 420 1117
271 366 222 420 1117
572 424 221 421 1118
392 426 231 421 1118
271 367 223 421 1118
572 425 221 421 1118
425 301 221 422 1119
392 427 229 422 1119
392 428 229 423 1120
271 369 225 423 1120
392 429 231 424 1121
271 370 223 424 1121
392 430 225 425 1122
572 429 225 425 1122
392 431 226 426 1123
271 372 221 426 1123
644 424 221 426 1123
392 432 223 427 1124
728 263 221 427 1124
271 373 221 427 1124
425 307 227 428 1125
392 433 227 428 1125
271 374 221 428 1125
644 426 223 428 1125
425 308 233 429 1126
392 434 231 429 1126
271 375 227 429 1126
65 377 223 430 1127
392 435 233 430 1127
271 376 227 430 1127
572 434 222 430 1127
425 310 225 431 1128
392 436 236 431 1128
633 418 222 431 1128
271 377 229 431 1128
392 437 235 432 1129
271 378 237 432 1129
775 151 224 432 1129
572 436 221 432 1129
425 312 221 433 1130
392 438 235 433 1130
271 379 231 433 1130
644 431 230 433 1130
775 152 229 433 1130
572 437 225 433 1130
425 313 228 434 1131
392 439 232 434 1131
633 421 226 434 1131
271 380 233 434 1131
644 432 230 434 1131
775 153 228 434 1131
572 438 221 434 1131
425 314 222 435 1132
271 381 229 435 1132
401 425 221 435 1132
775 154 233 435 1132
572 439 223 435 1132
425 315 225 435 1132
392 441 233 436 1133
271 382 233 436 1133
644 434 224 436 1133
401 426 221 436 1133
775 155 232 436 1133
463 445 221 436 1133
572 440 227 436 1133
425 316 223 436 1133
392 442 231 437 1134
271 383 247 437 1134
775 156 233 437 1134
572 441 221 437 1134
425 317 221 437 1134
392 443 228 438 1135
633 425 223 438 1135
271 384 230 438 1135
401 428 221 438 1135
572 442 225 438 1135
775 157 230 438 1135
392 444 229 439 1136
633 426 222 439 1136
271 385 237 439 1136
41 443 221 439 1136
775 158 233 439 1136
572 443 235 439 1136
425 319 222 439 1136
65 387 222 440 1137
392 445 233 440 1137
271 386 236 440 1137
775 159 225 440 1137
572 444 225 440 1137
463 449 226 440 1137
65 388 222 440 1137
392 446 225 441 1138
271 387 223 441 1138
644 439 223 441 1138
775 160 235 441 1138
425 321 223 441 1138
572 445 234 441 1138
463 450 222 441 1138
65 389 223 442 1139
392 447 226 442 1139
271 388 234 442 1139
572 446 235 442 1139
392 448 225 443 1140
271 389 236 443 1140
572 447 230 443 1140
425 323 224 443 1140
392 449 223 444 1141
271 390 237 444 1141
644 442 222 444 1141
401 434 221 444 1141
572 448 237 444 1141
425 324 225 444 1141
633 432 224 445 1142
271 391 223 445 1142
425 325 223 445 1142
392 451 225 446 1143
271 392 227 446 1143
775 165 224 446 1143
425 326 222 446 1143
572 450 237 446 1143
271 393 230 447 1144
425 327 231 447 1144
572 451 238 447 1144
271 394 232 448 1145
775 167 222 448 1145
425 328 221 448 1145
572 452 226 448 1145
392 454 222 449 1146
644 447 223 449 1146
271 395 235 449 1146
775 168 231 449 1146
572 453 230 449 1146
392 455 232 450 1147
633 437 223 450 1147
271 396 227 450 1147
644 448 229 450 1147
775 169 223 450 1147
572 454 223 450 1147
392 456 231 451 1148
271 397 235 451 1148
644 449 232 451 1148
775 170 223 451 1148
425 331 223 451 1148
572 455 221 451 1148
392 457 229 452 1149
271 398 241 452 1149
644 450 228 452 1149
572 456 224 452 1149
425 332 222 452 1149
392 458 237 453 1150
644 451 223 453 1150
271 399 247 453 1150
775 172 226 453 1150
572 457 233 453 1150
425 333 223 453 1150
65 401 225 453 1150
392 459 237 454 1151
644 452 222 454 1151
271 400 241 454 1151
401 444 221 454 1151
775 173 222 454 1151
572 458 240 454 1151
425 334 221 454 1151
392 460 233 455 1152
271 401 222 455 1152
425 335 221 455 1152
65 403 224 455 1152
392 461 233 456 1153
633 443 225 456 1153
271 402 221 456 1153
775 175 222 456 1153
572 460 225 456 1153
425 336 223 456 1153
65 404 225 456 1153
392 462 232 457 1154
633 444 223 457 1154
271 403 245 457 1154
775 176 225 457 1154
572 461 235 457 1154
425 337 230 457 1154
65 405 227 457 1154
392 463 227 457 1154
633 445 221 458 1155
271 404 241 458 1155
572 462 234 458 1155
425 338 224 458 1155
271 405 247 459 1156
572 463 227 459 1156
425 339 225 459 1156
392 465 231 459 1156
644 458 222 460 1157
271 406 247 460 1157
775 179 228 460 1157
572 464 233 460 1157
425 340 222 460 1157
392 466 228 460 1157
644 459 225 461 1158
271 407 244 461 1158
775 180 225 461 1158
572 465 236 461 1158
392 467 230 461 1158
633 449 221 462 1159
271 408 243 462 1159
775 181 231 462 1159
572 466 233 462 1159
392 468 227 462 1159
633 450 221 463 1160
271 409 243 463 1160
41 467 221 463 1160
775 182 221 463 1160
572 467 235 463 1160
392 469 229 463 1160
644 462 226 464 1161
271 410 245 464 1161
41 468 221 464 1161
775 183 239 464 1161
425 344 230 464 1161
572 468 234 464 1161
392 470 229 464 1161
644 463 227 465 1162
271 411 246 465 1162
775 184 239 465 1162
572 469 237 465 1162
392 471 225 465 1162
271 412 248 466 1163
41 470 224 466 1163
775 185 238 466 1163
425 346 231 466 1163
572 470 227 466 1163
65 414 221 466 1163
392 472 226 466 1163
271 413 246 467 1164
41 471 223 467 1164
775 186 235 467 1164
425 347 227 467 1164
572 471 239 467 1164
65 415 222 467 1164
392 473 229 467 1164
633 455 223 468 1165
644 466 225 468 1165
271 414 245 468 1165
775 187 233 468 1165
572 472 239 468 1165
392 474 227 468 1165
644 467 224 469 1166
271 415 245 469 1166
775 188 235 469 1166
425 349 221 469 1166
572 473 235 469 1166
65 417 222 469 1166
392 475 228 470 1167
633 457 223 470 1167
271 416 244 470 1167
425 350 222 470 1167
572 474 234 470 1167
271 417 245 471 1168
572 475 223 471 1168
392 477 221 471 1168
271 418 224 472 1169
775 191 226 472 1169
572 476 230 472 1169
633 460 221 473 1170
271 419 227 473 1170
775 192 228 473 1170
425 353 221 473 1170
572 477 227 473 1170
644 472 224 474 1171
271 420 239 474 1171
775 193 228 474 1171
572 478 225 474 1171
644 473 225 475 1172
271 421 239 475 1172
775 194 226 475 1172
572 479 233 475 1172
65 423 222 475 1172
392 481 223 476 1173
633 463 222 476 1173
644 474 225 476 1173
271 422 239 476 1173
775 195 225 476 1173
572 480 231 476 1173
392 482 221 476 1173
271 423 241 477 1174
775 196 225 477 1174
572 481 233 477 1174
463 486 221 477 1174
392 483 223 477 1174
65 425 222 477 1174
644 476 223 478 1175
271 424 246 478 1175
775 197 225 478 1175
463 487 222 478 1175
572 482 235 478 1175
392 484 221 478 1175
644 477 233 479 1176
271 425 239 479 1176
775 198 228 479 1176
425 359 221 479 1176
572 483 231 479 1176
65 427 223 479 1176
644 478 235 480 1177
271 426 242 480 1177
572 484 231 480 1177
463 489 221 480 1177
644 479 236 481 1178
271 427 241 481 1178
775 200 227 481 1178
572 485 230 481 1178
392 487 221 481 1178
644 480 229 482 1179
271 428 232 482 1179
775 201 224 482 1179
572 486 231 482 1179
633 470 221 483 1180
644 481 230 483 1180
271 429 233 483 1180
775 202 223 483 1180
572 487 231 483 1180
633 471 224 484 1181
644 482 237 484 1181
271 430 233 484 1181
775 203 230 484 1181
425 364 224 484 1181
572 488 226 484 1181
463 493 223 484 1181
271 431 231 485 1182
425 365 221 485 1182
572 489 227 485 1182
633 473 221 486 1183
271 432 227 486 1183
775 205 223 486 1183
425 366 224 486 1183
572 490 227 486 1183
392 492 223 486 1183
463 495 225 486 1183
65 434 221 486 1183
271 433 223 487 1184
401 477 221 487 1184
775 206 223 487 1184
572 491 223 487 1184
392 493 221 487 1184
271 434 239 488 1185
425 368 226 488 1185
572 492 234 488 1185
271 435 234 489 1186
425 370 235 490 1187
572 494 224 490 1187
463 499 223 490 1187
644 489 221 491 1188
425 371 223 491 1188
572 495 226 491 1188
392 497 227 491 1188
463 500 222 491 1188
644 490 225 492 1189
271 438 236 492 1189
775 211 229 492 1189
392 498 223 492 1189
463 501 223 492 1189
572 496 225 492 1189
644 491 227 493 1190
271 439 237 493 1190
775 212 227 493 1190
425 373 234 493 1190
463 502 223 493 1190
392 499 221 493 1190
572 497 228 493 1190
644 492 229 494 1191
271 440 235 494 1191
775 213 228 494 1191
425 374 233 494 1191
463 503 223 494 1191
572 498 223 494 1191
392 500 222 494 1191
633 482 221 495 1192
644 493 222 495 1192
271 441 227 495 1192
775 214 221 495 1192
463 504 223 495 1192
65 443 222 495 1192
271 442 235 496 1193
425 376 223 496 1193
463 505 221 496 1193
271 443 235 497 1194
401 487 221 497 1194
775 216 222 497 1194
425 377 232 497 1194
463 506 221 497 1194
572 501 223 497 1194
271 444 241 498 1195
775 217 227 498 1195
463 507 223 498 1195
572 502 231 498 1195
644 497 221 499 1196
271 445 239 499 1196
775 218 221 499 1196
65 447 222 499 1196
463 508 223 499 1196
644 498 224 500 1197
271 446 238 500 1197
775 219 226 500 1197
425 380 221 500 1197
65 448 221 500 1197
463 509 224 500 1197
633 488 221 501 1198
271 447 235 501 1198
633 489 226 502 1199
644 500 223 502 1199
271 448 223 502 1199
65 450 222 502 1199
463 511 222 502 1199
644 501 226 503 1200
271 449 227 503 1200
775 222 225 503 1200
463 512 224 503 1200
392 509 222 503 1200
572 507 228 503 1200
633 491 222 504 1201
644 502 231 504 1201
271 450 232 504 1201
775 223 223 504 1201
463 513 223 504 1201
392 510 232 504 1201
572 508 226 504 1201
644 503 231 505 1202
271 451 237 505 1202
41 509 222 505 1202
775 224 224 505 1202
425 385 227 505 1202
392 511 227 505 1202
572 509 227 506 1203
644 504 230 506 1203
271 452 237 506 1203
775 225 226 506 1203
425 386 229 506 1203
463 515 225 506 1203
392 512 221 506 1203
572 510 229 507 1204
644 505 230 507 1204
271 453 239 507 1204
775 226 225 507 1204
463 516 221 507 1204
572 511 227 508 1205
644 506 227 508 1205
271 454 234 508 1205
463 517 225 508 1205
425 388 226 508 1205
572 512 236 509 1206
633 496 223 509 1206
271 455 224 509 1206
401 499 221 509 1206
775 228 222 509 1206
463 518 223 509 1206
425 389 223 509 1206
65 457 221 509 1206
572 513 225 509 1206
633 497 223 510 1207
41 514 223 510 1207
463 519 222 510 1207
425 390 222 510 1207
65 458 221 510 1207
572 514 223 510 1207
271 457 223 511 1208
401 501 221 511 1208
775 230 223 511 1208
463 520 223 511 1208
425 391 226 511 1208
392 517 229 511 1208
572 515 229 511 1208
633 499 221 512 1209
271 458 225 512 1209
41 516 227 512 1209
775 231 221 512 1209
392 518 235 512 1209
425 392 228 512 1209
572 516 233 512 1209
65 460 221 512 1209
633 500 221 513 1210
271 459 229 513 1210
41 517 225 513 1210
425 393 231 513 1210
392 519 226 513 1210
572 517 239 513 1210
65 461 227 513 1210
644 512 225 514 1211
271 460 228 514 1211
775 233 225 514 1211
392 520 233 514 1211
572 518 231 514 1211
271 461 233 515 1212
775 234 224 515 1212
392 521 229 515 1212
425 395 222 515 1212
644 514 224 516 1213
401 506 223 516 1213
775 235 223 516 1213
425 396 230 516 1213
392 522 233 516 1213
572 520 225 516 1213
644 515 223 517 1214
271 463 221 517 1214
775 236 225 517 1214
425 397 221 517 1214
392 523 227 517 1214
572 521 226 517 1214
644 516 225 518 1215
401 508 221 518 1215
775 237 228 518 1215
425 398 222 518 1215
572 522 225 518 1215
271 465 234 519 1216
775 238 227 519 1216
392 525 221 519 1216
572 523 227 519 1216
271 466 235 520 1217
401 510 221 520 1217
775 239 226 520 1217
425 400 222 520 1217
572 524 230 521 1218
644 519 223 521 1218
271 467 234 521 1218
401 511 222 521 1218
775 240 223 521 1218
425 401 228 521 1218
572 525 224 522 1219
644 520 221 522 1219
775 241 223 522 1219
392 528 223 522 1219
572 526 224 523 1220
644 521 228 523 1220
271 469 237 523 1220
573 528 222 523 1220
463 532 221 523 1220
572 527 227 524 1221
644 522 227 524 1221
271 470 238 524 1221
401 514 221 524 1221
775 243 227 524 1221
463 533 225 524 1221
425 404 226 524 1221
572 528 226 525 1222
463 534 221 525 1222
572 529 221 526 1223
644 524 223 526 1223
401 516 226 526 1223
572 530 224 527 1224
244 525 221 527 1224
644 525 223 527 1224
401 517 227 527 1224
644 526 221 528 1225
401 518 225 528 1225
572 533 233 530 1227
572 534 226 531 1228
401 522 222 532 1229
775 251 223 532 1229
572 536 225 533 1230
633 520 223 533 1230
401 523 221 533 1230
775 252 221 533 1230
392 539 223 534 1231
572 537 223 534 1231
633 521 222 534 1231
644 532 225 534 1231
401 524 222 534 1231
775 253 224 534 1231
425 414 223 534 1231
572 538 233 535 1232
644 533 225 535 1232
425 415 225 535 1232
392 541 221 536 1233
572 539 230 536 1233
633 523 225 536 1233
401 526 224 536 1233
392 542 233 536 1233
572 540 231 537 1234
633 524 233 537 1234
775 256 226 537 1234
425 417 223 538 1235
392 543 240 538 1235
572 541 224 538 1235
633 525 224 538 1235
775 257 226 538 1235
392 544 239 539 1236
425 418 223 539 1236
572 542 225 539 1236
633 526 230 539 1236
401 529 224 539 1236
392 545 227 540 1237
425 419 221 540 1237
572 543 225 540 1237
633 527 230 540 1237
573 545 222 540 1237
775 259 223 540 1237
392 546 225 541 1238
572 544 232 541 1238
633 528 233 541 1238
573 546 223 541 1238
775 260 222 541 1238
401 531 226 541 1238
392 547 233 542 1239
572 545 227 542 1239
633 529 227 542 1239
573 547 223 542 1239
644 540 231 542 1239
775 261 223 542 1239
401 532 225 542 1239
392 548 235 543 1240
425 422 233 543 1240
572 546 233 543 1240
633 530 227 543 1240
573 548 221 543 1240
644 541 227 543 1240
775 262 225 543 1240
401 533 226 543 1240
392 549 233 544 1241
644 542 222 544 1241
271 490 224 544 1241
41 548 223 544 1241
775 263 222 544 1241
401 534 225 544 1241
392 550 238 545 1242
425 424 226 545 1242
572 548 227 545 1242
633 532 222 545 1242
271 491 229 545 1242
775 264 222 545 1242
392 551 242 546 1243
425 425 228 546 1243
572 549 225 546 1243
633 533 222 546 1243
271 492 233 546 1243
392 552 241 547 1244
425 426 227 547 1244
572 550 225 547 1244
633 534 229 547 1244
271 493 228 547 1244
425 427 233 548 1245
392 553 235 548 1245
572 551 231 548 1245
633 535 223 548 1245
271 494 225 548 1245
41 552 221 548 1245
775 267 223 548 1245
463 557 229 548 1245
392 554 239 549 1246
572 552 223 549 1246
271 495 229 549 1246
463 558 223 549 1246
425 429 225 550 1247
392 555 241 550 1247
65 497 221 550 1247
572 553 223 550 1247
271 496 233 550 1247
644 548 224 550 1247
775 269 225 550 1247
425 430 221 551 1248
392 556 240 551 1248
572 554 225 551 1248
271 497 236 551 1248
775 270 226 551 1248
392 557 235 552 1249
572 555 225 552 1249
633 539 224 552 1249
644 550 225 552 1249
271 498 224 552 1249
775 271 227 552 1249
425 432 228 552 1249
463 561 224 552 1249
392 558 235 553 1250
572 556 235 553 1250
633 540 232 553 1250
644 551 221 553 1250
271 499 239 553 1250
425 433 232 553 1250
463 562 224 554 1251
392 559 233 554 1251
572 557 236 554 1251
633 541 230 554 1251
271 500 237 554 1251
41 558 223 554 1251
425 434 229 554 1251
463 563 225 555 1252
392 560 234 555 1252
572 558 234 555 1252
633 542 229 555 1252
573 560 221 555 1252
271 501 237 555 1252
425 435 222 555 1252
463 564 226 556 1253
392 561 233 556 1253
572 559 225 556 1253
573 561 221 556 1253
271 502 223 556 1253
41 560 233 556 1253
425 436 222 556 1253
425 437 229 557 1254
392 563 227 558 1255
572 561 226 558 1255
644 556 221 558 1255
41 562 223 558 1255
425 438 225 558 1255
573 564 224 559 1256
271 505 225 559 1256
775 278 231 559 1256
425 439 235 559 1256
65 507 223 560 1257
573 565 233 560 1257
271 506 231 560 1257
41 564 221 560 1257
65 511 222 564 1261
743 483 225 566 1263
638 557 239 568 1265
150 335 226 568 1265
157 580 223 568 1265
159 285 226 569 1266
191 362 221 569 1266
150 336 224 569 1266
576 541 231 569 1266
689 5 223 569 1266
191 363 228 570 1267
218 2 229 570 1267
689 7 226 571 1268
607 541 223 571 1268
652 567 221 572 1269
618 578 231 572 1269
384 580 233 574 1271
382 571 223 574 1271
277 125 225 575 1272
218 8 234 576 1273
783 565 226 577 1274
343 565 237 577 1274
652 575 222 580 1277
606 543 241 580 1277
418 583 224 580 1277
124 573 225 583 1280
124 574 222 584 1281
720 555 221 585 1282
745 593 227 588 1285
100 300 224 590 1287
315 272 231 590 1287
398 602 222 594 1291
99 330 223 596 1293
39 608 227 598 1295
555 595 223 600 1297
231 22 227 606 1303
132 579 224 607 1304
125 57 223 611 1308
125 61 225 615 1312
125 62 226 616 1313
666 619 221 617 1314
712 619 221 617 1314
125 63 222 617 1314
125 64 229 618 1315
125 65 223 619 1316
772 627 223 619 1316
767 624 224 622 1319
32 603 223 622 1319
772 630 221 622 1319
666 625 221 622 1319
767 625 223 623 1320
125 69 224 623 1320
32 604 222 623 1320
772 631 221 623 1320
32 605 227 624 1321
772 632 221 624 1321
22 575 236 625 1322
32 606 227 625 1322
701 627 225 625 1322
205 347 234 625 1322
527 629 223 626 1323
652 621 239 626 1323
32 607 221 626 1323
772 634 225 626 1323
32 608 223 627 1324
125 74 221 628 1325
349 628 225 629 1326
475 158 225 631 1328
329 570 226 632 1329
350 640 223 632 1329
772 640 233 632 1329
653 260 221 632 1329
666 635 225 632 1329
85 318 230 633 1330
229 648 222 638 1335
649 65 222 640 1337
183 642 227 641 1338
248 627 223 643 1340
300 631 232 643 1340
308 599 223 643 1340
751 81 246 643 1340
384 650 227 644 1341
488 646 223 645 1342
751 1 223 645 1342
756 76 243 645 1342
308 601 239 645 1342
718 556 227 646 1343
107 71 222 646 1343
300 634 233 646 1343
488 647 237 646 1343
756 77 237 646 1343
768 707 227 646 1343
718 557 221 647 1344
488 648 225 647 1344
756 78 229 647 1344
718 558 225 648 1345
107 73 221 648 1345
488 649 225 648 1345
300 636 235 648 1345
756 79 227 648 1345
544 77 225 648 1345
571 19 225 648 1345
488 650 221 649 1346
756 81 227 650 1347
756 82 229 651 1348
718 562 222 652 1349
107 77 225 652 1349
756 83 227 652 1349
554 656 221 653 1350
756 84 230 653 1350
756 85 226 654 1351
107 80 222 655 1352
756 86 226 655 1352
756 87 225 656 1353
756 88 233 657 1354
107 83 221 658 1355
718 568 223 658 1355
756 89 233 658 1355
107 84 228 659 1356
718 569 227 659 1356
756 90 241 659 1356
107 86 238 660 1357
718 571 232 661 1358
756 92 239 661 1358
372 642 221 661 1358
107 1 224 662 1359
756 93 239 662 1359
372 643 223 662 1359
718 573 231 662 1359
107 2 231 663 1360
369 664 233 663 1360
756 94 230 663 1360
372 644 225 663 1360
718 574 223 664 1361
67 603 221 664 1361
107 3 233 664 1361
369 665 221 664 1361
756 95 237 664 1361
718 575 224 665 1362
107 4 233 665 1362
756 96 239 665 1362
718 576 233 665 1362
756 97 235 666 1363
76 590 229 666 1363
718 577 227 666 1363
369 668 221 667 1364
756 98 231 667 1364
680 610 234 668 1365
729 85 225 668 1365
39 679 225 669 1366
756 100 235 669 1366
718 580 221 670 1367
756 101 233 670 1367
718 581 225 671 1368
756 102 231 671 1368
718 582 222 671 1368
756 103 235 672 1369
372 653 227 672 1369
718 583 221 672 1369
756 104 237 673 1370
718 584 225 673 1370
756 105 235 674 1371
290 682 223 675 1372
756 106 239 675 1372
388 685 233 679 1376
117 591 227 679 1376
778 681 222 679 1376
194 749 230 758 1455
214 642 222 759 1456
28 755 226 759 1456
349 758 222 759 1456
632 304 231 759 1456
218 92 223 759 1456
194 750 229 759 1456
28 756 230 760 1457
349 759 235 760 1457
238 741 225 760 1457
632 305 229 760 1457
194 751 227 760 1457
218 93 223 760 1457
202 28 223 761 1458
28 757 222 761 1458
349 760 235 761 1458
84 764 222 761 1458
238 742 226 761 1458
632 306 224 761 1458
194 752 225 761 1458
28 758 221 762 1459
349 761 234 762 1459
632 307 224 762 1459
194 753 221 762 1459
28 759 224 763 1460
349 762 226 763 1460
84 766 225 763 1460
632 308 221 763 1460
321 437 224 763 1460
194 754 225 763 1460
28 760 226 764 1461
349 763 232 764 1461
84 767 238 764 1461
632 309 226 764 1461
194 755 227 764 1461
28 761 226 765 1462
84 768 221 765 1462
349 764 229 765 1462
238 746 223 765 1462
321 439 227 765 1462
632 310 225 765 1462
194 756 225 765 1462
28 762 225 766 1463
84 769 228 766 1463
349 765 231 766 1463
238 747 224 766 1463
632 311 230 766 1463
194 757 228 766 1463
28 763 227 767 1464
349 766 221 767 1464
632 312 229 767 1464
194 758 224 767 1464
28 764 230 768 1465
349 767 226 768 1465
84 771 223 768 1465
238 749 226 768 1465
321 442 221 768 1465
632 313 231 768 1465
194 759 224 768 1465
28 765 231 769 1466
709 766 222 769 1466
349 768 231 769 1466
84 772 232 769 1466
632 314 232 769 1466
194 760 224 769 1466
218 102 221 769 1466
139 756 221 770 1467
349 769 232 770 1467
321 444 221 770 1467
214 654 222 771 1468
28 767 221 771 1468
321 445 228 771 1468
349 770 226 771 1468
84 774 231 771 1468
218 104 224 771 1468
28 768 224 772 1469
321 446 223 772 1469
84 775 233 772 1469
500 754 221 772 1469
28 769 230 773 1470
84 776 232 773 1470
349 772 233 773 1470
218 106 226 773 1470
28 770 223 774 1471
321 448 225 774 1471
84 777 227 774 1471
321 449 224 775 1472
84 778 237 775 1472
349 774 239 775 1472
321 450 222 776 1473
84 779 237 776 1473
28 773 222 777 1474
84 780 237 777 1474
28 774 224 778 1475
321 452 225 778 1475
84 781 231 778 1475
349 775 238 779 1476
28 775 227 779 1476
321 453 223 779 1476
84 782 233 779 1476
349 778 236 779 1476
28 776 221 780 1477
611 772 222 780 1477
349 779 239 780 1477
321 454 222 780 1477
84 783 234 780 1477
28 777 231 781 1478
349 780 239 781 1478
321 455 223 781 1478
84 784 225 781 1478
28 778 233 782 1479
139 768 222 782 1479
349 781 223 782 1479
84 785 229 782 1479
632 327 223 782 1479
28 779 231 783 1480
349 782 233 783 1480
84 786 237 783 1480
28 780 230 784 1481
349 783 231 784 1481
321 457 221 784 1481
321 458 222 784 1481
84 787 235 784 1481
28 781 233 785 1482
577 152 222 785 1482
349 784 232 785 1482
321 459 225 785 1482
84 788 229 785 1482
238 766 221 785 1482
632 330 224 785 1482
218 118 222 785 1482
28 782 227 786 1483
349 785 231 786 1483
321 460 221 786 1483
238 767 222 786 1483
28 783 226 787 1484
321 461 223 787 1484
238 768 224 787 1484
84 790 238 787 1484
349 786 224 787 1484
84 791 239 788 1485
349 787 237 788 1485
28 785 224 789 1486
349 788 237 789 1486
321 463 224 789 1486
84 792 237 789 1486
28 786 227 790 1487
349 789 235 790 1487
84 793 231 790 1487
349 790 229 791 1488
84 794 224 791 1488
218 124 222 791 1488
28 788 230 792 1489
577 159 221 792 1489
349 791 234 792 1489
84 795 228 792 1489
321 466 221 792 1489
218 125 223 792 1489
28 789 227 793 1490
349 792 231 793 1490
84 796 223 793 1490
28 790 223 794 1491
611 785 222 794 1491
349 793 227 794 1491
84 797 229 794 1491
500 776 221 794 1491
349 794 227 795 1492
84 798 227 795 1492
500 777 221 795 1492
546 492 221 796 1493
84 799 242 796 1493
28 793 222 797 1494
349 796 230 797 1494
84 800 238 797 1494
349 797 225 798 1495
84 801 235 798 1495
28 795 223 799 1496
349 798 226 799 1496
84 802 237 799 1496
218 132 226 799 1496
611 791 221 800 1497
546 496 221 800 1497
349 799 222 800 1497
84 803 233 800 1497
321 474 224 800 1497
349 800 230 801 1498
84 804 235 801 1498
84 805 229 802 1499
28 799 226 803 1500
349 802 221 803 1500
84 806 227 803 1500
28 800 223 804 1501
349 803 224 804 1501
84 807 237 804 1501
632 349 224 804 1501
321 478 222 805 1502
28 801 225 805 1502
349 804 241 805 1502
611 797 222 805 1502
321 479 223 805 1502
500 787 222 805 1502
218 138 227 805 1502
28 802 229 806 1503
349 805 232 806 1503
611 798 222 806 1503
84 809 226 806 1503
632 351 224 806 1503
500 788 223 806 1503
218 139 225 806 1503
28 803 226 807 1504
611 799 223 807 1504
84 810 242 807 1504
500 789 221 807 1504
28 804 229 808 1505
349 807 227 808 1505
611 800 223 808 1505
84 811 236 808 1505
321 482 221 808 1505
632 353 231 808 1505
28 805 229 809 1506
349 808 241 809 1506
611 801 222 809 1506
84 812 239 809 1506
632 354 224 809 1506
28 806 226 810 1507
517 366 221 810 1507
349 809 235 810 1507
84 813 233 810 1507
321 484 223 810 1507
632 355 228 810 1507
28 807 227 811 1508
517 367 221 811 1508
349 810 233 811 1508
84 814 239 811 1508
500 793 222 811 1508
28 808 227 812 1509
349 811 233 812 1509
84 815 221 812 1509
28 809 229 813 1510
349 812 239 813 1510
84 816 234 813 1510
632 358 224 813 1510
28 810 231 814 1511
349 813 241 814 1511
84 817 223 814 1511
500 796 222 814 1511
28 811 227 815 1512
349 814 235 815 1512
84 818 229 815 1512
238 796 222 815 1512
218 148 222 815 1512
28 812 233 816 1513
349 815 237 816 1513
84 819 229 816 1513
321 490 225 816 1513
218 149 223 816 1513
28 813 237 817 1514
349 816 233 817 1514
321 491 229 817 1514
218 150 221 817 1514
28 814 234 818 1515
349 817 231 818 1515
84 821 227 818 1515
321 492 231 818 1515
218 151 223 818 1515
28 815 235 819 1516
349 818 236 819 1516
611 811 221 819 1516
321 493 231 819 1516
218 152 225 819 1516
28 816 235 820 1517
349 819 233 820 1517
611 812 223 820 1517
84 823 233 820 1517
321 494 227 820 1517
500 802 225 820 1517
218 153 223 820 1517
632 365 225 821 1518
28 817 222 821 1518
349 820 229 821 1518
194 812 223 821 1518
321 495 228 821 1518
500 803 222 821 1518
218 154 223 821 1518
28 818 224 822 1519
349 821 225 822 1519
84 825 233 822 1519
321 496 227 822 1519
500 804 221 822 1519
218 155 227 823 1520
28 819 225 823 1520
349 822 231 823 1520
84 826 227 823 1520
321 497 229 823 1520
500 805 223 823 1520
218 156 224 824 1521
28 820 228 824 1521
84 827 227 824 1521
28 821 232 825 1522
349 824 221 825 1522
84 828 229 825 1522
28 822 236 826 1523
349 825 235 826 1523
84 829 227 826 1523
28 823 238 827 1524
349 826 232 827 1524
84 830 231 827 1524
321 501 224 827 1524
632 372 227 828 1525
28 824 233 828 1525
84 831 238 828 1525
321 502 224 828 1525
349 827 227 828 1525
28 825 227 829 1526
349 828 226 829 1526
84 832 235 829 1526
321 503 234 829 1526
28 826 229 830 1527
349 829 232 830 1527
84 833 235 830 1527
321 504 232 830 1527
632 375 221 831 1528
28 827 223 831 1528
349 830 237 831 1528
84 834 237 831 1528
321 505 232 831 1528
218 164 222 832 1529
84 835 227 832 1529
321 506 228 832 1529
349 831 230 832 1529
28 829 225 833 1530
349 832 227 833 1530
321 507 231 833 1530
84 836 227 833 1530
194 824 225 833 1530
28 830 230 834 1531
349 833 227 834 1531
321 508 227 834 1531
84 837 231 834 1531
28 831 233 835 1532
349 834 233 835 1532
321 509 230 835 1532
84 838 241 835 1532
28 832 231 836 1533
321 510 228 836 1533
84 839 224 836 1533
28 833 227 837 1534
349 836 239 837 1534
321 511 222 837 1534
84 840 222 837 1534
28 834 225 838 1535
84 841 227 838 1535
349 837 227 839 1536
28 835 229 839 1536
321 513 225 839 1536
632 384 222 840 1537
28 836 233 840 1537
84 843 234 840 1537
632 385 223 841 1538
28 837 234 841 1538
349 840 222 841 1538
321 515 225 841 1538
84 844 234 841 1538
500 823 221 841 1538
28 838 232 842 1539
349 841 233 842 1539
321 516 230 842 1539
84 845 233 842 1539
218 175 222 843 1540
28 839 231 843 1540
349 842 226 843 1540
321 517 233 843 1540
84 846 237 843 1540
632 388 223 844 1541
218 176 223 844 1541
28 840 235 844 1541
349 843 233 844 1541
321 518 235 844 1541
84 847 239 844 1541
500 826 222 845 1542
218 177 229 845 1542
28 841 233 845 1542
349 844 225 845 1542
321 519 235 845 1542
84 848 235 845 1542
28 842 231 846 1543
349 845 227 846 1543
84 849 235 846 1543
194 837 224 846 1543
28 843 231 847 1544
84 850 234 847 1544
632 392 225 848 1545
28 844 222 848 1545
84 851 237 848 1545
632 393 221 849 1546
28 845 223 849 1546
349 848 231 849 1546
84 852 226 849 1546
321 523 222 849 1546
194 840 229 849 1546
632 394 231 849 1546
214 733 222 849 1546
28 846 237 850 1547
349 849 233 850 1547
84 853 225 850 1547
632 395 231 850 1547
28 847 233 851 1548
84 854 223 851 1548
321 525 221 851 1548
632 396 231 851 1548
218 184 225 851 1548
28 848 233 852 1549
349 851 231 852 1549
84 855 223 852 1549
321 526 230 852 1549
632 397 231 852 1549
28 849 231 853 1550
349 852 231 853 1550
84 856 231 853 1550
321 527 227 853 1550
632 398 226 853 1550
28 850 233 854 1551
349 853 227 854 1551
321 528 231 854 1551
28 851 231 855 1552
349 854 230 855 1552
84 858 225 855 1552
321 529 229 855 1552
28 852 221 856 1553
349 855 225 856 1553
84 859 230 856 1553
321 530 228 856 1553
28 853 225 857 1554
84 860 231 857 1554
349 856 227 857 1554
28 854 225 858 1555
349 857 231 858 1555
84 861 237 858 1555
321 532 225 858 1555
218 191 225 858 1555
500 840 225 859 1556
28 855 223 859 1556
84 862 239 859 1556
321 533 225 859 1556
349 859 221 860 1557
84 863 239 860 1557
321 534 222 860 1557
500 842 225 861 1558
28 857 227 861 1558
349 860 226 861 1558
84 864 240 861 1558
321 535 222 861 1558
218 194 221 862 1559
500 843 221 862 1559
28 858 224 862 1559
577 229 222 862 1559
349 861 229 862 1559
84 865 237 862 1559
321 536 221 862 1559
500 844 222 863 1560
28 859 229 863 1560
349 862 230 863 1560
84 866 229 863 1560
321 537 223 863 1560
84 867 235 864 1561
321 538 224 864 1561
500 846 225 865 1562
28 861 229 865 1562
84 868 231 865 1562
349 863 225 865 1562
218 198 225 866 1563
28 862 232 866 1563
84 869 227 866 1563
632 411 223 866 1563
218 199 221 867 1564
28 863 230 867 1564
84 870 225 867 1564
611 859 221 867 1564
500 849 223 868 1565
28 864 229 868 1565
349 865 227 868 1565
84 871 235 868 1565
194 859 221 869 1566
28 865 227 869 1566
84 872 235 869 1566
632 414 228 869 1566
28 866 231 870 1567
84 873 235 870 1567
194 861 227 870 1567
632 415 225 870 1567
28 867 230 871 1568
500 852 223 871 1568
349 867 227 871 1568
84 874 237 871 1568
632 416 225 871 1568
28 868 228 872 1569
500 853 221 872 1569
84 875 228 872 1569
321 546 222 872 1569
632 417 224 872 1569
218 205 222 873 1570
28 869 229 873 1570
500 854 223 873 1570
84 876 222 873 1570
632 418 227 873 1570
349 872 228 873 1570
218 206 225 874 1571
28 870 222 874 1571
84 877 237 874 1571
349 874 225 875 1572
84 878 233 875 1572
349 875 222 876 1573
84 879 237 876 1573
500 858 221 877 1574
84 880 240 877 1574
194 868 223 878 1575
28 874 224 878 1575
500 859 224 878 1575
84 881 236 878 1575
321 552 225 878 1575
194 869 223 879 1576
349 877 227 879 1576
28 875 223 879 1576
500 860 222 879 1576
349 878 226 879 1576
321 553 224 879 1576
84 882 237 879 1576
28 876 222 880 1577
500 861 222 880 1577
84 883 243 880 1577
349 879 227 880 1577
194 871 224 880 1577
349 880 225 881 1578
84 884 243 881 1578
321 555 223 881 1578
349 881 224 882 1579
84 885 240 882 1579
218 215 222 882 1579
28 879 234 883 1580
349 882 223 883 1580
84 886 244 883 1580
321 557 227 883 1580
28 880 227 884 1581
500 865 223 884 1581
84 887 223 884 1581
321 558 223 884 1581
28 881 231 885 1582
500 866 224 885 1582
349 884 225 885 1582
84 888 241 885 1582
218 218 229 886 1583
28 882 232 886 1583
349 885 225 886 1583
84 889 231 886 1583
28 883 229 887 1584
500 868 221 887 1584
632 8 224 887 1584
349 886 226 887 1584
84 890 229 887 1584
321 561 221 887 1584
218 220 222 888 1585
28 884 235 888 1585
632 9 226 888 1585
84 891 223 888 1585
321 562 223 888 1585
349 887 223 888 1585
218 221 223 889 1586
28 885 227 889 1586
500 870 223 889 1586
632 10 225 889 1586
349 888 227 889 1586
321 563 221 889 1586
28 886 224 890 1587
500 871 221 890 1587
632 11 225 890 1587
349 889 221 890 1587
84 893 235 890 1587
321 564 226 890 1587
632 12 223 891 1588
349 890 231 891 1588
84 894 233 891 1588
218 224 222 892 1589
28 888 225 892 1589
632 13 222 892 1589
349 891 226 892 1589
84 895 239 892 1589
28 889 231 893 1590
632 14 222 893 1590
321 567 225 893 1590
28 890 227 894 1591
500 875 224 894 1591
349 893 229 894 1591
84 897 226 894 1591
28 891 231 895 1592
349 894 227 895 1592
84 898 231 895 1592
28 892 228 896 1593
632 17 221 896 1593
349 895 224 896 1593
84 899 241 896 1593
28 893 226 897 1594
349 896 223 897 1594
84 900 234 897 1594
28 894 231 898 1595
349 897 225 898 1595
84 901 230 898 1595
349 898 225 899 1596
84 902 233 899 1596
28 896 235 900 1597
709 897 222 900 1597
632 21 224 900 1597
349 899 223 900 1597
84 903 225 900 1597
28 897 235 901 1598
500 882 225 901 1598
155 204 223 901 1598
349 900 233 901 1598
84 904 229 901 1598
194 892 231 902 1599
349 901 241 902 1599
321 576 222 902 1599
194 893 227 903 1600
349 902 222 903 1600
84 906 234 903 1600
28 900 233 904 1601
349 903 230 904 1601
84 907 232 904 1601
84 908 226 905 1602
500 887 224 906 1603
577 273 227 906 1603
84 909 239 906 1603
194 897 221 907 1604
577 274 223 907 1604
84 910 237 907 1604
500 889 223 908 1605
84 911 237 908 1605
155 212 221 909 1606
84 912 227 909 1606
611 901 224 909 1606
500 891 225 910 1607
84 913 237 910 1607
500 892 228 911 1608
632 32 226 911 1608
84 914 237 911 1608
28 908 238 912 1609
709 909 224 912 1609
577 279 225 912 1609
84 915 227 912 1609
500 894 225 913 1610
28 909 236 913 1610
709 910 221 913 1610
632 34 221 913 1610
84 916 237 913 1610
321 587 221 913 1610
218 246 223 914 1611
28 910 225 914 1611
517 470 225 914 1611
577 281 221 914 1611
321 589 222 915 1612
218 248 221 916 1613
28 912 231 916 1613
321 590 226 916 1613
28 913 231 917 1614
321 591 221 917 1614
28 914 227 918 1615
28 915 224 919 1616
611 911 223 919 1616
28 916 234 920 1617
84 923 223 920 1617
709 918 222 921 1618
155 224 227 921 1618
84 924 229 921 1618
349 921 224 922 1619
321 596 221 922 1619
577 290 223 923 1620
349 922 233 923 1620
84 926 231 923 1620
218 256 229 924 1621
594 123 229 924 1621
349 923 233 924 1621
84 927 223 924 1621
733 49 223 924 1621
214 808 221 925 1622
577 292 222 925 1622
349 924 233 925 1622
567 884 223 925 1622
733 50 233 925 1622
218 258 224 926 1623
577 293 221 926 1623
84 929 237 926 1623
733 51 229 926 1623
665 22 224 927 1624
152 930 225 927 1624
756 250 222 927 1624
577 294 221 927 1624
733 52 226 927 1624
152 931 240 928 1625
218 260 227 928 1625
418 932 229 928 1625
152 932 229 929 1626
8 879 224 929 1626
729 346 222 929 1626
152 933 227 930 1627
567 889 223 930 1627
733 55 235 930 1627
665 26 228 931 1628
152 934 231 931 1628
756 254 221 931 1628
8 881 239 931 1628
577 303 221 937 1634
418 940 237 937 1634
577 304 221 938 1635
418 941 228 938 1635
418 942 231 939 1636
235 85 222 940 1637
770 384 221 940 1637
418 943 228 940 1637
100 57 221 940 1637
770 385 223 941 1638
418 944 234 941 1638
770 386 224 942 1639
418 945 237 942 1639
635 704 222 943 1640
770 387 225 943 1640
418 946 233 943 1640
124 933 226 944 1641
635 705 228 944 1641
770 388 229 944 1641
418 947 231 944 1641
124 934 223 945 1642
635 706 221 945 1642
770 389 227 945 1642
418 948 230 945 1642
124 935 223 946 1643
635 707 221 946 1643
770 390 227 946 1643
418 949 221 946 1643
635 708 223 947 1644
770 391 227 947 1644
418 950 227 947 1644
635 709 221 948 1645
770 392 226 948 1645
418 951 221 948 1645
770 394 225 950 1647
67 25 231 950 1647
428 14 223 951 1648
770 395 221 951 1648
428 15 231 952 1649
67 27 221 952 1649
428 16 226 953 1650
418 956 223 953 1650
428 17 225 954 1651
612 209 234 954 1651
382 950 222 954 1651
67 29 225 954 1651
428 18 232 955 1652
612 210 223 955 1652
418 958 226 955 1652
428 19 230 956 1653
418 959 227 956 1653
428 20 233 957 1654
418 961 229 958 1655
428 21 228 958 1655
67 33 225 958 1655
635 720 222 959 1656
124 948 222 959 1656
428 22 229 959 1656
428 23 229 960 1657
418 964 230 961 1658
428 24 229 965 1662
418 968 224 965 1662
635 728 227 967 1664
770 411 226 967 1664
630 339 227 968 1665
428 29 231 968 1665
428 32 228 969 1666
612 224 221 969 1666
635 732 225 971 1668
428 33 229 972 1669
770 416 223 972 1669
428 35 223 972 1669
100 89 224 972 1669
635 734 226 972 1669
428 36 229 974 1671
428 37 223 974 1671
770 418 224 974 1671
635 736 226 974 1671
67 49 222 975 1672
635 737 227 975 1672
124 965 221 976 1673
428 39 226 976 1673
635 738 223 976 1673
770 421 225 977 1674
635 739 229 977 1674
67 52 226 977 1674
635 740 228 978 1675
67 53 226 978 1675
635 741 230 979 1676
635 742 224 980 1677
635 743 226 981 1678
635 746 231 984 1681
428 40 229 985 1682
67 60 224 985 1682
635 747 227 985 1682
67 63 225 988 1685
67 68 224 993 1690
428 52 230 993 1690
428 57 230 994 1691
635 1 233 994 1691
635 2 229 995 1692
428 58 228 996 1693
428 59 223 996 1693
770 440 225 996 1693
635 3 225 996 1693
428 60 223 997 1694
770 441 223 997 1694
635 4 224 997 1694
770 442 225 998 1695
418 1001 222 998 1695
428 61 230 998 1695
635 5 230 998 1695
635 7 224 1000 1697
635 8 225 1001 1698
428 65 227 1002 1699
635 9 228 1002 1699
428 66 227 1003 1700
635 11 233 1004 1701
428 67 231 1005 1702
428 68 231 1005 1702
635 12 228 1005 1702
635 14 227 1007 1704
428 69 230 1009 1706
428 73 227 1010 1707
635 17 228 1010 1707
428 74 232 1011 1708
770 455 222 1011 1708
635 18 225 1011 1708
428 75 222 1012 1709
635 19 233 1012 1709
428 76 231 1013 1710
635 20 221 1013 1710
428 77 226 1014 1711
770 458 221 1014 1711
418 1017 226 1014 1711
635 22 227 1015 1712
428 79 225 1016 1713
770 460 222 1016 1713
635 23 221 1016 1713
67 91 221 1016 1713
428 80 224 1017 1714
635 24 223 1017 1714
428 81 227 1018 1715
770 462 227 1018 1715
418 1021 233 1018 1715
635 25 239 1018 1715
124 1008 221 1019 1716
770 463 225 1019 1716
418 1022 239 1019 1716
635 26 238 1019 1716
428 83 231 1020 1717
770 464 237 1020 1717
418 1023 246 1020 1717
635 27 226 1020 1717
428 84 231 1021 1718
770 465 227 1021 1718
418 1024 239 1021 1718
635 28 223 1021 1718
67 96 223 1022 1719
428 85 230 1022 1719
577 388 221 1022 1719
770 466 227 1022 1719
418 1025 237 1022 1719
635 29 223 1022 1719
67 97 222 1023 1720
428 86 223 1023 1720
124 1012 222 1023 1720
770 467 231 1023 1720
418 1026 236 1023 1720
635 30 225 1024 1721
428 87 229 1024 1721
770 468 235 1024 1721
418 1027 235 1024 1721
635 31 234 1025 1722
428 88 235 1025 1722
418 1028 231 1025 1722
635 32 232 1026 1723
428 89 221 1026 1723
418 1029 227 1026 1723
770 470 239 1026 1723
635 33 222 1026 1723
124 1016 225 1027 1724
577 393 221 1027 1724
418 1030 229 1027 1724
770 471 235 1027 1724
635 34 231 1027 1724
428 91 238 1028 1725
418 1031 242 1028 1725
770 472 233 1028 1725
635 35 229 1029 1726
428 92 221 1029 1726
418 1032 243 1029 1726
770 473 226 1029 1726
635 36 222 1030 1727
124 1019 224 1030 1727
428 93 223 1030 1727
630 401 223 1030 1727
418 1033 245 1030 1727
770 474 235 1030 1727
67 105 230 1030 1727
635 37 225 1031 1728
428 94 231 1031 1728
418 1034 243 1031 1728
770 475 228 1031 1728
67 106 227 1031 1728
635 38 231 1032 1729
428 95 228 1032 1729
418 1035 228 1032 1729
770 476 232 1032 1729
635 39 225 1033 1730
235 178 221 1033 1730
428 96 227 1033 1730
630 404 222 1033 1730
67 108 231 1033 1730
635 40 223 1034 1731
428 97 233 1034 1731
770 478 224 1034 1731
67 109 226 1034 1731
635 41 230 1035 1732
428 98 230 1035 1732
630 406 226 1035 1732
418 1038 225 1035 1732
770 479 233 1035 1732
67 110 228 1035 1732
635 42 225 1036 1733
235 181 226 1036 1733
428 99 231 1036 1733
577 402 221 1036 1733
418 1039 221 1036 1733
67 111 235 1036 1733
635 43 227 1037 1734
428 100 234 1037 1734
418 1040 227 1037 1734
67 112 235 1037 1734
635 44 222 1037 1734
428 101 230 1038 1735
630 409 221 1038 1735
418 1041 246 1038 1735
67 113 233 1038 1735
635 45 233 1039 1736
428 102 228 1039 1736
630 410 222 1039 1736
770 483 234 1039 1736
67 114 231 1039 1736
635 46 227 1039 1736
428 103 228 1040 1737
124 1029 222 1040 1737
418 1043 241 1040 1737
770 484 234 1040 1737
635 47 225 1040 1737
67 115 237 1040 1737
428 104 227 1041 1738
418 1044 237 1041 1738
770 485 228 1041 1738
67 116 237 1042 1739
635 48 229 1042 1739
428 105 223 1042 1739
418 1045 243 1042 1739
770 486 222 1042 1739
67 117 237 1042 1739
635 49 230 1043 1740
428 106 223 1043 1740
418 1046 244 1043 1740
770 487 229 1043 1740
67 118 231 1043 1740
635 50 225 1044 1741
235 189 225 1044 1741
428 107 228 1044 1741
418 1047 239 1044 1741
770 488 241 1044 1741
67 119 235 1044 1741
635 51 224 1045 1742
124 1034 224 1045 1742
428 108 232 1045 1742
418 1048 232 1045 1742
770 489 231 1045 1742
635 52 230 1046 1743
428 109 223 1046 1743
630 417 221 1046 1743
418 1049 225 1046 1743
770 490 239 1046 1743
67 121 226 1046 1743
635 53 228 1047 1744
235 192 224 1047 1744
428 110 228 1047 1744
418 1050 245 1047 1744
770 491 230 1047 1744
67 122 227 1047 1744
635 54 237 1048 1745
235 193 226 1048 1745
428 111 226 1048 1745
630 419 225 1048 1745
418 1051 226 1048 1745
770 492 225 1048 1745
67 123 224 1048 1745
235 194 224 1049 1746
635 55 227 1049 1746
428 112 229 1049 1746
630 420 221 1049 1746
770 493 235 1049 1746
67 124 225 1049 1746
635 56 232 1050 1747
428 113 221 1050 1747
418 1053 234 1050 1747
770 494 235 1050 1747
67 125 228 1050 1747
635 57 223 1051 1748
428 114 221 1051 1748
418 1054 227 1051 1748
770 495 233 1051 1748
67 126 233 1051 1748
428 115 225 1052 1749
630 423 223 1052 1749
418 1055 246 1052 1749
770 496 239 1052 1749
67 127 226 1052 1749
235 198 229 1053 1750
635 59 225 1053 1750
630 424 227 1053 1750
418 1056 230 1053 1750
770 497 243 1053 1750
235 199 235 1054 1751
635 60 228 1054 1751
428 117 221 1054 1751
577 420 227 1054 1751
770 498 246 1054 1751
235 200 235 1055 1752
635 61 233 1055 1752
577 421 222 1055 1752
770 499 239 1055 1752
235 201 223 1056 1753
635 62 231 1056 1753
428 119 221 1056 1753
770 500 238 1056 1753
635 63 238 1057 1754
770 501 237 1057 1754
635 64 238 1058 1755
770 502 235 1058 1755
235 204 222 1059 1756
635 65 237 1059 1756
428 122 221 1059 1756
418 1062 234 1059 1756
770 503 233 1059 1756
235 205 223 1060 1757
635 66 231 1060 1757
428 123 228 1060 1757
418 1063 243 1060 1757
770 504 232 1060 1757
67 135 233 1060 1757
635 67 234 1061 1758
770 505 236 1061 1758
67 136 239 1061 1758
635 68 236 1062 1759
67 137 232 1062 1759
635 69 232 1063 1760
124 1052 222 1063 1760
630 434 221 1063 1760
418 1066 222 1063 1760
67 138 235 1063 1760
635 70 232 1064 1761
630 435 225 1064 1761
418 1067 227 1064 1761
770 508 221 1064 1761
67 139 236 1064 1761
630 436 223 1065 1762
418 1068 222 1065 1762
67 140 235 1065 1762
770 509 221 1065 1762
635 72 226 1066 1763
577 432 221 1066 1763
382 1062 221 1066 1763
418 1069 233 1066 1763
67 141 237 1066 1763
635 73 226 1067 1764
235 212 222 1067 1764
630 438 221 1067 1764
382 1063 222 1067 1764
418 1070 236 1067 1764
770 511 223 1067 1764
67 142 232 1067 1764
635 74 223 1068 1765
428 131 222 1068 1765
418 1071 233 1068 1765
67 143 225 1068 1765
770 512 223 1068 1765
635 75 234 1069 1766
235 214 226 1069 1766
428 132 228 1069 1766
418 1072 234 1069 1766
770 513 231 1069 1766
235 215 225 1070 1767
124 1059 224 1070 1767
428 133 229 1070 1767
418 1073 245 1070 1767
67 145 229 1070 1767
770 514 239 1070 1767
428 134 233 1071 1768
630 442 221 1071 1768
382 1067 227 1071 1768
418 1074 252 1071 1768
67 146 232 1071 1768
770 515 236 1071 1768
428 135 233 1072 1769
418 1075 244 1072 1769
67 147 236 1072 1769
770 516 235 1072 1769
428 136 231 1073 1770
770 517 228 1073 1770
67 148 228 1073 1770
635 80 225 1074 1771
124 1063 224 1074 1771
235 219 222 1074 1771
428 137 229 1074 1771
382 1070 223 1074 1771
418 1076 254 1074 1771
67 149 228 1074 1771
770 518 237 1074 1771
428 138 237 1075 1772
67 150 232 1075 1772
770 519 232 1075 1772
635 82 223 1076 1773
418 1078 239 1076 1773
418 1079 242 1076 1773
770 520 239 1076 1773
428 140 226 1077 1774
418 1080 243 1077 1774
67 152 231 1077 1774
770 521 237 1077 1774
635 84 226 1078 1775
235 223 223 1078 1775
428 141 225 1078 1775
418 1081 247 1078 1775
67 153 232 1078 1775
770 522 237 1078 1775
635 85 223 1079 1776
124 1068 222 1079 1776
630 450 223 1079 1776
418 1082 252 1079 1776
770 523 231 1079 1776
67 154 231 1079 1776
635 86 223 1080 1777
235 225 225 1080 1777
428 143 223 1080 1777
577 446 221 1080 1777
418 1083 244 1080 1777
770 524 229 1080 1777
67 155 222 1080 1777
635 87 221 1080 1777
428 144 231 1081 1778
382 1077 224 1081 1778
770 525 224 1081 1778
67 156 224 1081 1778
235 227 222 1082 1779
428 145 225 1082 1779
630 453 221 1082 1779
67 157 224 1083 1780
770 526 234 1083 1780
428 146 225 1083 1780
418 1084 248 1083 1780
770 527 232 1084 1781
428 147 223 1084 1781
630 455 223 1084 1781
418 1086 248 1084 1781
770 528 231 1085 1782
67 159 223 1085 1782
428 148 226 1085 1782
630 456 221 1085 1782
577 451 223 1085 1782
418 1088 247 1085 1782
770 529 229 1086 1783
635 92 224 1086 1783
67 160 227 1086 1783
124 1075 222 1086 1783
418 1089 252 1086 1783
770 530 235 1087 1784
67 161 225 1087 1784
124 1076 221 1087 1784
235 232 222 1087 1784
630 458 227 1087 1784
428 150 227 1087 1784
418 1090 246 1087 1784
67 162 229 1088 1785
235 233 222 1088 1785
124 1077 223 1088 1785
418 1091 243 1088 1785
67 163 230 1089 1786
630 460 223 1089 1786
428 152 224 1089 1786
382 1085 224 1089 1786
418 1092 245 1089 1786
235 235 223 1090 1787
630 461 221 1090 1787
428 153 225 1090 1787
418 1093 246 1090 1787
770 534 225 1091 1788
67 165 225 1091 1788
428 154 222 1091 1788
630 462 223 1091 1788
418 1094 246 1091 1788
67 166 230 1092 1789
418 1095 240 1092 1789
635 99 235 1093 1790
67 167 227 1093 1790
428 156 221 1093 1790
418 1096 250 1093 1790
635 100 232 1094 1791
770 537 225 1094 1791
67 168 224 1094 1791
428 157 225 1094 1791
418 1097 238 1094 1791
67 169 229 1095 1792
630 466 224 1095 1792
428 158 231 1095 1792
577 461 225 1095 1792
382 1091 221 1095 1792
418 1098 250 1095 1792
770 539 224 1096 1793
67 170 228 1096 1793
630 467 227 1096 1793
428 159 230 1096 1793
577 462 226 1096 1793
382 1092 222 1096 1793
418 1099 252 1096 1793
770 540 221 1097 1794
67 171 227 1097 1794
630 468 226 1097 1794
428 160 233 1097 1794
577 463 226 1097 1794
382 1093 222 1097 1794
418 1100 250 1097 1794
635 104 221 1098 1795
770 541 224 1098 1795
67 172 227 1098 1795
124 1087 221 1098 1795
428 161 233 1098 1795
630 469 226 1098 1795
418 1101 250 1098 1795
635 105 224 1099 1796
630 470 225 1099 1796
577 465 224 1099 1796
418 1102 251 1099 1796
770 543 224 1100 1797
67 174 223 1100 1797
428 163 229 1100 1797
630 471 221 1100 1797
418 1103 254 1100 1797
635 107 230 1101 1798
770 544 222 1101 1798
67 175 231 1101 1798
428 164 226 1101 1798
418 1104 248 1101 1798
635 108 225 1102 1799
770 545 221 1102 1799
67 176 229 1102 1799
630 473 226 1102 1799
428 165 229 1102 1799
418 1105 247 1102 1799
635 109 222 1103 1800
770 546 222 1103 1800
124 1092 223 1103 1800
630 474 223 1103 1800
428 166 228 1103 1800
418 1106 243 1103 1800
67 178 227 1104 1801
124 1093 225 1104 1801
428 167 224 1104 1801
630 475 224 1104 1801
418 1107 248 1104 1801
67 179 226 1105 1802
428 168 226 1105 1802
418 1108 250 1105 1802
635 112 221 1106 1803
67 180 231 1106 1803
124 1095 221 1106 1803
428 169 228 1106 1803
418 1109 247 1106 1803
635 113 223 1107 1804
67 181 227 1107 1804
770 550 229 1107 1804
428 170 227 1107 1804
418 1110 247 1107 1804
635 114 221 1108 1805
67 182 222 1108 1805
770 551 223 1108 1805
124 1097 221 1108 1805
428 171 228 1108 1805
418 1111 247 1108 1805
635 115 221 1109 1806
67 183 231 1109 1806
770 552 225 1109 1806
630 480 222 1109 1806
382 1105 221 1109 1806
418 1112 250 1109 1806
635 116 228 1110 1807
770 553 226 1110 1807
67 184 229 1110 1807
428 173 225 1110 1807
630 481 221 1110 1807
418 1113 250 1110 1807
635 117 225 1111 1808
67 185 221 1111 1808
124 1100 222 1111 1808
428 174 227 1111 1808
418 1114 250 1111 1808
635 118 224 1112 1809
770 555 223 1112 1809
67 186 222 1112 1809
428 175 224 1112 1809
418 1115 250 1112 1809
635 119 225 1113 1810
67 187 226 1113 1810
124 1102 223 1113 1810
428 176 221 1113 1810
418 1116 252 1113 1810
635 120 235 1114 1811
235 259 230 1114 1811
428 177 226 1114 1811
577 480 221 1114 1811
418 1117 250 1114 1811
635 121 230 1115 1812
67 189 221 1115 1812
770 558 227 1115 1812
418 1118 235 1115 1812
635 122 229 1116 1813
67 190 223 1116 1813
770 559 222 1116 1813
124 1105 225 1116 1813
418 1119 237 1116 1813
770 560 234 1117 1814
635 124 224 1118 1815
67 192 224 1118 1815
770 561 228 1118 1815
428 181 223 1118 1815
418 1121 229 1118 1815
635 125 230 1119 1816
770 562 222 1119 1816
428 182 229 1119 1816
418 1122 229 1119 1816
635 126 223 1120 1817
770 563 232 1120 1817
428 183 222 1120 1817
630 491 225 1120 1817
635 127 223 1120 1817
770 564 234 1121 1818
428 184 224 1121 1818
235 266 221 1121 1818
630 492 223 1121 1818
418 1124 221 1121 1818
382 1117 221 1121 1818
428 185 228 1122 1819
635 129 229 1122 1819
630 494 224 1123 1820
630 496 232 1125 1822
770 569 221 1126 1823
630 497 231 1126 1823
418 1129 225 1126 1823
382 1122 225 1126 1823
635 133 225 1126 1823
124 1116 221 1127 1824
630 498 234 1127 1824
382 1123 230 1127 1824
630 499 233 1128 1825
630 500 229 1129 1826
418 1132 228 1129 1826
630 501 227 1130 1827
418 1133 225 1130 1827
635 137 225 1130 1827
770 574 226 1131 1828
428 194 223 1131 1828
630 502 229 1131 1828
577 497 225 1131 1828
418 1134 221 1131 1828
382 1127 227 1131 1828
770 575 230 1132 1829
630 503 221 1132 1829
577 498 225 1132 1829
382 1128 227 1132 1829
635 139 231 1132 1829
770 576 228 1133 1830
630 504 224 1133 1830
577 499 224 1133 1830
382 1129 229 1133 1830
635 140 233 1133 1830
770 577 222 1134 1831
630 505 223 1134 1831
428 197 221 1134 1831
577 500 223 1134 1831
382 1130 225 1134 1831
770 578 221 1135 1832
630 506 227 1135 1832
577 501 223 1135 1832
382 1131 230 1135 1832
630 507 230 1136 1833
418 1139 222 1136 1833
630 511 238 1140 1837
382 1136 234 1140 1837
630 512 239 1141 1838
382 1137 236 1141 1838
630 513 237 1142 1839
382 1138 236 1142 1839
382 1142 235 1146 1843
382 1145 235 1149 1846
630 521 233 1150 1847
577 517 229 1151 1848
382 1147 229 1151 1848
630 523 234 1152 1849
382 1148 231 1152 1849
630 524 235 1153 1850
577 519 232 1153 1850
770 597 225 1154 1851
630 525 235 1154 1851
577 520 224 1154 1851
382 1150 233 1154 1851
418 1166 227 1163 1860
592 335 226 1163 1860
612 420 237 1165 1862
418 1168 230 1165 1862
281 362 226 1165 1862
100 282 221 1165 1862
630 537 224 1166 1863
428 229 225 1166 1863
577 532 226 1166 1863
612 421 247 1166 1863
382 1162 222 1166 1863
428 230 227 1167 1864
215 91 222 1167 1864
387 93 232 1167 1864
455 32 237 1167 1864
319 1172 225 1167 1864
126 816 223 1167 1864
459 1153 241 1168 1865
746 848 224 1168 1865
612 423 229 1168 1865
100 285 221 1168 1865
701 150 237 1169 1866
22 1118 233 1169 1866
555 1163 231 1169 1866
268 1058 227 1169 1866
557 403 221 1169 1866
356 850 227 1169 1866
147 1180 221 1169 1866
577 536 227 1170 1867
468 1172 236 1170 1867
172 1174 239 1170 1867
66 288 221 1170 1867
340 584 224 1170 1867
43 1175 232 1173 1870
754 440 224 1174 1871
190 15 221 1174 1871
261 1173 223 1174 1871
590 308 231 1174 1871
346 973 225 1174 1871
776 69 228 1175 1872
770 618 222 1175 1872
788 1141 221 1175 1872
317 84 225 1175 1872
346 974 222 1175 1872
598 286 227 1176 1873
776 70 226 1176 1873
618 10 223 1176 1873
488 1176 226 1176 1873
261 1175 221 1176 1873
221 1178 226 1176 1873
533 1 222 1176 1873
590 310 221 1176 1873
346 975 221 1176 1873
776 71 227 1177 1874
788 1143 221 1177 1874
390 1175 225 1177 1874
533 2 223 1177 1874
346 976 221 1177 1874
319 1182 221 1177 1874
776 72 227 1178 1875
488 1178 229 1178 1875
788 1144 225 1178 1875
346 977 221 1178 1875
776 73 226 1179 1876
533 1 236 1179 1876
317 88 227 1179 1876
598 290 221 1180 1877
776 74 223 1180 1877
533 2 235 1180 1877
618 15 225 1181 1878
533 3 237 1181 1878
221 1183 224 1181 1878
317 90 222 1181 1878
776 76 221 1182 1879
533 4 235 1182 1879
134 536 221 1182 1879
221 1184 226 1182 1879
317 91 223 1182 1879
590 316 221 1182 1879
533 5 227 1183 1880
221 1185 225 1183 1880
346 982 221 1183 1880
776 78 222 1184 1881
533 6 226 1184 1881
776 79 224 1185 1882
533 7 221 1185 1882
346 984 221 1185 1882
776 80 224 1186 1883
533 8 228 1186 1883
776 81 225 1187 1884
533 9 231 1187 1884
221 1189 223 1187 1884
317 96 223 1187 1884
533 10 227 1188 1885
317 97 221 1188 1885
776 83 225 1189 1886
65 116 221 1189 1886
598 299 222 1189 1886
134 543 221 1189 1886
533 11 230 1189 1886
25 1159 234 1189 1886
65 117 223 1190 1887
598 300 226 1190 1887
134 544 222 1190 1887
533 12 238 1190 1887
261 1189 225 1190 1887
776 85 225 1191 1888
618 25 221 1191 1888
620 1196 223 1191 1888
533 13 229 1191 1888
346 990 224 1191 1888
618 26 221 1192 1889
776 86 226 1192 1889
317 101 223 1192 1889
776 87 223 1193 1890
598 303 225 1193 1890
533 15 233 1193 1890
776 88 225 1194 1891
598 304 222 1194 1891
788 1160 221 1194 1891
533 16 239 1194 1891
134 548 221 1194 1891
346 993 223 1194 1891
25 1164 222 1194 1891
776 89 223 1195 1892
65 122 227 1195 1892
598 305 221 1195 1892
533 17 237 1195 1892
134 549 221 1195 1892
590 329 221 1195 1892
346 994 222 1195 1892
25 1165 225 1195 1892
598 306 222 1196 1893
533 18 241 1196 1893
261 1195 226 1196 1893
317 105 223 1196 1893
346 995 223 1196 1893
598 307 221 1197 1894
533 19 247 1197 1894
346 996 226 1197 1894
25 1167 221 1197 1894
776 92 221 1198 1895
65 125 224 1198 1895
598 308 222 1198 1895
533 20 229 1198 1895
134 552 224 1198 1895
776 93 226 1199 1896
65 126 223 1199 1896
598 309 222 1199 1896
533 21 227 1199 1896
65 127 227 1200 1897
598 310 221 1200 1897
533 22 236 1200 1897
346 999 223 1200 1897
776 95 225 1201 1898
65 128 223 1201 1898
598 311 223 1201 1898
421 118 221 1201 1898
776 96 233 1202 1899
598 312 221 1202 1899
533 24 239 1202 1899
261 1201 248 1202 1899
590 336 221 1202 1899
346 1001 222 1202 1899
776 97 227 1203 1900
533 25 230 1203 1900
134 557 224 1203 1900
678 629 221 1203 1900
346 1002 238 1203 1900
25 1173 222 1203 1900
598 314 221 1204 1901
65 131 221 1204 1901
533 26 238 1204 1901
134 558 221 1204 1901
25 1174 223 1204 1901
346 1003 231 1204 1901
317 113 221 1204 1901
17 923 222 1205 1902
618 39 223 1205 1902
776 99 221 1205 1902
598 315 221 1205 1902
533 27 239 1205 1902
346 1004 226 1205 1902
317 114 221 1205 1902
65 133 223 1206 1903
533 28 237 1206 1903
590 340 221 1206 1903
346 1005 233 1206 1903
317 115 224 1206 1903
270 704 222 1207 1904
65 134 221 1207 1904
788 1173 223 1207 1904
533 29 239 1207 1904
261 1206 221 1207 1904
590 341 223 1207 1904
678 633 221 1207 1904
25 1177 221 1207 1904
317 116 224 1207 1904
776 102 223 1208 1905
620 1213 222 1208 1905
598 318 223 1208 1905
533 30 237 1208 1905
25 1178 221 1208 1905
776 103 225 1209 1906
598 319 224 1209 1906
533 31 233 1209 1906
134 563 225 1209 1906
776 104 225 1210 1907
598 320 225 1210 1907
533 32 231 1210 1907
134 564 224 1210 1907
25 1180 223 1210 1907
346 1009 227 1210 1907
776 105 223 1211 1908
533 33 233 1211 1908
134 565 229 1211 1908
421 128 222 1211 1908
317 120 221 1211 1908
533 34 225 1212 1909
346 1011 224 1212 1909
17 931 221 1213 1910
776 107 227 1213 1910
668 32 221 1213 1910
65 140 223 1213 1910
533 35 230 1213 1910
134 567 221 1213 1910
346 1012 221 1213 1910
270 711 221 1214 1911
598 324 224 1214 1911
134 568 225 1214 1911
25 1184 223 1214 1911
346 1013 223 1214 1911
776 109 225 1215 1912
598 325 223 1215 1912
533 37 229 1215 1912
134 569 221 1215 1912
421 132 223 1215 1912
346 1014 223 1215 1912
776 110 223 1216 1913
65 143 221 1216 1913
598 326 221 1216 1913
770 659 227 1216 1913
533 38 227 1216 1913
134 570 223 1216 1913
317 125 221 1216 1913
17 935 222 1217 1914
65 144 223 1217 1914
134 571 230 1217 1914
346 1016 226 1217 1914
317 126 221 1217 1914
776 112 230 1218 1915
65 145 223 1218 1915
598 328 230 1218 1915
770 661 225 1218 1915
134 572 228 1218 1915
533 40 222 1218 1915
431 281 221 1218 1915
421 135 223 1218 1915
346 1017 221 1218 1915
598 329 226 1219 1916
770 662 222 1219 1916
134 573 227 1219 1916
533 41 227 1219 1916
25 1189 223 1219 1916
346 1018 221 1219 1916
65 147 221 1220 1917
598 330 229 1220 1917
134 574 227 1220 1917
533 42 225 1220 1917
25 1190 222 1220 1917
346 1019 223 1220 1917
776 115 223 1221 1918
770 664 221 1221 1918
533 43 223 1221 1918
261 1220 221 1221 1918
317 130 224 1221 1918
668 41 230 1222 1919
776 116 224 1222 1919
598 332 224 1222 1919
770 665 221 1222 1919
317 131 223 1222 1919
770 666 221 1223 1920
598 333 227 1223 1920
134 577 221 1223 1920
533 45 224 1223 1920
65 151 222 1224 1921
770 667 223 1224 1921
533 46 231 1224 1921
590 358 224 1224 1921
317 133 222 1224 1921
346 1023 226 1224 1921
770 668 221 1225 1922
134 579 221 1225 1922
533 47 233 1225 1922
261 1224 230 1225 1922
17 944 233 1226 1923
776 120 221 1226 1923
533 48 231 1226 1923
317 135 230 1226 1923
17 945 225 1227 1924
65 154 224 1227 1924
134 581 222 1227 1924
533 49 224 1227 1924
261 1226 221 1227 1924
431 290 221 1227 1924
776 122 229 1228 1925
65 155 226 1228 1925
134 582 221 1228 1925
346 1027 225 1228 1925
598 339 225 1229 1926
533 51 237 1229 1926
261 1228 231 1229 1926
776 124 222 1230 1927
65 157 223 1230 1927
134 584 239 1230 1927
533 52 235 1230 1927
317 139 221 1230 1927
134 586 242 1232 1929
17 951 232 1233 1930
134 587 239 1233 1930
770 676 221 1233 1930
598 343 226 1233 1930
261 1232 235 1233 1930
17 952 225 1234 1931
776 128 226 1234 1931
134 588 226 1234 1931
598 344 221 1234 1931
533 56 227 1234 1931
261 1233 242 1234 1931
346 1033 223 1234 1931
17 953 233 1235 1932
65 162 227 1235 1932
134 589 235 1235 1932
598 345 231 1235 1932
533 57 236 1235 1932
261 1234 235 1235 1932
346 1034 225 1235 1932
668 8 224 1236 1933
776 130 221 1236 1933
533 58 226 1236 1933
668 9 224 1237 1934
65 164 231 1237 1934
134 591 227 1237 1934
598 347 235 1237 1934
533 59 235 1237 1934
317 146 221 1237 1934
346 1036 224 1237 1934
776 132 227 1238 1935
134 592 240 1238 1935
598 348 222 1238 1935
346 1037 225 1238 1935
533 61 231 1239 1936
533 62 230 1240 1937
533 63 231 1241 1938
17 960 224 1242 1939
533 64 224 1242 1939
668 15 222 1243 1940
134 597 233 1243 1940
533 65 221 1243 1940
317 152 221 1243 1940
346 1042 228 1243 1940
598 354 221 1244 1941
134 598 223 1244 1941
533 66 225 1244 1941
776 139 221 1245 1942
134 599 227 1245 1942
134 600 224 1246 1943
346 1045 223 1246 1943
598 357 221 1247 1944
346 1046 223 1247 1944
134 602 225 1248 1945
533 70 231 1248 1945
134 603 229 1249 1946
533 71 237 1249 1946
65 177 221 1250 1947
317 159 223 1250 1947
533 73 223 1251 1948
317 160 221 1251 1948
598 362 223 1252 1949
788 1218 221 1252 1949
533 74 222 1252 1949
17 971 221 1253 1950
65 180 221 1253 1950
134 607 228 1253 1950
65 181 221 1254 1951
598 364 224 1254 1951
134 608 221 1254 1951
533 76 229 1254 1951
598 365 222 1255 1952
533 77 221 1255 1952
134 609 237 1255 1952
17 974 221 1256 1953
618 90 221 1256 1953
65 183 223 1256 1953
533 78 223 1256 1953
65 184 222 1257 1954
533 79 221 1257 1954
134 611 221 1257 1954
590 391 221 1257 1954
65 185 222 1258 1955
776 152 223 1258 1955
533 80 222 1258 1955
134 612 226 1258 1955
65 186 221 1259 1956
134 613 222 1259 1956
533 82 233 1260 1957
134 614 224 1260 1957
533 83 225 1261 1958
134 615 231 1261 1958
533 84 226 1262 1959
134 616 230 1262 1959
317 171 221 1262 1959
533 85 227 1263 1960
134 617 226 1263 1960
533 87 231 1265 1962
65 193 223 1266 1963
620 1271 224 1266 1963
598 376 225 1266 1963
346 1065 223 1266 1963
17 985 222 1267 1964
65 194 221 1267 1964
598 377 222 1267 1964
533 89 225 1267 1964
776 161 222 1267 1964
770 711 221 1268 1965
346 1068 223 1269 1966
65 197 221 1270 1967
261 1269 221 1270 1967
317 179 221 1270 1967
533 93 227 1271 1968
317 180 227 1271 1968
346 1070 237 1271 1968
533 94 225 1272 1969
261 1272 227 1273 1970
65 201 221 1274 1971
533 96 222 1274 1971
261 1273 241 1274 1971
346 1073 221 1274 1971
533 97 221 1275 1972
261 1274 241 1275 1972
25 1245 223 1275 1972
533 98 227 1276 1973
25 1246 223 1276 1973
134 630 231 1276 1973
346 1075 223 1276 1973
533 99 222 1277 1974
134 631 233 1277 1974
65 205 222 1278 1975
533 100 225 1278 1975
134 632 221 1278 1975
431 341 221 1278 1975
421 195 221 1278 1975
134 633 224 1279 1976
533 102 227 1280 1977
134 634 230 1280 1977
533 103 222 1281 1978
134 635 231 1281 1978
25 1251 221 1281 1978
421 198 225 1281 1978
533 104 221 1282 1979
134 636 228 1282 1979
421 199 222 1282 1979
533 105 225 1283 1980
134 637 229 1283 1980
421 200 221 1283 1980
533 106 226 1284 1981
134 638 226 1284 1981
620 1290 221 1285 1982
598 395 224 1285 1982
533 107 223 1285 1982
134 639 223 1285 1982
25 1255 221 1285 1982
431 348 221 1285 1982
421 202 221 1285 1982
590 419 223 1285 1982
317 194 221 1285 1982
776 180 223 1286 1983
533 108 223 1286 1983
134 640 234 1286 1983
25 1256 221 1286 1983
590 420 222 1286 1983
17 1005 223 1287 1984
598 397 221 1287 1984
776 181 221 1287 1984
533 109 225 1287 1984
134 641 236 1287 1984
421 204 223 1287 1984
598 398 223 1288 1985
134 642 239 1288 1985
65 216 226 1289 1986
776 183 224 1289 1986
533 111 223 1289 1986
346 1088 221 1289 1986
65 217 222 1290 1987
134 644 233 1290 1987
598 401 226 1291 1988
65 218 229 1291 1988
533 113 226 1291 1988
261 1290 227 1291 1988
134 645 235 1291 1988
678 717 221 1291 1988
346 1090 224 1291 1988
598 402 229 1292 1989
134 646 234 1292 1989
421 209 222 1292 1989
598 403 225 1293 1990
134 648 243 1294 1991
317 203 224 1294 1991
346 1093 225 1294 1991
598 405 223 1295 1992
533 117 225 1295 1992
134 649 242 1295 1992
519 21 221 1295 1992
346 1094 231 1295 1992
598 406 227 1296 1993
776 190 222 1296 1993
134 650 239 1296 1993
346 1095 224 1296 1993
17 1015 223 1297 1994
598 407 226 1297 1994
134 651 236 1297 1994
346 1096 221 1297 1994
17 1016 236 1298 1995
598 408 225 1298 1995
533 120 227 1298 1995
134 652 235 1298 1995
17 1017 232 1299 1996
134 653 227 1299 1996
346 1098 222 1299 1996
17 1018 229 1300 1997
598 410 233 1300 1997
776 194 226 1300 1997
134 654 240 1300 1997
346 1099 223 1301 1998
17 1019 235 1301 1998
598 411 229 1301 1998
776 195 221 1301 1998
533 123 225 1301 1998
134 655 239 1301 1998
346 1100 226 1302 1999
17 1020 222 1302 1999
598 412 227 1302 1999
533 124 221 1302 1999
134 656 243 1302 1999
346 1101 221 1303 2000
17 1021 225 1303 2000
598 413 222 1303 2000
533 125 228 1303 2000
134 657 247 1303 2000
533 126 223 1304 2001
134 658 242 1304 2001
317 213 221 1304 2001
346 1103 223 1305 2002
17 1023 226 1305 2002
598 415 229 1305 2002
776 199 225 1305 2002
533 127 221 1305 2002
134 659 243 1305 2002
346 1104 223 1306 2003
134 660 243 1306 2003
25 1276 221 1306 2003
346 1105 223 1307 2004
17 1025 225 1307 2004
598 417 231 1307 2004
134 661 241 1307 2004
346 1106 221 1308 2005
598 418 226 1308 2005
134 662 225 1308 2005
17 1027 221 1308 2005
533 131 225 1309 2006
134 663 226 1309 2006
17 1028 231 1309 2006
533 132 223 1310 2007
134 664 225 1310 2007
17 1029 225 1310 2007
598 421 224 1311 2008
533 133 224 1311 2008
261 1310 224 1311 2008
134 665 223 1311 2008
317 220 221 1311 2008
346 1110 221 1311 2008
17 1030 227 1311 2008
598 422 226 1312 2009
533 134 225 1312 2009
134 666 235 1312 2009
17 1031 224 1312 2009
598 423 225 1313 2010
533 135 221 1313 2010
134 667 233 1313 2010
17 1032 228 1313 2010
261 1313 225 1314 2011
134 668 225 1314 2011
346 1113 222 1314 2011
598 425 225 1315 2012
134 669 237 1315 2012
346 1114 223 1315 2012
598 426 221 1316 2013
134 670 233 1316 2013
17 1035 222 1316 2013
533 139 225 1317 2014
134 671 227 1317 2014
317 226 221 1317 2014
598 428 227 1318 2015
776 212 221 1318 2015
134 672 239 1318 2015
17 1037 239 1318 2015
598 429 225 1319 2016
533 141 223 1319 2016
134 673 241 1319 2016
17 1038 230 1319 2016
134 674 241 1320 2017
421 237 222 1320 2017
317 229 224 1320 2017
598 431 229 1321 2018
533 143 222 1321 2018
134 675 237 1321 2018
317 230 225 1321 2018
134 676 246 1322 2019
134 677 236 1323 2020
598 434 221 1324 2021
134 678 231 1324 2021
598 435 225 1325 2022
533 147 233 1325 2022
776 219 224 1325 2022
134 679 247 1325 2022
400 166 221 1325 2022
590 459 222 1325 2022
598 436 233 1326 2023
776 220 227 1326 2023
134 680 241 1326 2023
431 389 225 1326 2023
598 437 237 1327 2024
776 221 223 1327 2024
134 681 224 1327 2024
704 1330 227 1327 2024
17 1046 235 1327 2024
571 442 221 1327 2024
460 411 225 1328 2025
533 150 233 1328 2025
25 1298 233 1328 2025
221 1330 237 1328 2025
460 412 223 1329 2026
533 151 231 1329 2026
668 102 223 1329 2026
704 1332 221 1329 2026
460 413 235 1330 2027
261 1329 233 1330 2027
668 103 223 1330 2027
25 1301 225 1331 2028
546 12 221 1334 2031
546 13 224 1335 2032
546 14 223 1336 2033
497 1338 227 1338 2035
546 16 221 1338 2035
546 18 223 1340 2037
581 119 238 1345 2042
73 113 226 1347 2044
