732 2 224 0 738
535 1 223 0 738
661 2 227 4 742
732 1 221 6 744
421 63 221 18 756
317 61 221 18 756
35 8 225 18 756
661 16 227 18 756
782 8 235 18 756
782 9 234 19 757
12 64 223 20 758
35 10 235 20 758
782 10 231 20 758
535 10 221 20 758
12 65 225 21 759
35 11 238 21 759
782 11 226 21 759
535 11 226 21 759
732 16 221 21 759
145 61 223 22 760
35 12 227 22 760
661 20 231 22 760
782 12 221 22 760
732 17 227 22 760
715 1 221 23 761
661 21 222 23 761
704 67 221 23 761
715 2 223 24 762
35 14 245 24 762
661 22 222 24 762
732 19 223 24 762
525 65 221 25 763
35 15 245 25 763
535 15 225 25 763
782 15 233 25 763
35 16 227 26 764
535 16 222 26 764
497 67 221 26 764
782 16 227 26 764
35 17 229 27 765
35 18 224 28 766
35 20 227 30 768
782 20 222 30 768
35 21 227 31 769
782 21 223 31 769
732 26 229 31 769
535 21 223 31 769
421 77 224 32 770
35 23 235 33 771
35 24 225 34 772
782 24 239 34 772
35 26 221 36 774
732 31 227 36 774
421 82 227 36 774
732 32 239 37 775
488 79 225 38 776
497 79 225 38 776
65 27 225 39 777
188 28 225 39 777
56 20 247 40 778
677 28 223 40 778
98 81 225 41 779
671 94 228 41 779
175 31 227 42 780
732 37 237 42 780
671 95 221 42 780
54 76 233 43 781
700 70 223 44 782
329 22 236 44 782
490 23 233 44 782
740 13 225 44 782
703 73 222 45 783
665 5 224 45 783
575 88 238 47 785
575 89 239 48 786
575 90 243 49 787
330 38 225 49 787
527 95 221 51 789
373 85 224 53 791
732 48 231 53 791
382 90 229 53 791
372 74 223 53 791
589 106 221 54 792
732 49 227 54 792
372 75 223 54 792
397 68 226 55 793
732 51 224 56 794
177 103 222 56 794
736 31 227 56 794
397 69 225 56 794
684 77 228 56 794
671 109 221 56 794
732 52 229 57 795
397 70 226 57 795
732 53 234 58 796
99 93 223 58 796
372 79 233 58 796
732 54 235 59 797
732 55 231 60 798
372 81 221 60 798
732 56 221 61 799
99 96 222 61 799
372 83 225 62 800
732 58 225 63 801
732 59 227 64 802
372 85 227 64 802
732 60 226 65 803
372 86 225 65 803
732 61 225 66 804
372 87 227 66 804
732 62 227 67 805
372 88 227 67 805
732 63 225 68 806
372 89 239 68 806
732 64 221 69 807
736 44 225 69 807
372 90 227 69 807
732 65 225 70 808
372 91 229 70 808
671 123 223 70 808
732 66 223 71 809
732 67 227 72 810
732 68 225 73 811
372 94 230 73 811
732 69 231 74 812
372 95 225 74 812
732 70 233 75 813
372 96 228 75 813
732 71 228 76 814
684 97 221 76 814
372 97 221 76 814
732 72 226 77 815
684 98 223 77 815
372 99 231 78 816
372 100 221 79 817
397 93 233 80 818
99 115 223 80 818
684 101 221 80 818
397 94 223 81 819
684 102 223 81 819
372 102 226 81 819
397 95 221 82 820
736 57 237 82 820
684 103 232 82 820
671 135 222 82 820
175 72 222 83 821
99 118 225 83 821
736 58 222 83 821
382 120 226 83 821
372 104 221 83 821
671 136 227 83 821
397 97 224 84 822
382 121 224 84 822
684 105 223 84 822
732 80 231 85 823
382 122 223 85 823
684 106 223 85 823
372 106 229 85 823
671 138 225 85 823
732 81 225 86 824
397 99 224 86 824
736 61 225 86 824
382 123 224 86 824
684 107 225 86 824
372 107 227 86 824
671 139 225 86 824
177 134 225 87 825
589 139 222 87 825
99 122 227 87 825
736 62 231 87 825
382 124 231 87 825
684 108 226 87 825
671 140 221 88 826
589 140 224 88 826
177 135 235 88 826
738 67 221 88 826
392 134 221 88 826
99 123 227 88 826
736 63 252 88 826
382 125 221 88 826
684 109 225 88 826
372 109 221 88 826
671 141 221 89 827
527 133 221 89 827
177 136 241 89 827
736 64 239 89 827
684 110 223 89 827
372 110 221 89 827
671 142 221 90 828
177 137 237 90 828
392 136 223 90 828
99 125 227 90 828
736 65 241 90 828
684 111 224 90 828
302 139 227 90 828
665 30 223 91 829
177 138 235 91 829
392 137 225 91 829
382 128 222 91 829
684 112 233 91 829
302 140 241 91 829
177 139 221 92 830
392 138 225 92 830
99 127 235 92 830
684 113 223 92 830
302 141 228 92 830
671 145 221 92 830
732 88 225 93 831
736 68 253 93 831
382 130 221 93 831
302 142 223 93 831
684 114 224 93 831
736 70 237 95 833
392 142 221 96 834
736 71 221 96 834
54 129 225 96 834
589 149 223 97 835
392 143 231 97 835
99 132 221 97 835
736 72 229 97 835
54 130 225 97 835
684 118 227 97 835
302 146 235 97 835
372 118 227 97 835
589 150 223 98 836
177 145 237 98 836
392 144 225 98 836
736 73 226 98 836
52 133 221 98 836
382 135 223 98 836
684 119 223 98 836
372 119 229 98 836
175 88 225 99 837
732 94 226 99 837
684 120 227 99 837
684 121 227 100 838
175 90 221 101 839
732 96 221 101 839
372 122 221 101 839
99 137 226 102 840
684 123 223 102 840
372 123 224 102 840
175 92 221 103 841
99 138 223 103 841
671 156 221 104 842
372 125 221 104 842
732 100 221 105 843
736 80 224 105 843
99 140 224 105 843
382 142 226 105 843
372 126 223 105 843
732 101 229 106 844
382 143 225 106 844
684 127 221 106 844
372 127 223 106 844
397 120 221 107 845
382 144 225 107 845
372 128 223 107 845
671 160 221 108 846
397 121 221 108 846
732 103 221 108 846
175 97 221 108 846
684 129 223 108 846
397 122 223 109 847
732 104 225 109 847
175 98 229 109 847
382 146 237 109 847
99 144 221 109 847
684 130 225 109 847
372 130 237 109 847
98 150 221 110 848
397 123 221 110 848
175 99 225 110 848
732 105 221 110 848
382 147 237 110 848
372 131 231 110 848
175 100 221 111 849
732 106 235 111 849
382 148 228 111 849
684 132 221 111 849
177 159 221 112 850
397 125 223 112 850
175 101 223 112 850
732 107 227 112 850
736 87 223 112 850
382 149 235 112 850
372 133 227 112 850
684 133 223 112 850
671 165 221 113 851
175 102 228 113 851
732 108 225 113 851
736 88 225 113 851
382 150 231 113 851
372 134 227 113 851
671 166 221 114 852
589 166 225 114 852
732 109 228 114 852
736 89 226 114 852
382 151 239 114 852
372 135 227 114 852
684 135 225 114 852
671 167 227 115 853
732 110 239 115 853
671 168 227 116 854
589 168 223 116 854
175 105 223 116 854
732 111 233 116 854
382 153 228 116 854
372 137 223 116 854
671 169 225 117 855
175 106 225 117 855
736 92 221 117 855
382 154 227 117 855
372 138 235 117 855
671 170 221 118 856
589 170 223 118 856
397 131 221 118 856
732 113 223 118 856
382 155 234 118 856
372 139 226 118 856
671 171 221 119 857
177 166 221 119 857
382 156 236 119 857
372 140 235 119 857
177 167 223 120 858
382 157 233 120 858
372 141 233 120 858
671 173 223 121 859
732 116 229 121 859
382 158 233 121 859
372 142 225 121 859
684 142 225 121 859
732 117 227 122 860
392 168 223 122 860
382 159 233 122 860
372 143 225 122 860
732 118 227 123 861
397 136 223 123 861
392 169 221 123 861
382 160 227 123 861
372 144 225 123 861
684 144 221 123 861
589 176 221 124 862
732 119 226 124 862
382 161 231 124 862
372 145 223 124 862
732 120 233 125 863
382 162 231 125 863
99 160 221 125 863
589 178 221 126 864
397 139 223 126 864
732 121 235 126 864
177 173 221 126 864
382 163 229 126 864
732 122 224 127 865
177 174 224 127 865
382 164 227 127 865
684 148 221 127 865
732 123 235 128 866
177 175 223 128 866
382 165 230 128 866
372 149 224 128 866
684 149 221 128 866
732 124 229 129 867
177 176 225 129 867
372 150 226 129 867
732 125 231 130 868
177 177 223 130 868
382 167 229 130 868
684 151 225 130 868
732 126 228 131 869
372 152 226 131 869
382 168 223 131 869
177 179 226 132 870
372 153 227 132 870
382 169 235 132 870
684 153 221 132 870
732 128 231 133 871
175 122 221 133 871
177 180 221 133 871
372 154 239 133 871
382 170 233 133 871
671 186 221 134 872
177 181 222 134 872
372 155 241 134 872
382 171 231 134 872
671 187 227 135 873
589 187 221 135 873
177 182 226 135 873
397 148 223 135 873
372 156 222 135 873
382 172 223 135 873
177 183 221 136 874
372 157 223 136 874
382 173 233 136 874
382 174 226 137 875
177 185 225 138 876
372 159 225 138 876
382 175 230 138 876
732 134 223 139 877
372 160 221 139 877
382 176 229 139 877
382 177 221 140 878
372 162 233 141 879
382 178 225 141 879
684 162 221 141 879
175 131 223 142 880
372 163 225 142 880
382 179 221 142 880
175 132 225 143 881
177 190 223 143 881
372 164 227 143 881
175 133 223 144 882
177 191 221 144 882
372 165 233 144 882
684 165 221 144 882
372 166 225 145 883
382 182 221 145 883
684 166 226 145 883
732 141 225 146 884
177 193 221 146 884
372 167 238 146 884
175 136 223 147 885
177 194 225 147 885
372 168 225 147 885
671 200 223 147 885
177 195 223 148 886
372 169 223 148 886
382 185 223 148 886
175 138 223 149 887
372 170 237 149 887
99 184 221 149 887
175 139 225 150 888
177 197 221 150 888
372 171 241 150 888
177 198 221 151 889
372 172 233 151 889
382 188 223 151 889
177 199 223 152 890
372 173 231 152 890
372 174 227 153 891
684 174 239 153 891
732 149 221 154 892
397 167 221 154 892
372 175 233 154 892
589 207 228 155 893
175 144 225 155 893
732 150 221 155 893
177 202 221 155 893
397 168 221 155 893
372 176 229 155 893
684 176 222 155 893
99 190 221 155 893
671 208 223 155 893
175 145 221 156 894
732 151 233 156 894
177 203 221 156 894
372 177 232 156 894
671 209 222 156 894
372 178 221 157 895
175 147 222 158 896
372 179 229 158 896
732 154 231 159 897
372 180 229 159 897
226 198 221 160 898
732 155 223 160 898
177 207 223 160 898
732 156 227 161 899
372 182 230 161 899
382 198 221 161 899
732 157 231 162 900
392 208 222 162 900
177 209 228 162 900
372 183 225 162 900
732 158 227 163 901
177 210 222 163 901
372 184 227 163 901
175 153 227 164 902
372 185 223 164 902
508 117 221 165 903
372 186 223 165 903
382 202 223 165 903
372 187 227 166 904
177 214 221 167 905
372 188 226 167 905
177 215 221 168 906
372 189 223 168 906
382 205 225 168 906
732 164 221 169 907
372 190 241 169 907
177 217 223 170 908
372 191 223 170 908
684 191 221 170 908
372 192 223 171 909
382 209 221 172 910
372 193 233 172 910
177 220 221 173 911
372 194 231 173 911
372 195 228 174 912
372 196 227 175 913
177 223 223 176 914
372 197 226 176 914
732 172 225 177 915
177 224 222 177 915
382 214 223 177 915
372 198 223 177 915
177 225 223 178 916
382 215 223 178 916
372 199 225 178 916
732 174 224 179 917
382 216 223 179 917
736 154 222 179 917
732 175 223 180 918
175 169 229 180 918
372 201 227 180 918
177 228 223 181 919
732 176 223 181 919
175 170 221 181 919
372 202 225 181 919
372 203 229 182 920
382 220 221 183 921
372 204 233 183 921
177 231 224 184 922
372 205 224 184 922
177 232 223 185 923
175 174 223 185 923
382 222 226 185 923
177 233 224 186 924
372 208 227 187 925
177 235 227 188 926
343 217 225 188 926
177 236 228 189 927
732 184 225 189 927
382 226 221 189 927
372 210 234 189 927
397 203 225 190 928
382 227 222 190 928
372 211 225 190 928
671 243 221 190 928
732 186 223 191 929
397 204 223 191 929
372 212 235 191 929
397 205 223 192 930
732 187 229 192 930
372 213 225 192 930
732 188 225 193 931
382 230 223 193 931
372 214 238 193 931
684 214 221 193 931
397 207 227 194 932
732 189 235 194 932
382 231 227 194 932
684 215 225 194 932
372 215 239 194 932
397 208 223 195 933
175 184 223 195 933
732 190 224 195 933
684 216 222 195 933
372 216 235 195 933
671 248 221 195 933
175 185 229 196 934
732 191 223 196 934
382 233 221 196 934
372 217 229 196 934
372 218 233 197 935
684 218 225 197 935
175 187 223 198 936
177 245 221 198 936
732 193 223 198 936
736 175 223 200 938
372 221 221 200 938
372 222 223 201 939
671 254 221 201 939
732 197 230 202 940
372 223 225 202 940
382 239 226 202 940
671 255 221 202 940
177 250 223 203 941
397 216 221 203 941
732 198 225 203 941
372 224 231 203 941
177 251 223 204 942
372 225 221 204 942
175 194 223 205 943
382 242 223 205 943
382 243 221 206 944
732 202 225 207 945
372 228 241 207 945
589 260 221 208 946
732 203 227 208 946
372 229 227 208 946
382 245 223 208 946
175 198 227 209 947
732 204 229 209 947
372 230 229 209 947
382 246 223 209 947
457 255 221 210 948
732 205 233 210 948
372 231 225 210 948
382 247 223 210 948
732 206 235 211 949
372 232 225 211 949
177 259 222 212 950
732 207 225 212 950
684 233 223 212 950
372 233 233 212 950
372 234 225 213 951
177 261 223 214 952
372 235 227 214 952
177 262 221 215 953
372 236 237 215 953
372 237 234 216 954
175 207 221 218 956
175 208 221 219 957
372 240 221 219 957
684 241 223 220 958
372 241 239 220 958
382 257 225 220 958
589 273 230 221 959
457 266 221 221 959
177 268 221 221 959
175 210 221 221 959
732 216 223 221 959
372 242 227 221 959
177 269 221 222 960
732 217 229 222 960
684 243 221 222 960
382 260 222 223 961
736 198 221 223 961
175 213 225 224 962
732 219 224 224 962
372 245 226 224 962
382 261 224 224 962
671 277 221 224 962
175 214 225 225 963
732 220 227 225 963
671 278 221 225 963
175 215 225 226 964
99 1 225 226 964
372 247 224 226 964
382 263 223 226 964
732 222 231 227 965
99 2 223 227 965
372 248 226 227 965
671 280 225 227 965
382 264 223 227 965
732 223 223 228 966
671 281 221 228 966
382 265 226 228 966
732 224 228 229 967
732 225 230 230 968
732 226 231 231 969
382 268 221 231 969
732 227 230 232 970
382 269 221 232 970
177 280 221 233 971
732 228 231 233 971
372 254 226 233 971
177 281 221 234 972
684 255 221 234 972
372 255 226 234 972
382 271 222 234 972
732 230 229 235 973
177 283 221 236 974
732 231 223 236 974
732 232 239 237 975
372 258 229 237 975
382 274 226 237 975
736 212 222 238 976
732 233 239 238 976
372 259 221 238 976
684 3 222 238 976
457 284 223 239 977
177 286 221 239 977
732 234 239 239 977
372 260 222 239 977
302 288 221 240 978
732 235 241 240 978
397 254 229 241 979
732 236 237 241 979
397 255 226 242 980
732 237 239 242 980
175 231 223 242 980
382 279 221 242 980
736 217 224 243 981
732 238 241 243 981
671 296 221 243 981
372 264 225 243 981
397 257 223 244 982
732 239 235 244 982
392 290 221 244 982
175 233 225 244 982
372 265 226 244 982
684 9 229 244 982
732 240 229 245 983
177 292 221 245 983
175 234 222 245 983
684 10 221 245 983
732 241 239 246 984
373 278 223 246 984
205 8 225 246 984
151 291 221 246 984
99 21 221 246 984
671 299 222 246 984
372 267 223 246 984
684 11 221 246 984
732 242 221 247 985
373 279 221 247 985
177 294 229 247 985
382 284 223 247 985
684 12 221 247 985
732 243 226 248 986
177 295 231 248 986
99 23 222 248 986
736 223 223 249 987
337 288 221 249 987
732 244 225 249 987
373 281 225 249 987
392 295 222 249 987
177 296 235 249 987
579 302 221 249 987
671 302 221 249 987
382 286 222 249 987
589 302 222 250 988
337 289 221 250 988
732 245 223 250 988
175 239 221 250 988
99 25 227 250 988
671 303 227 250 988
684 15 235 250 988
457 296 221 251 989
337 290 223 251 989
732 246 223 251 989
177 298 228 251 989
175 240 223 251 989
99 26 222 251 989
671 304 222 251 989
302 300 221 252 990
457 297 222 252 990
337 291 223 252 990
373 284 221 252 990
177 299 227 252 990
671 305 226 252 990
382 289 221 252 990
732 248 223 253 991
177 300 229 253 991
175 242 223 253 991
684 18 227 253 991
302 302 225 254 992
457 299 221 254 992
732 249 227 254 992
177 301 233 254 992
175 243 225 254 992
684 19 225 254 992
457 300 225 255 993
732 250 230 255 993
175 244 223 255 993
177 302 235 255 993
382 292 221 255 993
684 20 227 255 993
457 301 225 256 994
732 251 231 256 994
177 303 231 256 994
382 293 221 256 994
671 309 222 256 994
684 21 229 256 994
457 302 221 257 995
589 309 223 257 995
98 297 225 257 995
177 304 228 257 995
99 32 227 257 995
372 278 223 257 995
671 310 223 257 995
684 22 227 257 995
302 306 221 258 996
392 304 221 258 996
177 305 231 258 996
99 33 223 258 996
684 23 227 258 996
736 233 223 259 997
98 299 221 259 997
392 305 221 259 997
177 306 232 259 997
99 34 225 259 997
382 296 221 259 997
684 24 223 259 997
457 305 223 260 998
397 273 223 260 998
98 300 223 260 998
732 255 221 260 998
177 307 233 260 998
671 313 221 260 998
684 25 231 260 998
177 308 231 261 999
382 298 221 261 999
684 26 231 261 999
457 307 221 262 1000
589 314 221 262 1000
732 257 225 262 1000
177 309 231 262 1000
372 283 221 262 1000
684 27 222 262 1000
457 308 221 263 1001
732 258 223 263 1001
177 310 231 263 1001
372 284 229 263 1001
684 28 223 263 1001
457 309 221 264 1002
337 303 221 264 1002
732 259 221 264 1002
177 311 235 264 1002
151 309 222 264 1002
684 29 223 264 1002
302 313 224 265 1003
397 278 223 265 1003
732 260 237 265 1003
177 312 230 265 1003
684 30 226 265 1003
382 302 222 265 1003
732 261 225 266 1004
177 313 229 266 1004
684 31 224 266 1004
382 303 221 266 1004
337 306 221 267 1005
732 262 229 267 1005
392 313 221 267 1005
177 314 231 267 1005
99 42 223 267 1005
372 288 225 267 1005
457 313 223 268 1006
372 289 223 268 1006
671 321 225 268 1006
684 33 221 268 1006
736 243 223 268 1006
372 290 237 269 1007
684 34 225 269 1007
589 322 221 270 1008
99 45 224 270 1008
372 291 222 270 1008
99 46 221 271 1009
671 324 221 271 1009
684 36 237 271 1009
732 267 225 272 1010
684 37 223 272 1010
732 268 223 273 1011
372 294 226 273 1011
684 38 223 273 1011
372 295 223 274 1012
99 51 221 276 1014
671 329 223 276 1014
343 305 221 277 1015
302 325 222 277 1015
457 322 223 277 1015
732 272 221 277 1015
177 324 221 277 1015
669 320 230 277 1015
372 298 233 277 1015
671 330 221 277 1015
382 314 227 277 1015
736 252 222 277 1015
684 42 227 277 1015
589 330 221 278 1016
508 230 221 278 1016
392 324 225 278 1016
382 315 223 278 1016
684 43 230 278 1016
302 327 221 279 1017
724 323 227 279 1017
397 292 235 279 1017
372 300 230 279 1017
397 293 223 280 1018
536 329 223 280 1018
23 328 229 281 1019
397 295 221 282 1020
321 230 225 282 1020
127 342 229 282 1020
304 318 231 282 1020
311 94 228 283 1021
98 324 223 284 1022
457 330 225 284 1022
457 331 229 286 1024
481 89 223 287 1025
457 334 226 289 1027
410 327 232 290 1028
776 188 223 290 1028
457 336 239 291 1029
654 326 221 292 1030
457 338 221 293 1031
654 327 227 293 1031
457 339 236 294 1032
457 341 225 295 1033
776 194 226 296 1034
457 342 227 296 1034
410 334 227 297 1035
470 258 223 298 1036
457 344 228 298 1036
654 333 229 299 1037
457 345 235 299 1037
410 337 226 299 1037
654 335 225 301 1039
470 261 223 301 1039
410 339 230 301 1039
470 262 227 302 1040
410 340 230 302 1040
457 350 241 304 1042
410 342 221 304 1042
654 339 222 305 1043
457 351 231 305 1043
776 204 225 306 1044
457 353 221 307 1045
776 207 225 309 1047
481 111 223 309 1047
457 355 225 309 1047
776 208 223 310 1048
470 270 221 310 1048
457 356 222 310 1048
470 271 221 311 1049
410 349 231 311 1049
470 273 226 313 1051
776 212 227 314 1052
457 360 221 314 1052
776 213 221 315 1053
457 361 225 315 1053
470 276 223 316 1054
776 214 227 316 1054
457 362 221 316 1054
470 277 227 317 1055
457 363 226 317 1055
457 364 225 318 1056
457 365 227 319 1057
776 218 223 320 1058
457 366 223 320 1058
654 355 221 321 1059
776 219 224 321 1059
457 367 229 321 1059
776 220 226 322 1060
457 368 226 322 1060
776 221 222 323 1061
457 369 221 323 1061
776 222 225 324 1062
457 370 221 324 1062
776 223 223 325 1063
457 371 227 325 1063
457 372 229 326 1064
776 225 221 327 1065
776 226 223 328 1066
457 375 233 329 1067
457 376 226 330 1068
457 378 225 332 1070
457 379 223 333 1071
776 235 221 337 1075
776 236 221 338 1076
457 385 224 339 1077
470 301 224 341 1079
457 387 237 341 1079
410 379 222 341 1079
776 240 221 342 1080
457 388 223 342 1080
776 241 221 343 1081
457 389 221 343 1081
776 242 221 344 1082
457 390 227 344 1082
776 243 221 345 1083
457 391 225 345 1083
776 244 222 346 1084
457 392 223 346 1084
776 245 223 347 1085
457 393 221 347 1085
776 246 221 348 1086
457 394 223 348 1086
457 399 233 353 1091
457 400 225 354 1092
470 315 221 355 1093
457 401 225 355 1093
654 390 221 356 1094
457 402 222 356 1094
470 317 223 357 1095
457 403 227 357 1095
457 404 223 358 1096
457 405 225 359 1097
457 412 223 366 1104
776 266 223 368 1106
457 414 227 368 1106
776 268 221 370 1108
457 416 227 370 1108
410 408 223 370 1108
457 417 235 371 1109
776 271 224 373 1111
457 419 227 373 1111
457 420 221 374 1112
776 273 221 375 1113
457 421 221 375 1113
776 274 221 376 1114
481 178 223 376 1114
457 422 223 376 1114
776 275 228 377 1115
481 179 223 377 1115
457 423 235 377 1115
776 276 227 378 1116
776 277 229 379 1117
776 278 225 380 1118
776 279 227 381 1119
457 427 227 381 1119
481 185 223 383 1121
457 429 221 383 1121
457 433 229 387 1125
457 436 223 390 1128
776 291 221 393 1131
457 440 223 394 1132
410 432 222 394 1132
481 197 221 395 1133
457 443 225 397 1135
410 435 226 397 1135
457 444 221 398 1136
410 436 221 398 1136
481 201 223 399 1137
457 445 227 399 1137
55 442 222 400 1138
457 446 231 400 1138
776 299 225 401 1139
457 447 231 401 1139
776 300 227 402 1140
457 448 227 402 1140
457 449 227 403 1141
457 450 221 404 1142
410 442 227 404 1142
410 445 227 407 1145
457 454 227 408 1146
457 456 231 410 1148
410 448 229 410 1148
410 449 226 411 1149
776 312 226 414 1152
457 461 226 415 1153
410 453 233 415 1153
410 457 223 419 1157
410 458 221 420 1158
457 474 235 428 1166
457 475 233 429 1167
457 476 225 430 1168
776 329 222 431 1169
457 477 228 431 1169
457 481 223 435 1173
457 482 223 436 1174
457 484 223 438 1176
457 485 230 439 1177
457 487 227 441 1179
470 402 221 442 1180
457 488 225 442 1180
457 489 227 443 1181
776 342 221 444 1182
470 404 231 444 1182
457 490 228 444 1182
457 491 225 445 1183
776 345 227 447 1185
457 493 230 447 1185
457 494 227 448 1186
457 495 221 449 1187
470 410 231 450 1188
776 349 225 451 1189
470 411 227 451 1189
776 350 223 452 1190
470 412 229 452 1190
457 498 235 452 1190
410 490 221 452 1190
776 352 222 454 1192
457 500 228 454 1192
457 501 223 455 1193
55 499 223 457 1195
470 417 231 457 1195
457 503 221 457 1195
470 418 227 458 1196
457 504 233 458 1196
470 419 230 459 1197
457 505 223 459 1197
470 420 231 460 1198
457 506 224 460 1198
470 421 221 461 1199
470 422 229 462 1200
457 508 223 462 1200
457 509 225 463 1201
654 498 221 464 1202
470 424 229 464 1202
410 502 221 464 1202
470 425 233 465 1203
457 511 231 465 1203
470 426 221 466 1204
457 512 231 466 1204
470 427 230 467 1205
457 513 221 467 1205
470 428 231 468 1206
470 429 235 469 1207
457 515 223 469 1207
470 430 225 470 1208
457 516 227 470 1208
470 431 226 471 1209
776 370 221 472 1210
470 432 233 472 1210
470 433 241 473 1211
457 519 223 473 1211
457 520 229 474 1212
470 435 221 475 1213
654 515 221 480 1218
457 527 221 481 1219
654 516 223 481 1219
457 528 223 482 1220
470 443 221 483 1221
457 530 225 484 1222
457 531 225 485 1223
410 524 226 486 1224
654 538 222 503 1241
654 541 224 506 1244
457 553 223 507 1245
654 542 221 507 1245
457 558 228 512 1250
457 559 226 513 1251
410 554 223 516 1254
55 559 221 517 1255
665 362 222 517 1255
410 555 239 517 1255
410 556 226 518 1256
461 530 223 520 1258
478 43 222 520 1258
654 555 223 520 1258
263 148 221 521 1259
639 571 223 522 1260
329 502 226 523 1261
109 545 222 525 1263
539 65 221 526 1264
32 548 221 527 1265
286 567 221 527 1265
754 568 226 527 1265
654 562 229 527 1265
453 10 236 528 1266
453 11 241 529 1267
290 578 225 530 1268
756 2 225 530 1268
493 560 225 531 1269
290 579 245 531 1269
768 633 221 531 1269
290 580 227 532 1270
361 580 235 532 1270
361 581 221 533 1271
751 12 221 534 1272
361 582 231 534 1272
756 6 224 534 1272
751 13 222 535 1273
398 584 222 535 1273
361 583 235 535 1273
239 576 222 536 1274
361 584 227 536 1274
385 41 226 537 1275
361 585 233 537 1275
756 9 221 537 1275
701 580 221 538 1276
10 89 221 538 1276
361 586 228 538 1276
717 583 226 539 1277
361 587 227 539 1277
718 491 227 540 1278
361 588 229 540 1278
718 492 227 541 1279
361 589 225 541 1279
718 493 227 542 1280
361 590 243 542 1280
718 494 239 543 1281
361 591 241 543 1281
718 495 223 544 1282
290 592 231 544 1282
91 3 223 544 1282
361 592 227 544 1282
718 496 225 545 1283
290 593 243 545 1283
252 24 223 545 1283
361 593 222 545 1283
718 498 229 547 1285
718 499 237 548 1286
369 590 227 548 1286
290 596 241 548 1286
33 557 221 549 1287
718 500 237 549 1287
369 591 226 549 1287
718 501 237 550 1288
290 598 223 550 1288
361 598 227 550 1288
718 502 234 551 1289
369 593 226 551 1289
718 503 239 552 1290
369 594 223 552 1290
718 504 230 553 1291
369 595 231 553 1291
290 601 221 553 1291
718 505 221 554 1292
369 596 231 554 1292
718 506 229 555 1293
369 597 235 555 1293
690 538 223 556 1294
372 577 221 556 1294
718 507 233 556 1294
369 598 233 556 1294
361 604 241 556 1294
718 508 221 557 1295
290 605 229 557 1295
361 605 235 557 1295
290 606 225 558 1296
361 606 235 558 1296
718 510 221 559 1297
290 607 223 559 1297
361 607 227 559 1297
361 608 235 560 1298
718 512 231 561 1299
290 609 221 561 1299
361 609 239 561 1299
690 544 227 562 1300
369 604 221 562 1300
361 610 237 562 1300
718 514 221 563 1301
369 605 227 563 1301
10 114 223 563 1301
361 611 231 563 1301
690 546 227 564 1302
718 515 225 564 1302
369 606 235 564 1302
10 115 225 564 1302
290 612 223 564 1302
718 516 221 565 1303
369 607 238 565 1303
290 613 221 565 1303
361 613 240 565 1303
718 517 223 566 1304
369 608 233 566 1304
290 614 227 566 1304
361 614 239 566 1304
369 609 233 567 1305
290 615 227 567 1305
361 615 227 567 1305
369 610 231 568 1306
290 616 223 568 1306
361 616 224 568 1306
369 611 235 569 1307
361 617 235 569 1307
595 300 226 570 1308
718 521 229 570 1308
369 612 242 570 1308
361 618 223 570 1308
595 301 227 571 1309
718 522 226 571 1309
369 613 229 571 1309
361 619 233 571 1309
718 523 243 572 1310
369 614 231 572 1310
718 524 245 573 1311
718 525 237 574 1312
369 616 233 574 1312
290 622 223 574 1312
361 622 233 574 1312
718 526 223 575 1313
369 617 233 575 1313
361 623 229 575 1313
290 623 223 575 1313
718 527 233 576 1314
369 618 241 576 1314
361 624 235 576 1314
290 624 222 576 1314
718 528 238 577 1315
588 615 223 577 1315
369 619 225 577 1315
718 529 233 578 1316
369 620 223 578 1316
718 530 241 579 1317
290 627 227 579 1317
361 628 233 580 1318
369 623 223 581 1319
361 629 225 581 1319
718 533 240 582 1320
369 624 238 582 1320
361 630 235 582 1320
718 534 231 583 1321
369 625 231 583 1321
361 631 237 583 1321
252 62 229 583 1321
290 631 223 583 1321
361 632 230 584 1322
369 626 229 584 1322
252 63 225 584 1322
369 627 229 585 1323
361 633 227 585 1323
170 616 225 586 1324
718 537 229 586 1324
369 628 238 586 1324
252 65 229 586 1324
361 634 223 586 1324
290 634 229 586 1324
170 617 225 587 1325
372 608 225 587 1325
718 538 225 587 1325
369 629 221 587 1325
361 635 224 587 1325
252 66 227 587 1325
775 347 225 588 1326
718 539 227 588 1326
369 630 227 588 1326
290 636 227 588 1326
718 540 224 589 1327
369 631 240 589 1327
361 637 233 589 1327
170 620 224 590 1328
718 541 233 590 1328
361 638 227 590 1328
170 621 225 591 1329
361 639 226 591 1329
290 639 224 591 1329
361 640 227 592 1330
252 71 225 592 1330
290 640 228 592 1330
170 623 223 593 1331
718 544 231 593 1331
361 641 222 593 1331
170 624 223 594 1332
718 545 226 594 1332
361 642 229 594 1332
10 145 223 594 1332
369 637 231 595 1333
361 643 237 595 1333
718 547 221 596 1334
369 638 231 596 1334
361 644 231 596 1334
718 548 221 597 1335
369 639 223 597 1335
361 645 226 597 1335
290 645 227 597 1335
369 640 237 598 1336
290 646 221 598 1336
361 646 229 598 1336
369 641 233 599 1337
290 647 221 599 1337
361 647 236 599 1337
170 630 230 600 1338
718 551 233 600 1338
369 642 225 600 1338
170 631 223 601 1339
718 552 226 601 1339
369 643 223 601 1339
290 649 225 601 1339
361 649 237 601 1339
718 553 230 602 1340
369 644 227 602 1340
361 650 235 602 1340
369 645 237 603 1341
290 651 238 603 1341
361 651 235 603 1341
718 555 229 604 1342
369 646 241 604 1342
290 652 221 604 1342
361 652 231 604 1342
718 556 233 605 1343
369 647 225 605 1343
361 653 233 605 1343
361 654 240 606 1344
290 654 223 606 1344
369 648 222 606 1344
718 558 227 607 1345
361 655 237 607 1345
369 649 225 607 1345
361 656 237 608 1346
369 650 231 608 1346
361 657 235 609 1347
290 657 227 609 1347
369 651 235 609 1347
361 658 225 610 1348
290 658 223 610 1348
369 652 227 610 1348
718 562 223 611 1349
290 659 233 611 1349
369 653 229 611 1349
372 633 221 612 1350
290 660 230 612 1350
361 660 224 612 1350
290 661 229 613 1351
361 661 233 613 1351
361 662 227 614 1352
690 597 222 615 1353
290 663 227 615 1353
361 663 232 615 1353
718 567 226 616 1354
290 664 225 616 1354
361 664 237 616 1354
369 658 223 616 1354
718 568 225 617 1355
290 665 233 617 1355
361 665 235 617 1355
369 659 223 617 1355
718 569 228 618 1356
290 666 229 618 1356
369 660 226 618 1356
361 666 231 618 1356
718 570 233 619 1357
290 667 223 619 1357
369 661 233 619 1357
361 667 235 619 1357
718 571 223 620 1358
369 662 235 620 1358
361 668 235 620 1358
718 572 225 621 1359
290 669 221 621 1359
369 663 227 621 1359
361 669 233 621 1359
718 573 223 622 1360
361 670 231 622 1360
718 574 231 623 1361
361 671 235 623 1361
718 575 227 624 1362
361 672 227 624 1362
718 576 239 625 1363
369 667 233 625 1363
361 673 231 625 1363
718 577 231 626 1364
290 674 222 626 1364
369 668 225 626 1364
361 674 235 626 1364
718 578 227 627 1365
369 669 235 627 1365
361 675 233 627 1365
718 579 226 628 1366
290 676 224 628 1366
369 670 225 628 1366
361 676 235 628 1366
718 580 233 629 1367
290 677 223 629 1367
369 671 224 629 1367
361 677 232 629 1367
718 581 227 630 1368
369 672 226 630 1368
290 678 231 630 1368
361 678 235 630 1368
369 673 230 631 1369
290 679 239 631 1369
361 679 237 631 1369
718 583 231 632 1370
290 680 229 632 1370
361 680 235 632 1370
718 584 223 633 1371
369 675 224 633 1371
361 681 240 633 1371
290 681 226 633 1371
718 585 223 634 1372
369 676 225 634 1372
361 682 247 634 1372
290 682 229 634 1372
369 677 227 635 1373
361 683 223 635 1373
369 678 235 636 1374
290 684 227 636 1374
361 684 233 636 1374
369 679 221 637 1375
290 685 231 637 1375
756 1 232 638 1376
369 680 232 638 1376
290 686 227 638 1376
768 741 237 639 1377
550 556 221 652 1390
550 557 222 653 1391
171 140 223 661 1399
550 577 223 673 1411
550 578 221 674 1412
550 584 222 680 1418
550 586 221 682 1420
550 598 221 694 1432
550 635 222 731 1469
43 790 221 746 1484
333 788 226 747 1485
524 420 224 752 1490
290 801 241 753 1491
379 1 223 754 1492
290 802 230 754 1492
740 724 221 755 1493
379 2 237 755 1493
290 803 235 755 1493
511 787 229 755 1493
425 676 226 756 1494
379 3 232 756 1494
290 804 226 756 1494
740 726 225 757 1495
379 4 227 757 1495
290 805 237 757 1495
740 727 221 758 1496
379 5 229 758 1496
290 806 240 758 1496
740 728 233 759 1497
379 6 235 759 1497
290 807 221 759 1497
740 729 231 760 1498
379 7 233 760 1498
511 792 234 760 1498
290 808 237 760 1498
756 124 223 761 1499
740 730 223 761 1499
425 681 231 761 1499
616 613 221 761 1499
379 8 233 761 1499
511 793 228 761 1499
290 809 231 761 1499
740 731 221 762 1500
425 682 229 762 1500
627 803 233 762 1500
233 811 221 762 1500
511 794 229 762 1500
530 67 225 763 1501
485 220 231 763 1501
642 19 223 763 1501
747 31 223 764 1502
322 796 231 764 1502
45 468 221 764 1502
224 712 223 765 1503
425 686 223 766 1504
740 735 222 766 1504
453 248 225 766 1504
379 13 235 766 1504
511 798 243 766 1504
290 814 233 766 1504
425 687 224 767 1505
740 736 226 767 1505
453 249 237 767 1505
379 14 233 767 1505
511 799 235 767 1505
290 815 227 767 1505
425 688 223 768 1506
740 737 228 768 1506
453 250 226 768 1506
379 15 241 768 1506
511 800 241 768 1506
290 816 231 768 1506
453 251 247 769 1507
379 16 242 769 1507
511 801 229 769 1507
290 817 239 769 1507
29 816 226 770 1508
453 252 241 770 1508
379 17 241 770 1508
511 802 231 770 1508
290 818 226 770 1508
29 817 228 771 1509
453 253 237 771 1509
379 18 239 771 1509
511 803 221 771 1509
212 234 221 772 1510
759 804 223 772 1510
740 741 225 772 1510
453 254 231 772 1510
379 19 237 772 1510
290 820 233 773 1511
759 805 229 773 1511
29 819 222 773 1511
379 20 235 773 1511
453 255 246 773 1511
565 817 221 773 1511
290 821 230 774 1512
29 820 231 774 1512
453 256 225 774 1512
290 822 227 775 1513
379 1 229 775 1513
29 821 225 775 1513
290 823 231 775 1513
379 2 235 776 1514
29 822 221 776 1514
290 824 229 776 1514
379 3 241 777 1515
29 823 223 777 1515
453 259 226 777 1515
759 810 226 778 1516
290 826 221 778 1516
379 5 221 779 1517
453 261 223 779 1517
759 812 222 780 1518
379 6 240 780 1518
29 826 229 780 1518
453 262 235 780 1518
379 7 241 781 1519
759 814 231 782 1520
379 8 235 782 1520
29 828 231 782 1520
453 264 221 782 1520
290 830 227 782 1520
759 815 230 783 1521
379 9 227 783 1521
29 829 225 783 1521
290 831 234 783 1521
759 816 227 784 1522
379 10 225 784 1522
290 832 224 784 1522
379 11 231 785 1523
29 831 221 785 1523
290 833 229 785 1523
379 12 228 785 1523
759 818 223 786 1524
29 832 222 786 1524
290 834 237 786 1524
759 819 227 786 1524
379 13 230 787 1525
29 833 227 787 1525
290 835 221 787 1525
379 14 227 788 1526
29 834 227 788 1526
29 835 231 789 1527
290 837 229 789 1527
379 16 235 790 1528
29 836 229 790 1528
453 3 241 790 1528
290 838 226 790 1528
759 823 228 791 1529
379 17 230 791 1529
453 4 221 791 1529
290 840 230 792 1530
379 19 231 792 1530
29 839 222 793 1531
453 6 235 793 1531
77 365 226 793 1531
290 841 227 793 1531
379 20 237 793 1531
759 826 223 793 1531
29 840 224 794 1532
453 7 239 794 1532
290 842 225 794 1532
379 21 231 794 1532
29 841 223 795 1533
453 8 241 795 1533
290 843 229 795 1533
379 22 234 795 1533
759 828 228 795 1533
453 9 246 796 1534
379 23 223 796 1534
759 829 221 796 1534
453 10 249 797 1535
77 369 225 797 1535
290 845 224 797 1535
379 24 227 797 1535
759 830 235 797 1535
29 844 230 798 1536
453 11 247 798 1536
77 370 225 798 1536
379 25 223 798 1536
759 831 231 798 1536
29 845 231 799 1537
453 12 233 799 1537
77 371 227 799 1537
290 847 228 799 1537
379 26 237 799 1537
29 846 227 800 1538
453 13 221 800 1538
77 372 230 800 1538
290 848 225 800 1538
379 27 223 800 1538
759 833 223 800 1538
453 14 227 801 1539
77 373 227 801 1539
290 849 235 801 1539
379 28 227 801 1539
759 834 221 801 1539
77 374 228 802 1540
290 850 241 802 1540
379 29 237 802 1540
759 835 226 802 1540
189 793 221 803 1541
453 16 243 803 1541
77 375 233 803 1541
290 851 239 803 1541
759 836 225 803 1541
379 30 233 803 1541
453 17 233 804 1542
379 31 227 804 1542
453 18 231 805 1543
379 32 233 805 1543
453 19 231 806 1544
759 839 226 806 1544
379 33 226 806 1544
29 853 222 807 1545
453 20 247 807 1545
290 855 221 807 1545
379 34 233 807 1545
453 21 240 808 1546
290 856 221 808 1546
379 35 237 808 1546
29 855 229 809 1547
453 22 235 809 1547
77 381 223 809 1547
759 842 224 809 1547
379 36 239 809 1547
29 856 227 810 1548
290 858 223 810 1548
759 843 229 810 1548
379 37 237 810 1548
29 857 233 811 1549
290 859 237 811 1549
759 844 238 811 1549
379 38 226 811 1549
29 858 225 812 1550
77 384 229 812 1550
290 860 226 812 1550
379 39 245 812 1550
759 845 233 812 1550
29 859 233 813 1551
290 861 228 813 1551
29 860 221 814 1552
379 41 231 814 1552
453 5 221 815 1553
379 42 238 815 1553
29 862 229 816 1554
290 864 227 816 1554
759 849 229 816 1554
453 7 221 817 1555
77 389 221 817 1555
453 8 229 818 1556
693 22 225 818 1556
29 864 223 818 1556
77 390 255 818 1556
290 866 231 818 1556
759 851 231 818 1556
379 45 223 818 1556
453 9 221 819 1557
29 865 231 819 1557
77 391 233 819 1557
290 867 228 819 1557
759 852 237 819 1557
379 46 238 820 1558
453 10 228 820 1558
77 392 223 820 1558
290 868 224 820 1558
759 853 233 820 1558
379 47 223 821 1559
29 867 230 821 1559
77 393 221 821 1559
759 854 226 822 1560
379 48 227 822 1560
29 868 226 822 1560
290 870 221 822 1560
379 49 221 823 1561
453 13 227 823 1561
29 869 233 823 1561
219 399 238 823 1561
21 538 221 823 1561
756 187 221 823 1561
223 306 233 824 1562
655 121 221 824 1562
608 291 221 824 1562
112 852 231 824 1562
658 870 225 824 1562
481 627 235 824 1562
574 860 239 824 1562
101 852 222 824 1562
89 873 221 824 1562
414 869 224 825 1563
263 453 228 826 1564
399 110 222 826 1564
451 875 225 826 1564
278 875 226 826 1564
425 747 226 827 1565
29 873 227 827 1565
219 403 230 827 1565
511 859 223 827 1565
290 875 231 827 1565
412 818 234 827 1565
578 422 223 828 1566
716 872 227 828 1566
71 6 235 830 1568
467 75 237 830 1568
281 68 237 830 1568
393 621 232 830 1568
423 865 223 830 1568
472 595 235 831 1569
472 596 227 832 1570
457 879 222 834 1572
76 800 223 835 1573
592 49 221 836 1574
749 565 225 844 1582
305 977 224 845 1583
264 545 227 846 1584
128 16 231 848 1586
128 22 221 854 1592
217 905 221 858 1596
777 898 223 863 1601
453 25 229 871 1609
453 26 227 872 1610
782 862 223 872 1610
284 919 221 872 1610
453 27 228 873 1611
453 28 235 874 1612
453 29 223 875 1613
453 30 221 876 1614
453 31 225 877 1615
418 923 222 879 1617
149 279 222 879 1617
232 442 225 879 1617
418 924 229 880 1618
589 933 227 880 1618
654 915 223 880 1618
434 917 221 881 1619
115 695 223 881 1619
50 43 221 882 1620
50 44 227 883 1621
10 438 224 887 1625
50 48 221 887 1625
774 937 223 890 1628
50 51 229 890 1628
466 430 226 891 1629
525 932 247 891 1629
295 907 221 891 1629
774 939 222 892 1630
82 23 228 892 1630
79 3 225 892 1630
525 934 221 894 1632
434 930 221 894 1632
510 191 230 894 1632
453 48 238 894 1632
603 933 223 895 1633
525 935 225 895 1633
525 936 226 896 1634
510 193 233 896 1634
79 8 223 897 1635
525 938 227 898 1636
520 942 222 898 1636
525 939 225 899 1637
525 940 222 900 1638
525 941 225 901 1639
525 942 227 902 1640
462 293 224 902 1640
525 943 223 903 1641
79 16 223 905 1643
525 946 221 906 1644
510 204 223 907 1645
245 958 222 907 1645
462 298 223 907 1645
525 948 226 908 1646
510 205 221 908 1646
525 949 227 909 1647
510 206 225 909 1647
525 952 221 912 1650
462 304 224 913 1651
462 305 221 914 1652
510 212 221 915 1653
510 213 221 916 1654
525 958 221 918 1656
510 215 225 918 1656
462 318 221 927 1665
510 226 221 929 1667
79 42 221 931 1669
453 87 221 933 1671
79 46 221 935 1673
525 976 223 936 1674
79 47 221 936 1674
525 977 223 937 1675
525 978 223 938 1676
525 979 223 939 1677
525 980 221 940 1678
525 981 223 941 1679
510 238 225 941 1679
525 982 223 942 1680
525 983 221 943 1681
510 240 224 943 1681
525 984 221 944 1682
510 241 222 944 1682
525 985 223 945 1683
510 242 222 945 1683
525 986 227 946 1684
525 987 231 947 1685
525 988 225 948 1686
510 245 223 948 1686
525 991 226 951 1689
525 993 224 953 1691
525 995 221 955 1693
525 996 221 956 1694
79 67 221 956 1694
245 1010 225 959 1697
525 1000 225 960 1698
525 1001 237 961 1699
525 1002 231 962 1700
525 1003 229 963 1701
525 1004 229 964 1702
525 1005 223 965 1703
453 119 221 965 1703
525 1006 225 966 1704
453 120 221 966 1704
525 1007 226 967 1705
525 1008 221 968 1706
525 1009 227 969 1707
453 123 221 969 1707
79 80 223 969 1707
525 1010 230 970 1708
525 1011 235 971 1709
510 268 222 971 1709
525 1012 236 972 1710
245 1023 221 972 1710
510 269 225 972 1710
462 363 221 972 1710
525 1013 237 973 1711
510 270 227 973 1711
462 364 221 973 1711
525 1014 237 974 1712
453 128 221 974 1712
525 1015 237 975 1713
520 1019 223 975 1713
510 272 223 975 1713
462 366 222 975 1713
525 1016 224 976 1714
520 1020 221 976 1714
453 130 221 976 1714
510 273 221 976 1714
525 1017 225 977 1715
525 1018 227 978 1716
525 1019 227 979 1717
510 276 223 979 1717
525 1020 227 980 1718
453 134 225 980 1718
525 1021 226 981 1719
453 135 221 981 1719
525 1022 229 982 1720
510 279 231 982 1720
525 1023 237 983 1721
510 280 223 983 1721
525 1024 233 984 1722
453 138 221 984 1722
510 281 223 984 1722
525 1025 236 985 1723
453 139 226 985 1723
193 1017 223 985 1723
525 1026 239 986 1724
434 1022 221 986 1724
453 140 226 986 1724
510 283 226 986 1724
525 1027 240 987 1725
520 1031 221 987 1725
79 98 225 987 1725
525 1029 230 989 1727
453 143 221 989 1727
79 100 221 989 1727
525 1031 227 991 1729
79 102 221 991 1729
525 1032 225 992 1730
79 103 223 992 1730
453 147 222 993 1731
510 290 227 993 1731
462 384 221 993 1731
525 1036 228 996 1734
525 1037 225 997 1735
525 1038 233 998 1736
525 1039 230 999 1737
525 1040 233 1000 1738
525 1041 233 1001 1739
525 1042 232 1002 1740
525 1043 231 1003 1741
462 394 221 1003 1741
525 1044 225 1004 1742
466 543 221 1004 1742
525 1045 227 1005 1743
466 544 221 1005 1743
462 396 226 1005 1743
525 1046 235 1006 1744
245 1057 227 1006 1744
510 303 222 1006 1744
462 397 229 1006 1744
525 1047 230 1007 1745
245 1058 225 1007 1745
510 304 224 1007 1745
525 1048 227 1008 1746
245 1059 225 1008 1746
466 547 223 1008 1746
525 1049 221 1009 1747
525 1050 221 1010 1748
79 121 221 1011 1749
525 1051 231 1011 1749
525 1052 235 1012 1750
466 551 222 1012 1750
525 1053 227 1013 1751
525 1054 227 1014 1752
510 311 221 1014 1752
525 1055 227 1015 1753
525 1056 229 1016 1754
510 313 223 1016 1754
525 1057 229 1017 1755
510 314 223 1017 1755
525 1058 229 1018 1756
510 315 223 1018 1756
525 1059 228 1019 1757
466 558 221 1019 1757
510 316 222 1019 1757
525 1060 231 1020 1758
510 317 221 1020 1758
525 1061 231 1021 1759
525 1062 229 1022 1760
520 1066 221 1022 1760
466 561 221 1022 1760
510 319 225 1022 1760
525 1063 229 1023 1761
520 1067 221 1023 1761
510 320 227 1023 1761
525 1064 227 1024 1762
466 563 222 1024 1762
510 321 227 1024 1762
525 1065 230 1025 1763
520 1069 222 1025 1763
510 322 227 1025 1763
525 1066 227 1026 1764
520 1070 223 1026 1764
510 323 226 1026 1764
525 1067 228 1027 1765
520 1071 223 1027 1765
510 324 221 1027 1765
525 1069 231 1029 1767
510 326 223 1029 1767
525 1070 233 1030 1768
510 327 225 1030 1768
525 1071 235 1031 1769
453 185 221 1031 1769
510 328 225 1031 1769
525 1072 235 1032 1770
702 1078 221 1032 1770
510 329 225 1032 1770
362 110 221 1032 1770
525 1073 236 1033 1771
510 330 231 1033 1771
626 367 227 1034 1772
525 1074 237 1034 1772
510 331 227 1034 1772
525 1075 238 1035 1773
520 1079 222 1035 1773
510 332 227 1035 1773
525 1076 236 1036 1774
508 988 222 1036 1774
453 190 221 1036 1774
510 333 226 1036 1774
525 1077 239 1037 1775
462 428 223 1037 1775
525 1078 235 1038 1776
510 335 221 1038 1776
79 149 224 1039 1777
525 1079 241 1039 1777
525 1080 235 1040 1778
525 1081 237 1041 1779
525 1082 237 1042 1780
510 339 226 1042 1780
525 1083 237 1043 1781
525 1084 235 1044 1782
466 583 221 1044 1782
462 435 224 1044 1782
525 1085 240 1045 1783
525 1086 247 1046 1784
520 1090 223 1046 1784
525 1087 237 1047 1785
462 438 222 1047 1785
79 158 221 1048 1786
525 1088 243 1048 1786
462 439 225 1048 1786
525 1089 227 1049 1787
462 440 223 1049 1787
525 1090 234 1050 1788
466 589 221 1050 1788
466 590 221 1051 1789
510 349 221 1052 1790
525 1093 226 1053 1791
525 1094 227 1054 1792
466 593 221 1054 1792
510 351 227 1054 1792
462 445 233 1054 1792
79 165 223 1055 1793
525 1095 223 1055 1793
462 446 227 1055 1793
462 447 223 1056 1794
525 1097 231 1057 1795
510 355 221 1058 1796
525 1099 228 1059 1797
466 598 221 1059 1797
525 1100 221 1060 1798
525 1101 221 1061 1799
462 452 221 1061 1799
79 172 221 1061 1799
525 1102 228 1062 1800
525 1103 227 1063 1801
525 1104 227 1064 1802
525 1105 227 1065 1803
525 1106 228 1066 1804
510 363 221 1066 1804
525 1107 227 1067 1805
193 1099 222 1067 1805
510 364 222 1067 1805
193 1100 224 1068 1806
510 365 226 1068 1806
525 1109 226 1069 1807
525 1110 227 1070 1808
520 1114 226 1070 1808
466 609 223 1070 1808
510 367 223 1070 1808
434 1107 224 1071 1809
520 1115 227 1071 1809
466 610 223 1071 1809
525 1112 228 1072 1810
520 1116 222 1072 1810
510 369 227 1072 1810
462 463 223 1072 1810
525 1113 235 1073 1811
520 1117 221 1073 1811
466 612 222 1073 1811
79 184 226 1073 1811
525 1114 227 1074 1812
520 1118 223 1074 1812
510 371 223 1074 1812
79 185 227 1074 1812
525 1115 227 1075 1813
520 1119 223 1075 1813
525 1116 227 1076 1814
520 1120 227 1076 1814
466 615 227 1076 1814
510 373 227 1076 1814
79 187 221 1076 1814
525 1117 231 1077 1815
520 1121 227 1077 1815
510 374 221 1077 1815
525 1118 228 1078 1816
520 1122 227 1078 1816
50 239 221 1078 1816
462 469 222 1078 1816
79 189 223 1078 1816
525 1119 228 1079 1817
525 1120 235 1080 1818
466 619 221 1080 1818
510 377 227 1080 1818
525 1121 221 1081 1819
510 378 221 1081 1819
525 1122 221 1082 1820
626 29 227 1084 1822
525 1139 229 1099 1837
525 1144 233 1104 1842
466 643 223 1104 1842
525 1150 223 1110 1848
525 1153 222 1113 1851
525 1156 221 1116 1854
525 1157 229 1117 1855
462 508 221 1117 1855
510 414 243 1117 1855
466 657 225 1118 1856
462 509 221 1118 1856
79 229 221 1118 1856
525 1159 223 1119 1857
79 231 221 1120 1858
462 512 225 1121 1859
466 661 243 1122 1860
466 662 223 1123 1861
87 582 221 1125 1863
725 269 223 1125 1863
5 1171 226 1126 1864
227 1095 223 1126 1864
253 918 227 1128 1866
472 102 225 1128 1866
516 1171 231 1128 1866
516 1172 223 1129 1867
688 13 223 1130 1868
87 2 225 1131 1869
54 1164 221 1131 1869
724 1176 221 1132 1870
56 595 229 1132 1870
575 450 225 1135 1873
745 1181 235 1136 1874
575 451 225 1136 1874
575 453 225 1138 1876
481 124 233 1139 1877
423 1174 225 1139 1877
186 35 227 1142 1880
615 1169 221 1142 1880
349 220 235 1142 1880
206 1153 223 1142 1880
637 261 225 1142 1880
42 276 226 1142 1880
472 116 231 1142 1880
349 221 231 1143 1881
206 1154 222 1143 1881
637 262 223 1143 1881
472 117 225 1143 1881
349 222 239 1144 1882
637 263 221 1144 1882
472 118 224 1144 1882
349 223 227 1145 1883
637 264 227 1145 1883
349 224 223 1146 1884
637 265 226 1146 1884
472 120 221 1146 1884
349 225 223 1147 1885
637 266 225 1147 1885
42 281 225 1147 1885
472 121 225 1147 1885
349 226 221 1148 1886
637 267 225 1148 1886
349 227 230 1149 1887
637 268 235 1149 1887
472 123 231 1149 1887
186 43 221 1150 1888
349 228 237 1150 1888
637 269 231 1150 1888
472 124 233 1150 1888
206 1162 223 1151 1889
349 229 230 1151 1889
637 271 235 1152 1890
349 231 230 1153 1891
637 272 235 1153 1891
349 232 223 1154 1892
637 273 235 1154 1892
206 1166 221 1155 1893
349 233 223 1155 1893
637 274 231 1155 1893
206 1167 225 1156 1894
176 35 221 1156 1894
637 275 225 1156 1894
349 235 231 1157 1895
206 1168 223 1157 1895
637 276 221 1157 1895
349 236 231 1158 1896
176 37 224 1158 1896
206 1169 228 1158 1896
637 277 228 1158 1896
42 292 223 1158 1896
186 52 222 1159 1897
349 237 227 1159 1897
637 278 235 1159 1897
472 133 222 1159 1897
349 238 233 1160 1898
637 279 233 1160 1898
349 239 229 1161 1899
637 280 231 1161 1899
472 135 225 1161 1899
186 55 221 1162 1900
349 240 229 1162 1900
637 281 233 1162 1900
349 241 233 1163 1901
637 282 233 1163 1901
349 242 235 1164 1902
637 283 225 1164 1902
349 243 231 1165 1903
637 284 233 1165 1903
472 139 223 1165 1903
186 59 221 1166 1904
349 244 228 1166 1904
637 285 231 1166 1904
206 1177 221 1166 1904
186 60 221 1167 1905
206 1178 229 1167 1905
637 286 229 1167 1905
349 246 221 1168 1906
637 287 234 1168 1906
206 1180 227 1169 1907
349 247 227 1169 1907
637 288 231 1169 1907
206 1181 227 1170 1908
637 289 232 1170 1908
206 1182 225 1171 1909
637 290 235 1171 1909
349 249 223 1171 1909
637 291 231 1172 1910
349 250 222 1172 1910
186 66 221 1172 1910
637 292 227 1173 1911
349 251 227 1173 1911
688 33 223 1174 1912
206 1185 221 1174 1912
637 293 231 1174 1912
637 294 231 1175 1913
206 1187 228 1176 1914
637 295 230 1176 1914
206 1188 223 1177 1915
637 296 231 1177 1915
349 255 233 1177 1915
472 151 221 1177 1915
637 297 229 1178 1916
637 298 228 1179 1917
349 257 228 1179 1917
206 1191 226 1180 1918
637 299 226 1180 1918
206 1192 222 1181 1919
206 1193 225 1182 1920
176 61 222 1182 1920
637 301 228 1182 1920
349 260 225 1182 1920
206 1194 221 1183 1921
637 302 223 1183 1921
206 1195 221 1184 1922
637 303 233 1184 1922
637 304 233 1185 1923
349 264 226 1186 1924
637 305 233 1186 1924
637 306 235 1187 1925
637 307 222 1188 1926
637 308 226 1189 1927
637 309 228 1190 1928
637 310 231 1191 1929
349 270 221 1192 1930
637 311 225 1192 1930
206 1204 224 1193 1931
349 271 227 1193 1931
637 312 231 1193 1931
349 272 225 1194 1932
637 313 233 1194 1932
349 273 227 1195 1933
637 314 225 1195 1933
349 274 225 1196 1934
637 315 223 1196 1934
206 1208 221 1197 1935
349 275 228 1197 1935
349 276 227 1198 1936
637 317 225 1198 1936
176 79 221 1200 1938
349 278 231 1200 1938
637 319 232 1200 1938
349 279 221 1201 1939
637 320 225 1201 1939
349 280 228 1202 1940
637 321 226 1202 1940
206 1214 227 1203 1941
349 281 235 1203 1941
637 322 225 1203 1941
42 337 225 1203 1941
176 83 221 1204 1942
349 282 247 1204 1942
637 323 223 1204 1942
176 84 223 1205 1943
349 283 227 1205 1943
637 324 229 1205 1943
637 325 235 1206 1944
349 284 231 1206 1944
637 326 235 1207 1945
349 285 233 1207 1945
637 327 235 1208 1946
349 286 234 1208 1946
688 68 221 1209 1947
637 328 229 1209 1947
637 329 235 1210 1948
637 330 233 1211 1949
349 289 231 1211 1949
637 331 233 1212 1950
349 290 225 1212 1950
637 332 235 1213 1951
349 291 225 1213 1951
688 73 221 1214 1952
637 333 231 1214 1952
186 108 221 1214 1952
637 334 228 1215 1953
349 293 225 1215 1953
637 335 226 1216 1954
349 294 223 1216 1954
637 336 231 1217 1955
349 295 222 1217 1955
637 337 231 1218 1956
349 296 231 1218 1956
637 338 231 1219 1957
637 339 231 1220 1958
637 340 231 1221 1959
637 341 228 1222 1960
637 342 228 1223 1961
349 301 227 1223 1961
637 343 228 1224 1962
637 344 231 1225 1963
637 345 228 1226 1964
637 346 229 1227 1965
637 347 229 1228 1966
688 88 222 1229 1967
637 348 233 1229 1967
637 349 233 1230 1968
637 350 229 1231 1969
637 351 231 1232 1970
637 352 229 1233 1971
637 353 227 1234 1972
637 354 229 1235 1973
349 313 226 1235 1973
637 355 227 1236 1974
637 356 227 1237 1975
688 97 221 1237 1975
688 98 221 1238 1976
688 99 221 1239 1977
637 360 225 1241 1979
349 319 223 1241 1979
637 361 233 1242 1980
349 320 227 1242 1980
637 363 228 1244 1982
349 322 223 1244 1982
349 323 223 1245 1983
349 324 233 1246 1984
516 1289 222 1246 1984
349 325 221 1247 1985
349 326 229 1248 1986
349 327 231 1249 1987
349 328 227 1250 1988
472 2 227 1250 1988
349 330 227 1252 1990
349 331 235 1253 1991
176 10 222 1257 1995
472 9 222 1257 1995
472 10 224 1258 1996
349 338 227 1260 1998
349 339 225 1261 1999
349 340 227 1262 2000
349 342 222 1264 2002
349 343 223 1265 2003
688 127 221 1267 2005
349 346 232 1268 2006
349 347 231 1269 2007
349 348 228 1270 2008
349 349 225 1271 2009
349 350 225 1272 2010
349 351 226 1273 2011
472 25 223 1273 2011
349 352 225 1274 2012
206 1286 221 1275 2013
472 27 233 1275 2013
349 354 235 1276 2014
637 395 230 1276 2014
42 410 224 1276 2014
472 28 233 1276 2014
349 355 229 1277 2015
637 396 225 1277 2015
637 397 225 1278 2016
516 1321 221 1278 2016
206 1290 226 1279 2017
516 1322 223 1279 2017
472 31 223 1279 2017
186 173 221 1279 2017
186 174 225 1280 2018
637 2 227 1281 2019
472 33 227 1281 2019
349 360 225 1282 2020
637 3 227 1282 2020
349 361 235 1283 2021
206 1294 223 1283 2021
186 177 221 1283 2021
349 362 230 1284 2022
206 1295 223 1284 2022
637 5 228 1284 2022
472 36 221 1284 2022
688 3 222 1284 2022
186 178 225 1284 2022
637 6 229 1285 2023
688 4 223 1285 2023
349 364 225 1286 2024
562 617 225 1286 2024
151 856 229 1286 2024
77 863 254 1291 2029
77 864 239 1292 2030
518 399 221 1294 2032
497 1336 221 1294 2032
785 1330 239 1295 2033
518 400 223 1295 2033
497 1337 229 1295 2033
190 179 221 1296 2034
