268 1 231 0 696
620 5 237 0 696
518 5 227 0 696
497 1 223 1 697
268 2 224 1 697
620 6 239 1 697
518 6 223 1 697
268 3 231 2 698
620 7 221 2 698
518 7 233 2 698
497 3 224 3 699
268 4 222 3 699
497 4 227 4 700
268 5 229 4 700
620 9 230 4 700
704 7 222 4 700
134 1 221 5 701
205 9 222 5 701
497 5 227 5 701
268 6 230 5 701
620 10 234 5 701
704 8 232 5 701
518 10 226 5 701
497 6 226 6 702
205 10 223 6 702
268 7 225 6 702
620 11 229 6 702
704 9 232 6 702
326 14 227 6 702
518 11 231 6 702
497 7 235 7 703
268 8 231 7 703
620 12 241 7 703
704 10 238 7 703
518 12 225 7 703
497 8 227 8 704
268 9 231 8 704
620 13 227 8 704
704 11 225 8 704
497 9 237 9 705
620 14 234 9 705
326 17 221 9 705
518 14 226 9 705
497 10 227 10 706
268 11 234 10 706
620 15 225 10 706
704 13 235 10 706
497 11 222 11 707
268 12 235 11 707
620 16 225 11 707
704 14 235 11 707
497 12 231 12 708
268 13 223 12 708
620 17 228 12 708
704 15 235 12 708
268 14 223 13 709
497 13 230 13 709
205 17 223 13 709
620 18 221 13 709
704 16 235 13 709
233 21 221 13 709
497 14 231 14 710
620 19 222 14 710
704 17 229 14 710
326 22 225 14 710
343 2 232 14 710
518 19 225 14 710
268 16 230 15 711
497 15 223 15 711
620 20 227 15 711
704 18 234 15 711
326 23 221 15 711
343 3 227 15 711
268 17 228 16 712
205 20 223 16 712
497 16 227 16 712
620 21 222 16 712
704 19 232 16 712
343 4 239 16 712
518 21 224 16 712
268 18 225 17 713
497 17 231 17 713
704 20 232 17 713
497 18 233 18 714
620 23 235 18 714
704 21 221 18 714
268 20 223 19 715
343 7 221 19 715
497 20 222 20 716
343 8 224 20 716
268 22 224 21 717
497 21 221 21 717
205 26 222 22 718
620 27 224 22 718
343 10 221 22 718
497 23 224 23 719
268 25 225 24 720
620 29 223 24 720
497 24 231 24 720
343 12 221 24 720
268 26 226 25 721
620 30 225 25 721
497 25 224 25 721
268 27 236 26 722
497 26 237 26 722
268 28 235 27 723
497 27 221 27 723
704 30 221 27 723
268 29 233 28 724
497 28 222 28 724
268 30 231 29 725
205 33 223 29 725
497 32 222 32 728
233 40 223 32 728
518 37 221 32 728
268 34 222 33 729
497 33 224 33 729
518 39 223 34 730
268 36 223 35 731
497 35 221 35 731
268 37 221 36 732
343 24 225 36 732
268 38 223 37 733
497 37 227 37 733
343 26 221 38 734
268 40 221 39 735
497 39 223 39 735
268 41 226 40 736
497 40 224 40 736
268 42 230 41 737
497 41 225 41 737
268 43 231 42 738
497 42 226 42 738
343 30 229 42 738
268 44 230 43 739
497 43 227 43 739
343 31 222 43 739
268 45 227 44 740
233 52 224 44 740
205 49 222 45 741
497 45 221 45 741
343 34 223 46 742
268 48 237 47 743
497 47 226 47 743
205 51 223 47 743
343 35 221 47 743
346 56 221 47 743
268 49 237 48 744
497 48 225 48 744
205 52 224 48 744
704 51 225 48 744
343 36 227 48 744
268 50 233 49 745
497 49 233 49 745
205 53 224 49 745
343 37 222 49 745
497 50 221 50 746
343 38 225 50 746
268 52 230 50 746
343 39 221 51 747
205 56 223 52 748
497 53 224 53 749
343 41 222 53 749
704 57 223 54 750
343 42 229 54 750
497 55 225 55 751
205 59 227 55 751
704 58 227 55 751
343 43 232 55 751
343 44 227 56 752
268 58 227 56 752
497 57 230 56 752
620 62 221 57 753
704 60 224 57 753
343 45 231 57 753
518 62 222 57 753
497 58 231 57 753
205 62 224 58 754
704 61 234 58 754
343 46 233 58 754
518 63 225 58 754
268 60 233 58 754
497 59 225 59 755
620 64 231 59 755
704 62 229 59 755
497 60 227 60 756
205 64 224 60 756
620 65 227 60 756
343 48 224 60 756
268 62 231 60 756
497 61 233 61 757
205 65 229 61 757
620 66 245 61 757
704 64 222 61 757
343 49 233 61 757
116 71 227 61 757
268 63 228 61 757
497 62 227 61 757
620 67 225 62 758
233 70 222 62 758
343 50 221 62 758
326 70 222 62 758
497 63 232 62 758
704 66 224 63 759
343 51 227 63 759
116 73 225 63 759
268 65 226 63 759
497 64 233 64 760
620 69 231 64 760
704 67 223 64 760
233 72 221 64 760
343 52 239 64 760
497 65 231 65 761
620 70 225 65 761
704 68 224 65 761
343 53 231 65 761
268 67 221 65 761
346 74 221 65 761
497 66 231 66 762
343 54 226 66 762
205 71 224 67 763
620 72 221 67 763
704 70 222 67 763
343 55 231 67 763
343 56 222 68 764
497 69 229 69 765
231 42 221 69 765
329 7 222 69 765
268 71 233 69 765
497 70 222 70 766
620 75 224 70 766
343 58 230 70 766
268 72 236 70 766
704 74 222 71 767
343 59 229 71 767
116 81 221 71 767
268 73 240 71 767
497 72 227 72 768
205 76 223 72 768
704 75 224 72 768
343 60 232 72 768
205 77 222 72 768
704 76 223 73 769
343 61 228 73 769
268 75 222 73 769
497 74 224 74 770
620 79 223 74 770
268 76 231 74 770
497 75 226 75 771
205 79 225 75 771
620 80 224 75 771
343 63 226 75 771
268 77 221 75 771
205 80 230 75 771
497 76 222 76 772
268 78 225 76 772
205 81 237 76 772
497 77 222 76 772
518 82 227 77 773
268 79 233 77 773
704 81 232 78 774
343 66 231 78 774
268 80 223 78 774
205 83 226 78 774
497 79 221 79 775
620 84 230 79 775
704 82 227 79 775
346 88 222 79 775
268 81 235 79 775
205 84 223 79 775
497 80 223 80 776
704 83 232 80 776
205 85 221 81 777
421 85 221 81 777
620 86 222 81 777
497 81 222 81 777
704 84 229 81 777
343 69 227 81 777
116 91 221 81 777
518 86 228 81 777
268 83 231 81 777
620 87 225 82 778
497 82 234 82 778
123 66 229 82 778
657 85 237 82 778
359 21 223 82 778
393 80 223 82 778
431 68 229 82 778
10 31 227 83 779
319 89 223 83 779
700 70 234 84 780
254 96 223 84 780
595 74 231 84 780
661 42 231 84 780
554 88 223 85 781
610 15 243 85 781
534 92 231 85 781
329 23 222 85 781
288 88 223 86 782
124 77 222 86 782
525 87 236 87 783
288 89 236 87 783
181 59 225 88 784
202 93 221 88 784
229 98 229 88 784
767 90 225 88 784
288 90 236 88 784
444 99 233 88 784
585 89 227 90 786
235 88 227 91 787
585 90 223 91 787
152 94 227 92 788
662 94 223 92 788
461 61 230 92 788
585 91 225 92 788
606 56 227 93 789
152 95 230 93 789
662 95 225 93 789
461 62 231 93 789
150 98 227 93 789
585 92 222 93 789
152 96 232 94 790
461 63 227 94 790
150 99 224 94 790
235 91 221 94 790
95 98 233 94 790
789 89 223 94 790
604 89 225 94 790
662 97 221 95 791
461 64 221 95 791
235 92 229 95 791
95 99 240 95 791
789 90 222 95 791
604 90 221 96 792
107 98 227 96 792
606 59 221 96 792
461 65 223 96 792
235 93 222 96 792
95 100 235 96 792
789 91 225 96 792
107 99 223 97 793
152 99 233 97 793
150 102 225 97 793
235 94 225 97 793
95 101 237 97 793
789 92 223 97 793
604 92 221 97 793
606 61 223 98 794
15 98 225 98 794
461 67 226 98 794
107 1 227 98 794
150 103 223 98 794
95 102 227 98 794
604 93 223 98 794
461 68 235 99 795
107 2 221 99 795
150 104 227 99 795
288 101 221 99 795
95 103 223 99 795
606 63 231 100 796
461 69 221 100 796
150 105 223 100 796
235 97 223 100 796
95 104 227 100 796
606 64 223 101 797
662 103 226 101 797
15 101 226 101 797
461 70 231 101 797
150 106 227 101 797
235 98 229 101 797
95 105 238 101 797
789 96 227 101 797
662 104 222 102 798
152 104 239 102 798
150 107 229 102 798
235 99 223 102 798
95 106 228 102 798
789 97 221 102 798
604 97 227 102 798
606 66 221 103 799
15 103 233 103 799
152 105 231 103 799
107 6 223 103 799
150 108 225 103 799
95 107 247 103 799
606 67 221 104 800
461 73 225 104 800
152 106 226 104 800
150 109 226 104 800
235 101 227 104 800
95 108 235 104 800
604 99 227 104 800
606 68 226 105 801
461 74 237 105 801
152 107 231 105 801
95 109 222 105 801
585 104 222 105 801
604 100 221 105 801
461 75 222 106 802
152 108 231 106 802
235 103 221 106 802
95 110 232 106 802
606 70 221 107 803
461 76 228 107 803
152 109 238 107 803
235 104 223 107 803
95 111 234 107 803
662 110 229 108 804
152 110 227 108 804
235 105 222 108 804
95 112 229 108 804
604 103 225 108 804
606 72 229 109 805
662 111 227 109 805
152 111 245 109 805
95 113 237 109 805
105 85 221 109 805
606 73 223 110 806
461 79 226 110 806
152 112 237 110 806
107 13 223 110 806
150 115 224 110 806
95 114 240 110 806
105 86 222 110 806
606 74 235 111 807
461 80 228 111 807
152 113 230 111 807
107 14 225 111 807
150 116 227 111 807
235 108 224 111 807
95 115 235 111 807
606 75 229 112 808
152 114 229 112 808
235 109 221 112 808
150 117 221 112 808
152 115 239 113 809
150 118 221 113 809
95 117 227 113 809
606 77 222 114 810
152 116 227 114 810
150 119 246 114 810
235 111 229 114 810
95 118 241 114 810
15 115 225 115 811
152 117 222 115 811
150 120 250 115 811
235 112 225 115 811
95 119 243 115 811
606 79 223 116 812
152 118 224 116 812
150 121 242 116 812
235 113 227 116 812
95 120 243 116 812
789 111 222 116 812
150 122 239 117 813
235 114 233 117 813
95 121 243 117 813
606 81 224 118 814
152 120 237 118 814
150 123 230 118 814
235 115 225 118 814
95 122 227 118 814
604 113 233 118 814
461 88 229 119 815
789 114 237 119 815
95 123 226 119 815
15 120 223 120 816
461 89 225 120 816
150 125 233 120 816
789 115 224 120 816
95 124 225 120 816
15 121 228 121 817
107 6 222 121 817
585 120 233 121 817
107 7 221 122 818
585 121 239 122 818
152 125 223 123 819
107 8 231 123 819
585 122 250 123 819
15 124 222 124 820
107 9 227 124 820
789 120 233 125 821
105 101 221 125 821
107 10 223 125 821
585 124 223 125 821
461 95 224 126 822
15 126 230 126 822
152 128 223 126 822
235 8 221 127 823
461 96 222 127 823
15 127 225 127 823
152 129 225 127 823
107 12 225 127 823
150 133 238 128 824
277 85 227 128 824
95 132 227 128 824
310 122 221 129 825
150 134 222 129 825
604 124 228 130 826
152 132 225 130 826
95 134 237 130 826
461 100 225 131 827
606 94 222 131 827
95 135 245 131 827
105 107 225 131 827
461 101 226 132 828
606 95 229 132 828
150 137 230 132 828
95 136 241 132 828
789 127 222 132 828
105 108 239 132 828
604 127 225 133 829
662 135 223 133 829
107 3 237 133 829
152 135 221 133 829
15 134 223 134 830
152 136 221 134 830
662 137 226 135 831
606 98 231 135 831
15 135 221 135 831
152 137 235 135 831
452 60 221 136 832
15 136 223 136 832
537 125 223 137 833
789 132 225 137 833
95 141 221 137 833
585 136 223 138 834
662 140 221 138 834
152 140 221 138 834
95 142 224 138 834
604 133 222 139 835
152 141 223 139 835
107 2 223 139 835
95 143 223 139 835
152 142 229 140 836
150 145 225 140 836
95 144 222 140 836
604 135 222 141 837
152 143 233 141 837
95 145 237 141 837
789 136 223 141 837
235 23 222 142 838
152 144 235 142 838
95 146 234 142 838
604 137 226 143 839
235 24 225 143 839
152 145 229 143 839
150 148 227 143 839
95 147 237 143 839
604 138 222 144 840
235 25 221 144 840
152 146 237 144 840
150 149 223 144 840
95 148 235 144 840
152 148 229 146 842
95 150 233 146 842
95 151 237 147 843
789 142 224 147 843
604 142 229 148 844
585 146 221 148 844
235 29 226 148 844
662 150 222 148 844
152 150 227 148 844
95 152 242 148 844
585 147 222 149 845
152 151 230 149 845
150 154 229 149 845
789 144 223 149 845
95 153 241 149 845
235 31 227 150 846
662 152 223 150 846
15 150 221 150 846
152 152 238 150 846
789 145 224 150 846
95 154 250 150 846
235 32 226 151 847
662 153 222 151 847
15 151 222 151 847
152 153 226 151 847
95 155 247 151 847
604 146 225 151 847
461 121 226 152 848
152 154 231 152 848
95 156 244 152 848
604 147 224 152 848
152 155 224 153 849
95 157 232 153 849
152 156 222 154 850
95 158 233 154 850
15 155 221 155 851
152 157 226 155 851
235 37 227 155 851
604 150 227 155 851
152 158 235 156 852
95 160 227 156 852
662 4 225 157 853
15 157 226 157 853
152 159 226 157 853
107 20 225 157 853
95 161 227 157 853
235 40 222 159 855
606 122 225 159 855
95 163 225 159 855
662 7 225 160 856
152 163 222 161 857
606 125 221 162 858
152 164 223 162 858
95 166 224 162 858
585 161 221 163 859
606 126 224 163 859
95 167 221 163 859
235 45 225 163 859
152 166 223 164 860
95 168 222 164 860
235 46 221 164 860
606 128 231 165 861
235 47 227 165 861
604 160 224 166 862
606 129 225 166 862
152 168 222 166 862
95 170 245 166 862
152 169 231 167 863
95 171 244 167 863
789 162 224 167 863
235 49 221 167 863
604 162 226 167 863
606 131 222 168 864
152 170 223 168 864
789 163 222 168 864
95 172 241 168 864
235 50 221 168 864
604 163 229 169 865
606 132 222 169 865
15 169 225 169 865
152 171 224 169 865
150 174 223 169 865
95 173 233 169 865
235 51 223 169 865
606 133 225 170 866
15 170 223 170 866
152 172 229 170 866
107 33 224 170 866
150 175 229 170 866
789 165 222 170 866
95 174 229 170 866
235 52 223 170 866
606 134 225 171 867
95 175 228 171 867
235 53 223 171 867
152 174 225 172 868
150 177 226 172 868
95 176 229 172 868
235 54 221 172 868
585 171 221 173 869
606 136 227 173 869
662 20 223 173 869
152 175 228 173 869
150 178 222 173 869
95 177 227 173 869
235 55 221 173 869
604 168 221 174 870
585 172 221 174 870
15 174 230 174 870
152 176 225 174 870
789 169 224 174 870
95 178 231 174 870
235 56 222 174 870
604 169 224 175 871
606 138 228 175 871
107 38 224 175 871
95 179 228 175 871
235 57 227 175 871
604 170 222 176 872
606 139 221 176 872
15 176 221 176 872
107 39 222 176 872
235 58 223 176 872
604 171 224 176 872
606 140 223 177 873
15 177 224 177 873
235 59 227 177 873
152 180 227 178 874
95 182 233 178 874
235 60 223 178 874
461 148 221 179 875
95 183 235 179 875
152 182 224 180 876
95 184 237 180 876
606 144 223 181 877
662 28 222 181 877
152 183 233 181 877
95 185 230 181 877
606 145 223 182 878
152 184 226 182 878
95 186 227 182 878
606 146 222 183 879
152 185 225 183 879
452 13 222 183 879
150 188 222 183 879
789 178 225 183 879
95 187 235 183 879
152 186 225 184 880
95 188 236 184 880
235 66 225 184 880
662 32 221 185 881
152 187 225 185 881
107 48 221 185 881
789 180 222 185 881
95 189 236 185 881
235 67 223 185 881
789 181 224 186 882
95 190 228 186 882
95 191 233 187 883
95 192 222 188 884
95 193 229 189 885
95 194 223 190 886
789 187 221 192 888
95 197 222 193 889
95 198 232 194 890
95 199 221 195 891
789 191 223 196 892
95 200 228 196 892
152 199 228 197 893
150 202 230 197 893
95 201 235 197 893
606 161 222 198 894
152 200 223 198 894
107 61 222 198 894
150 203 233 198 894
789 193 221 198 894
95 202 231 198 894
606 162 223 199 895
461 168 223 199 895
152 201 227 199 895
150 204 233 199 895
95 203 223 199 895
662 47 221 200 896
585 198 229 200 896
107 63 223 200 896
789 195 227 200 896
95 204 225 200 896
662 48 221 200 896
606 164 239 201 897
107 64 223 201 897
606 165 227 202 898
606 167 223 204 900
95 210 233 206 902
606 170 221 207 903
268 97 222 207 903
95 211 231 207 903
789 203 226 208 904
95 212 227 208 904
152 211 221 209 905
461 178 223 209 905
789 204 223 209 905
95 213 231 209 905
152 212 223 210 906
606 173 221 210 906
789 205 221 210 906
95 214 237 210 906
604 205 222 210 906
606 174 223 211 907
789 206 226 211 907
95 215 244 211 907
235 93 222 211 907
150 217 225 212 908
789 207 224 212 908
95 216 231 212 908
152 215 235 213 909
461 182 225 213 909
150 218 224 213 909
789 208 225 213 909
95 217 246 213 909
789 209 223 214 910
95 218 245 214 910
604 209 221 214 910
662 62 221 215 911
152 217 231 215 911
606 178 223 215 911
789 210 224 215 911
95 219 242 215 911
662 63 225 216 912
152 218 224 216 912
606 179 222 216 912
461 185 221 216 912
235 98 223 216 912
95 220 242 216 912
152 219 233 217 913
461 186 221 217 913
150 222 221 217 913
789 212 226 217 913
235 99 221 217 913
95 221 244 217 913
15 218 223 217 913
152 220 221 218 914
150 223 224 218 914
235 100 227 218 914
95 222 235 218 914
15 219 222 218 914
606 182 222 219 915
152 221 223 219 915
95 223 224 219 915
235 101 222 219 915
152 222 225 220 916
150 225 221 220 916
95 224 224 220 916
606 184 223 221 917
461 190 221 221 917
95 225 233 221 917
235 103 221 221 917
606 185 222 222 918
95 226 227 222 918
606 186 221 223 919
789 218 222 223 919
95 227 225 223 919
789 219 223 224 920
95 228 225 224 920
235 106 221 224 920
604 219 223 224 920
150 230 221 225 921
789 220 225 225 921
95 229 223 225 921
235 107 221 225 921
150 231 222 226 922
95 230 222 226 922
789 222 221 227 923
95 231 225 227 923
235 109 222 227 923
152 230 234 228 924
789 223 221 228 924
95 232 226 228 924
604 223 223 228 924
152 231 233 229 925
606 192 221 229 925
150 234 221 229 925
789 224 221 229 925
95 233 227 229 925
152 232 237 230 926
95 234 227 230 926
15 231 221 230 926
152 233 225 231 927
95 235 226 231 927
15 232 229 231 927
15 233 224 232 928
152 235 222 233 929
606 196 229 233 929
15 234 230 233 929
152 236 222 234 930
606 197 233 234 930
235 116 223 234 930
15 235 225 234 930
662 82 221 234 930
606 198 231 235 931
95 239 235 235 931
235 117 224 235 931
152 238 229 236 932
150 3 222 236 932
461 205 221 236 932
606 199 231 236 932
95 240 232 236 932
152 239 225 237 933
461 206 221 237 933
235 119 223 237 933
95 241 236 237 933
152 240 224 238 934
150 5 221 238 934
789 233 229 238 934
95 242 229 238 934
604 233 222 238 934
152 241 229 239 935
150 6 221 239 935
461 208 221 239 935
235 121 221 239 935
95 243 225 239 935
152 242 221 240 936
461 209 223 240 936
107 103 221 240 936
95 244 233 240 936
152 243 222 241 937
789 236 223 241 937
95 245 232 241 937
152 244 225 242 938
789 237 223 242 938
152 245 223 243 939
150 10 221 243 939
107 106 221 243 939
150 11 225 244 940
107 107 223 244 940
95 249 228 245 941
789 241 223 246 942
95 250 224 246 942
152 249 229 247 943
150 14 224 247 943
606 210 223 247 943
107 110 221 247 943
789 242 221 247 943
95 251 222 247 943
235 129 224 247 943
606 211 223 248 944
107 111 223 248 944
789 243 226 248 944
235 130 227 248 944
604 243 223 248 944
585 247 221 249 945
789 244 221 249 945
95 253 223 249 945
235 131 223 249 945
604 244 223 249 945
15 250 225 249 945
107 113 221 250 946
150 18 222 251 947
606 214 227 251 947
150 19 221 252 948
606 215 224 252 948
107 115 221 252 948
604 247 221 252 948
606 216 225 253 949
107 116 223 253 949
662 101 226 254 950
152 256 225 254 950
150 21 224 254 950
606 217 225 254 950
107 117 227 254 950
235 136 221 254 950
152 257 225 254 950
150 22 226 255 951
585 253 222 255 951
606 218 224 255 951
107 118 227 255 951
152 258 223 255 951
585 254 223 256 952
606 219 225 256 952
107 119 227 256 952
152 259 226 256 952
585 255 221 257 953
606 220 224 257 953
107 120 227 257 953
15 258 224 257 953
152 260 227 257 953
789 253 223 258 954
15 259 232 258 954
235 140 224 258 954
152 261 226 258 954
150 26 221 259 955
585 257 221 259 955
789 254 223 259 955
235 141 223 259 955
152 262 226 259 955
585 258 221 260 956
789 255 223 260 956
235 142 221 260 956
152 263 230 260 956
461 230 223 261 957
107 124 224 261 957
152 264 225 261 957
585 261 222 263 959
152 266 222 263 959
585 262 222 264 960
95 269 233 265 961
15 266 223 265 961
789 261 222 266 962
235 148 223 266 962
152 269 222 266 962
789 262 223 267 963
95 271 229 267 963
235 149 223 267 963
152 270 223 267 963
461 237 223 268 964
15 269 221 268 964
461 238 225 269 965
461 239 222 270 966
150 38 221 271 967
95 275 221 271 967
235 153 221 271 967
606 236 222 273 969
150 41 221 274 970
606 237 222 274 970
15 275 221 274 970
150 42 221 275 971
789 272 222 277 973
789 273 224 278 974
95 282 225 278 974
152 281 226 278 974
606 242 224 279 975
268 169 221 279 975
95 283 234 279 975
15 280 224 279 975
662 127 229 279 975
606 243 225 280 976
585 278 223 280 976
95 284 221 280 976
152 283 225 280 976
150 48 221 281 977
107 144 225 281 977
95 285 228 281 977
152 284 225 281 977
606 245 223 282 978
107 145 221 282 978
95 286 227 282 978
15 283 221 282 978
152 285 222 282 978
95 287 237 283 979
152 286 231 283 979
606 247 227 284 980
95 288 235 284 980
152 287 228 284 980
152 288 228 285 981
606 249 223 286 982
95 291 230 287 983
152 292 225 289 985
461 259 221 290 986
789 285 222 290 986
152 293 221 290 986
461 261 221 292 988
461 262 223 293 989
152 296 223 293 989
606 257 224 294 990
789 289 227 294 990
95 298 234 294 990
105 270 221 294 990
461 264 221 295 991
606 259 224 296 992
150 63 223 296 992
461 265 227 296 992
95 300 225 296 992
105 272 223 296 992
604 291 221 296 992
95 301 227 297 993
95 302 227 298 994
235 180 221 298 994
604 293 224 298 994
95 303 233 299 995
606 263 227 300 996
235 182 225 300 996
95 305 229 301 997
152 304 222 301 997
604 296 227 302 998
606 265 221 302 998
461 271 221 302 998
105 278 237 302 998
95 306 225 302 998
152 305 223 302 998
662 150 223 302 998
604 297 222 303 999
461 272 223 303 999
95 307 233 303 999
105 279 233 303 999
235 185 221 303 999
662 151 225 303 999
604 298 222 304 1000
150 71 224 304 1000
95 308 241 304 1000
662 152 239 305 1001
611 296 222 305 1001
150 72 233 305 1001
95 309 231 305 1001
105 281 222 305 1001
235 187 225 305 1001
15 306 221 305 1001
152 308 221 305 1001
662 153 231 306 1002
150 73 240 306 1002
789 301 229 306 1002
95 310 243 306 1002
152 309 223 306 1002
662 154 245 307 1003
611 298 222 307 1003
606 270 225 307 1003
150 74 239 307 1003
95 311 244 307 1003
606 271 230 308 1004
150 75 242 308 1004
95 312 244 308 1004
662 156 234 308 1004
604 303 223 309 1005
606 272 234 309 1005
150 76 241 309 1005
461 278 221 309 1005
95 313 234 309 1005
105 285 223 309 1005
15 310 223 309 1005
662 157 241 309 1005
606 273 226 310 1006
461 279 224 310 1006
150 77 237 310 1006
789 305 223 310 1006
95 314 245 310 1006
15 311 223 310 1006
662 158 246 311 1007
606 274 225 311 1007
150 78 242 311 1007
107 174 221 311 1007
789 306 223 311 1007
95 315 237 311 1007
152 314 222 311 1007
662 159 229 312 1008
606 275 227 312 1008
150 79 233 312 1008
789 307 223 312 1008
95 316 239 312 1008
461 282 224 313 1009
150 80 239 313 1009
107 176 223 313 1009
95 317 240 313 1009
152 316 221 313 1009
604 308 221 314 1010
606 277 225 314 1010
150 81 239 314 1010
789 309 225 314 1010
662 162 231 315 1011
150 82 242 315 1011
789 310 221 315 1011
95 1 242 315 1011
15 316 223 315 1011
152 318 221 316 1012
461 285 225 316 1012
150 83 242 316 1012
662 164 231 317 1013
585 315 221 317 1013
461 286 226 317 1013
150 84 243 317 1013
95 3 228 317 1013
152 320 223 317 1013
150 85 223 318 1014
95 4 244 318 1014
235 6 225 318 1014
15 319 233 318 1014
662 166 227 318 1014
606 282 223 319 1015
461 288 223 319 1015
105 295 221 319 1015
361 327 222 320 1016
662 168 222 320 1016
461 290 221 321 1017
17 40 222 321 1017
95 7 237 321 1017
242 26 233 321 1017
95 8 239 322 1018
242 27 221 322 1018
187 317 236 322 1018
61 333 224 323 1019
95 9 233 323 1019
242 28 246 323 1019
95 10 233 324 1020
379 330 227 324 1020
749 5 222 324 1020
512 308 223 325 1021
271 271 224 325 1021
245 335 223 325 1021
95 11 223 325 1021
63 310 223 325 1021
379 331 234 325 1021
756 309 222 325 1021
654 319 225 326 1022
105 302 243 326 1022
95 12 225 326 1022
756 310 229 326 1022
297 264 228 327 1023
176 63 221 327 1023
105 303 222 327 1023
654 321 221 328 1024
382 324 222 328 1024
95 14 223 328 1024
114 124 222 329 1025
610 33 221 329 1025
95 15 250 329 1025
368 270 225 330 1026
400 151 221 330 1026
272 338 225 330 1026
95 16 243 330 1026
95 18 225 332 1028
400 154 226 333 1029
95 19 225 333 1029
221 337 223 334 1030
95 21 223 335 1031
95 26 238 340 1036
49 213 226 341 1037
95 27 235 341 1037
400 164 221 343 1039
150 111 222 344 1040
95 30 233 344 1040
606 308 225 345 1041
400 166 247 345 1041
264 3 222 345 1041
95 31 221 345 1041
221 349 223 346 1042
95 32 242 346 1042
264 5 223 347 1043
400 168 236 347 1043
95 33 243 347 1043
49 220 221 348 1044
49 225 221 353 1049
598 21 221 354 1050
49 227 223 355 1051
95 41 225 355 1051
49 228 221 356 1052
49 229 229 357 1053
95 43 223 357 1053
49 230 228 358 1054
445 350 223 359 1055
95 45 223 359 1055
400 181 221 360 1056
49 232 221 360 1056
95 46 229 360 1056
264 19 221 360 1056
606 324 223 360 1056
49 233 227 361 1057
150 128 221 361 1057
49 234 228 362 1058
49 235 227 363 1059
445 354 223 363 1059
445 355 225 364 1060
49 238 221 366 1062
95 52 223 366 1062
445 357 223 366 1062
264 25 221 366 1062
400 188 232 367 1063
598 34 223 367 1063
95 53 222 367 1063
400 189 223 368 1064
598 35 221 368 1064
150 135 221 368 1064
95 54 225 368 1064
400 190 231 369 1065
221 372 221 369 1065
95 55 228 369 1065
264 28 221 369 1065
400 191 231 370 1066
445 361 221 370 1066
95 56 226 370 1066
264 29 223 370 1066
400 192 239 371 1067
150 138 226 371 1067
221 374 224 371 1067
445 362 221 371 1067
95 57 230 371 1067
264 30 221 371 1067
400 193 239 372 1068
598 39 225 372 1068
221 375 223 372 1068
95 58 235 372 1068
400 194 227 373 1069
598 40 222 373 1069
150 140 221 373 1069
95 59 231 373 1069
400 195 227 374 1070
95 60 232 374 1070
400 196 221 375 1071
445 366 221 375 1071
95 61 236 375 1071
400 197 223 376 1072
598 43 221 376 1072
95 62 237 376 1072
400 198 222 377 1073
95 63 229 377 1073
400 199 226 378 1074
95 64 234 378 1074
678 246 221 378 1074
400 200 221 379 1075
598 46 224 379 1075
150 146 229 379 1075
95 65 227 379 1075
400 201 229 380 1076
49 252 222 380 1076
445 371 222 380 1076
95 67 221 381 1077
400 203 225 382 1078
150 149 221 382 1078
95 68 238 382 1078
49 255 222 383 1079
150 150 221 383 1079
400 205 223 384 1080
49 256 221 384 1080
95 70 221 384 1080
400 206 226 385 1081
150 152 222 385 1081
400 207 223 386 1082
150 153 223 386 1082
95 72 231 386 1082
400 208 223 386 1082
49 259 223 387 1083
445 378 222 387 1083
95 73 222 387 1083
400 209 221 387 1083
445 379 221 388 1084
95 74 233 388 1084
400 210 229 389 1085
95 75 230 389 1085
678 257 225 389 1085
400 211 223 390 1086
95 76 240 390 1086
400 212 225 390 1086
606 354 221 391 1087
95 77 227 391 1087
678 259 226 391 1087
606 355 223 392 1088
95 78 225 392 1088
678 260 225 392 1088
95 79 225 393 1089
678 261 223 393 1089
95 80 230 394 1090
400 216 224 394 1090
95 81 235 395 1091
95 82 234 396 1092
606 360 223 397 1093
400 219 225 398 1094
95 84 234 398 1094
95 85 227 399 1095
95 86 242 400 1096
678 268 225 400 1096
95 87 237 401 1097
95 88 235 402 1098
95 89 225 403 1099
221 407 222 404 1100
95 90 224 404 1100
221 408 224 405 1101
95 91 233 405 1101
221 409 221 406 1102
95 92 225 406 1102
221 410 223 407 1103
221 411 223 408 1104
95 94 229 408 1104
221 412 224 409 1105
95 95 234 409 1105
264 68 221 409 1105
221 413 227 410 1106
95 96 231 410 1106
221 414 225 411 1107
95 97 231 411 1107
221 415 224 412 1108
95 98 235 412 1108
461 382 229 413 1109
678 10 227 413 1109
49 286 230 413 1109
150 181 221 414 1110
95 101 231 415 1111
606 379 222 416 1112
221 419 222 416 1112
95 102 234 416 1112
221 420 224 417 1113
95 103 231 417 1113
95 104 228 418 1114
95 105 235 419 1115
221 423 222 420 1116
95 106 235 420 1116
95 107 237 421 1117
95 108 231 422 1118
95 109 232 423 1119
95 110 234 424 1120
95 111 234 425 1121
95 112 237 426 1122
606 390 223 427 1123
678 24 225 427 1123
678 25 231 428 1124
95 114 227 428 1124
49 301 234 428 1124
400 250 226 428 1124
678 26 223 429 1125
95 115 227 429 1125
95 116 231 430 1126
95 117 226 431 1127
49 304 221 431 1127
95 118 228 432 1128
400 254 224 433 1129
95 119 231 433 1129
400 255 225 434 1130
95 120 231 434 1130
400 256 224 435 1131
95 121 242 435 1131
400 257 224 436 1132
95 122 221 436 1132
400 258 223 437 1133
606 400 222 437 1133
95 123 245 437 1133
400 259 224 438 1134
95 124 241 438 1134
221 442 221 439 1135
95 125 238 439 1135
95 126 237 440 1136
95 127 235 441 1137
400 263 221 442 1138
95 128 241 442 1138
445 435 221 444 1140
598 112 221 445 1141
461 414 226 445 1141
606 408 232 445 1141
678 42 224 445 1141
400 267 237 445 1141
95 133 227 447 1143
95 134 221 448 1144
95 135 237 449 1145
49 331 223 458 1154
400 280 221 458 1154
445 450 221 459 1155
445 451 225 460 1156
49 337 227 464 1160
95 152 222 466 1162
49 339 221 466 1162
400 288 237 466 1162
461 436 228 466 1162
606 430 241 467 1163
445 458 238 467 1163
264 126 228 467 1163
606 431 223 468 1164
95 154 227 468 1164
95 155 233 469 1165
445 461 221 470 1166
95 156 235 470 1166
445 462 221 471 1167
95 157 234 471 1167
95 158 227 472 1168
95 162 226 476 1172
445 468 221 477 1173
95 163 236 477 1173
221 481 222 478 1174
150 245 222 478 1174
95 164 235 478 1174
221 482 223 479 1175
95 165 237 479 1175
221 483 221 480 1176
95 166 238 480 1176
221 484 223 481 1177
445 472 222 481 1177
95 167 237 481 1177
221 485 223 482 1178
95 168 233 482 1178
49 355 221 482 1178
221 486 225 483 1179
95 169 231 483 1179
49 356 223 483 1179
221 487 224 484 1180
606 447 222 484 1180
95 170 223 484 1180
221 488 224 485 1181
150 252 221 485 1181
221 489 224 486 1182
150 253 223 486 1182
95 172 239 486 1182
221 490 225 487 1183
150 254 224 487 1183
95 173 239 487 1183
221 491 222 488 1184
150 255 225 488 1184
95 174 241 488 1184
221 492 222 489 1185
150 256 221 489 1185
95 175 239 489 1185
461 460 223 490 1186
95 177 245 491 1187
49 364 222 491 1187
95 178 243 492 1188
49 365 221 492 1188
150 260 225 493 1189
606 456 222 493 1189
95 179 234 493 1189
150 261 225 494 1190
95 180 238 494 1190
95 181 235 495 1191
95 182 233 496 1192
95 183 236 497 1193
606 461 221 498 1194
445 489 223 498 1194
95 184 233 498 1194
221 502 226 499 1195
95 185 231 499 1195
95 186 228 500 1196
678 98 223 501 1197
95 187 237 501 1197
606 465 224 502 1198
445 493 222 502 1198
95 188 231 502 1198
606 466 225 503 1199
95 190 237 504 1200
221 508 221 505 1201
95 191 241 505 1201
49 378 223 505 1201
461 475 221 505 1201
95 192 246 506 1202
95 193 245 507 1203
445 499 221 508 1204
95 194 245 508 1204
606 472 227 509 1205
95 195 240 509 1205
150 277 221 510 1206
95 196 241 510 1206
678 108 221 511 1207
95 197 241 511 1207
418 515 227 512 1208
678 109 223 512 1208
49 385 229 512 1208
445 504 223 513 1209
400 335 227 513 1209
461 483 232 513 1209
606 477 221 514 1210
678 111 222 514 1210
400 336 229 514 1210
461 484 224 515 1211
150 282 221 515 1211
445 506 226 515 1211
678 112 222 515 1211
264 174 233 515 1211
400 337 239 515 1211
461 485 225 516 1212
606 479 229 516 1212
678 113 225 516 1212
264 175 223 516 1212
461 486 235 517 1213
606 480 231 517 1213
221 520 222 517 1213
264 176 223 517 1213
461 487 233 518 1214
678 115 225 518 1214
461 488 242 518 1214
264 178 225 519 1215
461 489 225 519 1215
461 490 221 521 1217
445 512 225 521 1217
445 513 221 522 1218
400 344 222 522 1218
264 182 229 523 1219
400 345 226 523 1219
461 493 223 524 1220
264 183 225 524 1220
461 494 232 525 1221
678 122 225 525 1221
264 184 230 525 1221
400 347 227 525 1221
461 495 231 526 1222
606 489 225 526 1222
445 517 224 526 1222
264 185 221 526 1222
461 496 234 527 1223
606 490 235 527 1223
95 213 230 527 1223
150 295 222 528 1224
678 125 223 528 1224
95 214 233 528 1224
221 532 225 529 1225
445 520 222 529 1225
264 188 227 529 1225
400 351 235 530 1226
461 499 227 530 1226
606 493 226 530 1226
678 127 221 530 1226
264 189 224 530 1226
461 500 231 531 1227
400 352 234 531 1227
264 190 224 531 1227
461 501 224 532 1228
400 353 232 532 1228
606 495 233 532 1228
264 191 230 532 1228
400 354 235 533 1229
606 496 241 533 1229
221 536 224 533 1229
264 192 231 533 1229
400 355 239 534 1230
221 537 226 534 1230
606 497 239 534 1230
678 131 223 534 1230
264 193 233 534 1230
400 356 234 535 1231
461 504 231 535 1231
606 498 237 535 1231
221 538 223 535 1231
264 194 225 535 1231
400 357 235 536 1232
598 203 222 536 1232
461 505 227 536 1232
221 539 223 536 1232
606 499 241 536 1232
264 195 226 536 1232
400 358 234 537 1233
461 506 225 537 1233
221 540 222 537 1233
264 196 226 537 1233
400 359 235 538 1234
598 205 222 538 1234
461 507 222 538 1234
221 541 221 538 1234
606 501 233 538 1234
678 135 223 538 1234
264 197 222 538 1234
598 206 224 539 1235
400 360 233 539 1235
221 542 223 539 1235
606 502 230 539 1235
445 530 224 539 1235
95 226 241 540 1236
678 138 222 541 1237
95 227 237 541 1237
95 228 235 542 1238
95 229 239 543 1239
95 230 237 544 1240
598 212 221 545 1241
95 231 232 545 1241
606 509 224 546 1242
95 232 237 546 1242
95 233 240 547 1243
400 369 221 548 1244
95 235 237 549 1245
95 236 235 550 1246
95 237 241 551 1247
95 238 239 552 1248
150 320 222 553 1249
95 239 239 553 1249
95 240 229 554 1250
400 376 230 555 1251
461 524 223 555 1251
606 518 235 555 1251
445 546 225 555 1251
445 547 223 556 1252
678 153 224 556 1252
95 243 235 557 1253
95 244 243 558 1254
264 217 222 558 1254
400 380 228 559 1255
598 226 221 559 1255
221 562 227 559 1255
95 245 225 559 1255
400 381 221 560 1256
221 563 231 560 1256
606 523 221 560 1256
150 327 233 560 1256
95 246 247 560 1256
264 219 221 560 1256
606 524 223 561 1257
150 328 242 561 1257
598 229 222 562 1258
150 329 237 562 1258
311 102 221 562 1258
191 356 230 563 1259
626 539 236 563 1259
95 249 236 563 1259
426 542 237 563 1259
535 513 222 563 1259
587 559 233 564 1260
572 567 225 564 1260
633 551 229 564 1260
689 25 227 564 1260
95 250 237 564 1260
118 25 221 565 1261
95 251 233 565 1261
589 578 237 566 1262
138 578 230 566 1262
270 65 238 566 1262
95 252 223 566 1262
589 579 222 567 1263
270 66 233 567 1263
95 253 235 567 1263
589 580 245 568 1264
270 67 221 568 1264
95 254 241 568 1264
29 574 221 569 1265
692 509 221 569 1265
82 506 235 571 1267
590 576 221 571 1267
664 567 235 574 1270
593 260 226 575 1271
664 568 225 575 1271
661 431 225 576 1272
736 510 225 576 1272
661 432 221 577 1273
174 562 226 577 1273
736 513 226 579 1275
664 572 228 579 1275
174 565 221 580 1276
664 573 221 580 1276
664 574 221 581 1277
661 437 222 582 1278
736 516 227 582 1278
197 589 221 582 1278
664 575 246 582 1278
174 568 222 583 1279
736 517 229 583 1279
174 569 228 584 1280
736 518 227 584 1280
664 577 235 584 1280
661 440 221 585 1281
174 570 222 585 1281
736 519 227 585 1281
197 592 223 585 1281
664 578 233 585 1281
174 571 239 586 1282
736 520 225 586 1282
197 593 221 586 1282
664 579 227 586 1282
174 572 239 587 1283
736 521 227 587 1283
197 594 222 587 1283
174 573 222 588 1284
736 522 230 588 1284
664 581 230 588 1284
174 574 221 589 1285
736 523 231 589 1285
664 582 231 589 1285
661 445 226 590 1286
736 524 236 590 1286
174 576 222 591 1287
736 525 234 591 1287
664 584 241 591 1287
736 526 229 592 1288
664 585 241 592 1288
174 578 229 593 1289
736 527 237 593 1289
664 586 241 593 1289
174 579 228 594 1290
736 528 231 594 1290
664 587 242 594 1290
174 580 232 595 1291
736 529 238 595 1291
197 602 225 595 1291
664 588 244 595 1291
736 530 237 596 1292
664 589 245 596 1292
661 452 221 597 1293
736 531 235 597 1293
664 590 237 597 1293
736 532 230 598 1294
664 591 241 598 1294
736 533 241 599 1295
664 592 239 599 1295
661 455 222 600 1296
736 534 247 600 1296
197 607 221 600 1296
664 593 246 600 1296
661 456 223 601 1297
736 535 238 601 1297
664 594 245 601 1297
174 587 221 602 1298
736 536 237 602 1298
664 595 247 602 1298
661 458 231 603 1299
174 588 232 603 1299
736 537 235 603 1299
664 596 231 603 1299
661 459 224 604 1300
736 538 247 604 1300
664 597 236 604 1300
174 590 239 605 1301
736 539 239 605 1301
664 598 241 605 1301
174 591 231 606 1302
736 540 222 606 1302
664 599 239 606 1302
197 613 221 606 1302
661 462 224 607 1303
174 592 228 607 1303
664 600 241 607 1303
197 614 223 607 1303
661 463 232 608 1304
174 593 235 608 1304
736 542 221 608 1304
664 601 239 608 1304
661 464 223 609 1305
174 594 221 609 1305
664 602 227 609 1305
661 465 225 610 1306
664 603 221 610 1306
736 545 235 611 1307
664 604 239 611 1307
661 467 240 612 1308
736 546 233 612 1308
664 605 224 612 1308
661 468 236 613 1309
174 598 221 613 1309
736 547 228 613 1309
664 606 228 613 1309
664 607 221 614 1310
174 600 221 615 1311
736 549 226 615 1311
664 608 234 615 1311
661 471 234 616 1312
736 550 224 616 1312
664 609 239 616 1312
661 472 223 617 1313
736 551 233 617 1313
664 610 230 617 1313
661 473 226 618 1314
736 552 235 618 1314
206 590 228 619 1315
664 612 221 619 1315
661 475 241 620 1316
736 554 233 620 1316
664 613 231 620 1316
661 476 235 621 1317
736 555 225 621 1317
206 592 221 621 1317
661 477 240 622 1318
174 607 222 622 1318
664 615 223 622 1318
661 478 235 623 1319
206 594 224 623 1319
664 616 227 623 1319
174 609 234 624 1320
736 558 230 624 1320
664 617 232 624 1320
174 610 223 625 1321
736 559 222 625 1321
661 481 223 626 1322
174 611 224 626 1322
736 560 223 626 1322
664 619 230 626 1322
661 482 223 627 1323
736 561 233 627 1323
664 620 223 627 1323
174 613 224 628 1324
664 621 222 628 1324
206 599 228 628 1324
661 484 224 629 1325
174 614 233 629 1325
736 563 235 629 1325
664 622 222 629 1325
206 600 227 629 1325
661 485 231 630 1326
664 623 228 630 1326
206 601 228 630 1326
661 486 227 631 1327
664 624 227 631 1327
174 617 225 632 1328
664 625 224 632 1328
206 603 223 632 1328
174 618 231 633 1329
664 626 221 633 1329
206 604 232 633 1329
664 627 227 634 1330
664 628 231 635 1331
661 491 237 636 1332
664 629 228 636 1332
206 607 222 636 1332
661 492 243 637 1333
664 630 236 637 1333
661 493 239 638 1334
736 572 231 638 1334
664 631 221 638 1334
661 494 239 639 1335
736 573 228 639 1335
664 632 234 639 1335
661 495 239 640 1336
736 574 241 640 1336
661 496 233 641 1337
736 575 236 641 1337
664 634 242 641 1337
206 612 221 641 1337
661 497 222 642 1338
736 576 235 642 1338
736 577 229 643 1339
664 636 229 643 1339
661 499 230 644 1340
736 578 227 644 1340
664 637 235 644 1340
661 500 230 645 1341
736 579 229 645 1341
664 638 233 645 1341
661 501 237 646 1342
736 580 225 646 1342
664 639 228 646 1342
661 502 237 647 1343
736 581 236 647 1343
664 640 234 647 1343
661 503 234 648 1344
736 582 222 648 1344
664 641 227 648 1344
206 619 225 648 1344
661 504 237 649 1345
664 642 245 649 1345
206 620 225 649 1345
661 505 231 650 1346
736 584 224 650 1346
664 643 239 650 1346
736 585 225 651 1347
664 644 237 651 1347
206 622 222 651 1347
661 507 224 652 1348
736 586 225 652 1348
664 645 223 652 1348
661 508 229 653 1349
736 587 238 653 1349
664 646 239 653 1349
206 624 221 653 1349
661 509 237 654 1350
664 647 237 654 1350
661 510 224 655 1351
736 589 232 655 1351
664 648 243 655 1351
206 626 229 655 1351
661 511 235 656 1352
736 590 234 656 1352
664 649 230 656 1352
661 512 240 657 1353
736 591 227 657 1353
664 650 233 657 1353
661 513 230 658 1354
736 592 231 658 1354
664 651 241 658 1354
661 514 226 659 1355
174 644 221 659 1355
736 593 225 659 1355
664 652 235 659 1355
174 645 221 660 1356
736 594 224 660 1356
664 653 231 660 1356
736 595 226 661 1357
664 654 225 661 1357
206 632 222 661 1357
661 517 224 662 1358
206 633 225 662 1358
206 634 229 663 1359
661 519 221 664 1360
736 598 225 664 1360
664 657 232 664 1360
736 599 227 665 1361
206 636 225 665 1361
664 659 226 666 1362
736 601 222 667 1363
736 602 231 668 1364
664 661 221 668 1364
736 603 224 669 1365
664 662 233 669 1365
661 525 223 670 1366
664 663 245 670 1366
736 605 235 671 1367
661 527 225 672 1368
736 606 229 672 1368
664 665 235 672 1368
661 528 233 673 1369
736 607 237 673 1369
664 666 238 673 1369
661 529 233 674 1370
736 608 233 674 1370
661 530 229 675 1371
736 609 227 675 1371
206 646 222 675 1371
661 531 229 676 1372
664 669 224 676 1372
661 532 236 677 1373
736 611 239 677 1373
206 648 224 677 1373
661 533 233 678 1374
661 534 227 679 1375
736 613 239 679 1375
206 650 224 679 1375
661 535 228 680 1376
736 614 228 680 1376
664 673 231 680 1376
661 536 229 681 1377
174 666 241 681 1377
736 615 232 681 1377
664 674 225 681 1377
661 537 234 682 1378
174 667 226 682 1378
736 616 228 682 1378
206 653 221 682 1378
661 538 235 683 1379
661 539 231 684 1380
736 618 227 684 1380
206 655 224 684 1380
661 540 226 685 1381
174 670 225 685 1381
736 619 232 685 1381
664 678 224 685 1381
736 620 221 686 1382
206 657 221 686 1382
661 542 224 687 1383
174 672 226 687 1383
736 621 226 687 1383
206 658 225 687 1383
664 680 223 687 1383
661 543 223 688 1384
174 673 221 688 1384
206 659 226 688 1384
664 681 223 688 1384
174 674 227 689 1385
736 623 233 689 1385
206 660 221 689 1385
661 545 224 690 1386
174 675 227 690 1386
661 546 225 691 1387
661 547 233 692 1388
661 548 231 693 1389
736 627 221 693 1389
661 549 235 694 1390
661 550 233 695 1391
661 552 229 697 1393
736 631 238 697 1393
661 553 223 698 1394
736 632 245 698 1394
661 554 222 699 1395
736 633 235 699 1395
661 555 228 700 1396
736 634 239 700 1396
661 556 231 701 1397
736 635 231 701 1397
661 557 235 702 1398
736 636 239 702 1398
661 558 232 703 1399
661 561 224 706 1402
661 562 235 707 1403
661 566 222 711 1407
736 645 227 711 1407
661 567 227 712 1408
736 646 230 712 1408
661 568 236 713 1409
736 647 235 713 1409
661 569 227 714 1410
736 648 222 714 1410
661 570 228 715 1411
661 571 227 716 1412
736 651 225 717 1413
661 573 227 718 1414
736 652 223 718 1414
661 574 229 719 1415
736 653 234 719 1415
661 575 226 720 1416
661 576 229 721 1417
736 655 224 721 1417
661 577 225 722 1418
664 715 228 722 1418
661 578 226 723 1419
736 657 224 723 1419
661 579 225 724 1420
736 658 235 724 1420
664 717 227 724 1420
661 580 226 725 1421
736 659 233 725 1421
661 581 223 726 1422
736 660 233 726 1422
661 582 223 727 1423
736 661 229 727 1423
661 583 226 728 1424
736 662 221 728 1424
661 584 222 729 1425
736 664 223 730 1426
661 586 224 731 1427
736 665 222 731 1427
736 666 226 732 1428
661 588 229 733 1429
736 667 223 733 1429
661 589 239 734 1430
661 590 234 735 1431
736 669 232 735 1431
661 591 227 736 1432
736 670 221 736 1432
661 592 233 737 1433
736 671 223 737 1433
661 593 235 738 1434
736 672 223 738 1434
661 594 227 739 1435
736 674 231 740 1436
661 597 227 742 1438
736 676 228 742 1438
736 677 233 743 1439
661 599 225 744 1440
736 678 223 744 1440
736 679 224 745 1441
661 601 222 746 1442
736 680 231 746 1442
661 602 228 747 1443
661 603 221 748 1444
736 682 232 748 1444
661 604 227 749 1445
661 605 237 750 1446
664 743 222 750 1446
736 684 231 750 1446
661 606 225 751 1447
736 685 224 751 1447
661 607 223 752 1448
736 686 227 752 1448
661 608 230 753 1449
736 687 232 753 1449
661 609 230 754 1450
736 688 223 754 1450
661 610 223 755 1451
736 689 231 755 1451
661 611 229 756 1452
736 690 226 756 1452
661 612 231 757 1453
736 691 223 757 1453
661 613 227 758 1454
661 616 229 761 1457
664 754 224 761 1457
736 695 223 761 1457
661 617 226 762 1458
661 618 226 763 1459
664 756 225 763 1459
736 697 226 763 1459
661 619 226 764 1460
736 698 231 764 1460
664 757 224 764 1460
736 699 227 765 1461
661 621 223 766 1462
736 700 226 766 1462
664 759 222 766 1462
661 622 227 767 1463
736 701 232 767 1463
664 760 226 767 1463
661 623 228 768 1464
736 702 224 768 1464
661 624 227 769 1465
736 703 221 770 1466
664 762 229 770 1466
661 625 229 770 1466
736 704 227 771 1467
664 763 229 771 1467
661 626 235 771 1467
664 764 229 772 1468
661 627 240 772 1468
661 628 239 773 1469
661 629 233 774 1470
736 708 222 775 1471
664 767 225 775 1471
736 709 222 776 1472
661 631 235 776 1472
736 710 226 777 1473
661 632 231 777 1473
736 711 233 778 1474
661 633 236 778 1474
664 771 240 779 1475
736 713 228 780 1476
664 772 247 780 1476
736 714 222 781 1477
661 636 235 781 1477
661 637 225 782 1478
661 638 223 783 1479
664 778 226 786 1482
736 719 231 786 1482
664 780 221 788 1484
664 781 231 788 1484
664 782 223 790 1486
664 783 233 791 1487
484 639 232 796 1492
397 172 221 796 1492
653 423 233 796 1492
169 98 233 796 1492
319 802 223 796 1492
484 640 239 797 1493
653 424 236 797 1493
169 99 227 797 1493
319 803 227 797 1493
484 641 234 798 1494
653 425 235 798 1494
484 642 234 799 1495
653 426 221 799 1495
484 643 231 800 1496
653 427 223 800 1496
7 792 221 801 1497
484 644 230 801 1497
653 428 225 801 1497
503 799 235 802 1498
591 798 222 802 1498
653 429 222 802 1498
363 231 229 802 1498
242 98 234 803 1499
484 646 233 803 1499
591 799 222 803 1499
653 430 231 803 1499
169 105 223 803 1499
242 99 235 804 1500
484 647 234 804 1500
503 801 233 804 1500
653 431 243 804 1500
268 694 226 804 1500
169 106 235 804 1500
138 816 222 804 1500
242 100 243 805 1501
484 648 243 805 1501
653 432 233 805 1501
169 107 228 805 1501
242 101 225 806 1502
484 649 224 806 1502
653 433 227 806 1502
484 650 237 807 1503
589 819 222 807 1503
653 434 228 807 1503
95 493 228 808 1504
242 103 233 808 1504
484 651 241 808 1504
397 184 237 808 1504
653 435 241 808 1504
484 652 228 809 1505
397 185 226 809 1505
653 436 233 809 1505
169 111 222 809 1505
242 105 234 810 1506
484 653 231 810 1506
397 186 235 810 1506
653 437 237 810 1506
169 112 222 810 1506
95 496 233 811 1507
242 106 223 811 1507
484 654 222 811 1507
397 187 237 811 1507
653 438 245 811 1507
169 113 229 811 1507
242 107 221 812 1508
95 497 233 812 1508
333 812 223 812 1508
567 771 235 813 1509
95 499 222 814 1510
242 109 242 814 1510
95 500 229 815 1511
242 110 242 815 1511
484 658 233 815 1511
95 501 240 816 1512
242 111 245 816 1512
484 659 231 816 1512
95 502 235 817 1513
242 113 227 818 1514
484 661 242 818 1514
242 114 235 819 1515
518 824 221 819 1515
602 801 223 819 1515
58 489 223 820 1516
242 115 242 820 1516
332 24 224 820 1516
689 255 225 820 1516
733 824 224 820 1516
334 754 227 820 1516
7 812 225 821 1517
314 490 237 821 1517
567 779 223 821 1517
468 824 225 821 1517
57 817 221 821 1517
36 816 222 821 1517
467 26 241 821 1517
395 756 221 821 1517
567 780 221 822 1518
610 526 224 822 1518
158 96 221 822 1518
725 267 227 823 1519
71 180 224 823 1519
610 527 231 823 1519
345 499 231 823 1519
414 827 221 823 1519
312 814 229 823 1519
584 738 223 823 1519
467 28 230 823 1519
342 828 225 824 1520
607 793 238 824 1520
789 819 227 824 1520
95 510 227 825 1521
342 829 225 825 1521
317 6 221 825 1521
81 816 222 825 1521
567 783 221 825 1521
188 311 224 825 1521
268 715 221 825 1521
383 825 230 826 1522
471 249 234 826 1522
468 829 223 826 1522
584 741 230 826 1522
199 387 221 827 1523
489 771 225 827 1523
157 839 225 827 1523
188 313 223 827 1523
145 91 222 827 1523
777 821 227 827 1523
334 761 243 827 1523
738 765 221 827 1523
574 822 228 828 1524
395 762 221 828 1524
597 258 233 828 1524
95 513 229 828 1524
646 812 226 828 1524
317 9 242 828 1524
318 827 223 828 1524
523 820 222 828 1524
301 97 227 828 1524
779 796 224 828 1524
216 765 221 828 1524
126 477 221 828 1524
95 514 246 829 1525
105 804 239 829 1525
318 828 233 829 1525
724 833 221 829 1525
354 723 222 829 1525
126 478 225 829 1525
187 824 226 829 1525
191 222 221 829 1525
137 825 221 829 1525
395 764 221 830 1526
95 515 224 830 1526
242 125 238 830 1526
105 805 232 830 1526
423 824 221 830 1526
724 834 224 830 1526
432 33 231 830 1526
126 479 230 830 1526
455 180 223 831 1527
242 126 241 831 1527
223 272 223 831 1527
105 806 240 831 1527
359 283 226 831 1527
432 34 227 831 1527
95 517 231 832 1528
223 273 222 832 1528
242 127 235 832 1528
105 807 241 832 1528
589 844 221 832 1528
515 157 223 832 1528
395 767 227 833 1529
95 518 227 833 1529
383 832 221 833 1529
242 128 245 833 1529
105 808 244 833 1529
549 827 222 833 1529
359 285 223 833 1529
498 413 225 833 1529
432 36 227 833 1529
334 767 241 833 1529
421 57 225 833 1529
604 28 233 834 1530
95 519 228 834 1530
242 129 227 834 1530
314 503 222 834 1530
105 809 241 834 1530
498 414 223 834 1530
532 40 222 834 1530
457 839 225 834 1530
95 520 227 835 1531
223 276 225 835 1531
242 130 240 835 1531
105 810 240 835 1531
468 838 221 835 1531
98 834 223 835 1531
532 41 228 835 1531
432 38 229 835 1531
455 185 222 836 1532
95 521 223 836 1532
242 131 233 836 1532
105 811 239 836 1532
359 288 222 836 1532
523 828 222 836 1532
498 416 221 836 1532
334 770 236 836 1532
455 186 222 837 1533
242 132 241 837 1533
383 836 221 837 1533
110 115 222 837 1533
105 812 240 837 1533
523 829 222 837 1533
498 417 223 837 1533
432 40 235 837 1533
126 486 221 837 1533
455 187 222 838 1534
395 772 225 838 1534
95 523 225 838 1534
383 837 227 838 1534
242 133 232 838 1534
105 813 241 838 1534
359 290 223 838 1534
523 830 233 838 1534
534 845 223 838 1534
498 418 221 838 1534
432 41 229 838 1534
126 487 225 838 1534
455 188 223 839 1535
395 773 222 839 1535
383 838 223 839 1535
242 134 247 839 1535
105 814 237 839 1535
359 291 222 839 1535
523 831 239 839 1535
787 530 223 839 1535
432 42 221 839 1535
126 488 222 840 1536
340 254 221 840 1536
314 509 223 840 1536
257 761 225 840 1536
242 135 232 840 1536
105 815 233 840 1536
359 292 224 840 1536
724 844 223 840 1536
498 420 225 840 1536
126 489 225 841 1537
95 526 227 841 1537
383 840 231 841 1537
242 136 225 841 1537
314 510 231 841 1537
110 119 221 841 1537
763 252 236 841 1537
24 87 226 841 1537
290 848 224 842 1538
412 791 221 842 1538
756 164 235 842 1538
670 399 226 842 1538
657 845 231 843 1539
175 791 230 843 1539
95 528 241 843 1539
175 792 232 844 1540
95 529 241 844 1540
239 843 231 844 1540
95 530 223 845 1541
578 398 239 845 1541
423 839 221 845 1541
47 539 223 845 1541
175 794 231 846 1542
95 531 239 846 1542
175 795 227 847 1543
578 400 229 847 1543
47 541 222 847 1543
225 772 232 848 1544
95 533 240 848 1544
47 542 227 848 1544
95 534 223 849 1545
689 284 221 849 1545
38 315 229 849 1545
421 73 223 849 1545
126 498 231 850 1546
584 764 224 850 1546
515 174 224 850 1546
395 784 224 850 1546
314 519 230 850 1546
319 856 223 850 1546
126 499 232 850 1546
532 56 229 851 1547
584 765 224 851 1547
665 654 223 851 1547
458 863 222 851 1547
95 536 231 851 1547
314 520 230 851 1547
105 826 221 851 1547
250 849 223 851 1547
126 500 227 852 1548
532 57 221 852 1548
618 203 222 852 1548
223 293 233 852 1548
383 851 225 852 1548
314 521 225 852 1548
105 827 224 852 1548
141 243 223 852 1548
724 856 225 852 1548
498 432 229 852 1548
319 858 223 852 1548
95 538 225 853 1549
223 294 227 853 1549
105 828 230 853 1549
150 31 231 853 1549
345 529 230 853 1549
421 77 221 853 1549
314 523 224 854 1550
242 149 238 854 1550
105 829 223 854 1550
700 715 221 854 1550
191 247 223 855 1551
395 789 221 855 1551
95 540 232 855 1551
223 296 225 855 1551
105 830 233 855 1551
607 824 221 855 1551
359 307 223 855 1551
95 541 221 856 1552
242 151 241 856 1552
644 854 225 856 1552
295 831 221 856 1552
223 298 225 857 1553
314 526 227 857 1553
223 299 223 858 1554
105 833 222 858 1554
596 856 235 858 1554
735 494 221 858 1554
126 507 223 858 1554
95 544 222 859 1555
383 858 221 859 1555
314 528 221 859 1555
618 211 227 859 1555
665 663 221 860 1556
95 545 227 860 1556
242 155 223 860 1556
150 38 229 860 1556
584 775 224 860 1556
395 795 223 861 1557
223 302 232 861 1557
95 546 225 861 1557
314 530 227 861 1557
242 156 231 861 1557
607 830 225 861 1557
112 848 230 861 1557
421 85 223 861 1557
481 623 222 861 1557
57 857 224 861 1557
584 776 221 861 1557
687 873 222 861 1557
532 67 223 861 1557
126 510 221 861 1557
445 852 228 861 1557
395 796 223 862 1558
95 547 234 862 1558
223 303 233 862 1558
242 157 222 862 1558
164 386 223 862 1558
607 831 221 862 1558
534 869 225 862 1558
399 105 223 862 1558
191 255 224 863 1559
225 787 221 863 1559
223 304 227 863 1559
95 548 230 863 1559
314 532 232 863 1559
242 158 238 863 1559
607 832 227 863 1559
658 868 231 863 1559
584 778 222 863 1559
319 869 223 863 1559
618 215 229 863 1559
445 854 231 863 1559
225 788 223 864 1560
95 549 233 864 1560
223 305 228 864 1560
314 533 222 864 1560
655 120 226 864 1560
607 833 224 864 1560
239 863 222 864 1560
444 875 221 864 1560
345 540 229 864 1560
684 588 221 864 1560
126 513 229 864 1560
52 858 225 865 1561
277 60 235 865 1561
295 839 222 865 1561
395 799 224 865 1561
95 550 224 865 1561
79 425 223 865 1561
242 160 225 865 1561
607 834 221 865 1561
239 864 231 865 1561
112 852 223 865 1561
658 870 224 865 1561
345 541 244 865 1561
126 514 223 865 1561
71 1 235 866 1562
395 800 224 866 1562
95 551 227 866 1562
186 133 223 866 1562
342 870 223 866 1562
164 390 222 866 1562
607 835 227 866 1562
776 723 229 866 1562
345 542 221 866 1562
584 781 222 866 1562
395 801 224 867 1563
383 866 227 867 1563
95 552 235 867 1563
186 134 242 867 1563
242 162 223 867 1563
607 836 224 867 1563
776 724 245 867 1563
532 73 224 867 1563
278 875 225 867 1563
101 854 221 867 1563
402 350 237 868 1564
395 802 227 868 1564
95 553 233 868 1564
383 867 233 868 1564
186 135 231 868 1564
314 537 227 868 1564
242 163 232 868 1564
607 837 223 868 1564
239 867 234 868 1564
423 862 222 868 1564
776 725 237 868 1564
532 74 222 868 1564
95 554 229 869 1565
383 868 224 869 1565
242 164 227 869 1565
239 868 234 869 1565
607 838 227 869 1565
776 726 239 869 1565
399 112 221 869 1565
532 75 223 869 1565
126 518 226 869 1565
160 865 223 870 1566
506 332 222 870 1566
383 869 221 870 1566
242 165 229 870 1566
242 166 223 871 1567
74 881 223 871 1567
126 520 223 871 1567
395 806 221 872 1568
383 871 232 872 1568
242 169 225 874 1570
383 874 223 875 1571
242 170 227 875 1571
87 291 223 875 1571
738 813 224 875 1571
383 875 224 876 1572
95 561 223 876 1572
597 306 221 876 1572
242 171 232 876 1572
625 68 225 877 1573
672 3 223 877 1573
126 526 228 877 1573
277 73 223 878 1574
383 877 225 878 1574
95 563 225 878 1574
242 173 233 878 1574
242 174 223 879 1575
373 10 221 879 1575
173 97 222 881 1577
504 875 227 881 1577
626 174 226 881 1577
634 213 230 882 1578
383 881 228 882 1578
509 839 233 882 1578
95 567 237 882 1578
242 177 231 882 1578
625 73 230 882 1578
173 98 225 882 1578
780 95 223 882 1578
126 531 231 883 1579
328 880 235 883 1579
277 78 221 883 1579
383 882 233 883 1579
95 568 233 883 1579
740 812 229 884 1580
532 91 223 885 1581
126 534 223 885 1581
383 885 229 886 1582
421 110 225 886 1582
198 502 227 886 1582
95 572 239 887 1583
242 182 221 887 1583
95 573 232 888 1584
79 448 229 888 1584
481 651 228 889 1585
345 565 234 889 1585
95 575 222 890 1586
242 185 235 890 1586
79 450 243 890 1586
579 902 230 890 1586
63 874 222 890 1586
150 68 221 890 1586
684 614 228 890 1586
401 880 231 890 1586
95 576 236 891 1587
242 186 230 891 1587
79 451 236 891 1587
579 903 227 891 1587
63 875 230 891 1587
345 567 229 891 1587
684 615 221 891 1587
401 881 235 891 1587
95 577 237 892 1588
121 10 222 892 1588
242 187 221 892 1588
579 904 241 892 1588
63 876 233 892 1588
345 568 227 892 1588
684 616 221 892 1588
401 882 237 892 1588
667 250 221 892 1588
95 578 246 893 1589
242 188 240 893 1589
79 453 223 893 1589
579 905 230 893 1589
63 877 221 893 1589
345 569 223 893 1589
684 617 223 893 1589
401 883 237 893 1589
579 906 237 894 1590
345 570 231 894 1590
684 618 222 894 1590
579 907 233 895 1591
63 879 225 895 1591
345 571 241 895 1591
684 619 223 895 1591
401 885 233 895 1591
95 581 238 896 1592
579 908 224 896 1592
242 191 246 896 1592
63 880 229 896 1592
345 572 242 896 1592
684 620 221 896 1592
95 582 247 897 1593
121 15 221 897 1593
579 909 225 897 1593
63 881 234 897 1593
345 573 239 897 1593
684 621 231 897 1593
401 887 225 897 1593
95 583 231 898 1594
121 16 225 898 1594
242 193 224 898 1594
579 910 222 898 1594
79 458 222 898 1594
345 574 243 898 1594
684 622 223 898 1594
401 888 227 898 1594
95 584 241 899 1595
579 911 221 899 1595
242 194 242 899 1595
63 883 238 899 1595
345 575 237 899 1595
401 889 223 899 1595
579 912 233 900 1596
242 195 245 900 1596
79 460 225 900 1596
345 576 221 900 1596
684 624 221 900 1596
401 890 231 901 1597
95 586 232 901 1597
242 196 231 901 1597
741 880 228 901 1597
95 588 229 903 1599
242 198 236 903 1599
95 589 246 904 1600
242 199 246 904 1600
95 590 236 905 1601
242 200 237 905 1601
95 591 221 906 1602
383 905 221 906 1602
763 317 223 906 1602
7 897 226 906 1602
747 22 222 906 1602
95 592 252 907 1603
533 53 222 907 1603
516 909 223 907 1603
657 32 222 907 1603
616 718 222 907 1603
209 2 227 907 1603
95 593 238 908 1604
454 916 221 909 1605
383 908 221 909 1605
446 23 221 909 1605
365 575 221 909 1605
242 204 227 909 1605
747 2 221 909 1605
444 920 237 909 1605
95 595 235 910 1606
383 909 235 910 1606
365 576 228 910 1606
242 205 221 910 1606
444 921 226 910 1606
95 596 246 911 1607
608 337 221 911 1607
242 206 225 911 1607
657 36 227 911 1607
616 722 223 911 1607
95 597 226 912 1608
365 578 224 912 1608
608 338 221 912 1608
242 207 223 912 1608
230 894 226 912 1608
657 37 227 912 1608
616 723 223 912 1608
209 7 221 912 1608
95 599 223 914 1610
498 51 240 914 1610
747 7 237 914 1610
726 483 226 914 1610
780 127 224 914 1610
95 600 237 915 1611
608 342 241 916 1612
242 211 243 916 1612
79 476 224 916 1612
244 914 229 916 1612
104 915 221 916 1612
95 602 223 917 1613
754 184 222 917 1613
216 855 230 919 1615
729 335 222 919 1615
85 604 223 919 1615
423 913 226 919 1615
745 924 233 919 1615
95 605 221 920 1616
567 878 221 920 1616
503 917 236 920 1616
203 43 234 920 1616
85 605 232 920 1616
653 3 245 920 1616
696 143 225 920 1616
336 206 223 920 1616
687 932 234 920 1616
573 925 227 921 1617
704 924 221 921 1617
765 3 221 921 1617
665 16 240 921 1617
171 175 228 921 1617
287 625 221 922 1618
517 477 241 922 1618
605 474 229 922 1618
9 928 223 922 1618
783 909 221 922 1618
211 354 224 922 1618
101 908 225 922 1618
639 930 237 922 1618
512 905 224 922 1618
288 100 244 922 1618
23 401 235 922 1618
517 478 224 923 1619
329 860 231 923 1619
466 421 241 923 1619
777 917 223 923 1619
319 929 231 923 1619
517 479 240 924 1620
223 365 233 924 1620
32 904 221 924 1620
99 657 222 924 1620
775 642 221 924 1620
474 230 231 924 1620
411 293 222 924 1620
712 926 222 924 1620
539 18 223 924 1620
589 936 237 925 1621
517 480 226 925 1621
8 874 235 925 1621
254 757 223 925 1621
517 481 233 925 1621
251 923 221 926 1622
388 81 225 926 1622
459 912 228 926 1622
507 115 221 926 1622
517 482 237 926 1622
37 586 221 927 1623
397 303 227 927 1623
466 425 221 927 1623
510 183 221 927 1623
74 30 223 927 1623
688 322 235 927 1623
123 911 221 927 1623
278 935 225 927 1623
517 483 238 927 1623
517 484 231 928 1624
520 932 221 929 1625
37 588 222 929 1625
221 932 237 929 1625
517 485 242 929 1625
37 589 227 930 1626
149 289 221 930 1626
123 914 221 930 1626
221 933 223 930 1626
517 486 233 930 1626
11 382 225 931 1627
264 589 223 931 1627
651 934 230 931 1627
221 934 230 931 1627
517 487 223 931 1627
11 383 224 932 1628
443 13 223 932 1628
651 935 236 932 1628
221 935 222 932 1628
517 488 232 932 1628
321 606 231 933 1629
611 924 230 933 1629
651 936 233 933 1629
212 101 222 933 1629
221 936 225 933 1629
312 924 228 933 1629
517 489 225 933 1629
11 385 222 934 1630
611 925 227 934 1630
512 917 222 934 1630
651 937 230 934 1630
221 937 225 934 1630
517 490 229 934 1630
611 926 224 935 1631
651 938 225 935 1631
212 103 225 935 1631
312 926 224 935 1631
242 8 227 935 1631
517 491 226 935 1631
611 927 223 936 1632
212 104 223 936 1632
312 927 222 936 1632
242 9 223 936 1632
517 492 227 936 1632
386 528 222 937 1633
611 928 227 937 1633
312 928 225 937 1633
242 10 225 937 1633
611 929 222 938 1634
312 929 222 938 1634
242 11 223 938 1634
517 494 224 938 1634
11 390 224 939 1635
611 930 223 939 1635
651 942 235 939 1635
242 12 225 939 1635
517 495 223 939 1635
321 613 221 940 1636
611 931 225 940 1636
651 943 234 940 1636
242 13 227 940 1636
321 614 222 941 1637
611 932 224 941 1637
651 944 235 941 1637
242 14 228 941 1637
221 944 225 941 1637
264 5 222 941 1637
321 615 223 942 1638
611 933 226 942 1638
651 945 227 942 1638
242 15 225 942 1638
517 498 225 942 1638
321 616 221 943 1639
611 934 223 943 1639
651 946 229 943 1639
242 16 222 943 1639
611 935 227 944 1640
651 947 227 944 1640
242 17 223 944 1640
517 500 224 944 1640
611 936 227 945 1641
651 948 225 945 1641
242 18 224 945 1641
312 936 221 945 1641
611 937 227 946 1642
651 949 225 946 1642
242 19 227 946 1642
611 938 227 947 1643
651 950 232 947 1643
212 115 222 947 1643
242 20 227 947 1643
263 534 222 948 1644
611 939 225 948 1644
651 951 231 948 1644
242 21 225 948 1644
517 504 224 948 1644
611 940 227 949 1645
651 952 227 949 1645
242 22 228 949 1645
611 941 229 950 1646
651 953 226 950 1646
264 14 222 951 1647
611 942 228 951 1647
651 954 229 951 1647
242 24 226 951 1647
321 625 221 952 1648
611 943 223 952 1648
651 955 232 952 1648
242 25 226 952 1648
517 508 222 952 1648
321 626 221 953 1649
611 944 229 953 1649
651 956 232 953 1649
242 26 227 953 1649
321 627 222 954 1650
598 65 222 954 1650
611 945 228 954 1650
651 957 229 954 1650
242 27 225 954 1650
517 510 221 954 1650
598 66 222 955 1651
611 946 226 955 1651
321 629 221 956 1652
611 947 225 956 1652
651 959 224 956 1652
242 29 227 956 1652
264 20 222 956 1652
721 378 221 956 1652
296 969 221 957 1653
263 543 221 957 1653
321 630 227 957 1653
598 68 223 957 1653
212 125 221 957 1653
517 513 229 957 1653
242 30 224 957 1653
605 510 223 957 1653
299 42 221 958 1654
598 69 222 958 1654
611 949 221 958 1654
651 961 227 958 1654
242 31 224 958 1654
517 514 225 958 1654
598 70 223 959 1655
611 950 235 959 1655
242 32 225 959 1655
517 515 225 959 1655
264 23 223 959 1655
598 71 225 960 1656
611 951 230 960 1656
651 963 234 960 1656
242 33 225 960 1656
598 72 224 961 1657
611 952 227 961 1657
651 964 227 961 1657
242 34 222 961 1657
264 25 222 961 1657
321 635 221 962 1658
598 73 225 962 1658
611 953 233 962 1658
651 965 222 962 1658
242 35 224 962 1658
517 518 225 962 1658
721 384 222 963 1659
321 636 223 963 1659
598 74 224 963 1659
651 966 225 963 1659
312 954 221 963 1659
242 36 228 963 1659
517 519 223 963 1659
321 637 227 964 1660
598 75 225 964 1660
611 955 223 964 1660
651 967 226 964 1660
242 37 227 964 1660
263 551 221 965 1661
321 638 225 965 1661
598 76 223 965 1661
611 956 228 965 1661
651 968 227 965 1661
242 38 225 965 1661
321 639 224 966 1662
598 77 222 966 1662
611 957 233 966 1662
651 969 233 966 1662
242 39 228 966 1662
321 640 223 967 1663
611 958 228 967 1663
651 970 232 967 1663
312 958 223 967 1663
242 40 228 967 1663
321 641 226 968 1664
611 959 231 968 1664
651 971 226 968 1664
312 959 227 968 1664
242 41 227 968 1664
721 390 223 969 1665
611 960 227 969 1665
651 972 229 969 1665
312 960 231 969 1665
242 42 228 969 1665
11 421 222 970 1666
598 81 221 970 1666
611 961 227 970 1666
651 973 222 970 1666
312 961 227 970 1666
242 43 226 970 1666
299 55 221 971 1667
611 962 234 971 1667
651 974 221 971 1667
312 962 225 971 1667
242 44 226 971 1667
321 645 222 972 1668
17 691 221 972 1668
611 963 234 972 1668
651 975 229 972 1668
312 963 231 972 1668
242 45 225 972 1668
17 692 221 973 1669
611 964 235 973 1669
651 976 232 973 1669
312 964 227 973 1669
17 693 221 974 1670
611 965 235 974 1670
651 977 222 974 1670
312 965 225 974 1670
242 47 223 974 1670
221 977 225 974 1670
321 648 222 975 1671
598 86 221 975 1671
611 966 233 975 1671
651 978 233 975 1671
312 966 231 975 1671
242 48 224 975 1671
221 978 225 975 1671
611 967 233 976 1672
651 979 229 976 1672
312 967 233 976 1672
242 49 225 976 1672
321 650 221 977 1673
598 88 222 977 1673
611 968 233 977 1673
651 980 231 977 1673
148 124 221 977 1673
312 968 232 977 1673
242 50 227 977 1673
221 980 221 978 1674
321 651 221 978 1674
598 89 221 978 1674
611 969 231 978 1674
651 981 223 978 1674
242 51 227 978 1674
312 969 227 978 1674
221 981 227 979 1675
611 970 234 979 1675
651 982 231 979 1675
242 52 225 979 1675
517 535 222 979 1675
221 982 226 980 1676
598 91 221 980 1676
611 971 234 980 1676
651 983 235 980 1676
242 53 225 980 1676
321 654 221 981 1677
598 92 222 981 1677
611 972 233 981 1677
651 984 233 981 1677
312 972 226 981 1677
242 54 224 981 1677
221 984 222 982 1678
611 973 229 982 1678
651 985 234 982 1678
312 973 225 982 1678
242 55 225 982 1678
221 985 222 983 1679
611 974 226 983 1679
651 986 231 983 1679
312 974 223 983 1679
242 56 227 983 1679
221 986 224 984 1680
598 95 221 984 1680
611 975 227 984 1680
651 987 227 984 1680
242 57 227 984 1680
221 987 226 985 1681
598 96 222 985 1681
651 988 228 985 1681
312 976 223 985 1681
242 58 227 985 1681
221 988 224 986 1682
37 645 221 986 1682
598 97 221 986 1682
611 977 223 986 1682
651 989 235 986 1682
312 977 225 986 1682
242 59 229 986 1682
221 989 225 987 1683
598 98 221 987 1683
611 978 230 987 1683
651 990 235 987 1683
312 978 222 987 1683
242 60 229 987 1683
221 990 227 988 1684
37 647 221 988 1684
611 979 224 988 1684
651 991 229 988 1684
312 979 221 988 1684
242 61 223 988 1684
221 991 226 989 1685
598 100 224 989 1685
611 980 228 989 1685
312 980 226 989 1685
242 62 227 989 1685
221 992 225 990 1686
598 101 221 990 1686
611 981 226 990 1686
651 993 230 990 1686
312 981 222 990 1686
242 63 225 990 1686
221 993 229 991 1687
598 102 221 991 1687
611 982 222 991 1687
651 994 227 991 1687
312 982 221 991 1687
242 64 227 991 1687
221 994 227 992 1688
37 651 221 992 1688
598 103 221 992 1688
611 983 221 992 1688
651 995 229 992 1688
312 983 225 992 1688
242 65 230 992 1688
221 995 222 993 1689
598 104 221 993 1689
611 984 222 993 1689
651 996 225 993 1689
312 984 225 993 1689
242 66 228 993 1689
221 996 225 994 1690
611 985 221 994 1690
242 67 228 994 1690
221 997 223 995 1691
651 998 221 995 1691
312 986 226 995 1691
242 68 227 995 1691
221 998 226 996 1692
598 107 222 996 1692
651 999 225 996 1692
312 987 221 996 1692
242 69 227 996 1692
221 999 227 997 1693
598 108 223 997 1693
758 993 221 997 1693
651 1000 231 997 1693
242 70 227 997 1693
221 1000 225 998 1694
611 989 228 998 1694
651 1001 225 998 1694
242 71 223 998 1694
221 1001 227 999 1695
611 990 230 999 1695
651 1002 235 999 1695
312 990 225 999 1695
242 72 225 999 1695
221 1002 231 1000 1696
598 111 221 1000 1696
651 1003 233 1000 1696
242 73 225 1000 1696
221 1003 226 1001 1697
651 1004 233 1001 1697
242 74 230 1001 1697
221 1004 228 1002 1698
651 1005 232 1002 1698
611 993 228 1002 1698
242 75 227 1002 1698
221 1005 227 1003 1699
651 1006 235 1003 1699
611 994 221 1003 1699
242 76 227 1003 1699
221 1006 230 1004 1700
598 115 222 1004 1700
651 1007 229 1004 1700
611 995 228 1004 1700
312 995 222 1004 1700
242 77 227 1004 1700
221 1007 223 1005 1701
651 1008 238 1005 1701
611 996 227 1005 1701
242 78 227 1005 1701
221 1008 224 1006 1702
651 1009 227 1006 1702
611 997 227 1006 1702
242 79 226 1006 1702
221 1009 225 1007 1703
611 998 228 1007 1703
651 1010 229 1007 1703
312 998 225 1007 1703
242 80 224 1007 1703
221 1010 226 1008 1704
321 681 223 1008 1704
611 999 230 1008 1704
651 1011 233 1008 1704
242 81 229 1008 1704
221 1011 224 1009 1705
321 682 221 1009 1705
611 1000 230 1009 1705
651 1012 237 1009 1705
312 1000 226 1009 1705
242 82 230 1009 1705
321 683 224 1010 1706
651 1013 231 1010 1706
611 1001 229 1010 1706
242 83 228 1010 1706
221 1013 227 1011 1707
321 684 224 1011 1707
611 1002 230 1011 1707
651 1014 234 1011 1707
242 84 226 1011 1707
221 1014 231 1012 1708
321 685 224 1012 1708
611 1003 228 1012 1708
651 1015 235 1012 1708
312 1003 222 1012 1708
242 85 228 1012 1708
221 1015 227 1013 1709
321 686 226 1013 1709
598 124 223 1013 1709
611 1004 231 1013 1709
651 1016 229 1013 1709
242 86 227 1013 1709
221 1016 228 1014 1710
321 687 223 1014 1710
611 1005 229 1014 1710
651 1017 235 1014 1710
242 87 226 1014 1710
221 1017 226 1015 1711
321 688 222 1015 1711
611 1006 231 1015 1711
651 1018 235 1015 1711
242 88 227 1015 1711
221 1018 226 1016 1712
598 127 221 1016 1712
611 1007 231 1016 1712
651 1019 231 1016 1712
242 89 227 1016 1712
221 1019 224 1017 1713
312 1008 223 1017 1713
651 1020 228 1017 1713
611 1008 226 1017 1713
242 90 229 1017 1713
221 1020 224 1018 1714
312 1009 221 1018 1714
651 1021 225 1018 1714
611 1009 232 1018 1714
242 91 229 1018 1714
221 1021 225 1019 1715
312 1010 222 1019 1715
651 1022 235 1019 1715
611 1010 231 1019 1715
242 92 227 1019 1715
221 1022 230 1020 1716
312 1011 222 1020 1716
651 1023 230 1020 1716
611 1011 231 1020 1716
242 93 227 1020 1716
221 1023 227 1021 1717
651 1024 233 1021 1717
312 1012 225 1021 1717
611 1012 226 1021 1717
242 94 225 1021 1717
264 85 222 1021 1717
221 1024 225 1022 1718
312 1013 225 1022 1718
651 1025 221 1022 1718
611 1013 223 1022 1718
242 95 221 1022 1718
264 86 221 1022 1718
221 1025 227 1023 1719
312 1014 224 1023 1719
611 1014 223 1023 1719
242 96 222 1023 1719
221 1026 226 1024 1720
651 1027 227 1024 1720
312 1015 224 1024 1720
611 1015 227 1024 1720
242 97 223 1024 1720
598 136 221 1025 1721
312 1016 221 1025 1721
242 98 223 1025 1721
598 137 222 1026 1722
651 1029 227 1026 1722
611 1017 226 1026 1722
242 99 223 1026 1722
669 1029 221 1027 1723
651 1030 229 1027 1723
669 1030 221 1028 1724
598 139 222 1028 1724
651 1031 235 1028 1724
312 1019 223 1028 1724
598 140 221 1029 1725
611 1020 221 1029 1725
264 93 223 1029 1725
242 102 227 1029 1725
312 1021 224 1030 1726
264 94 223 1030 1726
242 103 228 1030 1726
598 142 221 1031 1727
312 1022 227 1031 1727
242 104 224 1031 1727
263 618 222 1032 1728
651 1035 223 1032 1728
598 143 224 1032 1728
611 1023 231 1032 1728
312 1023 224 1032 1728
242 105 224 1032 1728
264 96 221 1032 1728
321 706 221 1033 1729
651 1036 233 1033 1729
598 144 223 1033 1729
611 1024 229 1033 1729
242 106 224 1033 1729
263 620 221 1034 1730
598 145 222 1034 1730
651 1037 224 1034 1730
611 1025 231 1034 1730
312 1025 225 1034 1730
242 107 223 1034 1730
321 708 221 1035 1731
651 1038 227 1035 1731
611 1026 235 1035 1731
312 1026 224 1035 1731
242 108 223 1035 1731
321 709 221 1036 1732
651 1039 229 1036 1732
611 1027 227 1036 1732
312 1027 226 1036 1732
242 109 224 1036 1732
651 1040 231 1037 1733
611 1028 227 1037 1733
312 1028 221 1037 1733
242 110 225 1037 1733
611 1029 226 1038 1734
651 1041 231 1038 1734
242 111 224 1038 1734
598 150 221 1039 1735
651 1042 229 1039 1735
611 1030 227 1039 1735
242 112 223 1039 1735
264 103 223 1039 1735
598 151 221 1040 1736
651 1043 231 1040 1736
611 1031 231 1040 1736
312 1031 221 1040 1736
242 113 222 1040 1736
264 104 221 1040 1736
651 1044 226 1041 1737
611 1032 231 1041 1737
312 1032 224 1041 1737
242 114 222 1041 1737
651 1045 229 1042 1738
611 1033 230 1042 1738
242 115 225 1042 1738
598 154 221 1043 1739
651 1046 226 1043 1739
611 1034 232 1043 1739
312 1034 221 1043 1739
242 116 224 1043 1739
221 1046 225 1044 1740
321 717 221 1044 1740
651 1047 233 1044 1740
611 1035 229 1044 1740
221 1047 221 1045 1741
321 718 222 1045 1741
651 1048 231 1045 1741
611 1036 223 1045 1741
312 1036 226 1045 1741
242 118 221 1045 1741
651 1049 233 1046 1742
611 1037 233 1046 1742
312 1037 222 1046 1742
242 119 223 1046 1742
386 638 221 1047 1743
598 158 222 1047 1743
651 1050 230 1047 1743
611 1038 233 1047 1743
264 111 222 1047 1743
242 120 221 1047 1743
598 159 221 1048 1744
651 1051 227 1048 1744
611 1039 231 1048 1744
242 121 224 1048 1744
264 112 224 1048 1744
221 1051 223 1049 1745
598 160 222 1049 1745
651 1052 233 1049 1745
611 1040 232 1049 1745
312 1040 223 1049 1745
264 113 221 1049 1745
386 641 221 1049 1745
221 1052 233 1050 1746
598 161 224 1050 1746
651 1053 230 1050 1746
611 1041 229 1050 1746
312 1041 221 1050 1746
264 114 224 1050 1746
221 1053 227 1051 1747
598 162 223 1051 1747
651 1054 227 1051 1747
611 1042 231 1051 1747
312 1042 225 1051 1747
242 124 223 1051 1747
221 1054 236 1052 1748
321 725 223 1052 1748
598 163 221 1052 1748
651 1055 223 1052 1748
611 1043 231 1052 1748
312 1043 225 1052 1748
517 608 225 1052 1748
221 1055 235 1053 1749
321 726 223 1053 1749
598 164 222 1053 1749
651 1056 227 1053 1749
611 1044 235 1053 1749
312 1044 223 1053 1749
517 609 221 1053 1749
264 117 221 1053 1749
221 1056 236 1054 1750
321 727 223 1054 1750
651 1057 221 1054 1750
611 1045 236 1054 1750
312 1045 223 1054 1750
517 610 224 1054 1750
242 127 225 1054 1750
221 1057 237 1055 1751
321 728 223 1055 1751
598 166 221 1055 1751
651 1058 229 1055 1751
611 1046 233 1055 1751
312 1046 225 1055 1751
221 1058 231 1056 1752
598 167 221 1056 1752
651 1059 227 1056 1752
611 1047 235 1056 1752
312 1047 227 1056 1752
242 129 223 1056 1752
221 1059 236 1057 1753
321 730 222 1057 1753
598 168 221 1057 1753
651 1060 231 1057 1753
611 1048 235 1057 1753
312 1048 227 1057 1753
242 130 222 1057 1753
221 1060 231 1058 1754
321 731 225 1058 1754
651 1061 233 1058 1754
611 1049 231 1058 1754
242 131 225 1058 1754
221 1061 231 1059 1755
611 1050 234 1059 1755
312 1050 222 1059 1755
242 132 225 1059 1755
221 1062 221 1060 1756
598 171 221 1060 1756
651 1063 235 1060 1756
611 1051 235 1060 1756
242 133 225 1060 1756
221 1063 222 1061 1757
651 1064 233 1061 1757
611 1052 237 1061 1757
312 1052 225 1061 1757
242 134 228 1061 1757
321 735 222 1062 1758
651 1065 227 1062 1758
611 1053 237 1062 1758
312 1053 223 1062 1758
264 126 223 1062 1758
242 135 227 1062 1758
221 1065 221 1063 1759
651 1066 232 1063 1759
611 1054 234 1063 1759
242 136 227 1063 1759
611 1055 233 1064 1760
312 1055 222 1064 1760
517 620 222 1064 1760
242 137 225 1064 1760
221 1067 224 1065 1761
321 738 224 1065 1761
651 1068 223 1065 1761
611 1056 231 1065 1761
517 621 221 1065 1761
312 1056 224 1065 1761
242 138 226 1065 1761
221 1068 222 1066 1762
321 739 222 1066 1762
651 1069 226 1066 1762
611 1057 233 1066 1762
517 622 225 1066 1762
312 1057 222 1066 1762
242 139 226 1066 1762
221 1069 222 1067 1763
321 740 223 1067 1763
651 1070 228 1067 1763
611 1058 235 1067 1763
312 1058 222 1067 1763
264 131 222 1067 1763
242 140 225 1067 1763
651 1071 221 1068 1764
611 1059 231 1068 1764
312 1059 221 1068 1764
517 624 223 1068 1764
242 141 225 1068 1764
221 1071 225 1068 1764
321 742 221 1069 1765
651 1072 229 1069 1765
611 1060 236 1069 1765
242 142 229 1069 1765
651 1073 223 1070 1766
611 1061 233 1070 1766
517 626 223 1070 1766
312 1061 224 1070 1766
242 143 227 1070 1766
221 1073 224 1070 1766
651 1074 235 1071 1767
611 1062 233 1071 1767
242 144 224 1071 1767
598 183 221 1072 1768
651 1075 235 1072 1768
611 1063 233 1072 1768
312 1063 222 1072 1768
517 628 222 1072 1768
264 136 221 1072 1768
242 145 226 1072 1768
221 1075 223 1072 1768
651 1076 229 1073 1769
611 1064 233 1073 1769
312 1064 225 1073 1769
517 629 221 1073 1769
242 146 227 1073 1769
221 1076 227 1073 1769
321 747 223 1074 1770
598 185 223 1074 1770
651 1077 229 1074 1770
611 1065 233 1074 1770
312 1065 224 1074 1770
517 630 222 1074 1770
242 147 225 1074 1770
221 1077 229 1075 1771
598 186 221 1075 1771
651 1078 229 1075 1771
611 1066 235 1075 1771
312 1066 221 1075 1771
242 148 227 1075 1771
221 1078 223 1076 1772
598 187 222 1076 1772
651 1079 232 1076 1772
611 1067 235 1076 1772
312 1067 225 1076 1772
242 149 227 1076 1772
221 1079 224 1077 1773
321 750 222 1077 1773
598 188 224 1077 1773
651 1080 231 1077 1773
611 1068 232 1077 1773
312 1068 226 1077 1773
264 141 223 1077 1773
242 150 227 1077 1773
221 1080 225 1078 1774
651 1081 233 1078 1774
312 1069 223 1078 1774
264 142 223 1078 1774
242 151 227 1078 1774
221 1081 223 1079 1775
598 190 222 1079 1775
651 1082 228 1079 1775
611 1070 221 1079 1775
242 152 225 1079 1775
221 1082 225 1080 1776
598 191 221 1080 1776
651 1083 229 1080 1776
611 1071 237 1080 1776
312 1071 223 1080 1776
517 636 224 1080 1776
242 153 226 1080 1776
221 1083 222 1081 1777
611 1072 231 1081 1777
312 1072 226 1081 1777
242 154 227 1081 1777
651 1085 227 1082 1778
611 1073 231 1082 1778
312 1073 223 1082 1778
264 146 221 1082 1778
242 155 229 1082 1778
221 1085 223 1083 1779
598 194 222 1083 1779
651 1086 231 1083 1779
611 1074 237 1083 1779
312 1074 230 1083 1779
264 147 222 1083 1779
517 639 222 1083 1779
242 156 223 1083 1779
221 1086 227 1084 1780
651 1087 230 1084 1780
611 1075 235 1084 1780
312 1075 221 1084 1780
517 640 222 1084 1780
242 157 222 1084 1780
651 1088 224 1085 1781
611 1076 233 1085 1781
312 1076 225 1085 1781
242 158 225 1085 1781
651 1089 227 1086 1782
611 1077 236 1086 1782
312 1077 225 1086 1782
242 159 225 1086 1782
651 1090 228 1087 1783
611 1078 236 1087 1783
312 1078 222 1087 1783
242 160 223 1087 1783
651 1091 230 1088 1784
611 1079 232 1088 1784
312 1079 223 1088 1784
242 161 223 1088 1784
651 1092 231 1089 1785
611 1080 233 1089 1785
242 162 225 1089 1785
221 1092 226 1090 1786
321 763 221 1090 1786
598 201 221 1090 1786
651 1093 234 1090 1786
611 1081 233 1090 1786
312 1081 222 1090 1786
517 646 221 1090 1786
242 163 227 1090 1786
221 1093 225 1091 1787
651 1094 226 1091 1787
611 1082 227 1091 1787
123 1075 221 1091 1787
242 164 223 1091 1787
221 1094 225 1091 1787
598 203 223 1092 1788
651 1095 222 1092 1788
611 1083 227 1092 1788
242 165 223 1092 1788
321 766 221 1093 1789
651 1096 226 1093 1789
598 204 221 1093 1789
611 1084 227 1093 1789
312 1084 223 1093 1789
242 166 223 1093 1789
651 1097 227 1094 1790
611 1085 224 1094 1790
684 97 221 1094 1790
312 1085 225 1094 1790
242 167 225 1094 1790
221 1097 224 1094 1790
321 768 225 1095 1791
263 27 221 1095 1791
651 1098 225 1095 1791
611 1086 223 1095 1791
242 168 225 1095 1791
221 1098 223 1095 1791
321 769 222 1096 1792
651 1099 223 1096 1792
611 1087 229 1096 1792
312 1087 225 1096 1792
242 169 226 1096 1792
221 1099 224 1096 1792
611 1088 229 1097 1793
312 1088 226 1097 1793
242 170 226 1097 1793
321 771 224 1098 1794
651 1101 223 1098 1794
598 209 223 1098 1794
611 1089 232 1098 1794
312 1089 227 1098 1794
242 171 222 1099 1795
651 1102 228 1099 1795
598 210 223 1099 1795
611 1090 221 1099 1795
312 1090 222 1099 1795
221 1102 224 1100 1796
242 172 225 1100 1796
651 1103 232 1100 1796
598 211 222 1100 1796
312 1091 225 1100 1796
242 173 227 1101 1797
321 774 227 1101 1797
651 1104 231 1101 1797
598 212 223 1101 1797
611 1092 226 1101 1797
312 1092 224 1101 1797
242 174 227 1101 1797
321 775 230 1102 1798
651 1105 233 1102 1798
598 213 224 1102 1798
611 1093 225 1102 1798
312 1093 225 1102 1798
517 658 224 1102 1798
242 175 225 1103 1799
263 35 222 1103 1799
651 1106 228 1103 1799
598 214 221 1103 1799
611 1094 221 1103 1799
312 1094 227 1103 1799
242 176 226 1104 1800
263 36 222 1104 1800
651 1107 231 1104 1800
611 1095 227 1104 1800
312 1095 225 1104 1800
517 660 222 1104 1800
221 1107 221 1104 1800
242 177 226 1105 1801
651 1108 229 1105 1801
263 37 225 1105 1801
598 216 221 1105 1801
611 1096 225 1105 1801
123 1089 222 1105 1801
312 1096 223 1105 1801
517 661 223 1105 1801
242 178 225 1106 1802
321 779 224 1106 1802
651 1109 227 1106 1802
263 38 221 1106 1802
611 1097 221 1106 1802
312 1097 225 1106 1802
242 179 227 1107 1803
651 1110 235 1107 1803
611 1098 224 1107 1803
312 1098 221 1107 1803
517 663 222 1107 1803
242 180 225 1108 1804
651 1111 235 1108 1804
611 1099 234 1108 1804
517 664 221 1108 1804
242 181 224 1109 1805
651 1112 235 1109 1805
263 41 222 1109 1805
611 1100 235 1109 1805
123 1093 223 1109 1805
312 1100 223 1109 1805
517 665 230 1109 1805
242 182 225 1110 1806
321 783 224 1110 1806
651 1113 226 1110 1806
598 221 223 1110 1806
611 1101 236 1110 1806
312 1101 223 1110 1806
221 1113 223 1111 1807
242 183 223 1111 1807
321 784 225 1111 1807
651 1114 227 1111 1807
598 222 224 1111 1807
611 1102 235 1111 1807
123 1095 221 1111 1807
517 667 223 1111 1807
221 1114 225 1112 1808
242 184 225 1112 1808
321 785 225 1112 1808
651 1115 227 1112 1808
598 223 221 1112 1808
611 1103 234 1112 1808
221 1115 223 1113 1809
242 185 225 1113 1809
321 786 227 1113 1809
651 1116 231 1113 1809
598 224 222 1113 1809
611 1104 231 1113 1809
123 1097 221 1113 1809
242 186 223 1114 1810
321 787 230 1114 1810
299 198 221 1114 1810
651 1117 229 1114 1810
598 225 223 1114 1810
611 1105 231 1114 1810
242 187 223 1115 1811
651 1118 231 1115 1811
598 226 223 1115 1811
611 1106 232 1115 1811
242 188 226 1116 1812
321 789 223 1116 1812
651 1119 227 1116 1812
598 227 224 1116 1812
611 1107 221 1116 1812
517 672 225 1116 1812
221 1119 224 1116 1812
242 189 225 1117 1813
651 1120 234 1117 1813
598 228 225 1117 1813
611 1108 222 1117 1813
312 1108 224 1117 1813
517 673 223 1117 1813
221 1120 224 1118 1814
242 190 223 1118 1814
651 1121 228 1118 1814
598 229 225 1118 1814
611 1109 231 1118 1814
517 674 223 1118 1814
242 191 225 1119 1815
651 1122 227 1119 1815
598 230 223 1119 1815
611 1110 228 1119 1815
517 675 223 1119 1815
221 1122 221 1120 1816
242 192 227 1120 1816
651 1123 230 1120 1816
598 231 221 1120 1816
611 1111 235 1120 1816
312 1111 223 1120 1816
517 676 226 1120 1816
221 1123 225 1120 1816
242 193 227 1121 1817
651 1124 233 1121 1817
598 232 224 1121 1817
611 1112 232 1121 1817
221 1124 223 1121 1817
242 194 227 1122 1818
651 1125 231 1122 1818
598 233 223 1122 1818
611 1113 234 1122 1818
517 678 222 1122 1818
221 1125 223 1123 1819
242 195 227 1123 1819
321 796 227 1123 1819
651 1126 224 1123 1819
598 234 224 1123 1819
611 1114 235 1123 1819
312 1114 223 1123 1819
517 679 224 1123 1819
221 1126 225 1124 1820
242 196 229 1124 1820
321 797 224 1124 1820
651 1127 229 1124 1820
598 235 225 1124 1820
611 1115 231 1124 1820
221 1127 222 1125 1821
242 197 227 1125 1821
321 798 222 1125 1821
651 1128 229 1125 1821
598 236 224 1125 1821
611 1116 231 1125 1821
517 681 221 1125 1821
242 198 231 1126 1822
321 799 223 1126 1822
651 1129 226 1126 1822
598 237 224 1126 1822
611 1117 229 1126 1822
517 682 224 1126 1822
242 199 230 1127 1823
321 800 223 1127 1823
651 1130 233 1127 1823
598 238 224 1127 1823
611 1118 226 1127 1823
517 683 222 1127 1823
242 200 227 1128 1824
321 801 224 1128 1824
651 1131 233 1128 1824
598 239 223 1128 1824
611 1119 223 1128 1824
242 201 228 1129 1825
321 802 223 1129 1825
651 1132 235 1129 1825
598 240 224 1129 1825
611 1120 227 1129 1825
517 685 224 1129 1825
242 202 227 1130 1826
321 803 225 1130 1826
651 1133 235 1130 1826
598 241 227 1130 1826
611 1121 234 1130 1826
312 1121 221 1130 1826
517 686 221 1130 1826
242 203 225 1131 1827
651 1134 230 1131 1827
598 242 223 1131 1827
611 1122 228 1131 1827
312 1122 222 1131 1827
517 687 227 1131 1827
242 204 224 1132 1828
651 1135 226 1132 1828
598 243 222 1132 1828
611 1123 231 1132 1828
517 688 227 1132 1828
242 205 223 1133 1829
321 806 221 1133 1829
651 1136 227 1133 1829
598 244 221 1133 1829
611 1124 226 1133 1829
264 197 221 1133 1829
517 689 227 1133 1829
242 206 224 1134 1830
321 807 225 1134 1830
651 1137 224 1134 1830
611 1125 221 1134 1830
264 198 223 1134 1830
123 1118 222 1134 1830
517 690 224 1134 1830
242 207 221 1135 1831
221 1137 223 1135 1831
321 808 223 1135 1831
651 1138 225 1135 1831
598 246 222 1135 1831
611 1126 223 1135 1831
264 199 223 1135 1831
517 691 224 1135 1831
312 1126 221 1135 1831
321 809 224 1136 1832
598 247 222 1136 1832
517 692 221 1136 1832
221 1139 225 1137 1833
321 810 223 1137 1833
651 1140 225 1137 1833
611 1128 221 1137 1833
517 693 225 1137 1833
221 1140 222 1138 1834
321 811 229 1138 1834
651 1141 230 1138 1834
611 1129 221 1138 1834
517 694 223 1138 1834
321 812 227 1139 1835
651 1142 229 1139 1835
598 250 222 1139 1835
611 1130 227 1139 1835
264 203 223 1139 1835
242 212 222 1140 1836
321 813 226 1140 1836
651 1143 227 1140 1836
598 251 221 1140 1836
611 1131 225 1140 1836
264 204 221 1140 1836
312 1131 225 1140 1836
242 213 222 1141 1837
321 814 226 1141 1837
651 1144 222 1141 1837
611 1132 225 1141 1837
264 205 223 1141 1837
312 1132 227 1141 1837
651 1145 223 1142 1838
598 253 222 1142 1838
517 698 229 1142 1838
312 1133 221 1142 1838
242 215 222 1143 1839
321 816 221 1143 1839
651 1146 227 1143 1839
598 254 223 1143 1839
611 1134 225 1143 1839
684 146 224 1143 1839
517 699 221 1143 1839
242 216 223 1144 1840
651 1147 223 1144 1840
598 255 223 1144 1840
611 1135 227 1144 1840
684 147 225 1144 1840
517 700 226 1144 1840
312 1135 227 1144 1840
242 217 221 1145 1841
321 818 228 1145 1841
651 1148 231 1145 1841
684 148 223 1145 1841
517 701 222 1145 1841
312 1136 225 1146 1842
221 1148 224 1146 1842
651 1149 225 1146 1842
684 149 223 1146 1842
517 702 221 1146 1842
312 1137 224 1147 1843
221 1149 223 1147 1843
321 820 223 1147 1843
651 1150 233 1147 1843
149 506 221 1147 1843
611 1138 227 1147 1843
684 150 223 1147 1843
517 703 223 1147 1843
312 1138 221 1148 1844
221 1150 223 1148 1844
321 821 221 1148 1844
11 599 225 1148 1844
651 1151 226 1148 1844
611 1139 227 1148 1844
684 151 223 1148 1844
221 1151 223 1149 1845
242 221 222 1149 1845
321 822 225 1149 1845
11 600 221 1149 1845
651 1152 229 1149 1845
611 1140 227 1149 1845
684 152 224 1149 1845
517 705 223 1149 1845
312 1140 230 1150 1846
602 285 222 1150 1846
221 1152 226 1150 1846
242 222 233 1150 1846
264 214 223 1150 1846
242 223 224 1151 1847
651 1154 221 1151 1847
611 1142 223 1151 1847
264 215 225 1151 1847
312 1142 221 1152 1848
221 1154 221 1152 1848
321 825 221 1152 1848
242 224 224 1152 1848
651 1155 225 1152 1848
598 263 224 1152 1848
264 216 222 1152 1848
438 265 221 1153 1849
517 709 240 1153 1849
312 1144 235 1154 1850
321 827 221 1154 1850
651 1157 227 1154 1850
598 265 229 1154 1850
611 1145 223 1154 1850
517 710 227 1154 1850
312 1145 224 1154 1850
221 1157 239 1155 1851
321 828 223 1155 1851
212 322 225 1155 1851
11 606 225 1155 1851
611 1146 223 1155 1851
517 711 229 1155 1851
221 1158 239 1156 1852
11 607 221 1156 1852
651 1159 221 1156 1852
517 712 231 1156 1852
312 1147 223 1157 1853
221 1159 221 1157 1853
242 229 235 1157 1853
611 1148 224 1157 1853
264 221 226 1157 1853
517 713 221 1157 1853
242 230 223 1158 1854
598 269 239 1158 1854
64 1141 223 1158 1854
517 714 221 1159 1855
312 1150 221 1160 1856
221 1162 230 1160 1856
11 611 224 1160 1856
312 1151 227 1161 1857
598 272 235 1161 1857
221 1164 224 1162 1858
11 613 223 1162 1858
296 1174 231 1162 1858
517 1 235 1163 1859
123 1146 232 1163 1859
299 247 229 1163 1859
263 3 221 1164 1860
561 256 221 1164 1860
605 168 222 1164 1860
517 2 227 1164 1860
221 1166 227 1164 1860
299 248 223 1164 1860
601 3 229 1164 1860
149 523 222 1164 1860
517 3 234 1165 1861
123 1148 231 1165 1861
299 249 224 1165 1861
525 1164 229 1165 1861
517 4 240 1166 1862
299 250 223 1166 1862
242 238 221 1166 1862
403 500 224 1166 1862
441 10 233 1166 1862
173 383 222 1167 1863
485 584 226 1168 1864
39 1178 223 1168 1864
397 545 231 1169 1865
56 591 224 1169 1865
250 1168 225 1170 1866
775 888 222 1170 1866
340 584 237 1170 1866
473 36 228 1170 1866
211 231 223 1171 1867
551 292 225 1171 1867
724 1174 225 1171 1867
716 1174 239 1171 1867
216 1108 221 1172 1868
233 1179 223 1172 1868
665 267 235 1172 1868
577 539 233 1172 1868
242 245 225 1173 1869
242 246 239 1174 1870
676 1178 227 1174 1870
533 7 223 1174 1870
754 442 222 1175 1871
169 477 232 1175 1871
653 258 235 1175 1871
692 1115 230 1176 1872
754 443 225 1176 1872
653 259 221 1176 1872
517 2 223 1176 1872
574 4 221 1177 1873
754 444 221 1177 1873
725 280 227 1177 1873
731 592 225 1178 1874
200 2 235 1178 1874
754 445 221 1178 1874
169 480 225 1178 1874
653 261 222 1178 1874
725 281 225 1178 1874
517 4 221 1178 1874
321 852 221 1179 1875
200 3 224 1179 1875
754 446 230 1179 1875
169 481 229 1179 1875
653 262 223 1179 1875
725 282 224 1179 1875
692 1119 227 1180 1876
754 447 221 1180 1876
574 9 231 1182 1878
731 596 231 1182 1878
647 6 225 1185 1881
647 7 234 1185 1881
653 271 221 1188 1884
445 1179 228 1188 1884
169 491 221 1189 1885
653 272 231 1189 1885
574 17 224 1189 1885
754 457 228 1190 1886
169 492 225 1190 1886
653 273 229 1190 1886
731 605 221 1191 1887
754 458 226 1191 1887
653 274 227 1191 1887
169 494 223 1192 1888
725 295 221 1192 1888
184 259 226 1193 1889
754 460 223 1193 1889
169 495 224 1193 1889
725 296 226 1193 1889
653 276 227 1193 1889
184 260 222 1194 1890
169 496 226 1194 1890
725 297 225 1194 1890
653 277 223 1194 1890
355 26 225 1194 1890
184 261 228 1195 1891
692 1134 225 1195 1891
754 462 229 1195 1891
169 497 223 1195 1891
653 278 221 1195 1891
355 27 221 1195 1891
184 262 225 1196 1892
692 1135 222 1196 1892
754 463 224 1196 1892
169 498 233 1196 1892
725 299 222 1196 1892
355 28 226 1196 1892
517 22 222 1196 1892
247 1199 221 1197 1893
754 464 227 1197 1893
169 499 221 1197 1893
725 300 221 1197 1893
355 29 225 1197 1893
692 1137 224 1198 1894
247 1200 228 1198 1894
169 500 225 1198 1894
725 301 222 1198 1894
355 30 227 1198 1894
692 1138 229 1199 1895
247 1201 226 1199 1895
754 466 225 1199 1895
169 501 224 1199 1895
653 282 222 1199 1895
355 31 227 1199 1895
692 1139 224 1200 1896
520 1203 224 1200 1896
754 467 227 1200 1896
169 502 228 1200 1896
355 32 223 1200 1896
517 26 225 1200 1896
247 1203 222 1201 1897
754 468 231 1201 1897
169 503 231 1201 1897
725 304 223 1201 1897
517 27 235 1201 1897
692 1141 224 1202 1898
200 26 222 1202 1898
247 1204 224 1202 1898
754 469 228 1202 1898
169 504 227 1202 1898
653 285 226 1202 1898
517 28 223 1202 1898
184 269 230 1203 1899
520 1206 224 1203 1899
754 470 231 1203 1899
247 1205 223 1203 1899
725 306 225 1203 1899
169 505 227 1203 1899
653 286 227 1203 1899
355 35 226 1203 1899
517 29 227 1203 1899
184 270 223 1204 1900
692 1143 228 1204 1900
520 1207 227 1204 1900
754 471 228 1204 1900
169 506 223 1204 1900
725 307 227 1204 1900
653 287 223 1204 1900
517 30 231 1204 1900
692 1144 226 1205 1901
184 271 223 1205 1901
754 472 223 1205 1901
169 507 227 1205 1901
725 308 221 1205 1901
355 37 231 1205 1901
653 288 224 1205 1901
517 31 239 1205 1901
692 1145 227 1206 1902
754 473 225 1206 1902
169 508 237 1206 1902
725 309 224 1206 1902
355 38 227 1206 1902
517 32 228 1206 1902
692 1146 227 1207 1903
520 1210 222 1207 1903
754 474 222 1207 1903
169 509 237 1207 1903
725 310 225 1207 1903
355 39 232 1207 1903
517 33 228 1207 1903
692 1147 229 1208 1904
184 274 233 1208 1904
169 510 237 1208 1904
725 311 224 1208 1904
653 291 223 1208 1904
517 34 230 1208 1904
357 301 225 1209 1905
692 1148 229 1209 1905
184 275 231 1209 1905
754 476 224 1209 1905
169 511 235 1209 1905
725 312 225 1209 1905
355 41 222 1209 1905
517 35 225 1209 1905
653 292 221 1209 1905
692 1149 225 1210 1906
184 276 233 1210 1906
169 512 232 1210 1906
725 313 227 1210 1906
517 36 228 1210 1906
692 1150 223 1211 1907
184 277 233 1211 1907
754 478 224 1211 1907
368 1151 223 1211 1907
169 513 242 1211 1907
517 37 231 1211 1907
355 43 221 1211 1907
653 294 224 1211 1907
692 1151 225 1212 1908
184 278 231 1212 1908
754 479 231 1212 1908
368 1152 221 1212 1908
169 514 240 1212 1908
517 38 237 1212 1908
692 1152 231 1213 1909
184 279 227 1213 1909
520 1216 222 1213 1909
754 480 223 1213 1909
169 515 239 1213 1909
725 316 233 1213 1909
517 39 235 1213 1909
355 45 223 1213 1909
692 1153 229 1214 1910
321 887 223 1214 1910
184 280 228 1214 1910
754 481 227 1214 1910
169 516 239 1214 1910
725 317 235 1214 1910
517 40 239 1214 1910
445 1205 225 1214 1910
355 46 224 1214 1910
692 1154 225 1215 1911
321 888 223 1215 1911
184 281 233 1215 1911
754 482 226 1215 1911
169 517 239 1215 1911
517 41 237 1215 1911
445 1206 222 1215 1911
355 47 223 1215 1911
692 1155 224 1216 1912
184 282 230 1216 1912
520 1219 222 1216 1912
368 1156 225 1216 1912
169 518 241 1216 1912
517 42 241 1216 1912
445 1207 223 1216 1912
692 1156 227 1217 1913
184 283 223 1217 1913
520 1220 222 1217 1913
754 484 223 1217 1913
368 1157 221 1217 1913
169 519 241 1217 1913
517 43 238 1217 1913
692 1157 225 1218 1914
184 284 227 1218 1914
520 1221 228 1218 1914
754 485 231 1218 1914
169 520 241 1218 1914
725 321 236 1218 1914
517 44 238 1218 1914
692 1158 223 1219 1915
184 285 221 1219 1915
520 1222 231 1219 1915
754 486 227 1219 1915
169 521 241 1219 1915
725 322 232 1219 1915
517 45 237 1219 1915
355 51 223 1219 1915
235 365 225 1219 1915
653 302 223 1219 1915
692 1159 227 1220 1916
184 286 230 1220 1916
754 487 228 1220 1916
169 522 247 1220 1916
725 323 232 1220 1916
517 46 227 1220 1916
500 1201 224 1220 1916
357 313 223 1221 1917
520 1224 224 1221 1917
754 488 235 1221 1917
169 523 247 1221 1917
517 47 239 1221 1917
725 324 225 1221 1917
355 53 224 1221 1917
692 1161 221 1222 1918
754 489 233 1222 1918
517 48 234 1222 1918
169 524 242 1222 1918
355 54 226 1222 1918
357 315 225 1223 1919
754 490 230 1223 1919
517 49 235 1223 1919
169 525 241 1223 1919
653 306 221 1223 1919
500 1204 223 1223 1919
357 316 224 1224 1920
754 491 235 1224 1920
517 50 237 1224 1920
169 526 245 1224 1920
169 527 241 1225 1921
517 51 235 1225 1921
500 1206 223 1225 1921
692 1165 224 1225 1921
357 318 225 1225 1921
184 292 227 1226 1922
321 899 222 1226 1922
517 52 235 1226 1922
169 528 242 1226 1922
725 329 225 1226 1922
357 319 231 1226 1922
517 53 236 1227 1923
725 330 231 1227 1923
169 529 245 1227 1923
355 59 222 1227 1923
357 320 227 1227 1923
692 1167 221 1227 1923
321 901 225 1228 1924
247 1230 221 1228 1924
517 54 241 1228 1924
725 331 222 1228 1924
692 1168 222 1228 1924
247 1231 224 1229 1925
517 55 227 1229 1925
169 531 225 1229 1925
725 332 229 1229 1925
357 322 223 1229 1925
247 1232 222 1230 1926
517 56 228 1230 1926
355 62 223 1230 1926
725 333 234 1230 1926
169 532 227 1230 1926
692 1170 223 1230 1926
247 1233 226 1231 1927
517 57 227 1231 1927
169 533 227 1231 1927
235 377 223 1231 1927
725 334 233 1231 1927
355 63 221 1231 1927
653 314 224 1231 1927
692 1171 227 1231 1927
247 1234 222 1232 1928
517 58 230 1232 1928
169 534 226 1232 1928
725 335 225 1232 1928
355 64 227 1232 1928
692 1172 224 1232 1928
517 59 235 1233 1929
169 535 228 1233 1929
355 65 229 1233 1929
725 336 227 1233 1929
520 1237 224 1234 1930
247 1236 222 1234 1930
754 501 221 1234 1930
517 60 226 1234 1930
169 536 227 1234 1930
725 337 231 1234 1930
653 317 221 1234 1930
357 327 221 1234 1930
520 1238 221 1235 1931
247 1237 226 1235 1931
517 61 235 1235 1931
235 381 223 1235 1931
169 537 225 1235 1931
357 328 224 1235 1931
520 1239 226 1236 1932
235 382 230 1236 1932
517 62 233 1236 1932
169 538 225 1236 1932
653 319 221 1236 1932
725 339 223 1236 1932
357 329 224 1236 1932
517 63 227 1237 1933
169 539 222 1237 1933
235 383 233 1237 1933
725 340 227 1237 1933
517 64 235 1238 1934
169 540 232 1238 1934
235 384 229 1238 1934
725 341 223 1238 1934
754 506 223 1239 1935
517 65 239 1239 1935
235 385 231 1239 1935
725 342 226 1239 1935
357 332 225 1239 1935
754 507 223 1240 1936
517 66 235 1240 1936
169 542 231 1240 1936
355 72 229 1240 1936
725 343 235 1240 1936
357 333 226 1240 1936
692 1180 221 1240 1936
520 1244 226 1241 1937
247 1243 221 1241 1937
517 67 228 1241 1937
169 543 232 1241 1937
725 344 228 1241 1937
321 915 221 1242 1938
247 1244 228 1242 1938
169 544 228 1242 1938
725 345 227 1242 1938
357 335 221 1243 1939
169 545 235 1243 1939
520 1247 221 1244 1940
169 546 232 1244 1940
725 347 221 1244 1940
692 1184 221 1244 1940
169 547 235 1245 1941
725 348 226 1245 1941
520 1249 221 1246 1942
731 660 221 1246 1942
169 548 235 1246 1942
692 1186 226 1246 1942
357 339 222 1247 1943
184 313 223 1247 1943
520 1250 223 1247 1943
754 514 223 1247 1943
169 549 237 1247 1943
725 350 223 1247 1943
692 1187 224 1247 1943
184 314 227 1248 1944
731 662 223 1248 1944
169 550 233 1248 1944
355 80 234 1248 1944
725 351 225 1248 1944
520 1252 224 1249 1945
169 551 227 1249 1945
725 352 223 1249 1945
357 342 224 1249 1945
731 664 222 1250 1946
169 552 235 1250 1946
321 2 227 1250 1946
169 553 233 1251 1947
355 83 223 1251 1947
725 354 222 1251 1947
357 344 222 1251 1947
520 1255 228 1252 1948
169 554 233 1252 1948
235 398 225 1252 1948
355 84 221 1252 1948
357 345 222 1252 1948
368 2 225 1253 1949
169 555 233 1253 1949
653 336 221 1253 1949
692 1193 223 1253 1949
725 356 227 1253 1949
169 556 234 1254 1950
692 1194 221 1254 1950
725 357 224 1254 1950
553 1252 223 1255 1951
169 557 221 1255 1951
653 338 237 1255 1951
731 670 221 1256 1952
574 84 245 1256 1952
653 339 223 1256 1952
357 349 222 1256 1952
725 359 223 1256 1952
520 1260 224 1257 1953
247 1259 224 1257 1953
169 559 221 1257 1953
574 85 224 1257 1953
653 340 235 1257 1953
754 525 225 1258 1954
517 84 231 1258 1954
169 560 223 1258 1954
574 86 225 1258 1954
653 341 237 1258 1954
520 1262 221 1259 1955
574 87 225 1259 1955
169 561 224 1259 1955
653 342 239 1259 1955
517 86 221 1260 1956
169 562 221 1260 1956
653 343 237 1260 1956
754 528 222 1261 1957
517 87 231 1261 1957
169 563 225 1261 1957
653 344 235 1261 1957
754 529 222 1262 1958
574 90 234 1262 1958
574 91 226 1263 1959
653 346 221 1263 1959
754 531 221 1264 1960
517 90 221 1264 1960
169 566 229 1264 1960
357 8 221 1265 1961
731 679 226 1265 1961
574 93 223 1265 1961
653 348 235 1265 1961
692 1205 232 1265 1961
169 568 225 1266 1962
574 94 221 1266 1962
653 349 223 1266 1962
692 1206 224 1266 1962
247 1269 222 1267 1963
169 569 227 1267 1963
574 95 228 1267 1963
500 1248 221 1267 1963
653 350 227 1267 1963
517 94 221 1268 1964
169 570 224 1268 1964
574 96 229 1268 1964
653 351 225 1268 1964
692 1208 222 1268 1964
517 95 221 1269 1965
553 1266 221 1269 1965
574 97 227 1269 1965
653 352 225 1269 1965
692 1209 226 1269 1965
517 96 221 1270 1966
169 572 237 1270 1966
500 1251 222 1270 1966
517 97 223 1271 1967
169 573 226 1271 1967
500 1252 231 1271 1967
692 1211 226 1271 1967
754 539 221 1272 1968
517 98 228 1272 1968
553 1269 221 1272 1968
169 574 225 1272 1968
574 100 223 1272 1968
653 355 222 1272 1968
692 1212 223 1272 1968
725 375 223 1273 1969
169 575 223 1273 1969
574 101 226 1273 1969
517 100 221 1274 1970
574 102 221 1274 1970
725 377 227 1275 1971
517 101 225 1275 1971
574 103 231 1275 1971
653 358 230 1275 1971
725 378 225 1276 1972
357 19 221 1276 1972
574 104 225 1276 1972
653 359 225 1276 1972
725 379 222 1277 1973
574 105 227 1277 1973
653 360 225 1277 1973
725 380 223 1278 1974
517 104 223 1278 1974
574 106 228 1278 1974
653 361 224 1278 1974
574 107 233 1279 1975
653 362 226 1279 1975
692 1219 221 1279 1975
653 363 226 1280 1976
725 383 237 1281 1977
754 548 221 1281 1977
553 1278 221 1281 1977
169 583 226 1281 1977
653 364 226 1281 1977
574 109 225 1281 1977
725 384 228 1282 1978
517 108 223 1282 1978
553 1279 223 1282 1978
725 385 225 1283 1979
754 550 221 1283 1979
553 1280 224 1283 1979
169 585 223 1283 1979
725 386 226 1284 1980
517 110 225 1284 1980
692 1 227 1284 1980
653 367 222 1284 1980
355 116 224 1284 1980
725 387 222 1285 1981
517 111 226 1285 1981
692 2 225 1285 1981
169 587 234 1285 1981
653 368 223 1285 1981
574 113 227 1285 1981
517 112 223 1286 1982
692 3 225 1286 1982
653 369 222 1286 1982
692 4 227 1287 1983
653 370 231 1287 1983
574 115 233 1287 1983
355 119 223 1287 1983
692 5 223 1288 1984
517 114 223 1288 1984
653 371 225 1288 1984
574 116 231 1288 1984
517 115 224 1289 1985
574 117 231 1289 1985
731 704 221 1290 1986
692 7 223 1290 1986
517 116 223 1290 1986
574 118 225 1290 1986
725 393 222 1291 1987
731 705 221 1291 1987
692 8 224 1291 1987
574 119 228 1291 1987
725 394 221 1292 1988
725 395 227 1293 1989
731 707 222 1293 1989
653 376 221 1293 1989
517 120 227 1294 1990
692 12 231 1295 1991
517 121 222 1295 1991
653 378 222 1295 1991
517 122 223 1296 1992
653 379 229 1296 1992
725 399 242 1297 1993
725 400 223 1298 1994
520 1301 225 1298 1994
247 1300 226 1298 1994
653 381 235 1298 1994
731 713 223 1299 1995
169 601 224 1299 1995
725 402 232 1300 1996
692 17 221 1300 1996
169 602 222 1300 1996
653 383 229 1300 1996
725 403 224 1301 1997
355 133 223 1301 1997
653 384 241 1301 1997
725 404 227 1302 1998
731 716 226 1302 1998
355 134 223 1302 1998
653 385 236 1302 1998
200 2 225 1302 1998
725 405 227 1303 1999
731 717 224 1303 1999
754 570 227 1303 1999
200 3 231 1303 1999
200 4 223 1304 2000
754 572 226 1305 2001
692 22 228 1305 2001
368 54 235 1305 2001
754 573 223 1306 2002
653 389 222 1306 2002
731 721 245 1307 2003
692 24 221 1307 2003
731 722 231 1308 2004
692 25 223 1308 2004
368 57 227 1308 2004
574 136 221 1308 2004
731 723 226 1309 2005
368 58 226 1309 2005
200 9 227 1309 2005
731 724 239 1310 2006
574 138 233 1310 2006
574 141 224 1313 2009
754 581 230 1314 2010
692 32 221 1315 2011
653 398 233 1315 2011
574 143 235 1315 2011
754 583 225 1316 2012
692 33 223 1316 2012
574 144 222 1316 2012
731 731 227 1317 2013
653 400 226 1317 2013
574 145 226 1317 2013
725 420 223 1318 2014
731 732 233 1318 2014
169 620 221 1318 2014
574 146 235 1318 2014
731 733 221 1319 2015
517 145 223 1319 2015
553 1316 224 1319 2015
574 147 238 1319 2015
653 402 239 1319 2015
517 146 223 1320 2016
692 37 224 1320 2016
553 1317 221 1320 2016
653 403 241 1320 2016
574 148 241 1320 2016
200 20 223 1320 2016
725 423 225 1321 2017
731 735 225 1321 2017
517 147 222 1321 2017
574 149 234 1321 2017
653 404 240 1321 2017
725 424 231 1322 2018
247 1324 222 1322 2018
692 39 221 1322 2018
646 147 221 1322 2018
574 150 231 1322 2018
653 405 223 1322 2018
731 737 232 1323 2019
692 40 224 1323 2019
553 1320 221 1323 2019
653 406 225 1323 2019
357 67 225 1323 2019
754 591 227 1324 2020
368 73 223 1324 2020
574 152 222 1324 2020
653 407 225 1324 2020
184 391 222 1324 2020
725 427 228 1325 2021
247 1327 224 1325 2021
692 42 225 1325 2021
553 1322 223 1325 2021
355 157 222 1325 2021
235 471 222 1325 2021
574 153 225 1325 2021
725 428 223 1326 2022
520 1329 226 1326 2022
200 26 222 1326 2022
725 430 223 1328 2024
725 431 226 1329 2025
98 1328 221 1329 2025
700 1190 222 1330 2026
209 12 223 1330 2026
23 808 230 1330 2026
88 1303 223 1330 2026
651 1334 252 1331 2027
300 1318 229 1331 2027
685 178 222 1331 2027
88 1304 232 1331 2027
431 395 224 1332 2028
658 1337 237 1332 2028
