484 8 221 0 711
194 4 223 0 711
504 9 227 1 712
721 5 227 1 712
667 9 221 1 712
194 5 224 1 712
555 10 232 1 712
549 10 223 1 712
504 10 228 2 713
484 10 225 2 713
667 10 225 2 713
555 11 230 2 713
504 11 221 3 714
721 7 225 3 714
555 12 225 3 714
549 12 223 3 714
504 12 223 4 715
721 8 225 4 715
484 12 223 4 715
667 12 223 4 715
194 8 225 4 715
555 13 227 4 715
549 13 227 4 715
504 13 223 5 716
721 9 222 5 716
667 13 224 5 716
194 9 225 5 716
555 14 227 5 716
721 10 227 6 717
194 10 226 6 717
555 15 223 6 717
549 15 225 6 717
504 15 224 7 718
721 11 221 7 718
484 15 223 7 718
194 11 225 7 718
555 16 221 7 718
504 16 224 8 719
555 17 222 8 719
194 12 225 8 719
486 15 221 8 719
504 17 222 9 720
721 13 225 9 720
194 13 224 9 720
549 18 225 9 720
504 18 222 10 721
484 18 227 10 721
667 18 221 10 721
194 14 227 10 721
555 19 228 10 721
504 19 233 11 722
721 15 225 11 722
484 19 227 11 722
667 19 221 11 722
194 15 229 11 722
555 20 233 11 722
504 20 227 12 723
721 16 235 12 723
194 16 233 12 723
555 21 225 12 723
721 17 227 13 724
484 21 222 13 724
194 17 227 13 724
504 22 231 14 725
721 18 232 14 725
555 23 235 14 725
504 23 231 15 726
721 19 231 15 726
194 19 227 15 726
555 24 227 15 726
504 24 229 16 727
721 20 225 16 727
555 25 221 16 727
549 25 222 16 727
721 21 225 17 728
484 25 225 17 728
555 26 222 17 728
721 22 222 18 729
504 26 221 18 729
484 26 227 18 729
555 27 235 18 729
549 27 231 18 729
504 27 227 19 730
721 23 225 19 730
549 28 223 19 730
504 28 223 20 731
667 28 222 20 731
194 24 225 20 731
549 29 222 20 731
504 29 227 21 732
721 25 225 21 732
484 29 225 21 732
555 30 221 21 732
549 30 223 21 732
504 30 226 22 733
721 26 226 22 733
555 31 225 22 733
429 68 223 23 734
504 32 225 24 735
555 33 225 24 735
721 29 222 25 736
194 29 222 25 736
555 34 227 25 736
555 35 228 26 737
504 35 226 27 738
484 35 225 27 738
555 36 232 27 738
194 31 225 27 738
721 32 221 28 739
667 36 221 28 739
555 37 227 28 739
194 32 222 28 739
549 37 231 28 739
721 33 227 29 740
484 37 223 29 740
667 37 222 29 740
555 38 229 29 740
194 33 231 29 740
549 38 221 30 741
504 38 225 30 741
721 34 225 30 741
555 39 222 30 741
486 37 223 30 741
549 39 227 31 742
555 40 223 31 742
194 35 225 31 742
486 38 221 31 742
549 40 223 32 743
504 40 221 32 743
721 36 230 32 743
484 40 223 32 743
549 41 221 33 744
484 41 226 33 744
721 37 223 33 744
194 37 222 33 744
11 50 222 33 744
549 42 224 34 745
504 42 225 34 745
721 38 233 34 745
484 42 227 34 745
667 42 226 34 745
194 38 224 34 745
637 6 221 34 745
549 43 226 35 746
721 39 225 35 746
484 43 225 35 746
555 44 228 35 746
194 39 226 35 746
42 6 224 35 746
549 44 227 36 747
504 44 226 36 747
484 44 227 36 747
786 22 223 36 747
667 44 224 36 747
194 40 230 36 747
42 7 224 36 747
549 45 221 37 748
721 41 221 37 748
504 45 221 37 748
484 45 227 37 748
667 45 225 37 748
194 41 226 37 748
549 46 225 38 749
721 42 224 38 749
484 46 227 38 749
194 42 221 38 749
721 43 227 39 750
504 47 224 39 750
194 43 228 39 750
549 48 222 40 751
721 44 231 40 751
484 48 221 40 751
667 48 225 40 751
194 44 235 40 751
637 12 222 40 751
567 12 221 41 752
504 49 225 41 752
484 49 225 41 752
667 49 225 41 752
194 45 227 41 752
721 46 221 42 753
667 50 225 42 753
194 46 223 42 753
549 51 231 43 754
504 51 227 43 754
484 51 223 43 754
555 52 224 43 754
667 51 221 43 754
194 47 222 43 754
549 52 221 44 755
504 52 222 44 755
555 53 229 44 755
667 52 225 44 755
194 48 223 44 755
549 53 225 45 756
272 67 224 45 756
721 49 231 45 756
530 16 224 45 756
504 53 224 45 756
484 53 225 45 756
567 17 221 46 757
721 50 228 46 757
504 54 234 46 757
484 54 225 46 757
194 50 231 46 757
504 55 227 47 758
721 51 233 47 758
484 55 225 47 758
555 56 225 47 758
194 51 232 47 758
504 56 227 48 759
484 56 231 48 759
667 56 223 48 759
549 57 223 49 760
504 57 226 49 760
721 53 230 49 760
484 57 227 49 760
667 57 223 49 760
549 58 227 50 761
484 58 225 50 761
194 54 222 50 761
549 59 224 51 762
484 59 221 51 762
194 55 221 51 762
504 60 226 52 763
721 56 221 52 763
484 60 231 52 763
667 60 225 52 763
549 61 227 53 764
504 61 222 53 764
667 61 225 53 764
486 60 221 53 764
42 24 223 53 764
549 62 225 54 765
484 62 235 54 765
555 63 221 54 765
667 62 224 54 765
42 25 221 54 765
637 26 221 54 765
549 63 222 55 766
504 63 222 55 766
721 59 221 55 766
484 63 237 55 766
42 26 221 55 766
637 27 225 55 766
549 64 221 56 767
504 64 227 56 767
721 60 222 56 767
484 64 227 56 767
194 60 221 56 767
667 64 223 56 767
42 27 221 56 767
637 28 222 56 767
567 28 223 56 767
484 65 224 57 768
486 64 221 57 768
637 29 223 57 768
567 29 225 57 768
509 30 222 58 769
504 66 237 58 769
721 62 224 58 769
484 66 233 58 769
486 65 224 58 769
637 30 227 58 769
549 67 225 59 770
504 67 227 59 770
721 63 226 59 770
484 67 231 59 770
486 66 222 59 770
637 31 223 59 770
549 68 222 60 771
504 68 235 60 771
484 68 233 60 771
194 64 231 60 771
42 31 223 60 771
637 32 225 60 771
484 69 221 61 772
667 69 221 61 772
504 70 223 62 773
721 66 221 62 773
667 70 223 62 773
194 66 223 62 773
504 71 225 63 774
721 67 221 63 774
484 71 226 63 774
504 72 224 64 775
484 72 225 64 775
194 68 224 64 775
549 73 221 65 776
504 73 233 65 776
484 73 221 65 776
194 69 227 65 776
549 74 223 66 777
504 75 233 67 778
721 71 231 67 778
397 53 223 67 778
486 74 222 67 778
484 1 227 67 778
567 39 226 67 778
549 76 228 68 779
504 76 239 68 779
484 2 227 68 779
11 85 221 69 780
549 77 226 69 780
504 77 224 69 780
721 73 225 69 780
93 2 221 69 780
42 40 221 69 780
415 78 229 69 780
504 78 229 70 781
593 79 226 70 781
160 79 221 70 781
93 3 221 70 781
504 79 241 71 782
593 80 225 71 782
160 80 227 71 782
327 124 227 71 782
93 4 221 71 782
455 91 233 71 782
313 5 221 72 783
504 80 223 72 783
241 95 229 72 783
223 88 223 73 784
777 81 221 73 784
788 54 227 74 785
284 94 230 74 785
717 91 243 74 785
476 93 221 75 786
170 78 222 75 786
399 89 225 75 786
504 83 231 75 786
395 24 223 75 786
322 81 224 76 787
96 70 221 76 787
24 42 227 76 787
66 26 223 76 787
153 82 221 77 788
91 36 221 77 788
214 86 222 77 788
224 68 223 77 788
504 86 227 78 789
590 98 231 79 790
330 42 225 80 791
504 88 227 80 791
504 89 225 81 792
458 108 223 81 792
419 82 236 82 793
191 106 225 82 793
23 102 225 82 793
504 90 235 82 793
718 6 223 82 793
690 37 228 82 793
493 84 223 82 793
730 92 225 82 793
238 77 225 82 793
557 106 237 82 793
609 47 229 82 793
377 133 227 82 793
475 63 231 82 793
442 97 221 83 794
214 92 224 83 794
23 103 226 83 794
701 98 225 83 794
730 93 226 83 794
295 72 233 83 794
557 107 222 83 794
238 78 226 83 794
609 48 227 83 794
458 110 233 83 794
442 98 222 84 795
419 84 223 84 795
191 108 226 84 795
23 104 225 84 795
504 92 224 84 795
690 39 223 84 795
718 8 225 84 795
493 86 227 84 795
730 94 231 84 795
295 73 234 84 795
442 99 224 85 796
191 109 228 85 796
701 100 225 85 796
214 94 228 85 796
504 93 227 85 796
690 40 246 85 796
493 87 223 85 796
295 74 234 85 796
557 109 222 85 796
609 50 221 85 796
419 86 226 86 797
442 100 223 86 797
23 106 225 86 797
504 94 237 86 797
690 41 222 86 797
730 96 222 86 797
238 81 225 86 797
701 102 222 87 798
690 42 229 87 798
377 138 221 87 798
690 43 231 88 799
493 90 223 88 799
295 77 222 88 799
377 139 222 88 799
458 115 225 88 799
442 103 227 89 800
23 109 226 89 800
701 104 221 89 800
690 44 225 89 800
718 13 227 89 800
238 84 230 89 800
609 54 223 89 800
475 70 225 89 800
23 110 236 90 801
701 105 229 90 801
214 99 225 90 801
504 98 224 90 801
295 79 225 90 801
609 55 225 90 801
458 117 227 90 801
442 105 231 91 802
23 111 230 91 802
690 46 235 91 802
493 93 222 91 802
730 101 228 91 802
557 115 223 91 802
238 86 229 91 802
377 142 222 91 802
609 56 224 91 802
458 118 223 91 802
475 72 221 91 802
191 116 223 92 803
214 101 225 92 803
690 47 241 92 803
718 16 221 92 803
504 100 233 92 803
493 94 230 92 803
238 87 222 92 803
609 57 235 92 803
377 143 221 92 803
458 119 224 92 803
718 17 225 93 804
690 48 224 93 804
493 95 229 93 804
238 88 227 93 804
557 117 231 93 804
377 144 221 93 804
475 74 225 93 804
442 108 221 94 805
419 94 221 94 805
701 109 225 94 805
504 102 224 94 805
690 49 225 94 805
730 104 230 94 805
295 83 223 94 805
557 118 239 94 805
442 109 230 95 806
701 110 221 95 806
214 104 223 95 806
690 50 229 95 806
295 84 223 95 806
475 76 221 95 806
701 111 227 96 807
214 105 224 96 807
690 51 236 96 807
609 61 224 96 807
504 105 223 97 808
690 52 221 97 808
557 121 221 97 808
377 148 227 97 808
442 112 223 98 809
690 53 231 98 809
238 93 223 98 809
442 113 221 99 810
23 119 222 99 810
690 54 237 99 810
609 64 225 99 810
504 108 221 100 811
690 55 235 100 811
238 95 225 100 811
377 151 222 100 811
475 81 221 100 811
690 56 235 101 812
238 96 223 101 812
557 125 221 101 812
690 57 235 102 813
238 97 223 102 813
475 83 222 102 813
504 111 222 103 814
690 58 237 103 814
238 98 225 103 814
377 154 230 103 814
504 112 223 104 815
690 59 234 104 815
238 99 223 104 815
377 155 223 104 815
442 119 221 105 816
690 60 237 105 816
238 100 223 105 816
295 94 225 105 816
475 86 221 106 817
442 120 222 106 817
504 114 221 106 817
690 61 238 106 817
238 101 223 106 817
377 157 233 106 817
298 55 221 107 818
23 127 225 107 818
504 115 222 107 818
238 102 227 107 818
609 72 221 107 818
214 5 222 108 819
191 132 229 108 819
504 116 225 108 819
701 123 237 108 819
493 110 231 108 819
718 32 222 108 819
295 97 221 108 819
609 73 223 108 819
377 159 221 108 819
419 109 224 109 820
23 129 222 109 820
701 124 224 109 820
493 111 231 109 820
730 119 223 109 820
238 104 226 109 820
609 74 221 109 820
377 160 223 109 820
214 7 224 110 821
23 130 223 110 821
690 65 239 110 821
458 137 223 110 821
377 161 222 110 821
493 113 221 111 822
690 66 226 111 822
718 35 225 111 822
238 106 225 111 822
609 76 222 111 822
377 162 225 111 822
557 135 221 112 823
214 9 221 112 823
504 120 221 112 823
701 127 223 112 823
730 122 226 112 823
493 114 226 112 823
609 77 232 112 823
458 139 225 112 823
214 10 225 113 824
442 127 222 113 824
701 128 228 113 824
690 68 229 113 824
493 115 222 113 824
475 94 225 114 825
23 134 224 114 825
609 79 223 114 825
504 123 225 115 826
701 130 223 115 826
730 125 223 115 826
690 70 221 115 826
238 110 225 115 826
377 166 221 116 827
557 139 227 116 827
23 136 223 116 827
730 126 225 116 827
690 71 228 116 827
238 111 225 116 827
295 105 227 116 827
609 81 226 116 827
458 143 226 116 827
377 167 221 117 828
23 137 225 117 828
690 72 221 117 828
690 73 221 118 829
295 107 222 118 829
377 169 224 119 830
23 139 233 119 830
690 74 227 119 830
238 114 221 119 830
295 108 223 119 830
609 84 221 119 830
442 134 224 120 831
701 135 225 120 831
238 115 225 120 831
609 85 225 120 831
458 147 222 120 831
23 141 223 121 832
493 123 221 121 832
690 76 231 121 832
238 116 221 121 832
295 110 227 121 832
609 86 228 121 832
557 145 227 122 833
191 146 222 122 833
23 142 226 122 833
701 137 223 122 833
295 111 222 122 833
609 87 227 122 833
458 149 221 122 833
377 173 223 122 833
475 103 221 122 833
557 146 221 123 834
442 137 221 123 834
493 125 221 123 834
690 78 222 123 834
238 118 221 123 834
609 88 229 123 834
377 174 231 123 834
557 147 221 124 835
23 144 225 124 835
609 89 223 124 835
458 151 223 124 835
557 148 223 125 836
504 133 224 125 836
701 140 223 125 836
690 80 229 125 836
238 120 222 125 836
609 90 223 125 836
458 152 225 125 836
419 126 221 126 837
191 150 222 126 837
442 140 227 126 837
504 134 221 126 837
493 128 223 126 837
690 81 229 126 837
718 50 222 126 837
238 121 221 126 837
295 115 223 126 837
609 91 225 126 837
377 177 221 126 837
475 107 221 126 837
557 150 221 126 837
690 82 223 127 838
718 51 221 127 838
609 92 226 127 838
23 148 221 128 839
701 143 225 128 839
690 83 235 128 839
238 123 221 128 839
377 179 227 128 839
442 143 221 129 840
23 149 227 129 840
701 144 230 129 840
690 84 224 129 840
609 94 221 129 840
377 180 231 129 840
191 154 225 130 841
690 85 223 130 841
718 54 221 130 841
377 181 227 130 841
458 157 221 130 841
23 151 221 131 842
493 133 221 131 842
690 86 223 131 842
377 182 224 131 842
557 155 221 132 843
191 156 226 132 843
701 147 230 132 843
730 142 225 132 843
690 87 227 132 843
238 127 221 132 843
377 183 221 132 843
419 133 221 133 844
191 157 225 133 844
701 148 221 133 844
295 122 222 133 844
609 98 223 133 844
377 184 221 133 844
504 142 222 134 845
442 148 223 134 845
23 154 227 134 845
701 149 227 134 845
730 144 226 134 845
690 89 226 134 845
238 129 223 134 845
701 150 223 135 846
690 90 237 135 846
238 130 223 135 846
609 100 221 135 846
377 186 223 135 846
701 151 223 136 847
609 101 222 136 847
377 187 225 136 847
419 137 223 137 848
23 157 221 137 848
238 132 222 137 848
609 102 221 137 848
419 138 221 138 849
238 133 224 138 849
609 103 224 138 849
377 189 221 138 849
557 162 221 138 849
701 154 224 139 850
295 128 223 139 850
458 166 223 139 850
419 140 221 140 851
504 148 223 140 851
701 155 223 140 851
238 135 226 140 851
690 95 221 140 851
295 129 223 140 851
377 191 227 140 851
504 149 225 141 852
701 156 225 141 852
295 130 221 141 852
377 192 223 141 852
504 150 225 142 853
701 157 224 142 853
191 167 229 143 854
504 151 225 143 854
701 158 224 143 854
690 98 229 143 854
295 132 223 143 854
475 124 221 143 854
504 152 227 144 855
701 159 222 144 855
690 99 222 144 855
295 133 221 144 855
377 195 221 144 855
609 109 221 144 855
504 153 222 145 856
701 160 224 145 856
690 100 229 145 856
609 110 223 145 856
504 154 224 146 857
690 101 231 146 857
609 111 222 146 857
701 162 221 147 858
493 149 221 147 858
295 136 223 147 858
718 71 221 147 858
690 102 227 147 858
377 198 233 147 858
609 112 223 147 858
23 168 223 148 859
442 162 221 148 859
701 163 221 148 859
295 137 225 148 859
690 103 227 148 859
377 199 227 148 859
609 113 226 148 859
690 104 225 149 860
690 105 227 150 861
377 201 224 150 861
690 106 227 151 862
475 132 222 151 862
701 167 221 152 863
690 107 227 152 863
690 108 221 153 864
23 174 221 154 865
701 169 221 154 865
238 149 223 154 865
295 143 227 154 865
690 109 226 154 865
377 205 228 154 865
214 52 221 155 866
442 169 221 155 866
238 150 221 155 866
295 144 222 155 866
238 151 223 156 867
690 111 231 156 867
295 145 221 156 867
609 121 225 156 867
701 172 223 157 868
238 152 226 157 868
690 112 227 157 868
609 122 221 157 868
238 153 221 158 869
690 113 227 158 869
609 123 226 158 869
701 174 221 159 870
238 154 225 159 870
690 114 225 159 870
609 124 227 159 870
377 210 226 159 870
419 160 221 160 871
701 175 226 160 871
238 155 221 160 871
690 115 226 160 871
609 125 225 160 871
690 116 221 161 872
442 176 223 162 873
690 117 223 162 873
191 187 222 163 874
295 152 221 163 874
690 118 221 163 874
377 214 226 163 874
191 188 225 164 875
730 174 221 164 875
690 119 227 164 875
377 215 228 164 875
442 179 223 165 876
295 154 231 165 876
690 120 233 165 876
718 89 223 165 876
718 90 221 166 877
377 217 221 166 877
701 182 231 167 878
690 122 227 167 878
214 65 221 168 879
690 123 223 168 879
377 219 221 168 879
295 158 222 169 880
377 220 224 169 880
442 184 221 170 881
419 170 223 170 881
701 185 224 170 881
298 118 226 170 881
377 221 223 170 881
298 119 223 171 882
377 222 222 171 882
298 120 223 172 883
377 223 223 172 883
298 121 223 173 884
298 122 223 174 885
298 123 223 175 886
298 124 225 176 887
238 171 224 176 887
557 200 223 177 888
298 125 221 177 888
377 228 226 177 888
191 202 221 178 889
238 173 222 178 889
298 126 223 178 889
238 174 225 179 890
298 127 223 179 890
690 134 221 179 890
557 203 223 180 891
23 200 222 180 891
298 128 223 180 891
690 135 225 180 891
377 231 225 180 891
475 161 224 181 892
23 201 223 181 892
298 129 223 181 892
690 136 225 181 892
377 232 226 181 892
23 202 222 182 893
238 177 223 182 893
298 130 224 182 893
377 233 225 182 893
238 178 227 183 894
298 131 225 183 894
690 138 223 183 894
377 234 222 183 894
442 198 221 184 895
238 179 223 184 895
298 132 223 184 895
690 139 223 184 895
419 185 221 185 896
238 180 226 185 896
557 209 222 186 897
419 186 221 186 897
718 110 221 186 897
419 187 221 187 898
238 182 225 187 898
377 238 227 187 898
238 183 221 188 899
690 143 225 188 899
557 212 222 189 900
504 197 221 189 900
377 240 225 189 900
504 198 221 190 901
298 138 222 190 901
377 241 223 190 901
504 199 226 191 902
493 193 225 191 902
690 146 225 191 902
298 139 222 191 902
191 216 221 192 903
493 194 225 192 903
238 187 223 192 903
690 147 224 192 903
295 181 223 192 903
238 188 221 193 904
690 148 224 193 904
298 141 223 193 904
295 182 222 193 904
377 244 221 193 904
475 174 221 194 905
23 214 221 194 905
701 209 222 194 905
730 204 225 194 905
298 143 222 195 906
298 144 221 196 907
718 120 223 196 907
377 247 223 196 907
298 145 221 197 908
690 153 226 198 909
298 146 221 198 909
609 163 224 198 909
23 219 224 198 909
557 223 221 199 910
191 6 221 199 910
23 220 223 200 911
298 148 222 200 911
214 98 221 200 911
442 215 221 201 912
690 156 225 201 912
295 190 221 201 912
23 222 227 201 912
442 216 222 202 913
690 157 223 202 913
442 217 223 203 914
557 227 221 203 914
504 212 222 204 915
690 159 221 204 915
690 160 222 205 916
442 221 225 207 918
442 222 222 208 919
238 207 227 212 923
377 263 221 212 923
475 196 224 215 926
718 140 221 216 927
475 197 223 216 927
504 225 225 217 928
475 198 221 217 928
504 226 226 218 929
442 233 223 219 930
238 214 225 219 930
238 215 226 220 931
298 168 223 220 931
377 271 223 220 931
377 272 221 221 932
504 231 221 223 934
295 213 221 224 935
690 180 227 225 936
701 241 224 226 937
238 221 225 226 937
609 191 227 226 937
298 174 222 226 937
377 277 225 226 937
701 242 221 227 938
238 222 221 227 938
295 216 221 227 938
298 175 222 227 938
191 34 225 227 938
718 152 221 228 939
298 176 221 228 939
377 279 223 228 939
690 184 225 229 940
238 224 223 229 940
295 218 225 229 940
295 219 224 230 941
238 226 223 231 942
609 196 221 231 942
609 197 221 232 943
238 228 227 233 944
504 242 225 234 945
238 229 227 234 945
238 231 223 236 947
377 288 223 237 948
238 234 221 239 950
504 249 226 241 952
690 196 224 241 952
493 243 222 241 952
442 256 225 242 953
504 250 225 242 953
493 244 223 242 953
377 293 222 242 953
493 245 223 243 954
191 50 221 244 955
23 264 224 244 955
690 199 222 244 955
493 246 221 244 955
298 192 223 244 955
295 233 221 244 955
377 295 221 244 955
23 265 225 245 956
701 260 223 245 956
690 200 221 245 956
609 210 221 245 956
191 52 223 246 957
504 254 222 246 957
690 201 225 246 957
701 262 221 247 958
238 242 223 247 958
690 204 224 249 960
377 300 224 249 960
504 258 223 250 961
690 205 224 250 961
504 259 223 251 962
690 206 231 251 962
295 240 221 251 962
377 302 224 251 962
504 260 222 252 963
690 207 231 252 963
238 247 226 252 963
609 217 221 252 963
377 303 225 252 963
191 59 222 253 964
475 233 225 253 964
23 273 221 253 964
701 268 221 253 964
690 208 226 253 964
238 248 223 253 964
377 305 225 254 965
701 270 227 255 966
238 250 221 255 966
377 306 231 255 966
557 279 223 255 966
690 211 227 256 967
377 307 226 256 967
701 272 221 257 968
690 212 225 257 968
295 246 221 257 968
690 213 232 258 969
295 247 223 258 969
690 214 223 259 970
298 207 227 259 970
475 240 223 260 971
298 208 227 260 971
295 249 226 260 971
690 216 221 261 972
609 226 221 261 972
295 250 223 261 972
701 277 224 262 973
690 217 223 262 973
295 251 223 262 973
557 286 221 262 973
295 252 222 263 974
475 244 221 264 975
690 220 221 265 976
295 254 223 265 976
701 281 223 266 977
504 274 222 266 977
690 221 235 266 977
377 317 222 266 977
690 222 225 267 978
295 256 221 267 978
377 318 224 267 978
701 283 221 268 979
690 223 221 268 979
377 319 221 268 979
730 279 221 269 980
701 284 221 269 980
690 224 222 269 980
504 277 221 269 980
609 234 225 269 980
690 225 227 270 981
609 235 234 270 981
295 259 225 270 981
475 251 221 271 982
214 168 227 271 982
295 260 228 271 982
377 322 230 272 983
214 169 224 272 983
377 323 223 273 984
690 228 222 273 984
609 238 222 273 984
475 254 221 274 985
701 289 221 274 985
609 239 231 274 985
701 290 224 275 986
504 283 225 275 986
493 277 224 275 986
609 240 229 275 986
295 264 223 275 986
701 291 221 276 987
493 278 223 276 987
609 241 228 276 987
701 292 224 277 988
609 242 227 277 988
557 301 228 277 988
191 84 223 278 989
701 293 223 278 989
609 243 223 278 989
557 302 225 278 989
295 267 223 278 989
701 294 225 279 990
295 268 222 279 990
557 303 229 279 990
701 295 223 280 991
504 288 222 280 991
493 282 223 280 991
609 245 221 280 991
557 304 227 280 991
730 291 225 281 992
609 246 225 281 992
191 88 223 282 993
701 297 221 282 993
504 290 222 282 993
191 89 223 283 994
23 303 225 283 994
191 90 225 284 995
609 249 223 284 995
493 287 222 285 996
609 250 223 285 996
295 274 227 285 996
191 92 221 286 997
238 281 223 286 997
377 337 221 287 998
191 93 222 287 998
23 308 222 288 999
701 303 225 288 999
690 243 223 288 999
504 296 222 288 999
23 309 223 289 1000
609 254 226 289 1000
690 245 222 290 1001
214 187 221 290 1001
609 255 221 290 1001
442 305 223 291 1002
609 256 226 291 1002
609 257 223 292 1003
377 344 221 293 1004
214 191 223 294 1005
238 289 223 294 1005
238 290 223 295 1006
442 310 223 296 1007
609 261 224 296 1007
238 291 229 296 1007
377 347 227 296 1007
504 305 225 297 1008
238 292 225 297 1008
557 321 222 297 1008
701 313 225 298 1009
609 263 222 298 1009
442 313 221 299 1010
701 315 221 300 1011
690 255 227 300 1011
191 107 221 300 1011
377 351 230 301 1012
23 321 225 301 1012
690 256 225 301 1012
609 266 226 301 1012
238 296 241 301 1012
191 108 227 301 1012
458 328 221 302 1013
690 257 224 302 1013
238 297 233 302 1013
557 326 222 302 1013
191 109 221 302 1013
377 353 225 303 1014
442 317 225 303 1014
23 323 229 303 1014
690 258 233 303 1014
504 311 221 303 1014
609 268 223 303 1014
238 298 235 303 1014
377 354 226 304 1015
690 259 227 304 1015
609 269 223 304 1015
298 252 222 304 1015
238 299 233 304 1015
295 293 228 305 1016
377 355 223 305 1016
377 356 228 306 1017
609 271 223 306 1017
642 325 227 309 1020
662 171 226 310 1021
101 310 227 310 1021
639 332 222 310 1021
101 311 237 311 1022
538 313 221 311 1022
101 313 233 313 1024
350 335 227 313 1024
703 315 226 314 1025
597 335 225 314 1025
101 314 221 314 1025
350 336 222 314 1025
2 326 223 314 1025
476 31 223 315 1026
703 316 222 315 1026
597 336 221 315 1026
101 315 239 315 1026
2 327 233 315 1026
703 317 224 316 1027
741 309 223 316 1027
2 328 226 316 1027
476 33 221 317 1028
741 310 228 317 1028
597 338 222 317 1028
101 317 238 317 1028
2 329 229 317 1028
783 318 223 317 1028
538 319 225 317 1028
476 34 232 318 1029
703 319 223 318 1029
2 330 226 318 1029
300 320 224 318 1029
703 320 227 319 1030
741 312 225 319 1030
350 341 229 319 1030
476 36 233 320 1031
703 321 224 320 1031
783 321 221 320 1031
476 37 235 321 1032
741 314 221 321 1032
399 335 222 321 1032
703 322 221 321 1032
101 321 222 321 1032
350 343 221 321 1032
2 333 221 321 1032
783 322 225 321 1032
476 38 223 322 1033
703 323 221 322 1033
597 343 227 322 1033
447 243 222 322 1033
101 322 225 322 1033
350 344 223 322 1033
2 334 229 322 1033
62 272 223 322 1033
783 323 233 322 1033
300 324 224 322 1033
538 324 221 322 1033
703 324 225 323 1034
399 337 228 323 1034
350 345 227 323 1034
2 335 233 323 1034
783 324 225 323 1034
300 325 221 323 1034
476 40 233 324 1035
741 317 226 324 1035
703 325 221 324 1035
350 346 223 324 1035
783 325 229 324 1035
597 346 221 325 1036
2 337 221 325 1036
538 327 222 325 1036
476 42 228 326 1037
399 340 221 326 1037
350 348 221 326 1037
476 43 224 327 1038
399 341 223 327 1038
538 330 224 328 1039
476 45 227 329 1040
10 290 223 329 1040
399 343 225 329 1040
783 330 230 329 1040
2 341 223 329 1040
538 331 223 329 1040
476 46 226 329 1040
350 352 221 330 1041
783 331 223 330 1041
538 332 221 330 1041
476 47 226 331 1042
783 332 226 331 1042
2 343 227 331 1042
476 48 231 332 1043
399 346 221 332 1043
2 344 223 332 1043
10 294 223 333 1044
783 334 225 333 1044
2 345 224 333 1044
538 335 221 333 1044
300 335 224 333 1044
476 50 227 334 1045
741 327 221 334 1045
703 335 221 334 1045
399 348 223 334 1045
783 335 221 334 1045
10 296 227 335 1046
597 356 221 335 1046
783 336 223 335 1046
538 337 223 335 1046
741 329 239 336 1047
703 337 227 336 1047
101 336 222 336 1047
783 337 223 336 1047
538 338 224 336 1047
476 53 228 337 1048
703 338 225 337 1048
10 298 227 337 1048
597 358 221 337 1048
399 351 222 337 1048
783 338 226 337 1048
2 349 228 337 1048
476 54 221 338 1049
741 331 224 338 1049
741 332 225 339 1050
597 360 224 339 1050
399 353 223 339 1050
2 351 226 339 1050
538 341 222 339 1050
10 301 224 340 1051
399 354 221 340 1051
101 340 223 340 1051
783 341 227 340 1051
62 290 221 340 1051
2 352 221 340 1051
538 342 224 340 1051
399 355 224 341 1052
101 341 223 341 1052
783 342 235 341 1052
2 353 221 341 1052
476 58 221 342 1053
597 363 223 342 1053
399 356 224 342 1053
350 364 222 342 1053
476 59 229 343 1054
399 357 223 343 1054
101 343 225 343 1054
350 365 221 343 1054
783 344 231 343 1054
538 345 223 344 1055
476 60 226 344 1055
350 366 221 344 1055
783 345 231 344 1055
300 346 221 344 1055
538 346 223 345 1056
476 61 229 345 1056
703 346 221 345 1056
597 366 221 345 1056
783 346 225 345 1056
300 347 222 345 1056
476 62 230 346 1057
10 307 227 346 1057
597 367 223 346 1057
350 368 223 346 1057
783 347 224 346 1057
300 348 223 346 1057
2 358 231 346 1057
476 63 233 347 1058
10 308 231 347 1058
703 348 221 347 1058
597 368 223 347 1058
101 347 223 347 1058
783 348 226 347 1058
300 349 221 347 1058
2 359 227 347 1058
476 64 221 347 1058
10 309 235 348 1059
597 369 223 348 1059
399 362 221 348 1059
2 360 225 348 1059
10 310 232 349 1060
597 370 223 349 1060
399 363 223 349 1060
350 371 223 349 1060
2 361 225 349 1060
300 351 221 349 1060
476 66 226 349 1060
538 351 224 350 1061
10 311 231 350 1061
597 371 225 350 1061
399 364 224 350 1061
350 372 221 350 1061
300 352 221 350 1061
2 362 225 350 1061
476 67 227 351 1062
538 352 223 351 1062
10 312 228 351 1062
399 365 225 351 1062
350 373 223 351 1062
300 353 225 351 1062
2 363 221 351 1062
538 353 221 352 1063
10 313 227 352 1063
350 374 225 352 1063
783 353 228 352 1063
2 364 225 352 1063
399 367 221 353 1064
783 354 229 353 1064
2 365 221 353 1064
300 355 222 353 1064
476 70 232 354 1065
783 355 223 354 1065
2 366 226 354 1065
10 316 223 355 1066
741 348 221 355 1066
101 355 223 355 1066
783 356 227 355 1066
2 367 223 355 1066
783 357 223 356 1067
476 73 225 357 1068
350 379 223 357 1068
101 357 221 357 1068
783 358 227 357 1068
476 74 227 358 1069
399 372 224 358 1069
350 380 222 358 1069
2 370 222 358 1069
300 360 221 358 1069
101 359 222 359 1070
783 360 225 359 1070
300 361 222 359 1070
476 76 222 360 1071
538 361 222 360 1071
741 353 223 360 1071
703 361 221 360 1071
101 360 222 360 1071
783 361 227 360 1071
300 362 223 361 1072
476 77 231 361 1072
538 362 227 361 1072
741 354 221 361 1072
101 361 221 361 1072
783 362 227 361 1072
300 363 223 361 1072
476 78 227 362 1073
538 363 223 362 1073
741 355 225 362 1073
399 376 223 362 1073
101 362 229 362 1073
2 374 227 362 1073
300 364 225 362 1073
476 79 226 363 1074
538 364 223 363 1074
703 364 221 363 1074
399 377 224 363 1074
101 363 225 363 1074
741 357 221 364 1075
703 365 221 364 1075
538 366 223 365 1076
399 379 224 365 1076
783 366 224 365 1076
300 367 222 365 1076
476 82 222 366 1077
538 367 221 366 1077
741 359 227 366 1077
399 380 226 366 1077
101 366 223 366 1077
350 388 231 366 1077
2 378 231 366 1077
476 83 223 367 1078
538 368 222 367 1078
783 368 228 367 1078
2 379 231 367 1078
476 84 233 368 1079
538 369 222 368 1079
10 329 223 368 1079
741 361 223 368 1079
597 389 231 368 1079
101 368 221 368 1079
783 369 230 368 1079
2 380 224 368 1079
476 85 233 369 1080
741 362 233 369 1080
597 390 224 369 1080
350 391 221 369 1080
476 86 231 370 1081
538 371 223 370 1081
597 391 223 370 1081
783 371 221 370 1081
2 382 225 370 1081
476 87 231 371 1082
783 374 224 373 1084
2 385 226 373 1084
538 375 222 374 1085
597 395 224 374 1085
783 375 221 374 1085
2 386 225 374 1085
10 336 223 375 1086
597 396 225 375 1086
703 376 222 375 1086
741 368 225 375 1086
783 376 223 375 1086
300 377 221 376 1087
10 337 221 376 1087
703 377 227 376 1087
399 4 224 376 1087
101 376 223 376 1087
2 388 227 376 1087
300 378 223 377 1088
10 338 225 377 1088
703 378 225 377 1088
741 370 225 377 1088
399 5 222 377 1088
2 389 233 377 1088
597 399 221 378 1089
703 379 221 378 1089
741 371 233 378 1089
2 390 223 378 1089
300 380 225 379 1090
597 400 227 379 1090
741 372 225 379 1090
101 379 235 379 1090
2 391 236 379 1090
10 341 225 380 1091
741 373 235 380 1091
350 402 232 380 1091
10 342 221 381 1092
101 381 226 381 1092
2 393 225 381 1092
300 383 221 381 1092
476 98 221 382 1093
10 343 221 382 1093
101 382 228 382 1093
783 383 223 382 1093
300 384 222 382 1093
10 344 227 383 1094
101 383 228 383 1094
538 385 223 384 1095
703 385 233 384 1095
741 377 226 384 1095
101 384 225 384 1095
783 385 223 384 1095
300 386 233 384 1095
741 378 226 385 1096
300 387 227 385 1096
476 102 221 386 1097
10 347 234 386 1097
597 407 224 386 1097
703 387 231 386 1097
741 379 227 386 1097
783 387 229 386 1097
2 398 233 386 1097
703 388 221 387 1098
741 380 226 387 1098
399 15 231 387 1098
101 387 235 387 1098
783 388 221 387 1098
10 349 225 388 1099
476 104 223 388 1099
101 388 223 388 1099
399 16 222 388 1099
350 410 224 388 1099
2 400 225 388 1099
476 105 235 389 1100
597 410 225 389 1100
399 17 223 389 1100
101 389 223 389 1100
538 391 224 390 1101
10 351 223 390 1101
476 106 231 390 1101
597 411 222 390 1101
101 390 227 390 1101
10 352 225 391 1102
476 107 226 391 1102
741 384 221 391 1102
399 19 221 391 1102
101 391 227 391 1102
62 341 222 391 1102
10 353 226 392 1103
476 108 225 392 1103
399 20 221 392 1103
350 414 223 392 1103
538 394 224 393 1104
476 109 225 393 1104
741 386 226 393 1104
2 405 221 393 1104
476 110 233 394 1105
597 415 222 394 1105
703 395 227 394 1105
741 387 227 394 1105
399 22 223 394 1105
447 315 222 394 1105
10 356 227 395 1106
597 416 225 395 1106
399 23 226 395 1106
350 417 229 395 1106
350 418 223 396 1107
783 397 221 396 1107
2 408 221 396 1107
10 358 233 397 1108
476 113 226 397 1108
703 398 223 397 1108
101 397 225 397 1108
783 398 221 397 1108
476 114 239 398 1109
783 399 221 398 1109
476 115 234 399 1110
741 392 223 399 1110
476 116 222 400 1111
741 393 221 400 1111
476 117 231 401 1112
476 118 227 402 1113
597 423 221 402 1113
741 395 223 402 1113
2 414 222 402 1113
538 404 225 403 1114
476 119 227 403 1114
703 404 223 403 1114
741 396 227 403 1114
741 397 227 404 1115
300 406 222 405 1116
10 366 225 405 1116
703 406 224 405 1116
2 417 223 405 1116
10 367 231 406 1117
476 122 221 406 1117
399 34 223 406 1117
300 408 226 407 1118
10 368 223 407 1118
703 408 222 407 1118
741 400 223 407 1118
399 35 222 407 1118
2 419 223 407 1118
300 409 225 408 1119
10 369 227 408 1119
741 401 225 408 1119
399 36 223 408 1119
101 408 226 408 1119
783 409 221 408 1119
2 420 227 408 1119
300 410 226 409 1120
476 125 231 409 1120
703 410 223 409 1120
741 402 223 409 1120
399 37 224 409 1120
101 409 224 409 1120
2 421 225 409 1120
300 411 225 410 1121
538 411 221 410 1121
476 126 231 410 1121
703 411 225 410 1121
741 403 227 410 1121
783 411 223 410 1121
538 412 223 411 1122
476 127 233 411 1122
741 404 221 411 1122
399 39 227 411 1122
101 411 223 411 1122
62 362 221 412 1123
2 424 221 412 1123
300 414 225 413 1124
538 414 227 413 1124
476 129 222 413 1124
10 374 225 413 1124
703 414 221 413 1124
399 41 225 413 1124
101 413 226 413 1124
476 130 230 414 1125
10 375 223 414 1125
741 407 225 414 1125
2 426 223 414 1125
476 131 225 415 1126
741 408 225 415 1126
399 43 221 415 1126
2 427 223 415 1126
476 132 235 416 1127
10 377 227 416 1127
476 133 221 417 1128
399 45 221 417 1128
476 134 221 418 1129
399 46 223 418 1129
300 420 221 419 1130
476 135 227 419 1130
121 443 221 419 1130
101 419 228 419 1130
2 431 226 419 1130
538 421 223 419 1130
476 136 227 419 1130
703 421 227 419 1130
741 413 224 419 1130
399 48 225 419 1130
101 420 222 420 1131
350 442 221 420 1131
2 432 227 420 1131
476 137 235 420 1131
783 422 223 421 1132
538 423 223 421 1132
476 138 227 421 1132
597 443 224 421 1132
62 372 221 422 1133
538 424 225 422 1133
476 139 235 422 1133
597 444 221 422 1133
741 416 225 422 1133
2 435 223 423 1134
476 140 237 423 1134
597 445 223 423 1134
399 57 223 429 1140
476 146 233 429 1140
476 147 226 430 1141
399 59 223 431 1142
476 148 222 431 1142
741 426 222 432 1143
2 445 223 433 1144
714 386 225 433 1144
476 150 227 433 1144
703 435 221 433 1144
741 427 241 433 1144
101 434 223 434 1145
783 435 223 434 1145
538 436 221 434 1145
703 436 221 434 1145
597 456 223 434 1145
399 63 227 435 1146
101 435 231 435 1146
538 437 235 435 1146
300 437 227 435 1146
10 397 226 435 1146
703 437 227 435 1146
741 429 241 435 1146
399 64 243 436 1147
101 436 241 436 1147
62 386 221 436 1147
538 438 221 436 1147
476 153 221 436 1147
300 438 223 436 1147
703 438 232 436 1147
741 430 232 436 1147
399 65 243 437 1148
101 437 245 437 1148
2 449 227 437 1148
538 439 237 437 1148
476 154 223 437 1148
300 439 223 437 1148
703 439 225 437 1148
741 431 229 437 1148
399 66 227 438 1149
2 450 239 438 1149
538 440 225 438 1149
476 155 237 438 1149
10 400 223 438 1149
703 440 227 438 1149
741 432 236 438 1149
399 67 242 439 1150
101 439 223 439 1150
783 440 223 439 1150
2 451 229 439 1150
300 441 221 439 1150
703 441 237 439 1150
741 433 228 439 1150
399 68 246 440 1151
62 390 225 440 1151
2 452 223 440 1151
538 442 222 440 1151
476 157 224 440 1151
10 402 221 440 1151
741 434 237 440 1151
399 69 250 441 1152
101 441 225 441 1152
62 391 224 441 1152
2 453 227 441 1152
350 464 223 442 1153
2 454 224 442 1153
714 395 221 442 1153
300 444 221 442 1153
703 444 234 442 1153
741 436 242 442 1153
476 160 222 443 1154
10 405 226 443 1154
300 445 225 443 1154
703 445 227 443 1154
741 437 229 443 1154
399 72 230 443 1154
783 445 223 444 1155
2 456 222 444 1155
538 446 231 444 1155
10 406 221 444 1155
703 446 227 444 1155
741 438 227 444 1155
597 466 223 444 1155
399 73 229 444 1155
101 445 221 444 1155
783 446 243 445 1156
350 467 223 445 1156
300 447 221 445 1156
703 447 245 445 1156
741 439 239 445 1156
597 467 221 445 1156
399 74 225 445 1156
62 396 223 446 1157
538 448 223 446 1157
300 448 232 446 1157
10 408 227 446 1157
703 448 236 446 1157
741 440 229 446 1157
399 75 225 446 1157
783 448 232 447 1158
350 469 228 447 1158
2 459 222 447 1158
476 164 223 447 1158
399 76 221 447 1158
783 449 221 448 1159
2 460 227 448 1159
476 165 227 448 1159
703 450 229 448 1159
741 442 223 448 1159
350 471 224 449 1160
2 461 224 449 1160
300 451 222 449 1160
703 451 221 449 1160
741 443 222 449 1160
399 78 223 449 1160
783 451 225 449 1160
2 462 231 450 1161
300 452 223 450 1161
10 412 223 450 1161
703 452 227 450 1161
741 444 225 450 1161
597 472 227 450 1161
399 79 245 450 1161
101 451 229 450 1161
2 463 224 451 1162
538 453 224 451 1162
300 453 230 451 1162
10 413 223 451 1162
703 453 231 451 1162
741 445 235 451 1162
399 80 225 451 1162
101 452 225 451 1162
783 453 227 452 1163
538 454 246 452 1163
300 454 221 452 1163
10 414 221 452 1163
703 454 225 452 1163
741 446 231 452 1163
399 81 224 452 1163
783 454 223 453 1164
2 465 221 453 1164
300 455 230 453 1164
538 455 227 453 1164
703 455 225 453 1164
741 447 235 453 1164
399 82 221 453 1164
703 456 221 454 1165
741 448 221 454 1165
399 83 233 454 1165
783 456 221 455 1166
62 405 222 455 1166
476 172 223 455 1166
741 449 234 455 1166
597 477 223 455 1166
399 84 228 455 1166
783 457 224 455 1166
2 468 223 456 1167
300 458 225 456 1167
538 458 221 456 1167
476 173 225 456 1167
703 458 222 456 1167
741 450 222 456 1167
101 457 230 456 1167
783 458 223 456 1167
2 469 221 457 1168
300 459 221 457 1168
476 174 226 457 1168
741 451 236 457 1168
597 479 221 457 1168
741 452 233 458 1169
703 461 221 459 1170
741 453 223 459 1170
101 460 221 460 1171
783 461 225 460 1171
476 177 238 460 1171
703 462 226 460 1171
741 454 227 460 1171
597 482 223 460 1171
399 89 221 460 1171
783 462 223 461 1172
62 411 221 461 1172
10 423 221 461 1172
476 178 223 461 1172
741 455 221 461 1172
101 462 221 461 1172
62 412 226 462 1173
538 464 221 462 1173
10 424 224 462 1173
476 179 227 462 1173
703 464 227 462 1173
741 456 221 462 1173
101 463 221 463 1174
2 475 222 463 1174
300 465 226 463 1174
538 465 223 463 1174
476 180 234 463 1174
703 465 222 463 1174
101 464 224 464 1175
300 466 221 464 1175
476 181 231 464 1175
741 458 221 464 1175
101 465 223 465 1176
62 415 222 465 1176
300 467 231 465 1176
476 182 227 465 1176
741 459 229 465 1176
399 94 229 465 1176
597 487 227 465 1176
300 468 224 466 1177
538 468 225 466 1177
10 428 221 466 1177
476 183 227 466 1177
703 468 221 466 1177
741 460 244 466 1177
300 469 227 467 1178
538 469 225 467 1178
476 184 231 467 1178
703 469 223 467 1178
741 461 239 467 1178
597 489 224 468 1179
783 469 222 468 1179
538 470 221 468 1179
476 185 231 468 1179
703 470 227 468 1179
399 97 229 468 1179
741 462 223 468 1179
597 490 223 469 1180
101 469 225 469 1180
783 470 227 469 1180
10 431 223 469 1180
476 186 229 469 1180
741 463 222 469 1180
783 471 224 470 1181
2 482 221 470 1181
10 432 230 470 1181
476 187 238 470 1181
741 464 231 470 1181
597 492 229 470 1181
783 472 221 471 1182
101 471 225 471 1182
2 483 223 471 1182
10 433 227 471 1182
476 188 237 471 1182
741 465 222 471 1182
597 493 221 472 1183
300 474 221 472 1183
476 189 223 472 1183
399 101 225 472 1183
741 466 223 472 1183
476 190 233 473 1184
741 467 221 473 1184
300 476 221 474 1185
703 476 221 474 1185
476 191 232 474 1185
101 475 225 475 1186
783 476 221 475 1186
300 477 225 475 1186
10 437 230 475 1186
476 192 239 475 1186
399 104 223 476 1187
741 469 227 476 1187
300 478 221 476 1187
538 478 223 476 1187
10 438 225 476 1187
101 477 227 476 1187
2 489 221 477 1188
300 479 232 477 1188
10 1 227 477 1188
703 479 224 477 1188
476 194 223 477 1188
101 478 226 477 1188
741 471 237 477 1188
2 490 225 478 1189
300 480 223 478 1189
476 195 226 478 1189
399 107 224 478 1189
741 472 222 478 1189
783 480 223 479 1190
476 196 232 479 1190
399 108 231 479 1190
300 482 223 480 1191
538 482 226 480 1191
10 4 221 480 1191
703 482 225 480 1191
476 197 225 480 1191
399 109 231 480 1191
101 481 223 480 1191
300 483 224 481 1192
2 493 222 481 1192
476 198 227 481 1192
741 475 225 481 1192
399 110 230 481 1192
300 484 227 482 1193
2 494 223 482 1193
10 6 225 482 1193
476 199 221 482 1193
399 111 233 482 1193
2 495 229 483 1194
10 7 229 483 1194
476 200 226 483 1194
399 112 230 483 1194
741 477 231 483 1194
783 485 225 484 1195
300 486 230 484 1195
476 201 232 484 1195
741 478 224 484 1195
101 485 225 485 1196
783 486 221 485 1196
62 435 221 485 1196
2 497 225 485 1196
10 9 228 485 1196
703 487 225 485 1196
476 202 235 485 1196
399 114 227 485 1196
2 498 222 486 1197
703 488 221 486 1197
476 203 231 486 1197
101 487 221 487 1198
300 489 227 487 1198
476 204 237 487 1198
741 481 222 487 1198
476 205 223 488 1199
399 117 221 488 1199
10 14 223 490 1201
476 207 240 490 1201
300 493 221 491 1202
2 503 223 491 1202
10 15 227 491 1202
476 208 233 491 1202
300 494 223 492 1203
101 493 223 492 1203
2 505 225 493 1204
10 17 223 493 1204
476 210 245 493 1204
101 494 222 493 1204
10 18 224 494 1205
476 211 246 494 1205
476 212 228 495 1206
2 508 223 496 1207
300 498 221 496 1207
10 20 222 496 1207
476 213 231 496 1207
399 125 221 496 1207
10 21 221 497 1208
476 214 225 497 1208
476 215 225 498 1209
399 127 221 498 1209
703 501 221 499 1210
476 216 227 499 1210
741 493 221 499 1210
399 128 227 499 1210
538 502 225 500 1211
476 217 229 500 1211
741 494 226 500 1211
399 129 224 500 1211
300 503 222 501 1212
476 218 229 501 1212
399 130 222 501 1212
10 26 228 502 1213
703 504 225 502 1213
741 496 223 502 1213
783 504 221 503 1214
10 27 222 503 1214
300 505 224 503 1214
476 220 231 503 1214
399 132 222 503 1214
703 506 221 504 1215
476 221 233 504 1215
703 507 221 505 1216
476 222 221 505 1216
300 508 221 506 1217
476 223 233 506 1217
741 500 227 506 1217
476 224 223 507 1218
10 32 223 508 1219
703 510 225 508 1219
476 225 225 508 1219
62 459 221 509 1220
10 33 224 509 1220
10 34 223 510 1221
476 227 223 510 1221
741 504 227 510 1221
101 511 223 511 1222
703 513 223 511 1222
476 228 229 511 1222
101 512 221 512 1223
476 229 223 512 1223
741 506 228 512 1223
2 525 221 513 1224
476 230 245 513 1224
741 507 223 513 1224
101 514 221 514 1225
10 38 224 514 1225
2 526 225 514 1225
476 231 239 514 1225
741 508 230 514 1225
399 143 224 514 1225
783 516 224 515 1226
2 527 225 515 1226
476 232 222 515 1226
741 509 221 515 1226
10 40 224 516 1227
2 528 225 516 1227
476 233 226 516 1227
399 145 222 516 1227
101 517 221 517 1228
783 518 221 517 1228
10 41 221 517 1228
2 529 227 517 1228
476 234 230 517 1228
10 42 222 518 1229
2 530 225 518 1229
476 235 230 518 1229
101 519 221 519 1230
2 531 225 519 1230
476 236 231 519 1230
741 513 221 519 1230
399 148 231 520 1231
101 520 221 520 1231
597 541 223 520 1231
783 521 222 520 1231
10 44 221 520 1231
2 532 233 520 1231
476 237 235 520 1231
741 514 224 521 1232
399 149 226 521 1232
101 521 222 521 1232
783 522 229 521 1232
10 45 228 521 1232
2 533 224 521 1232
741 515 222 521 1232
399 150 236 522 1233
101 522 221 522 1233
783 523 223 522 1233
350 544 222 522 1233
2 534 235 522 1233
703 524 226 522 1233
399 151 228 523 1234
101 523 221 523 1234
783 524 226 523 1234
350 545 222 523 1234
10 47 226 523 1234
399 152 235 524 1235
101 524 221 524 1235
783 525 227 524 1235
10 48 221 524 1235
2 536 223 524 1235
399 153 233 525 1236
783 526 225 525 1236
10 49 226 525 1236
703 527 231 525 1236
399 154 231 526 1237
783 527 222 526 1237
476 1 226 526 1237
10 50 222 526 1237
703 528 227 526 1237
741 520 231 526 1237
399 155 222 526 1237
783 528 227 527 1238
476 2 221 527 1238
62 477 221 527 1238
2 539 224 527 1238
703 529 225 527 1238
783 529 225 528 1239
476 3 224 528 1239
10 52 221 528 1239
703 530 221 528 1239
741 522 222 528 1239
783 530 224 529 1240
476 4 222 529 1240
703 531 221 529 1240
2 542 225 530 1241
10 54 225 530 1241
2 543 225 531 1242
10 55 227 531 1242
741 525 221 531 1242
101 532 223 532 1243
476 7 224 532 1243
2 544 223 532 1243
10 56 227 532 1243
597 554 221 533 1244
476 8 231 533 1244
741 527 229 533 1244
101 534 223 534 1245
741 528 225 534 1245
703 537 225 535 1246
741 529 225 535 1246
703 538 222 536 1247
476 12 222 537 1248
399 166 223 537 1248
703 540 221 538 1249
476 14 221 539 1250
399 168 223 539 1250
476 15 225 540 1251
741 534 221 540 1251
597 562 221 540 1251
62 491 225 541 1252
10 65 223 541 1252
2 553 227 541 1252
703 543 225 541 1252
741 535 222 541 1252
597 563 221 541 1252
399 170 229 541 1252
101 542 222 542 1253
62 492 231 542 1253
476 17 230 542 1253
10 66 224 542 1253
2 554 229 542 1253
703 544 222 542 1253
399 171 223 543 1254
101 543 227 543 1254
62 493 229 543 1254
476 18 229 543 1254
741 537 226 543 1254
399 172 226 543 1254
101 544 223 544 1255
476 19 225 544 1255
10 68 225 544 1255
350 566 224 544 1255
703 546 227 544 1255
399 173 222 544 1255
597 566 223 544 1255
101 545 223 545 1256
476 20 221 545 1256
538 547 223 545 1256
2 557 225 545 1256
703 547 225 545 1256
399 174 222 545 1256
101 546 223 545 1256
275 565 222 546 1257
597 568 221 546 1257
247 563 221 546 1257
171 227 221 547 1258
537 549 223 547 1258
547 567 222 547 1258
660 554 225 548 1259
733 567 232 548 1259
402 45 221 548 1259
394 561 227 549 1260
159 279 222 549 1260
716 567 223 549 1260
116 574 235 549 1260
461 533 234 550 1261
359 16 221 550 1261
275 569 229 550 1261
206 535 233 550 1261
116 575 231 550 1261
18 558 221 550 1261
91 5 233 551 1262
210 556 227 551 1262
746 246 226 551 1262
116 576 228 551 1262
205 287 228 552 1263
746 247 221 552 1263
49 439 227 552 1263
539 65 233 553 1264
109 546 242 553 1264
660 560 242 554 1265
539 66 226 554 1265
116 579 238 554 1265
362 571 226 555 1266
109 548 239 555 1266
116 580 235 555 1266
475 96 225 555 1266
660 562 227 556 1267
362 572 227 556 1267
475 97 221 556 1267
660 563 243 557 1268
362 573 225 557 1268
654 565 237 557 1268
475 98 231 557 1268
617 198 224 557 1268
488 573 223 558 1269
439 499 222 558 1269
522 259 223 558 1269
91 13 227 558 1269
290 580 223 559 1270
720 543 223 559 1270
614 569 234 559 1270
372 554 222 559 1270
718 484 227 560 1271
28 570 222 560 1271
475 101 225 560 1271
701 576 226 560 1271
720 544 239 560 1271
614 570 231 560 1271
577 583 228 560 1271
521 748 223 560 1271
709 571 221 560 1271
670 132 239 561 1272
614 571 229 561 1272
171 14 225 561 1272
581 586 229 561 1272
44 234 223 561 1272
717 579 221 562 1273
761 576 239 562 1273
563 583 221 562 1273
93 496 221 563 1274
685 560 225 563 1274
748 579 224 563 1274
12 156 223 563 1274
761 577 222 563 1274
49 450 227 563 1274
677 97 233 563 1274
720 547 231 563 1274
349 576 221 563 1274
648 295 231 564 1275
469 15 225 564 1275
754 578 222 564 1275
307 582 227 564 1275
251 576 231 564 1275
228 590 225 564 1275
577 587 231 564 1275
398 587 221 565 1276
385 43 225 566 1277
291 575 225 566 1277
513 577 221 567 1278
487 20 222 567 1278
385 45 221 568 1279
119 552 222 568 1279
434 579 222 568 1279
529 29 229 569 1280
385 46 227 569 1280
454 591 222 569 1280
529 30 222 570 1281
307 588 227 570 1281
783 572 225 570 1281
529 31 223 571 1282
652 580 223 571 1282
469 22 221 571 1282
487 24 229 571 1282
385 48 221 571 1282
94 32 223 571 1282
329 523 226 571 1282
227 513 223 571 1282
251 583 227 571 1282
614 581 223 571 1282
783 573 225 571 1282
520 589 222 571 1282
437 10 235 571 1282
563 592 230 571 1282
679 168 225 571 1282
333 586 228 571 1282
269 3 225 572 1283
307 590 237 572 1283
385 49 231 572 1283
614 582 224 572 1283
251 584 229 572 1283
669 589 225 572 1283
343 574 221 572 1283
581 597 222 572 1283
529 33 230 573 1284
269 4 223 573 1284
367 263 225 573 1284
487 26 227 573 1284
614 583 223 573 1284
298 522 221 574 1285
529 34 230 574 1285
513 584 223 574 1285
307 592 233 574 1285
543 259 227 574 1285
367 264 225 574 1285
487 27 221 574 1285
385 51 221 574 1285
329 526 230 574 1285
730 585 233 574 1285
614 584 228 574 1285
343 576 221 574 1285
333 589 221 574 1285
307 593 237 575 1286
502 540 225 575 1286
385 52 225 575 1286
419 576 224 575 1286
329 527 223 575 1286
730 586 223 575 1286
283 283 227 575 1286
614 585 224 575 1286
251 587 223 575 1286
343 577 221 575 1286
529 36 222 576 1287
513 586 221 576 1287
543 261 223 576 1287
307 594 226 576 1287
385 53 233 576 1287
730 587 221 576 1287
251 588 223 576 1287
611 582 221 576 1287
461 560 222 577 1288
529 37 229 577 1288
307 595 226 577 1288
385 54 242 577 1288
329 529 222 577 1288
614 587 226 577 1288
251 589 221 577 1288
298 526 224 578 1289
529 38 224 578 1289
367 268 229 578 1289
307 596 224 578 1289
30 267 225 578 1289
385 55 235 578 1289
502 543 221 578 1289
227 520 229 578 1289
614 588 228 578 1289
390 591 222 578 1289
111 573 231 578 1289
181 101 221 579 1290
307 597 225 579 1290
385 56 233 579 1290
614 589 225 579 1290
529 40 225 580 1291
298 528 223 580 1291
543 265 227 580 1291
307 598 235 580 1291
385 57 233 580 1291
227 522 227 580 1291
265 606 221 580 1291
513 591 223 581 1292
298 529 227 581 1292
367 271 221 581 1292
487 34 229 581 1292
543 266 223 581 1292
307 599 235 581 1292
385 58 237 581 1292
227 523 223 581 1292
11 47 225 581 1292
614 591 221 581 1292
111 576 221 581 1292
298 530 221 582 1293
513 592 222 582 1293
487 35 226 582 1293
111 577 225 583 1294
367 273 223 583 1294
529 43 224 583 1294
385 60 222 583 1294
307 602 231 584 1295
385 61 221 584 1295
215 513 221 584 1295
227 526 232 584 1295
393 349 221 584 1295
520 602 225 584 1295
390 597 222 584 1295
304 594 222 584 1295
367 275 225 585 1296
487 38 221 585 1296
543 270 225 585 1296
683 467 225 585 1296
298 533 231 585 1296
385 62 229 585 1296
614 595 232 585 1296
783 587 225 585 1296
321 273 223 585 1296
291 594 223 585 1296
304 595 221 585 1296
367 276 222 586 1297
767 602 227 586 1297
767 603 229 587 1298
639 609 222 587 1298
761 601 233 587 1298
368 542 221 587 1298
685 585 221 588 1299
255 199 245 588 1299
783 590 225 588 1299
321 276 221 588 1299
588 600 225 589 1300
62 541 222 591 1302
283 300 227 592 1303
496 249 229 594 1305
514 578 222 594 1305
274 89 235 598 1309
349 612 237 599 1310
294 614 222 600 1311
155 216 221 600 1311
156 34 221 600 1311
749 295 226 600 1311
749 296 232 601 1312
749 297 241 602 1313
101 603 223 603 1314
749 298 227 603 1314
749 299 239 604 1315
294 619 225 605 1316
156 39 223 605 1316
749 300 221 605 1316
294 620 224 606 1317
558 607 222 606 1317
5 625 225 606 1317
749 301 231 606 1317
155 223 222 607 1318
749 302 235 607 1318
558 610 223 609 1320
749 304 230 609 1320
13 590 221 610 1321
749 305 234 610 1321
749 306 221 611 1322
749 307 239 612 1323
155 229 222 613 1324
749 308 242 613 1324
749 309 235 614 1325
749 310 235 616 1327
155 2 222 616 1327
749 311 233 617 1328
749 312 235 618 1329
749 313 233 619 1330
558 620 223 619 1330
155 2 223 620 1331
749 315 233 621 1332
558 623 225 622 1333
749 317 231 623 1334
13 603 225 623 1334
155 6 221 624 1335
437 62 222 624 1335
749 318 228 624 1335
307 642 232 624 1335
749 319 222 625 1336
307 643 232 625 1336
13 605 221 625 1336
749 320 221 626 1337
307 644 229 626 1337
155 1 223 626 1337
437 65 221 627 1338
307 645 237 627 1338
437 66 223 628 1339
155 1 223 628 1339
307 646 226 628 1339
749 323 239 629 1340
155 2 225 629 1340
307 647 234 629 1340
116 654 227 629 1340
437 68 222 630 1341
307 648 236 630 1341
437 69 221 631 1342
749 325 229 631 1342
749 326 225 632 1343
437 70 221 632 1343
307 650 224 632 1343
116 657 223 632 1343
437 71 222 633 1344
749 327 223 633 1344
307 651 227 633 1344
749 328 232 634 1345
307 652 239 634 1345
749 329 239 634 1345
307 653 229 635 1346
156 69 223 635 1346
749 330 233 635 1346
749 331 230 636 1347
749 332 241 637 1348
749 333 234 638 1349
307 657 224 639 1350
147 665 222 639 1350
749 334 239 639 1350
156 74 221 640 1351
749 336 237 641 1352
155 11 225 642 1353
307 660 227 642 1353
156 76 225 642 1353
749 337 238 643 1354
683 525 221 643 1354
749 338 239 644 1355
749 339 222 645 1356
749 340 237 646 1357
307 664 227 646 1357
749 341 232 647 1358
155 16 223 647 1358
307 665 229 647 1358
156 81 221 647 1358
119 631 221 648 1359
749 342 242 648 1359
307 666 223 648 1359
156 82 221 648 1359
265 674 224 648 1359
749 343 239 649 1360
307 667 227 649 1360
155 18 224 649 1360
683 531 225 649 1360
265 675 223 649 1360
119 633 221 649 1360
749 344 233 650 1361
307 668 221 650 1361
749 345 232 651 1362
307 669 222 651 1362
265 677 227 651 1362
749 346 231 652 1363
307 670 226 652 1363
749 347 239 653 1364
307 671 227 653 1364
749 348 239 654 1365
307 672 235 654 1365
147 680 221 654 1365
265 680 224 654 1365
202 674 223 654 1365
749 349 231 655 1366
307 673 237 655 1366
265 681 223 655 1366
749 350 234 656 1367
749 351 233 657 1368
307 675 224 657 1368
155 26 227 657 1368
630 43 221 657 1368
13 637 223 657 1368
265 683 221 657 1368
119 641 221 657 1368
749 352 233 658 1369
563 29 221 658 1369
307 676 228 658 1369
265 684 221 658 1369
749 353 235 659 1370
307 677 231 659 1370
155 28 221 659 1370
660 665 223 659 1370
390 672 221 659 1370
749 354 239 660 1371
307 678 225 660 1371
749 355 241 661 1372
202 680 223 661 1372
563 32 225 661 1372
183 676 223 661 1372
558 662 221 661 1372
13 641 222 661 1372
390 674 223 661 1372
749 356 228 662 1373
563 33 230 662 1373
156 96 225 662 1373
749 357 225 663 1374
749 358 225 664 1375
307 682 221 664 1375
155 33 230 664 1375
147 690 225 664 1375
373 670 225 664 1375
749 359 233 665 1376
563 36 225 665 1376
307 683 226 665 1376
156 99 221 665 1376
558 666 221 665 1376
403 14 223 666 1377
307 685 231 667 1378
403 15 221 667 1378
156 101 223 667 1378
373 673 224 667 1378
563 39 221 668 1379
373 674 222 668 1379
307 687 230 669 1380
240 670 223 669 1380
265 697 221 671 1382
307 690 224 672 1383
146 603 233 673 1384
237 688 228 673 1384
118 148 229 674 1385
367 364 228 674 1385
349 687 226 674 1385
202 694 229 675 1386
513 685 221 675 1386
214 572 231 675 1386
194 679 221 675 1386
350 697 223 675 1386
202 695 237 675 1386
214 573 224 676 1387
22 640 225 676 1387
238 671 226 676 1387
202 696 221 676 1387
513 687 224 677 1388
214 574 229 677 1388
350 699 221 677 1388
730 688 221 677 1388
650 640 226 677 1388
202 697 235 677 1388
84 694 225 678 1389
22 642 221 678 1389
350 700 229 678 1389
300 681 225 679 1390
238 674 222 679 1390
202 700 231 680 1391
513 691 222 681 1392
15 695 231 681 1392
84 697 221 681 1392
139 681 228 681 1392
238 676 230 681 1392
202 701 227 681 1392
194 686 224 682 1393
202 702 227 682 1393
22 647 226 683 1394
214 580 222 683 1394
202 703 241 683 1394
22 648 231 684 1395
214 581 225 684 1395
194 688 222 684 1395
730 695 221 684 1395
202 704 227 684 1395
349 697 224 684 1395
214 582 221 685 1396
139 685 227 685 1396
730 696 224 685 1396
202 705 226 685 1396
22 650 231 686 1397
15 700 231 686 1397
139 686 224 686 1397
202 706 225 686 1397
22 651 225 687 1398
15 701 221 687 1398
680 643 229 687 1398
202 707 235 687 1398
22 652 227 688 1399
214 585 227 688 1399
139 688 225 688 1399
202 708 225 688 1399
22 653 229 689 1400
214 586 221 689 1400
139 689 223 689 1400
238 684 227 689 1400
202 709 228 689 1400
214 587 224 690 1401
15 704 221 690 1401
680 646 221 690 1401
139 690 228 690 1401
202 710 235 690 1401
22 655 225 691 1402
680 647 223 691 1402
139 691 230 691 1402
238 686 225 691 1402
22 656 233 692 1403
680 648 221 692 1403
139 692 231 692 1403
730 703 222 692 1403
238 687 225 692 1403
202 712 228 692 1403
22 657 233 693 1404
139 693 231 693 1404
238 688 223 693 1404
202 713 233 693 1404
22 658 238 694 1405
730 705 224 694 1405
22 659 237 695 1406
730 706 221 695 1406
202 715 237 695 1406
22 660 228 696 1407
139 696 221 696 1407
202 716 234 696 1407
22 661 223 697 1408
214 594 223 697 1408
730 708 229 697 1408
238 692 223 697 1408
202 717 225 697 1408
650 660 221 698 1409
214 595 225 698 1409
139 698 224 698 1409
238 693 225 698 1409
202 718 241 698 1409
350 721 227 699 1410
238 694 221 699 1410
202 719 237 699 1410
15 714 221 700 1411
139 700 221 700 1411
238 695 223 700 1411
202 720 231 700 1411
214 598 225 701 1412
22 665 225 701 1412
730 712 233 701 1412
202 721 233 701 1412
194 706 222 702 1413
730 713 223 702 1413
202 722 227 702 1413
194 707 221 703 1414
15 717 221 703 1414
214 600 222 703 1414
84 720 221 704 1415
214 601 223 704 1415
202 724 231 704 1415
214 602 225 705 1416
238 700 221 705 1416
202 725 237 705 1416
730 717 229 706 1417
202 726 233 707 1418
15 721 221 707 1418
139 707 222 707 1418
202 727 232 707 1418
214 605 221 708 1419
350 730 221 708 1419
202 728 225 708 1419
350 731 221 709 1420
139 709 223 709 1420
730 720 226 709 1420
202 729 241 709 1420
194 714 225 710 1421
214 607 233 710 1421
730 721 221 710 1421
783 712 221 710 1421
202 730 226 710 1421
513 721 221 711 1422
22 675 221 711 1422
214 608 225 711 1422
139 711 228 711 1422
202 731 229 711 1422
214 609 225 712 1423
139 712 236 712 1423
730 723 223 712 1423
238 707 223 712 1423
202 732 225 712 1423
84 729 225 713 1424
15 727 228 713 1424
214 610 228 713 1424
139 713 225 713 1424
730 724 226 713 1424
202 733 231 713 1424
22 678 231 714 1425
15 728 222 714 1425
214 611 234 714 1425
139 714 231 714 1425
730 725 227 714 1425
202 734 229 715 1426
84 731 223 715 1426
194 719 222 715 1426
22 679 221 715 1426
214 612 235 715 1426
139 715 225 715 1426
650 678 225 716 1427
202 735 235 716 1427
22 680 223 716 1427
139 716 225 716 1427
730 727 225 716 1427
202 736 231 717 1428
513 727 221 717 1428
238 712 222 717 1428
202 737 234 718 1429
194 722 221 718 1429
139 718 226 718 1429
650 681 222 719 1430
202 738 233 719 1430
15 733 222 719 1430
139 719 226 719 1430
650 682 221 720 1431
15 734 222 720 1431
194 724 224 720 1431
202 1 236 720 1431
139 720 222 720 1431
730 731 224 720 1431
650 683 228 721 1432
194 725 223 721 1432
15 735 236 721 1432
22 685 221 721 1432
214 618 225 721 1432
202 2 245 721 1432
194 726 225 722 1433
15 736 229 722 1433
202 3 240 722 1433
680 678 221 722 1433
238 717 226 722 1433
194 727 235 723 1434
15 737 221 723 1434
709 734 221 723 1434
202 4 239 723 1434
680 679 225 723 1434
238 718 229 723 1434
611 729 225 723 1434
650 686 222 724 1435
194 728 231 724 1435
15 738 222 724 1435
709 735 223 724 1435
202 5 239 724 1435
680 680 222 724 1435
139 724 227 724 1435
238 719 222 724 1435
611 730 227 724 1435
650 687 223 725 1436
194 729 228 725 1436
202 6 242 725 1436
139 725 227 725 1436
730 736 223 725 1436
238 720 221 725 1436
194 730 225 726 1437
22 690 222 726 1437
15 740 221 726 1437
202 7 237 726 1437
238 721 222 726 1437
15 741 226 727 1438
214 624 225 727 1438
680 683 221 727 1438
139 727 225 727 1438
513 738 221 728 1439
15 742 227 728 1439
214 625 228 728 1439
202 9 240 728 1439
680 684 224 728 1439
139 728 223 728 1439
513 739 223 729 1440
15 743 227 729 1440
194 733 222 729 1440
22 693 229 729 1440
214 626 224 729 1440
202 10 239 729 1440
15 744 223 730 1441
22 694 222 730 1441
202 11 234 730 1441
300 732 227 730 1441
139 730 223 730 1441
730 741 223 730 1441
238 725 226 730 1441
513 741 222 731 1442
15 745 222 731 1442
194 735 227 731 1442
214 628 224 731 1442
202 12 226 731 1442
300 733 226 731 1442
611 737 221 731 1442
238 726 231 731 1442
194 736 226 732 1443
214 629 225 732 1443
202 13 225 732 1443
300 734 229 732 1443
139 732 223 732 1443
238 727 227 732 1443
650 695 222 732 1443
15 747 223 733 1444
214 630 227 733 1444
202 14 235 733 1444
300 735 224 733 1444
650 696 221 733 1444
15 748 225 734 1445
194 738 225 734 1445
214 631 225 734 1445
202 15 227 734 1445
300 736 231 734 1445
730 745 222 734 1445
238 729 223 734 1445
650 697 221 734 1445
15 749 231 735 1446
22 699 223 735 1446
194 739 231 735 1446
214 632 223 735 1446
202 16 236 735 1446
300 737 222 735 1446
709 746 222 735 1446
350 757 221 735 1446
611 741 221 735 1446
238 730 227 735 1446
513 746 221 736 1447
15 750 223 736 1447
22 700 221 736 1447
194 740 225 736 1447
202 17 233 736 1447
709 747 223 736 1447
238 731 225 736 1447
15 751 226 737 1448
194 741 227 737 1448
202 18 222 737 1448
709 748 222 737 1448
730 748 222 737 1448
611 743 221 737 1448
194 742 229 738 1449
202 19 237 738 1449
680 694 224 738 1449
300 740 223 738 1449
709 749 221 738 1449
28 748 221 738 1449
139 738 223 738 1449
238 733 225 738 1449
513 749 225 739 1450
194 743 235 739 1450
680 695 227 739 1450
300 741 223 739 1450
202 20 229 739 1450
709 750 223 739 1450
238 734 227 739 1450
321 427 221 740 1451
513 750 225 740 1451
194 744 228 740 1451
214 637 222 740 1451
680 696 224 740 1451
202 21 235 740 1451
709 751 223 740 1451
238 735 229 740 1451
194 745 233 741 1452
15 755 221 741 1452
680 697 228 741 1452
214 638 224 741 1452
202 22 227 741 1452
709 752 222 741 1452
238 736 225 741 1452
214 639 223 742 1453
202 23 224 742 1453
709 753 223 742 1453
139 742 225 742 1453
238 737 231 742 1453
650 705 227 742 1453
194 747 221 743 1454
15 757 221 743 1454
300 745 227 743 1454
214 640 226 743 1454
350 765 221 743 1454
194 748 229 744 1455
214 641 224 744 1455
238 739 223 744 1455
513 755 222 745 1456
194 749 232 745 1456
202 26 235 745 1456
194 750 225 746 1457
15 760 222 746 1457
202 27 225 746 1457
139 746 223 746 1457
650 709 221 746 1457
238 741 226 746 1457
194 751 225 747 1458
15 761 225 747 1458
202 28 230 747 1458
139 747 222 747 1458
238 742 221 747 1458
194 752 229 748 1459
680 704 223 748 1459
202 29 232 748 1459
214 645 221 748 1459
709 759 222 748 1459
139 748 226 748 1459
238 743 223 748 1459
15 763 225 749 1460
680 705 223 749 1460
202 30 229 749 1460
214 646 224 749 1460
709 760 222 749 1460
139 749 231 749 1460
238 744 226 749 1460
194 754 223 750 1461
300 752 222 750 1461
202 31 235 750 1461
214 647 221 750 1461
709 761 221 750 1461
139 750 232 750 1461
650 713 222 750 1461
84 767 221 750 1461
238 745 225 750 1461
202 32 222 751 1462
709 762 223 751 1462
139 751 226 751 1462
650 714 222 751 1462
238 746 226 751 1462
22 716 225 752 1463
513 762 223 752 1463
194 756 232 752 1463
202 33 243 752 1463
15 766 224 752 1463
680 708 224 752 1463
139 752 223 752 1463
321 440 221 752 1463
194 757 229 753 1464
513 763 223 753 1464
15 767 232 753 1464
202 34 242 753 1464
783 755 222 753 1464
650 716 223 753 1464
238 748 222 753 1464
194 758 227 754 1465
15 768 228 754 1465
202 35 245 754 1465
680 710 221 754 1465
139 754 223 754 1465
650 717 221 754 1465
238 749 224 754 1465
194 759 229 755 1466
15 769 229 755 1466
202 36 233 755 1466
680 711 223 755 1466
194 760 227 756 1467
15 770 233 756 1467
202 37 227 756 1467
680 712 221 756 1467
202 39 222 758 1469
202 40 221 759 1470
194 764 221 760 1471
202 41 227 760 1471
139 760 224 760 1471
194 765 225 761 1472
202 42 225 761 1472
214 658 230 761 1472
139 761 226 761 1472
194 766 221 762 1473
22 726 223 762 1473
202 43 225 762 1473
214 659 225 762 1473
139 762 225 762 1473
22 727 230 763 1474
680 719 221 763 1474
214 660 237 763 1474
139 763 225 763 1474
22 728 229 764 1475
513 774 221 764 1475
680 720 225 764 1475
202 45 237 764 1475
214 661 236 764 1475
139 764 221 764 1475
22 729 227 765 1476
202 46 234 765 1476
214 662 236 765 1476
730 776 225 765 1476
238 760 222 765 1476
22 730 227 766 1477
680 722 221 766 1477
214 663 237 766 1477
139 766 225 766 1477
202 48 227 767 1478
15 781 221 767 1478
214 664 230 767 1478
139 767 227 767 1478
730 778 226 767 1478
194 772 229 768 1479
214 665 229 768 1479
139 768 231 768 1479
730 779 221 768 1479
202 50 226 769 1480
15 783 225 769 1480
214 666 228 769 1480
139 769 221 769 1480
194 774 228 769 1480
202 51 227 770 1481
214 667 228 770 1481
194 775 231 770 1481
202 52 227 771 1482
214 668 225 771 1482
139 771 227 771 1482
202 53 237 772 1483
214 669 225 772 1483
202 54 226 773 1484
680 729 223 773 1484
214 670 237 773 1484
22 738 223 773 1484
202 55 233 774 1485
214 671 237 774 1485
139 774 221 774 1485
194 779 223 774 1485
22 739 221 774 1485
202 56 225 775 1486
214 672 223 775 1486
730 786 226 775 1486
650 738 221 775 1486
194 780 223 775 1486
202 57 223 776 1487
214 673 231 776 1487
139 776 223 776 1487
730 787 225 776 1487
194 781 221 776 1487
22 741 221 776 1487
202 58 224 777 1488
214 674 231 777 1488
139 777 222 777 1488
730 788 221 777 1488
194 782 223 777 1488
214 675 234 778 1489
730 789 221 778 1489
194 783 225 778 1489
202 60 223 779 1490
214 676 235 779 1490
139 779 223 779 1490
783 781 221 779 1490
202 61 221 780 1491
214 677 233 780 1491
783 782 221 780 1491
194 785 221 780 1491
214 678 233 781 1492
783 783 221 781 1492
194 786 222 781 1492
214 679 229 782 1493
139 782 227 782 1493
238 777 221 782 1493
22 747 223 782 1493
202 64 226 783 1494
214 680 230 783 1494
350 805 223 783 1494
139 783 229 783 1494
730 794 222 783 1494
194 788 222 783 1494
202 65 225 784 1495
680 740 223 784 1495
214 681 231 784 1495
350 806 222 784 1495
139 784 223 784 1495
650 747 221 784 1495
22 749 222 784 1495
194 789 221 784 1495
680 741 223 785 1496
214 682 231 785 1496
139 785 227 785 1496
194 790 223 785 1496
513 796 221 786 1497
202 67 227 786 1497
214 683 231 786 1497
194 791 222 786 1497
202 68 231 787 1498
214 684 231 787 1498
783 789 221 787 1498
202 69 233 788 1499
214 685 229 788 1499
238 783 221 788 1499
513 799 222 789 1500
202 70 223 789 1500
214 686 230 789 1500
238 784 223 789 1500
214 687 229 790 1501
238 785 223 790 1501
194 795 226 790 1501
513 801 223 791 1502
15 805 221 791 1502
202 72 228 791 1502
214 688 223 791 1502
783 793 223 791 1502
238 786 223 791 1502
194 796 233 791 1502
202 73 235 792 1503
15 806 223 792 1503
680 748 221 792 1503
214 689 223 792 1503
194 797 231 792 1503
513 803 222 793 1504
15 807 223 793 1504
202 74 227 793 1504
214 690 225 793 1504
238 788 227 793 1504
194 798 227 793 1504
15 808 225 794 1505
202 75 225 794 1505
214 691 224 794 1505
680 750 226 794 1505
709 805 221 794 1505
349 807 222 794 1505
238 789 228 794 1505
194 799 228 794 1505
15 809 229 795 1506
214 692 227 795 1506
202 76 225 795 1506
709 806 223 795 1506
84 812 223 795 1506
238 790 226 795 1506
194 800 228 795 1506
15 810 221 796 1507
680 752 222 796 1507
214 693 223 796 1507
202 77 222 796 1507
139 796 221 796 1507
238 791 221 796 1507
194 801 221 796 1507
15 811 226 797 1508
214 694 226 797 1508
202 78 230 797 1508
139 797 227 797 1508
730 808 225 797 1508
194 802 225 797 1508
139 798 226 798 1509
194 803 225 798 1509
238 793 227 798 1509
680 755 221 799 1510
214 696 221 799 1510
139 799 229 799 1510
194 804 223 799 1510
238 794 226 799 1510
22 764 223 799 1510
15 814 225 800 1511
202 81 223 800 1511
139 800 224 800 1511
650 763 222 800 1511
238 795 233 800 1511
139 801 221 801 1512
238 796 226 801 1512
194 806 222 801 1512
15 816 222 802 1513
214 699 224 802 1513
202 83 224 802 1513
139 802 222 802 1513
650 765 223 802 1513
238 797 223 802 1513
194 807 223 802 1513
202 84 225 803 1514
139 803 233 803 1514
238 798 222 803 1514
194 808 222 803 1514
139 804 233 804 1515
238 799 221 804 1515
194 809 225 804 1515
22 769 223 804 1515
513 815 222 804 1515
139 805 223 805 1516
194 810 226 805 1516
238 801 223 806 1517
194 811 225 806 1517
321 494 222 806 1517
513 817 221 806 1517
139 807 225 807 1518
194 812 223 807 1518
139 808 223 808 1519
194 813 223 808 1519
202 90 221 809 1520
139 809 227 809 1520
194 814 225 809 1520
139 810 229 810 1521
194 815 228 810 1521
139 811 231 811 1522
194 816 227 811 1522
22 776 222 811 1522
202 93 221 812 1523
139 812 225 812 1523
194 817 226 812 1523
214 710 221 813 1524
202 94 223 813 1524
650 776 221 813 1524
238 808 227 813 1524
15 828 223 813 1524
214 711 221 814 1525
202 95 230 814 1525
238 809 225 814 1525
22 779 221 814 1525
194 819 223 814 1525
202 96 225 815 1526
730 826 221 815 1526
139 815 225 815 1526
650 778 221 815 1526
238 810 231 815 1526
194 820 227 815 1526
202 97 222 816 1527
680 772 222 816 1527
783 818 221 816 1527
238 811 232 816 1527
194 821 222 816 1527
214 714 221 817 1528
300 819 221 817 1528
202 98 231 817 1528
139 817 228 817 1528
650 780 222 817 1528
238 812 228 817 1528
194 822 222 817 1528
680 774 225 818 1529
611 824 223 818 1529
238 813 228 818 1529
194 823 231 818 1529
214 716 223 818 1529
300 821 221 819 1530
202 100 223 819 1530
139 819 230 819 1530
349 832 222 819 1530
238 814 222 819 1530
194 824 226 819 1530
139 820 233 820 1531
139 821 230 821 1532
84 838 222 821 1532
202 103 221 822 1533
680 778 221 822 1533
139 822 235 822 1533
238 817 221 822 1533
194 827 228 822 1533
28 833 222 823 1534
680 779 221 823 1534
650 786 221 823 1534
214 721 223 824 1535
139 824 232 824 1535
650 787 222 824 1535
194 829 226 824 1535
214 722 222 825 1536
28 835 221 825 1536
139 825 230 825 1536
650 788 221 825 1536
194 830 227 825 1536
15 840 229 825 1536
214 723 225 826 1537
680 782 224 826 1537
709 837 221 826 1537
139 826 232 826 1537
730 837 223 826 1537
238 821 222 826 1537
650 789 221 826 1537
194 831 227 826 1537
15 841 223 826 1537
680 783 227 827 1538
139 827 227 827 1538
730 838 223 827 1538
321 515 224 827 1538
194 832 225 827 1538
22 792 223 827 1538
202 109 223 828 1539
680 784 221 828 1539
709 839 221 828 1539
139 828 226 828 1539
730 839 221 828 1539
650 791 227 828 1539
84 845 223 828 1539
194 833 222 828 1539
22 793 230 828 1539
611 834 221 828 1539
202 110 225 829 1540
139 829 223 829 1540
650 792 225 829 1540
22 794 226 829 1540
15 844 223 829 1540
680 786 221 830 1541
84 847 221 830 1541
650 793 225 830 1541
22 795 224 830 1541
15 845 225 830 1541
350 853 224 831 1542
650 794 226 831 1542
22 796 223 831 1542
15 846 227 831 1542
202 113 223 832 1543
194 837 231 832 1543
15 847 222 832 1543
214 730 222 832 1543
139 833 231 833 1544
15 848 226 833 1544
202 115 222 834 1545
783 836 223 834 1545
139 834 227 834 1545
238 829 221 834 1545
139 835 227 835 1546
22 800 221 835 1546
214 733 223 836 1547
15 850 231 836 1547
139 836 227 836 1547
22 801 221 836 1547
194 841 223 836 1547
15 851 231 837 1548
202 118 226 837 1548
139 837 224 837 1548
238 832 223 837 1548
15 852 231 838 1549
202 119 224 838 1549
15 853 230 839 1550
139 839 222 839 1550
321 527 221 839 1550
214 737 222 840 1551
15 854 221 840 1551
202 121 230 840 1551
139 840 228 840 1551
321 528 225 840 1551
650 803 223 840 1551
202 122 233 841 1552
139 841 231 841 1552
238 836 223 841 1552
321 529 223 841 1552
650 804 221 841 1552
202 123 231 842 1553
139 842 227 842 1553
238 837 223 842 1553
214 740 225 843 1554
680 799 225 843 1554
202 124 237 843 1554
238 838 227 843 1554
22 808 221 844 1555
238 839 227 844 1555
680 801 221 845 1556
202 126 225 845 1556
783 847 223 845 1556
238 840 222 845 1556
22 810 223 845 1556
194 850 231 846 1557
202 127 224 846 1557
202 128 224 847 1558
783 849 225 847 1558
194 852 225 848 1559
214 745 224 848 1559
202 129 225 848 1559
194 853 222 849 1560
214 746 225 849 1560
202 130 232 849 1560
194 854 221 850 1561
202 131 223 850 1561
214 748 223 851 1562
202 132 245 851 1562
730 862 221 851 1562
238 846 227 851 1562
214 749 224 852 1563
28 862 223 852 1563
202 133 240 852 1563
730 863 221 852 1563
238 847 226 852 1563
15 867 224 853 1564
202 134 237 853 1564
238 848 233 853 1564
194 858 221 854 1565
214 751 231 854 1565
202 135 225 854 1565
730 865 222 854 1565
139 854 225 854 1565
238 849 227 854 1565
194 859 223 855 1566
214 752 227 855 1566
730 866 225 855 1566
238 850 229 855 1566
650 818 221 855 1566
22 820 230 855 1566
194 860 221 855 1566
15 870 226 856 1567
680 812 226 856 1567
214 753 223 856 1567
202 137 235 856 1567
350 878 225 856 1567
238 851 226 856 1567
22 821 224 856 1567
15 871 229 857 1568
680 813 225 857 1568
202 138 225 857 1568
709 868 222 857 1568
730 868 225 857 1568
238 852 224 857 1568
650 820 222 857 1568
194 862 224 857 1568
22 822 222 857 1568
15 872 227 858 1569
680 814 222 858 1569
202 139 239 858 1569
709 869 222 858 1569
730 869 224 858 1569
238 853 231 858 1569
139 858 222 858 1569
15 873 227 859 1570
202 140 229 859 1570
709 870 223 859 1570
730 870 231 859 1570
238 854 233 859 1570
139 859 223 859 1570
214 757 233 860 1571
202 141 227 860 1571
783 862 221 860 1571
730 871 221 860 1571
238 855 225 860 1571
139 860 227 860 1571
194 865 222 861 1572
214 758 232 861 1572
202 142 241 861 1572
139 861 227 861 1572
238 856 233 861 1572
194 866 221 862 1573
214 759 226 862 1573
202 143 225 862 1573
730 873 225 862 1573
238 857 227 862 1573
139 862 231 862 1573
650 825 222 862 1573
214 760 236 863 1574
202 144 229 863 1574
730 874 221 863 1574
139 863 242 863 1574
238 858 223 863 1574
22 828 225 864 1575
194 868 227 864 1575
214 761 235 864 1575
730 875 221 864 1575
238 859 227 864 1575
730 876 223 865 1576
139 865 233 865 1576
680 822 224 865 1576
214 763 228 865 1576
202 147 233 865 1576
730 877 221 866 1577
139 866 238 866 1577
214 764 231 866 1577
202 148 227 866 1577
139 867 236 867 1578
680 824 224 867 1578
214 765 225 867 1578
202 149 231 867 1578
730 879 224 867 1578
139 868 223 868 1579
194 873 226 868 1579
680 825 222 868 1579
214 766 232 868 1579
202 150 222 868 1579
730 880 227 868 1579
783 871 221 869 1580
139 869 223 869 1580
680 826 223 869 1580
214 767 231 869 1580
202 151 242 869 1580
730 881 222 869 1580
139 870 233 870 1581
214 768 233 870 1581
202 152 221 870 1581
214 769 223 871 1582
139 872 221 872 1583
194 877 226 872 1583
680 829 221 872 1583
214 770 233 872 1583
350 895 224 872 1583
238 868 227 873 1584
194 878 221 873 1584
15 888 223 873 1584
214 771 237 873 1584
238 869 221 874 1585
194 879 229 874 1585
15 889 222 874 1585
214 772 237 874 1585
202 156 242 874 1585
238 870 223 875 1586
650 838 221 875 1586
15 890 226 875 1586
214 773 235 875 1586
202 157 239 875 1586
15 891 224 876 1587
214 774 237 876 1587
202 158 227 876 1587
350 899 221 876 1587
15 892 223 877 1588
214 775 235 877 1588
15 893 224 878 1589
214 776 237 878 1589
202 160 227 878 1589
783 881 221 878 1589
238 874 221 879 1590
22 844 222 879 1590
214 777 231 879 1590
202 161 237 879 1590
783 882 223 879 1590
238 875 225 880 1591
22 845 225 880 1591
194 885 224 880 1591
680 837 227 880 1591
214 778 233 880 1591
202 162 228 880 1591
238 876 224 881 1592
650 844 222 881 1592
194 886 226 881 1592
680 838 222 881 1592
214 779 235 881 1592
202 163 241 881 1592
730 893 224 882 1593
238 877 221 882 1593
680 839 223 882 1593
28 893 221 882 1593
214 780 228 882 1593
709 894 221 882 1593
238 878 229 883 1594
194 888 222 883 1594
214 781 233 883 1594
709 895 222 883 1594
350 906 222 883 1594
238 879 229 884 1595
194 889 233 884 1595
214 782 226 884 1595
709 896 221 884 1595
22 850 221 885 1596
680 842 221 885 1596
214 783 227 885 1596
238 881 232 886 1597
84 903 222 886 1597
650 849 221 886 1597
22 851 223 886 1597
300 889 221 886 1597
194 891 227 886 1597
513 897 222 886 1597
214 784 226 886 1597
238 882 222 887 1598
139 887 228 887 1598
194 892 225 887 1598
709 899 222 887 1598
214 785 231 887 1598
202 169 224 887 1598
783 890 221 887 1598
730 899 223 888 1599
139 888 221 888 1599
194 893 225 888 1599
680 845 226 888 1599
202 170 237 888 1599
139 889 221 889 1600
238 884 223 889 1600
650 852 223 889 1600
680 846 223 889 1600
214 787 223 889 1600
202 171 239 889 1600
238 885 223 890 1601
650 853 226 890 1601
22 855 221 890 1601
194 895 223 890 1601
214 788 221 890 1601
202 172 225 890 1601
139 891 221 891 1602
238 886 221 891 1602
194 896 232 891 1602
513 902 222 891 1602
214 789 223 891 1602
194 897 223 892 1603
680 849 221 892 1603
214 790 229 892 1603
202 174 239 892 1603
730 904 224 893 1604
238 888 223 893 1604
194 898 223 893 1604
513 904 221 893 1604
709 905 221 893 1604
214 791 230 893 1604
202 175 231 893 1604
650 857 221 894 1605
194 899 226 894 1605
709 906 221 894 1605
214 792 227 894 1605
202 176 227 894 1605
730 906 223 895 1606
194 900 224 895 1606
15 910 222 895 1606
214 793 231 895 1606
202 177 231 895 1606
783 898 222 895 1606
15 911 223 896 1607
214 794 229 896 1607
202 178 231 897 1608
730 908 221 897 1608
139 897 229 897 1608
650 860 222 897 1608
680 854 225 897 1608
15 912 232 897 1608
194 902 223 897 1608
214 795 230 897 1608
202 179 229 897 1608
139 898 225 898 1609
238 893 227 898 1609
650 861 221 898 1609
680 855 227 898 1609
15 913 227 898 1609
194 903 227 898 1609
214 796 230 898 1609
202 180 235 898 1609
238 894 225 899 1610
15 914 221 899 1610
680 856 223 899 1610
214 797 234 899 1610
202 181 236 899 1610
730 911 221 900 1611
139 900 223 900 1611
238 895 225 900 1611
22 865 221 900 1611
214 798 233 900 1611
202 182 224 900 1611
730 912 224 901 1612
139 901 223 901 1612
238 896 227 901 1612
680 858 221 901 1612
194 906 223 901 1612
214 799 235 901 1612
350 924 222 901 1612
202 183 225 901 1612
783 904 223 902 1613
730 913 221 902 1613
238 897 227 902 1613
194 907 221 902 1613
28 913 223 902 1613
709 914 221 902 1613
214 800 235 902 1613
202 184 233 902 1613
730 914 221 903 1614
783 905 223 903 1614
650 866 222 903 1614
238 898 223 903 1614
680 860 230 903 1614
15 918 225 903 1614
194 908 221 903 1614
214 801 227 903 1614
202 185 241 903 1614
214 802 229 904 1615
202 186 225 904 1615
350 927 221 904 1615
22 870 222 905 1616
214 803 234 905 1616
783 908 225 906 1617
321 594 221 906 1617
214 804 230 906 1617
611 913 222 907 1618
238 903 235 908 1619
349 921 225 908 1619
194 913 226 908 1619
238 904 233 909 1620
42 17 223 909 1620
513 920 221 909 1620
279 289 231 909 1620
334 858 230 909 1620
215 839 231 909 1620
101 911 229 910 1621
531 906 225 910 1621
329 862 237 910 1621
118 385 225 910 1621
269 342 221 910 1621
158 199 223 910 1621
329 863 225 911 1622
497 927 231 911 1622
470 845 228 911 1622
530 190 222 911 1622
329 864 234 912 1623
339 913 225 912 1623
2 925 225 912 1623
40 33 221 912 1623
532 133 246 912 1623
687 939 241 912 1623
504 921 229 912 1623
127 947 230 912 1623
337 926 229 912 1623
583 129 234 913 1624
335 931 229 913 1624
25 898 234 913 1624
284 934 223 913 1624
2 926 226 913 1624
532 134 238 913 1624
687 940 236 913 1624
504 922 221 913 1624
127 948 240 913 1624
102 926 222 913 1624
395 863 223 913 1624
583 130 230 914 1625
2 927 222 914 1625
532 135 231 914 1625
687 941 231 914 1625
127 949 228 914 1625
190 3 240 915 1626
583 131 222 915 1626
349 928 224 915 1626
238 910 227 915 1626
2 928 227 915 1626
532 136 227 915 1626
687 942 236 915 1626
504 924 223 915 1626
127 950 231 915 1626
102 928 225 915 1626
190 4 245 916 1627
583 132 236 916 1627
238 911 248 916 1627
576 902 221 916 1627
2 929 225 916 1627
708 367 236 916 1627
687 943 230 916 1627
127 951 234 916 1627
504 925 221 916 1627
102 929 225 916 1627
583 133 221 917 1628
645 167 227 917 1628
708 368 237 917 1628
127 952 222 917 1628
687 944 239 917 1628
504 926 233 917 1628
190 6 227 918 1629
2 931 227 918 1629
645 168 239 918 1629
687 945 233 918 1629
645 169 232 919 1630
532 140 223 919 1630
504 928 223 919 1630
102 932 225 919 1630
2 933 227 920 1631
687 947 221 920 1631
504 929 226 920 1631
645 171 225 921 1632
708 372 223 921 1632
532 142 221 921 1632
687 948 224 921 1632
504 930 227 921 1632
583 138 221 922 1633
645 172 221 922 1633
708 373 222 922 1633
410 934 221 922 1633
687 949 221 922 1633
504 931 224 922 1633
190 11 223 923 1634
645 173 221 923 1634
708 374 227 923 1634
687 950 228 923 1634
504 932 223 923 1634
645 174 221 924 1635
687 951 223 924 1635
645 175 228 925 1636
410 937 226 925 1636
504 934 226 925 1636
687 952 223 925 1636
708 378 227 927 1638
645 178 223 928 1639
708 379 228 928 1639
708 380 223 929 1640
687 956 221 929 1640
708 381 230 930 1641
85 631 225 931 1642
645 181 235 931 1642
708 382 224 931 1642
687 958 233 931 1642
645 182 229 932 1643
504 941 221 932 1643
687 959 223 932 1643
708 384 226 933 1644
504 942 221 933 1644
708 385 224 934 1645
687 961 222 934 1645
532 156 224 935 1646
708 386 225 935 1646
504 944 229 935 1646
410 948 221 936 1647
85 636 227 936 1647
532 157 223 936 1647
645 186 223 936 1647
504 945 222 936 1647
708 388 223 937 1648
504 946 225 937 1648
708 389 221 938 1649
504 947 221 938 1649
410 951 223 939 1650
532 160 225 939 1650
645 189 221 939 1650
504 948 223 939 1650
687 966 221 939 1650
708 391 221 940 1651
645 190 224 940 1651
532 161 226 940 1651
504 949 224 940 1651
687 967 233 940 1651
708 394 221 943 1654
645 193 221 943 1654
645 194 227 944 1655
687 971 222 944 1655
645 195 231 945 1656
708 396 224 945 1656
687 972 225 945 1656
504 955 221 946 1657
102 959 227 946 1657
583 163 225 946 1657
645 197 225 947 1658
687 974 221 947 1658
102 960 229 947 1658
583 164 221 947 1658
395 897 221 947 1658
645 198 221 948 1659
583 166 223 949 1660
687 977 222 950 1661
410 963 221 951 1662
645 201 233 951 1662
687 978 221 951 1662
583 168 223 951 1662
410 965 221 953 1664
504 966 223 957 1668
504 967 221 958 1669
583 175 223 958 1669
410 971 221 959 1670
504 969 221 960 1671
687 987 221 960 1671
583 177 223 960 1671
410 973 227 961 1672
687 988 223 961 1672
583 178 223 961 1672
504 971 225 962 1673
687 989 221 962 1673
410 975 222 963 1674
687 990 223 963 1674
504 973 224 964 1675
504 974 227 965 1676
504 975 224 966 1677
102 979 221 966 1677
504 976 227 967 1678
708 418 223 967 1678
102 980 227 967 1678
583 184 227 967 1678
687 994 221 967 1678
2 981 224 967 1678
504 977 229 968 1679
102 981 226 968 1679
504 978 230 969 1680
102 982 225 969 1680
504 979 229 970 1681
102 984 223 971 1682
410 984 224 972 1683
504 981 235 972 1683
687 999 221 972 1683
583 189 226 972 1683
85 673 222 973 1684
504 982 231 973 1684
687 1000 221 973 1684
583 190 229 973 1684
701 990 223 973 1684
645 224 232 974 1685
504 983 233 974 1685
583 191 223 974 1685
708 6 221 974 1685
645 225 230 975 1686
504 984 225 975 1686
583 192 232 975 1686
238 971 223 975 1686
645 226 232 976 1687
532 197 225 976 1687
102 989 227 976 1687
395 926 223 976 1687
190 65 225 976 1687
645 227 225 977 1688
102 990 221 977 1688
395 927 224 977 1688
190 66 233 977 1688
102 991 221 978 1689
687 1005 222 978 1689
395 928 223 978 1689
583 195 222 978 1689
190 67 225 978 1689
410 991 228 979 1690
102 992 223 979 1690
395 929 225 979 1690
190 68 223 979 1690
395 930 223 980 1691
583 198 224 981 1692
395 931 231 981 1692
708 13 221 981 1692
410 994 227 982 1693
190 71 227 982 1693
645 233 222 983 1694
102 996 223 983 1694
395 933 229 983 1694
708 15 221 983 1694
102 997 227 984 1695
583 201 221 984 1695
395 934 231 984 1695
708 16 221 984 1695
583 202 224 985 1696
395 935 229 985 1696
102 999 223 986 1697
395 936 233 986 1697
410 999 223 987 1698
102 1000 226 987 1698
687 1014 225 987 1698
583 204 224 987 1698
395 937 228 987 1698
410 1000 221 988 1699
395 938 227 988 1699
708 20 223 988 1699
102 1002 221 989 1700
395 939 236 989 1700
532 211 225 990 1701
687 1017 224 990 1701
395 940 232 990 1701
102 1004 225 991 1702
583 208 221 991 1702
395 941 231 991 1702
701 1008 222 991 1702
395 942 227 992 1703
410 1005 223 993 1704
102 1006 224 993 1704
583 210 231 993 1704
395 943 229 993 1704
395 944 225 994 1705
238 990 225 994 1705
127 1030 221 995 1706
410 1007 223 995 1706
645 245 234 995 1706
277 206 223 995 1706
102 1008 225 995 1706
687 1022 225 995 1706
583 212 222 995 1706
410 1008 233 996 1707
645 246 224 996 1707
504 1005 223 996 1707
645 247 229 997 1708
645 248 227 998 1709
645 249 232 999 1710
504 1008 221 999 1710
687 1026 228 999 1710
645 250 222 1000 1711
504 1009 221 1000 1711
687 1027 230 1000 1711
645 251 223 1001 1712
687 1028 224 1001 1712
2 1016 229 1003 1714
645 253 227 1003 1714
687 1030 231 1003 1714
102 1016 223 1003 1714
583 220 229 1003 1714
2 1017 223 1004 1715
645 254 229 1004 1715
687 1031 235 1004 1715
2 1018 221 1005 1716
410 1017 224 1005 1716
645 255 231 1005 1716
504 1014 225 1005 1716
687 1032 235 1005 1716
102 1018 223 1005 1716
583 222 221 1005 1716
2 1019 227 1006 1717
645 256 227 1006 1717
504 1015 223 1006 1717
687 1033 225 1006 1717
127 1042 224 1006 1717
2 1020 223 1007 1718
410 1019 223 1007 1718
645 257 222 1007 1718
504 1016 231 1007 1718
410 1020 221 1008 1719
645 258 225 1008 1719
504 1017 223 1008 1719
2 1022 221 1009 1720
687 1036 224 1009 1720
583 226 223 1009 1720
583 227 225 1010 1721
2 1024 223 1011 1722
410 1023 225 1011 1722
645 261 224 1011 1722
504 1020 233 1011 1722
687 1038 227 1011 1722
190 100 225 1011 1722
616 838 221 1012 1723
504 1021 229 1012 1723
708 44 229 1012 1723
2 1026 226 1013 1724
645 263 225 1013 1724
410 1025 223 1013 1724
504 1022 222 1013 1724
645 264 223 1014 1725
504 1023 223 1014 1725
645 265 225 1015 1726
645 266 231 1016 1727
410 1028 227 1016 1727
687 1043 223 1016 1727
85 719 224 1019 1730
645 269 227 1019 1730
410 1031 221 1019 1730
583 236 221 1019 1730
190 108 222 1019 1730
2 1033 225 1020 1731
645 270 221 1020 1731
410 1032 221 1020 1731
504 1029 221 1020 1731
102 1033 221 1020 1731
583 237 223 1020 1731
504 1030 221 1021 1732
687 1048 231 1021 1732
645 272 225 1022 1733
504 1031 226 1022 1733
687 1049 226 1022 1733
504 1032 223 1023 1734
645 274 224 1024 1735
504 1033 231 1024 1735
238 1020 223 1025 1736
645 275 227 1025 1736
645 276 232 1026 1737
687 1053 221 1026 1737
2 1040 225 1027 1738
645 277 228 1027 1738
504 1036 221 1027 1738
687 1054 227 1027 1738
645 278 225 1028 1739
687 1055 229 1028 1739
708 60 221 1028 1739
645 279 225 1029 1740
504 1038 233 1029 1740
2 1043 225 1030 1741
279 410 221 1030 1741
504 1039 233 1030 1741
687 1057 235 1030 1741
85 731 221 1031 1742
504 1040 230 1031 1742
687 1058 226 1031 1742
238 1027 221 1032 1743
645 282 231 1032 1743
504 1041 226 1032 1743
687 1059 234 1032 1743
645 283 229 1033 1744
410 1045 224 1033 1744
504 1042 228 1033 1744
687 1060 225 1033 1744
645 284 225 1034 1745
410 1046 222 1034 1745
687 1061 221 1034 1745
410 1047 224 1035 1746
504 1044 232 1035 1746
2 1049 223 1036 1747
645 286 233 1036 1747
687 1063 237 1036 1747
238 1032 221 1037 1748
2 1050 223 1037 1748
645 287 225 1037 1748
504 1046 231 1037 1748
645 288 222 1038 1749
687 1065 224 1038 1749
504 1047 221 1038 1749
504 1048 227 1039 1750
2 1053 223 1040 1751
504 1049 225 1040 1751
238 1036 221 1041 1752
2 1054 223 1041 1752
504 1050 227 1041 1752
645 292 234 1042 1753
687 1069 224 1042 1753
645 293 221 1043 1754
504 1052 227 1043 1754
645 294 229 1044 1755
583 261 226 1044 1755
238 1041 221 1045 1756
645 296 233 1046 1757
410 1058 223 1046 1757
504 1056 221 1047 1758
687 1074 223 1047 1758
708 79 222 1047 1758
410 1061 225 1049 1760
504 1058 221 1049 1760
583 3 221 1049 1760
238 1045 223 1050 1761
645 300 221 1050 1761
504 1059 225 1050 1761
583 4 223 1050 1761
687 1077 225 1050 1761
708 82 222 1050 1761
127 1086 221 1050 1761
238 1046 223 1051 1762
2 1064 221 1051 1762
583 5 222 1051 1762
504 1060 223 1051 1762
238 1047 223 1051 1762
645 302 234 1052 1763
410 1064 227 1052 1763
583 6 225 1052 1763
687 1079 224 1052 1763
504 1061 221 1052 1763
190 141 221 1052 1763
238 1048 223 1052 1763
687 1080 224 1053 1764
708 85 222 1053 1764
238 1049 221 1053 1764
645 304 225 1054 1765
504 1063 225 1054 1765
127 1090 221 1054 1765
238 1050 222 1054 1765
410 1067 227 1055 1766
583 9 221 1055 1766
504 1065 222 1056 1767
708 88 231 1056 1767
2 1070 223 1056 1767
238 1052 225 1056 1767
645 307 223 1056 1767
410 1069 225 1057 1768
583 11 224 1057 1768
2 1071 222 1057 1768
645 308 235 1057 1768
410 1070 221 1057 1768
708 90 227 1058 1769
2 1072 221 1058 1769
645 309 235 1058 1769
504 1068 221 1059 1770
708 91 223 1059 1770
2 1073 221 1059 1770
504 1069 223 1060 1771
708 92 223 1060 1771
504 1070 229 1061 1772
708 93 223 1061 1772
708 94 226 1062 1773
504 1072 239 1063 1774
708 95 230 1063 1774
238 1059 227 1063 1774
2 1077 226 1063 1774
504 1073 241 1064 1775
645 315 223 1064 1775
504 1074 226 1065 1776
645 316 221 1065 1776
708 98 225 1066 1777
504 1077 225 1068 1779
708 100 225 1068 1779
410 1082 223 1069 1780
504 1080 221 1071 1782
708 103 230 1071 1782
2 1085 222 1071 1782
708 104 224 1072 1783
645 323 228 1072 1783
504 1082 225 1073 1784
708 105 228 1073 1784
238 1069 226 1073 1784
645 324 221 1073 1784
504 1083 227 1074 1785
532 295 221 1074 1785
687 1101 224 1074 1785
238 1070 224 1074 1785
2 1088 227 1074 1785
645 325 226 1074 1785
504 1084 233 1074 1785
410 1087 226 1075 1786
687 1102 225 1075 1786
190 164 221 1075 1786
238 1071 223 1075 1786
2 1089 224 1075 1786
645 326 227 1075 1786
504 1085 222 1075 1786
583 30 222 1076 1787
687 1103 228 1076 1787
190 165 225 1076 1787
102 1089 227 1076 1787
645 327 229 1076 1787
504 1086 223 1076 1787
583 31 223 1077 1788
190 166 222 1077 1788
102 1090 223 1077 1788
238 1073 225 1077 1788
2 1091 221 1077 1788
645 328 225 1077 1788
504 1087 231 1077 1788
102 1091 222 1078 1789
708 110 221 1078 1789
238 1074 225 1078 1789
645 329 226 1078 1789
504 1088 227 1078 1789
410 1091 227 1079 1790
687 1106 226 1079 1790
190 168 223 1079 1790
238 1075 223 1079 1790
645 330 224 1079 1790
504 1089 227 1079 1790
410 1092 231 1080 1791
687 1107 225 1080 1791
708 112 221 1080 1791
238 1076 225 1080 1791
2 1094 224 1080 1791
645 331 233 1080 1791
504 1090 227 1080 1791
410 1093 227 1081 1792
238 1077 225 1081 1792
2 1095 231 1081 1792
504 1091 221 1082 1793
410 1094 235 1082 1793
645 333 221 1082 1793
504 1092 222 1083 1794
410 1095 241 1083 1794
504 1093 235 1084 1795
410 1096 234 1084 1795
687 1111 226 1084 1795
645 335 227 1084 1795
504 1094 224 1085 1796
410 1097 235 1085 1796
687 1112 232 1085 1796
504 1095 227 1086 1797
583 40 221 1086 1797
687 1113 226 1086 1797
645 337 228 1086 1797
504 1096 227 1087 1798
687 1114 225 1087 1798
583 42 223 1088 1799
687 1115 229 1088 1799
645 342 224 1091 1802
504 1101 222 1091 1802
645 343 227 1092 1803
504 1102 225 1092 1803
410 1105 221 1093 1804
645 344 233 1093 1804
504 1103 232 1093 1804
708 126 226 1094 1805
645 345 231 1094 1805
504 1104 223 1094 1805
645 346 229 1095 1806
504 1105 233 1095 1806
410 1108 222 1096 1807
645 347 233 1096 1807
504 1106 237 1096 1807
410 1109 223 1097 1808
645 348 230 1097 1808
504 1107 235 1097 1808
410 1110 221 1098 1809
504 1108 246 1098 1809
687 1126 221 1099 1810
238 1095 221 1099 1810
504 1109 239 1099 1810
687 1127 221 1100 1811
504 1110 234 1100 1811
127 1137 227 1101 1812
504 1111 239 1101 1812
687 1129 223 1102 1813
645 353 231 1102 1813
504 1112 235 1102 1813
687 1130 223 1103 1814
190 192 222 1103 1814
645 354 223 1103 1814
504 1113 231 1103 1814
687 1131 223 1104 1815
606 3 224 1104 1815
645 355 223 1104 1815
504 1114 227 1104 1815
532 326 221 1104 1815
190 194 223 1105 1816
645 356 225 1105 1816
504 1115 241 1105 1816
645 357 221 1106 1817
504 1116 230 1106 1817
687 1134 224 1107 1818
645 358 223 1107 1818
687 1137 239 1110 1821
645 361 231 1110 1821
504 1120 231 1110 1821
687 1138 221 1111 1822
583 65 222 1111 1822
238 1107 221 1111 1822
645 362 225 1111 1822
504 1121 225 1111 1822
687 1139 223 1112 1823
645 363 222 1112 1823
687 1140 225 1113 1824
645 364 221 1113 1824
687 1141 225 1114 1825
504 1124 229 1114 1825
687 1142 233 1115 1826
504 1127 222 1117 1828
687 1145 222 1118 1829
277 329 221 1118 1829
190 207 229 1118 1829
687 1146 222 1119 1830
190 208 224 1119 1830
504 1129 233 1119 1830
687 1147 223 1120 1831
190 209 223 1120 1831
645 371 221 1120 1831
504 1131 225 1121 1832
277 333 227 1122 1833
190 211 221 1122 1833
504 1132 223 1122 1833
687 1150 221 1123 1834
190 213 221 1124 1835
504 1134 225 1124 1835
504 1135 224 1125 1836
504 1136 227 1126 1837
190 216 221 1127 1838
645 378 221 1127 1838
504 1137 231 1127 1838
190 217 223 1128 1839
2 1142 228 1128 1839
645 379 229 1128 1839
2 1143 222 1129 1840
645 380 224 1129 1840
504 1139 228 1129 1840
410 1142 225 1130 1841
708 162 225 1130 1841
2 1144 223 1130 1841
504 1140 223 1130 1841
410 1143 222 1131 1842
532 352 222 1131 1842
687 1158 223 1131 1842
708 163 227 1131 1842
2 1145 223 1131 1842
504 1141 233 1131 1842
190 221 223 1132 1843
504 1142 233 1133 1844
687 1160 228 1133 1844
190 222 221 1133 1844
708 165 221 1133 1844
645 384 223 1133 1844
504 1143 235 1134 1845
190 223 221 1134 1845
708 166 226 1134 1845
238 1130 222 1134 1845
410 1147 223 1135 1846
532 356 223 1135 1846
583 89 221 1135 1846
708 167 225 1135 1846
2 1149 221 1135 1846
127 1171 225 1135 1846
645 386 235 1135 1846
190 225 227 1136 1847
687 1163 221 1136 1847
583 90 223 1136 1847
645 387 239 1136 1847
504 1146 224 1137 1848
645 388 234 1137 1848
504 1147 232 1138 1849
687 1165 222 1138 1849
645 389 225 1138 1849
504 1148 227 1139 1850
410 1151 223 1139 1850
687 1166 233 1139 1850
532 360 221 1139 1850
190 228 227 1139 1850
708 171 229 1139 1850
127 1175 222 1139 1850
645 390 225 1139 1850
238 1135 227 1139 1850
410 1152 227 1139 1850
532 361 231 1140 1851
190 229 229 1140 1851
102 1153 239 1140 1851
708 172 221 1140 1851
701 138 239 1140 1851
645 391 238 1140 1851
190 230 227 1141 1852
395 1091 221 1141 1852
422 330 235 1142 1853
188 644 223 1142 1853
687 1170 226 1142 1853
497 1160 224 1143 1854
776 54 224 1143 1854
188 645 239 1143 1854
470 1079 235 1144 1855
188 646 227 1144 1855
760 65 227 1144 1855
488 1161 223 1144 1855
350 1168 221 1145 1856
43 1164 224 1145 1856
223 27 227 1146 1857
13 1129 223 1147 1858
547 1169 226 1148 1859
180 172 223 1150 1861
115 75 227 1150 1861
392 1171 224 1150 1861
547 1172 231 1151 1862
83 607 226 1152 1863
547 1173 223 1152 1863
606 51 224 1152 1863
8 1118 221 1153 1864
180 176 224 1153 1864
83 609 224 1154 1865
83 610 222 1155 1866
83 611 225 1156 1867
713 238 221 1156 1867
180 180 222 1157 1868
388 329 221 1158 1869
83 614 223 1159 1870
87 2 222 1160 1871
180 183 221 1160 1871
412 1126 221 1161 1872
87 3 222 1161 1872
412 1127 222 1162 1873
87 4 221 1162 1873
87 5 222 1163 1874
83 619 226 1164 1875
180 189 222 1166 1877
83 624 221 1168 1879
87 12 221 1170 1881
83 628 221 1172 1883
607 1161 222 1176 1887
607 1162 223 1177 1888
83 633 223 1178 1889
607 1163 225 1178 1889
83 634 224 1179 1890
180 202 221 1179 1890
607 1164 227 1179 1890
83 635 223 1179 1890
272 1204 221 1180 1891
83 636 222 1181 1892
607 1166 223 1181 1892
83 637 225 1182 1893
83 639 223 1183 1894
83 640 221 1185 1896
607 1170 222 1185 1896
83 641 223 1186 1897
180 209 223 1186 1897
83 642 225 1187 1898
412 1152 221 1187 1898
180 210 223 1187 1898
83 645 222 1190 1901
607 1176 223 1191 1902
514 289 222 1194 1905
522 898 221 1195 1906
87 38 221 1196 1907
607 1181 221 1196 1907
180 219 221 1196 1907
514 291 222 1196 1907
87 40 221 1198 1909
180 222 223 1199 1910
412 1168 221 1203 1914
412 1169 221 1204 1915
607 1189 221 1204 1915
468 1227 228 1208 1919
46 1223 233 1212 1923
330 23 223 1212 1923
647 53 225 1215 1926
636 624 246 1216 1927
647 54 226 1216 1927
503 1229 233 1216 1927
48 1221 226 1217 1928
636 625 231 1217 1928
111 1216 223 1220 1931
481 35 234 1222 1933
684 55 228 1222 1933
52 1234 229 1225 1936
684 58 227 1225 1936
111 1221 224 1225 1936
52 1235 222 1226 1937
111 1224 235 1228 1939
111 1225 225 1229 1940
52 1239 221 1230 1941
684 63 233 1230 1941
52 1240 231 1231 1942
684 64 235 1231 1942
52 1241 221 1232 1943
52 1242 223 1233 1944
684 66 226 1233 1944
52 1243 223 1234 1945
52 1244 222 1235 1946
111 1231 223 1235 1946
481 49 222 1236 1947
684 69 233 1236 1947
111 1233 229 1237 1948
481 51 233 1238 1949
684 71 233 1238 1949
481 52 225 1239 1950
52 1248 228 1239 1950
684 72 225 1239 1950
684 73 223 1240 1951
52 1251 223 1242 1953
481 56 225 1243 1954
111 1239 227 1243 1954
481 57 231 1244 1955
52 1253 232 1244 1955
111 1240 221 1244 1955
52 1254 221 1245 1956
481 59 235 1246 1957
481 60 227 1247 1958
481 61 225 1248 1959
481 62 227 1249 1960
481 64 222 1251 1962
481 66 229 1253 1964
481 67 245 1254 1965
481 68 221 1255 1966
481 69 228 1256 1967
481 70 233 1257 1968
481 72 225 1259 1970
481 74 235 1261 1972
481 75 227 1262 1973
481 77 233 1264 1975
481 78 229 1265 1976
481 80 227 1267 1978
481 82 232 1269 1980
481 86 232 1273 1984
481 87 229 1274 1985
481 88 228 1275 1986
481 91 229 1278 1989
481 92 225 1279 1990
481 93 225 1280 1991
481 97 232 1284 1995
481 99 225 1286 1997
481 100 222 1287 1998
246 317 227 1287 1998
246 319 231 1289 2000
481 104 223 1291 2002
481 108 221 1295 2006
481 110 229 1297 2008
481 111 226 1298 2009
58 988 227 1303 2014
481 118 239 1305 2016
481 119 224 1306 2017
481 120 224 1307 2018
481 122 224 1309 2020
246 341 224 1312 2023
75 297 231 1312 2023
283 1021 223 1312 2023
555 1323 235 1313 2024
269 230 221 1313 2024
258 76 229 1314 2025
740 399 235 1314 2025
493 1317 225 1314 2025
754 597 222 1314 2025
28 152 235 1315 2026
169 632 221 1315 2026
206 1301 221 1315 2026
719 1002 221 1315 2026
719 1003 225 1316 2027
484 432 237 1317 2028
639 1340 222 1317 2028
412 1282 235 1317 2028
553 1330 223 1318 2029
484 433 241 1318 2029
174 639 227 1318 2029
746 1015 233 1318 2029
582 1333 224 1319 2030
195 325 223 1320 2031
241 1344 237 1320 2031
553 1333 222 1321 2032
639 1344 225 1321 2032
31 1344 226 1323 2034
415 414 224 1323 2034
567 1297 221 1323 2034
553 1336 225 1324 2035
567 1298 223 1324 2035
555 1335 221 1325 2036
667 698 224 1325 2036
302 1348 225 1325 2036
555 1336 221 1326 2037
667 699 242 1326 2037
639 1349 222 1326 2037
504 100 243 1326 2037
486 12 224 1327 2038
667 700 235 1327 2038
639 1350 225 1327 2038
504 101 241 1327 2038
549 11 232 1327 2038
555 1338 231 1328 2039
486 13 221 1328 2039
484 443 233 1328 2039
667 701 228 1328 2039
504 102 234 1328 2039
549 12 239 1328 2039
392 1349 223 1328 2039
471 767 221 1328 2039
486 14 223 1329 2040
484 444 230 1329 2040
667 702 234 1329 2040
504 103 235 1329 2040
549 13 221 1329 2040
555 1340 225 1330 2041
504 104 236 1330 2041
549 14 246 1330 2041
484 446 224 1331 2042
504 105 230 1331 2042
549 15 229 1331 2042
555 1342 222 1332 2043
486 17 225 1332 2043
667 705 223 1332 2043
504 106 231 1332 2043
