738 1 221 0 759
490 1 225 1 760
297 1 225 1 760
490 2 237 2 761
677 11 223 2 761
297 2 233 2 761
329 2 231 2 761
584 1 226 2 761
490 3 226 3 762
297 3 228 3 762
329 3 227 3 762
764 3 224 3 762
584 2 221 4 763
297 4 229 4 763
764 4 223 5 764
584 3 223 5 764
345 5 225 5 764
528 41 221 5 764
490 5 231 5 764
329 5 227 5 764
297 5 237 5 764
83 5 225 5 764
738 6 223 5 764
584 4 228 6 765
345 6 227 6 765
490 6 236 6 765
329 6 227 6 765
83 6 227 6 765
584 5 227 7 766
98 68 222 7 766
329 7 236 7 766
297 7 229 7 766
584 7 233 9 768
329 9 224 9 768
297 9 235 9 768
738 10 231 10 769
677 19 221 10 769
297 10 227 10 769
764 10 223 11 770
584 9 222 11 770
490 11 225 11 770
329 11 223 11 770
297 11 226 11 770
584 10 227 12 771
490 12 221 12 771
764 12 221 13 772
584 11 224 13 772
345 13 223 13 772
490 13 227 13 772
329 13 223 13 772
297 13 225 13 772
764 13 228 14 773
497 76 221 14 773
584 12 225 14 773
345 14 224 14 773
329 14 227 14 773
764 14 246 15 774
584 13 223 15 774
345 15 222 15 774
490 15 232 15 774
764 15 229 15 774
738 16 225 16 775
584 14 224 16 775
345 16 233 16 775
490 16 223 16 775
329 16 231 16 775
297 16 225 16 775
584 15 224 17 776
528 53 223 17 776
490 17 235 17 776
83 17 223 17 776
297 17 225 17 776
764 17 227 18 777
738 18 235 18 777
584 16 233 18 777
345 18 233 18 777
490 18 247 18 777
616 70 221 18 777
329 18 241 18 777
83 18 223 18 777
297 18 222 18 777
120 76 221 19 778
584 17 227 19 778
345 19 235 19 778
490 19 239 19 778
732 36 226 20 779
490 20 223 20 779
329 20 231 20 779
431 68 232 21 780
552 83 233 21 780
738 21 221 21 780
490 21 223 21 780
46 78 221 21 780
329 21 227 21 780
205 88 231 22 781
669 86 223 22 781
584 20 228 22 781
525 84 221 22 781
329 22 222 22 781
205 89 227 23 782
584 21 233 23 782
308 40 221 23 782
525 85 227 23 782
534 92 241 23 782
109 64 225 24 783
534 93 249 24 783
281 5 225 24 783
534 94 221 25 784
625 63 226 25 784
168 76 239 26 785
534 95 253 26 785
445 80 225 27 786
534 96 233 27 786
273 70 237 28 787
276 74 227 28 787
168 78 235 28 787
29 95 223 28 787
538 78 221 29 788
168 79 234 29 788
782 40 222 29 788
227 19 223 29 788
32 72 221 29 788
360 89 224 29 788
122 33 224 29 788
264 99 221 29 788
663 93 223 29 788
625 67 224 29 788
134 88 221 30 789
538 79 222 30 789
168 80 241 30 789
67 31 223 30 789
227 20 223 30 789
360 90 227 30 789
264 100 223 30 789
625 68 227 30 789
168 81 239 31 790
782 42 227 31 790
227 21 223 31 790
421 98 227 31 790
360 91 237 31 790
520 97 223 31 790
264 101 229 31 790
581 103 221 31 790
663 95 233 31 790
625 69 224 32 791
498 28 229 32 791
168 82 227 32 791
538 81 221 32 791
67 33 225 32 791
541 93 223 32 791
32 75 221 32 791
391 22 235 32 791
421 99 227 32 791
360 92 226 32 791
381 96 225 32 791
479 87 226 32 791
264 102 227 32 791
581 104 221 32 791
625 70 231 32 791
168 83 243 33 792
538 82 223 33 792
782 44 224 33 792
541 94 222 33 792
29 100 221 33 792
227 23 221 33 792
32 76 227 33 792
515 48 222 33 792
360 93 231 33 792
479 88 227 33 792
691 88 221 33 792
168 84 239 34 793
265 107 225 34 793
538 83 225 34 793
782 45 231 34 793
67 35 227 34 793
554 99 237 34 793
227 24 221 34 793
515 49 223 34 793
360 94 225 34 793
86 64 222 34 793
264 104 224 34 793
691 89 222 34 793
663 98 231 34 793
625 72 228 34 793
135 97 222 35 794
770 95 221 35 794
414 100 233 35 794
168 85 230 35 794
265 108 239 35 794
782 46 226 35 794
67 36 221 35 794
554 100 227 35 794
32 78 224 35 794
421 102 223 35 794
122 39 223 35 794
360 95 232 35 794
86 65 222 35 794
691 90 225 35 794
625 73 226 35 794
663 99 222 35 794
770 96 225 36 795
414 101 243 36 795
273 78 225 36 795
168 86 226 36 795
265 109 237 36 795
538 85 221 36 795
67 37 221 36 795
554 101 227 36 795
360 96 229 36 795
264 106 224 36 795
663 100 222 36 795
625 74 224 36 795
414 102 231 37 796
770 97 222 37 796
265 110 223 37 796
538 86 224 37 796
84 101 228 37 796
67 38 227 37 796
682 105 221 37 796
227 27 221 37 796
421 104 231 37 796
360 97 225 37 796
663 101 224 37 796
273 80 221 38 797
414 103 232 38 797
265 111 229 38 797
168 88 227 38 797
355 106 222 38 797
782 49 224 38 797
554 103 221 38 797
354 131 221 38 797
758 96 221 38 797
421 105 225 38 797
264 108 231 38 797
663 102 222 39 798
498 35 229 39 798
273 81 225 39 798
414 104 239 39 798
265 112 237 39 798
276 85 222 39 798
782 50 222 39 798
541 100 223 39 798
67 40 223 39 798
554 104 224 39 798
29 106 226 39 798
391 29 223 39 798
421 106 224 39 798
360 99 229 39 798
264 109 221 39 798
625 77 227 39 798
663 103 223 40 799
414 105 242 40 799
265 113 223 40 799
168 90 230 40 799
29 107 223 40 799
360 100 225 40 799
264 110 221 40 799
135 103 221 41 800
273 83 222 41 800
770 101 223 41 800
168 91 225 41 800
276 87 223 41 800
84 105 221 41 800
541 102 223 41 800
354 134 221 41 800
67 42 224 41 800
360 101 223 41 800
445 94 222 41 800
264 111 221 41 800
135 104 224 42 801
273 84 223 42 801
265 115 233 42 801
219 77 227 42 801
414 107 225 42 801
168 92 225 42 801
276 88 223 42 801
782 53 222 42 801
67 43 229 42 801
554 107 221 42 801
29 109 224 42 801
682 110 225 42 801
421 109 222 42 801
122 46 221 42 801
360 102 224 42 801
264 112 222 42 801
625 80 222 42 801
135 105 224 43 802
273 85 225 43 802
219 78 221 43 802
770 103 221 43 802
414 108 225 43 802
265 116 233 43 802
168 93 230 43 802
782 54 224 43 802
67 44 227 43 802
554 108 221 43 802
29 110 227 43 802
682 111 226 43 802
421 110 223 43 802
414 109 232 44 803
770 104 224 44 803
265 117 235 44 803
168 94 227 44 803
67 45 223 44 803
541 105 223 44 803
682 112 223 44 803
227 34 222 44 803
360 104 221 44 803
414 110 225 45 804
265 118 225 45 804
168 95 226 45 804
782 56 223 45 804
67 46 227 45 804
29 112 221 45 804
547 113 223 45 804
354 1 221 45 804
360 105 233 45 804
264 115 221 45 804
414 111 223 46 805
770 106 221 46 805
265 119 233 46 805
538 95 223 46 805
782 57 226 46 805
67 47 224 46 805
554 111 228 46 805
421 113 224 46 805
370 110 221 46 805
520 112 221 46 805
86 76 221 46 805
264 116 223 46 805
414 112 227 46 805
67 48 221 47 806
554 112 227 47 806
421 114 224 47 806
360 107 225 47 806
479 2 225 47 806
498 44 222 47 806
770 108 221 48 807
219 83 231 48 807
663 111 221 48 807
265 121 223 48 807
538 97 221 48 807
554 113 224 48 807
29 115 226 48 807
421 115 223 48 807
360 108 223 48 807
625 86 225 48 807
414 114 231 48 807
219 84 231 49 808
273 91 224 49 808
265 122 221 49 808
168 99 222 49 808
67 50 222 49 808
554 114 232 49 808
29 116 229 49 808
421 116 222 49 808
360 109 224 49 808
625 87 223 49 808
414 115 228 49 808
273 92 225 50 809
265 123 227 50 809
168 100 223 50 809
782 61 225 50 809
67 51 226 50 809
554 115 225 50 809
227 40 223 50 809
421 117 225 50 809
360 110 226 50 809
264 120 223 50 809
581 122 221 50 809
625 88 225 50 809
414 116 229 50 809
663 114 230 51 810
538 100 221 51 810
168 101 230 51 810
265 124 243 51 810
782 62 227 51 810
29 118 225 51 810
227 41 221 51 810
515 66 224 51 810
221 116 221 51 810
625 89 223 51 810
414 117 227 51 810
663 115 231 51 810
770 112 221 52 811
538 101 221 52 811
265 125 235 52 811
168 102 231 52 811
782 63 222 52 811
67 53 225 52 811
554 117 222 52 811
360 112 232 52 811
581 124 221 52 811
479 7 226 52 811
414 118 224 52 811
663 116 224 53 812
770 113 227 53 812
273 95 221 53 812
168 103 224 53 812
265 126 227 53 812
554 118 221 53 812
421 120 227 53 812
32 96 222 53 812
360 113 223 53 812
264 123 223 53 812
265 127 233 54 813
168 104 221 54 813
84 118 227 54 813
554 119 223 54 813
758 112 223 54 813
29 121 223 54 813
227 44 225 54 813
32 97 222 54 813
625 92 225 54 813
403 118 221 54 813
414 120 233 54 813
663 118 241 54 813
265 128 231 55 814
168 105 221 55 814
782 66 225 55 814
67 56 225 55 814
554 120 223 55 814
421 122 223 55 814
515 70 226 55 814
520 121 221 55 814
625 93 225 55 814
219 91 221 55 814
414 121 225 55 814
663 119 233 55 814
265 129 223 56 815
67 57 224 56 815
354 12 223 56 815
515 71 222 56 815
421 123 224 56 815
360 116 222 56 815
264 126 230 56 815
219 92 223 56 815
663 120 231 56 815
135 119 224 56 815
168 107 227 57 816
265 130 227 57 816
554 122 228 57 816
29 124 222 57 816
515 72 231 57 816
421 124 225 57 816
520 123 223 57 816
360 117 225 57 816
264 127 223 57 816
625 95 226 57 816
414 123 221 57 816
663 121 234 57 816
265 131 238 58 817
276 104 223 58 817
84 122 225 58 817
554 123 222 58 817
29 125 229 58 817
421 125 225 58 817
414 124 221 58 817
479 13 222 58 817
498 55 221 58 817
663 122 230 58 817
273 101 221 59 818
168 109 223 59 818
265 132 237 59 818
84 123 224 59 818
554 124 227 59 818
29 126 226 59 818
391 49 224 59 818
421 126 227 59 818
520 125 225 59 818
360 119 233 59 818
414 125 225 59 818
498 56 227 59 818
663 123 235 60 819
168 110 226 60 819
265 133 234 60 819
276 106 221 60 819
67 61 222 60 819
554 125 224 60 819
29 127 225 60 819
227 50 223 60 819
421 127 222 60 819
520 126 225 60 819
360 120 231 60 819
625 98 222 60 819
414 126 226 60 819
498 57 227 60 819
273 103 223 61 820
168 111 223 61 820
265 134 235 61 820
782 72 223 61 820
276 107 223 61 820
84 125 221 61 820
554 126 222 61 820
29 128 225 61 820
421 128 229 61 820
411 19 224 61 820
360 121 230 61 820
414 127 225 61 820
498 58 225 61 820
219 97 221 62 821
273 104 221 62 821
168 112 225 62 821
538 111 223 62 821
265 135 246 62 821
782 73 221 62 821
554 127 221 62 821
29 129 226 62 821
421 129 228 62 821
360 122 227 62 821
414 128 230 62 821
625 100 231 62 821
135 125 225 62 821
445 115 222 62 821
100 73 222 63 822
273 105 231 63 822
265 136 235 63 822
782 74 222 63 822
554 128 222 63 822
421 130 221 63 822
520 129 231 63 822
264 133 222 63 822
414 129 228 63 822
625 101 221 63 822
663 127 224 63 822
168 114 221 64 823
265 137 235 64 823
67 65 223 64 823
782 75 227 64 823
554 129 224 64 823
29 131 221 64 823
515 79 227 64 823
227 54 222 64 823
421 131 226 64 823
360 124 222 64 823
414 130 233 64 823
625 102 225 64 823
663 128 226 65 824
498 61 223 65 824
273 107 227 65 824
168 115 223 65 824
265 138 235 65 824
782 76 223 65 824
67 66 221 65 824
554 130 223 65 824
421 132 224 65 824
520 131 225 65 824
360 125 223 65 824
414 131 233 65 824
663 129 223 66 825
265 139 226 66 825
168 116 224 66 825
276 112 224 66 825
682 134 222 66 825
421 133 228 66 825
520 132 225 66 825
360 126 229 66 825
414 132 229 66 825
625 104 222 66 825
663 130 224 67 826
273 109 223 67 826
538 116 225 67 826
265 140 228 67 826
168 117 222 67 826
32 109 221 67 826
67 68 221 67 826
554 132 223 67 826
682 135 222 67 826
520 133 226 67 826
32 110 224 67 826
130 127 222 67 826
264 137 224 67 826
360 127 222 67 826
625 105 225 67 826
691 122 222 68 827
498 64 224 68 827
663 131 221 68 827
538 117 225 68 827
168 118 225 68 827
264 138 226 68 827
360 128 231 68 827
414 134 221 68 827
770 129 223 69 828
168 119 222 69 828
265 142 233 69 828
782 80 225 69 828
67 70 224 69 828
554 134 225 69 828
421 136 227 69 828
520 135 222 69 828
360 129 221 69 828
414 135 246 69 828
135 132 223 69 828
663 133 221 70 829
265 143 231 70 829
67 71 221 70 829
219 4 224 70 829
515 85 227 70 829
421 137 227 70 829
32 113 222 70 829
360 130 221 70 829
625 108 224 70 829
414 136 229 70 829
663 134 224 71 830
100 81 223 71 830
168 121 221 71 830
265 144 224 71 830
782 82 224 71 830
276 117 222 71 830
541 132 225 71 830
219 5 223 71 830
515 86 221 71 830
421 138 227 71 830
520 137 224 71 830
360 131 227 71 830
264 141 223 71 830
414 137 223 71 830
538 121 222 72 831
265 145 236 72 831
276 118 222 72 831
782 83 226 72 831
67 73 223 72 831
593 129 221 72 831
219 6 223 72 831
547 140 223 72 831
32 115 221 72 831
520 138 225 72 831
360 132 225 72 831
625 110 223 72 831
414 138 223 72 831
663 136 223 73 832
265 146 238 73 832
782 84 227 73 832
67 74 225 73 832
29 140 222 73 832
421 140 227 73 832
391 63 221 73 832
75 34 223 73 832
360 133 234 73 832
414 139 229 73 832
135 136 223 74 833
168 124 221 74 833
265 147 225 74 833
782 85 222 74 833
541 135 225 74 833
67 75 224 74 833
554 139 223 74 833
29 141 221 74 833
391 64 227 74 833
32 117 224 74 833
421 141 223 74 833
520 140 230 74 833
75 35 223 74 833
227 64 223 74 833
264 144 225 74 833
360 134 224 74 833
414 140 231 74 833
498 71 228 75 834
265 148 230 75 834
134 133 222 75 834
276 121 225 75 834
782 86 221 75 834
67 76 228 75 834
758 133 221 75 834
29 142 221 75 834
219 9 226 75 834
391 65 221 75 834
520 141 223 75 834
227 65 222 75 834
360 135 221 75 834
414 141 222 75 834
663 139 221 76 835
770 136 221 76 835
265 149 225 76 835
276 122 225 76 835
391 66 222 76 835
520 142 227 76 835
360 136 227 76 835
414 142 223 76 835
135 139 223 77 836
538 126 225 77 836
168 127 223 77 836
265 150 233 77 836
682 145 225 77 836
421 144 223 77 836
360 137 224 77 836
135 140 222 78 837
265 151 235 78 837
414 144 225 78 837
265 152 236 79 838
67 80 226 79 838
554 144 225 79 838
32 122 224 79 838
130 139 222 79 838
360 139 231 79 838
625 117 225 79 838
414 145 233 79 838
538 129 227 80 839
276 126 222 80 839
168 130 233 80 839
265 153 232 80 839
67 81 227 80 839
219 14 224 80 839
360 140 225 80 839
414 146 236 80 839
538 130 227 81 840
168 131 235 81 840
265 154 221 81 840
67 82 225 81 840
554 146 225 81 840
515 96 223 81 840
391 71 228 81 840
360 141 226 81 840
625 119 221 81 840
265 155 228 82 841
67 83 222 82 841
219 16 225 82 841
421 149 229 82 841
520 148 224 82 841
32 125 221 82 841
360 142 226 82 841
498 79 226 82 841
663 146 231 83 842
782 94 227 83 842
265 156 231 83 842
168 133 222 83 842
67 84 228 83 842
554 148 231 83 842
219 17 225 83 842
421 150 225 83 842
360 143 225 83 842
625 121 222 83 842
414 149 237 83 842
538 133 221 84 843
782 95 225 84 843
168 134 222 84 843
265 157 235 84 843
67 85 229 84 843
554 149 224 84 843
515 99 225 84 843
391 74 226 84 843
219 18 223 84 843
360 144 223 84 843
625 122 221 84 843
122 88 223 84 843
86 114 225 84 843
498 81 221 84 843
67 86 225 85 844
520 151 227 85 844
227 75 223 85 844
264 155 225 85 844
360 145 225 85 844
414 151 222 85 844
273 128 221 85 844
498 82 224 85 844
538 135 221 86 845
265 159 225 86 845
67 87 224 86 845
391 76 221 86 845
520 152 226 86 845
360 146 221 86 845
414 152 227 86 845
498 83 223 86 845
782 98 222 87 846
554 152 223 87 846
67 88 223 87 846
520 153 221 87 846
264 157 226 87 846
360 147 227 87 846
770 148 221 87 846
168 138 224 88 847
265 161 225 88 847
520 154 227 88 847
360 148 224 88 847
414 154 237 89 848
498 85 225 89 848
663 152 222 89 848
538 138 223 89 848
168 139 222 89 848
265 162 233 89 848
554 154 222 89 848
227 79 223 89 848
520 155 232 89 848
264 159 227 89 848
625 127 224 89 848
498 86 225 90 849
414 155 235 90 849
663 153 229 90 849
538 139 224 90 849
782 101 222 90 849
265 163 231 90 849
67 91 222 90 849
554 155 221 90 849
29 157 221 90 849
520 156 222 90 849
625 128 223 90 849
135 153 223 90 849
86 120 221 90 849
414 156 225 91 850
663 154 222 91 850
782 102 223 91 850
265 164 222 91 850
520 157 226 91 850
264 161 225 91 850
625 129 224 91 850
414 157 226 92 851
84 156 221 92 851
782 103 225 92 851
67 93 222 92 851
520 158 227 92 851
264 162 228 92 851
625 130 227 92 851
414 158 225 93 852
84 157 221 93 852
782 104 224 93 852
67 94 222 93 852
135 156 223 93 852
498 90 225 94 853
663 157 225 94 853
414 159 232 94 853
168 144 225 94 853
265 167 227 94 853
67 95 222 94 853
554 159 225 94 853
515 109 225 94 853
391 84 227 94 853
520 160 230 94 853
360 154 224 94 853
625 132 221 94 853
414 160 225 95 854
663 158 227 95 854
538 144 223 95 854
782 106 227 95 854
84 159 222 95 854
265 168 222 95 854
67 96 223 95 854
219 29 221 95 854
520 161 221 95 854
360 155 221 95 854
663 159 222 96 855
414 161 225 96 855
538 145 221 96 855
782 107 222 96 855
168 146 227 96 855
67 97 221 96 855
682 164 221 96 855
515 111 224 96 855
32 139 221 96 855
391 86 225 96 855
520 162 226 96 855
360 156 225 96 855
498 93 221 97 856
663 160 231 97 856
414 162 224 97 856
782 108 223 97 856
168 147 224 97 856
265 170 228 97 856
67 98 223 97 856
682 165 223 97 856
391 87 224 97 856
520 163 229 97 856
360 157 227 97 856
663 161 226 98 857
273 140 224 98 857
414 163 238 98 857
265 171 232 98 857
67 99 226 98 857
29 165 222 98 857
515 113 227 98 857
219 32 221 98 857
520 164 233 98 857
264 168 236 98 857
360 158 227 98 857
414 164 225 99 858
498 95 227 99 858
265 172 227 99 858
67 100 223 99 858
29 166 223 99 858
515 114 225 99 858
391 89 221 99 858
520 165 227 99 858
360 159 224 99 858
625 137 222 99 858
273 142 223 100 859
414 165 233 100 859
538 149 222 100 859
100 110 221 100 859
782 111 223 100 859
67 101 231 100 859
265 173 237 100 859
421 167 223 100 859
520 166 222 100 859
264 170 233 100 859
360 160 227 100 859
498 97 225 100 859
100 111 221 101 860
67 102 231 101 860
265 174 237 101 860
360 161 222 101 860
122 105 221 101 860
86 131 221 101 860
498 98 222 101 860
414 167 231 101 860
538 151 227 102 861
276 148 223 102 861
782 113 227 102 861
168 152 225 102 861
67 103 226 102 861
265 175 230 102 861
520 168 231 102 861
227 92 227 102 861
625 140 222 102 861
135 165 223 102 861
498 99 228 102 861
663 166 225 103 862
273 145 222 103 862
538 152 221 103 862
168 153 224 103 862
782 114 223 103 862
67 104 225 103 862
29 170 225 103 862
421 170 221 103 862
391 93 225 103 862
520 169 221 103 862
625 141 225 103 862
498 100 227 103 862
414 169 221 104 863
663 167 227 104 863
538 153 221 104 863
276 150 223 104 863
782 115 224 104 863
541 165 224 104 863
67 105 223 104 863
265 177 235 104 863
391 94 223 104 863
498 101 221 105 864
414 170 227 105 864
663 168 222 105 864
782 116 223 105 864
265 178 225 105 864
29 172 222 105 864
391 95 221 105 864
520 171 222 105 864
360 165 223 105 864
414 171 221 106 865
663 169 222 106 865
276 152 221 106 865
538 155 222 106 865
782 117 224 106 865
541 167 223 106 865
67 107 225 106 865
265 179 231 106 865
29 173 222 106 865
554 171 221 106 865
520 172 225 106 865
391 96 226 106 865
264 176 229 106 865
130 166 222 106 865
360 166 229 106 865
770 167 224 106 865
498 103 222 107 866
414 172 227 107 866
663 170 231 107 866
100 117 222 107 866
265 180 231 107 866
67 108 225 107 866
29 174 224 107 866
520 173 223 107 866
264 177 227 107 866
625 145 222 107 866
360 167 227 107 866
498 104 223 108 867
663 171 224 108 867
414 173 239 108 867
276 154 222 108 867
538 157 223 108 867
682 176 223 108 867
29 175 221 108 867
421 175 222 108 867
520 174 221 108 867
360 168 233 108 867
770 169 221 108 867
498 105 227 109 868
168 159 222 109 868
265 182 235 109 868
67 110 223 109 868
515 124 221 109 868
445 162 223 109 868
273 152 221 110 869
498 106 225 110 869
538 159 224 110 869
782 121 226 110 869
265 183 222 110 869
541 171 221 110 869
67 111 223 110 869
29 177 221 110 869
520 176 221 110 869
360 170 229 110 869
498 107 223 111 870
100 121 221 111 870
782 122 225 111 870
265 184 235 111 870
515 126 221 111 870
32 153 221 111 870
520 177 229 111 870
264 181 227 111 870
360 171 224 111 870
625 149 225 111 870
445 164 221 112 871
414 177 221 112 871
265 185 233 112 871
421 179 221 112 871
391 102 222 112 871
219 46 223 112 871
360 172 222 112 871
414 178 223 113 872
168 163 227 113 872
538 162 221 113 872
782 124 223 113 872
554 178 221 113 872
360 173 224 113 872
625 151 227 113 872
414 179 227 114 873
782 125 224 114 873
265 187 231 114 873
67 115 223 114 873
547 182 221 114 873
421 181 226 114 873
520 180 221 114 873
227 104 224 114 873
770 175 221 114 873
86 144 222 115 874
168 165 222 115 874
538 164 221 115 874
265 188 225 115 874
67 116 226 115 874
360 175 222 115 874
168 166 224 116 875
265 189 231 116 875
515 131 222 116 875
421 183 221 116 875
360 176 227 116 875
414 182 239 117 876
276 163 222 117 876
538 166 226 117 876
134 175 222 117 876
265 190 226 117 876
67 118 224 117 876
515 132 221 117 876
391 107 221 117 876
47 176 221 117 876
360 177 222 117 876
625 155 227 117 876
414 183 227 118 877
538 167 224 118 877
782 129 228 118 877
265 191 231 118 877
67 119 223 118 877
219 52 221 118 877
360 178 222 118 877
273 161 223 119 878
414 184 237 119 878
498 115 221 119 878
168 169 224 119 878
782 130 221 119 878
265 192 233 119 878
67 120 227 119 878
758 177 223 119 878
29 186 221 119 878
682 187 222 119 878
520 185 225 119 878
360 179 225 119 878
498 116 221 120 879
273 162 223 120 879
100 130 221 120 879
84 184 221 120 879
168 170 225 120 879
67 121 229 120 879
265 193 225 120 879
29 187 221 120 879
391 110 225 120 879
47 179 221 120 879
421 187 224 120 879
414 186 225 121 880
538 170 221 121 880
67 122 224 121 880
265 194 229 121 880
421 188 221 121 880
264 191 223 121 880
520 187 223 121 880
360 181 226 121 880
538 171 221 122 881
67 123 224 122 881
782 133 221 122 881
265 195 227 122 881
29 189 223 122 881
515 137 224 122 881
554 187 225 122 881
391 112 227 122 881
520 188 233 122 881
625 160 221 122 881
360 182 227 122 881
414 188 228 123 882
100 133 224 123 882
168 173 223 123 882
67 124 223 123 882
265 196 233 123 882
682 191 223 123 882
520 189 223 123 882
264 193 225 123 882
625 161 221 123 882
360 183 224 123 882
414 189 221 124 883
67 125 224 124 883
265 197 226 124 883
682 192 221 124 883
547 192 221 124 883
520 190 226 124 883
264 194 226 124 883
625 162 224 124 883
360 184 225 124 883
100 135 222 125 884
67 126 224 125 884
265 198 232 125 884
264 195 227 125 884
360 185 225 125 884
265 199 224 126 885
520 192 222 126 885
625 164 221 126 885
360 186 225 126 885
414 192 226 127 886
538 176 224 127 886
168 177 225 127 886
541 188 221 127 886
265 200 234 127 886
758 185 221 127 886
29 194 223 127 886
515 142 222 127 886
391 117 222 127 886
520 193 233 127 886
625 165 223 127 886
360 187 221 127 886
276 174 222 128 887
265 201 233 128 887
682 196 223 128 887
29 195 222 128 887
515 143 225 128 887
264 198 233 128 887
770 189 221 128 887
122 132 223 128 887
663 192 221 129 888
414 194 231 129 888
498 125 221 129 888
538 178 221 129 888
67 130 221 129 888
265 202 232 129 888
219 63 223 129 888
520 195 228 129 888
625 167 225 129 888
663 193 224 130 889
414 195 239 130 889
498 126 224 130 889
100 140 221 130 889
538 179 227 130 889
782 141 233 130 889
265 203 232 130 889
554 195 223 130 889
547 198 222 130 889
219 64 224 130 889
32 173 223 130 889
520 196 221 130 889
625 168 227 130 889
135 193 222 130 889
360 190 222 130 889
86 160 221 131 890
276 177 221 131 890
498 127 224 131 890
538 180 221 131 890
782 142 231 131 890
554 196 221 131 890
421 198 225 131 890
520 197 227 131 890
264 201 223 131 890
360 191 227 131 890
414 197 225 132 891
538 181 223 132 891
782 143 226 132 891
168 182 233 132 891
67 133 223 132 891
265 205 235 132 891
515 147 223 132 891
219 66 223 132 891
354 88 221 132 891
421 199 226 132 891
264 202 221 132 891
520 198 231 132 891
273 175 223 133 892
414 198 227 133 892
782 144 227 133 892
67 134 227 133 892
265 206 227 133 892
47 192 221 133 892
264 203 221 133 892
770 194 221 133 892
520 199 231 133 892
625 171 224 133 892
414 199 221 134 893
168 184 231 134 893
84 198 221 134 893
782 145 234 134 893
67 135 223 134 893
265 207 237 134 893
515 149 224 134 893
554 199 223 134 893
391 124 223 134 893
520 200 223 134 893
625 172 223 134 893
360 194 223 135 894
663 198 221 135 894
414 200 231 135 894
782 146 225 135 894
67 136 225 135 894
265 208 225 135 894
29 202 221 135 894
219 69 223 135 894
360 195 227 136 895
414 201 222 136 895
538 185 221 136 895
782 147 221 136 895
67 137 222 136 895
265 209 230 136 895
554 201 221 136 895
520 202 226 136 895
360 196 228 137 896
414 202 225 137 896
554 202 221 137 896
547 205 222 137 896
520 203 224 137 896
360 197 229 138 897
414 203 235 138 897
168 188 224 138 897
782 149 226 138 897
67 139 228 138 897
391 128 222 138 897
421 205 221 138 897
227 128 221 138 897
625 176 223 138 897
498 135 225 139 898
414 204 234 139 898
538 188 225 139 898
168 189 229 139 898
67 140 221 139 898
391 129 223 139 898
554 204 233 139 898
421 206 227 139 898
520 205 225 139 898
770 200 222 139 898
498 136 225 139 898
663 203 222 140 899
360 199 228 140 899
414 205 236 140 899
168 190 225 140 899
265 213 228 140 899
391 130 222 140 899
554 205 227 140 899
219 74 223 140 899
421 207 225 140 899
520 206 221 140 899
273 183 227 141 900
360 200 222 141 900
414 206 237 141 900
100 151 221 141 900
168 191 226 141 900
67 142 223 141 900
391 131 221 141 900
554 206 225 141 900
520 207 225 141 900
264 211 221 141 900
625 179 225 141 900
770 202 224 141 900
360 201 225 142 901
414 207 233 142 901
498 138 224 142 901
538 191 222 142 901
265 215 223 142 901
554 207 224 142 901
264 212 225 142 901
520 208 225 142 901
227 132 223 142 901
360 202 225 143 902
414 208 231 143 902
100 153 223 143 902
782 154 221 143 902
67 144 226 143 902
265 216 228 143 902
391 133 222 143 902
554 208 223 143 902
264 213 221 143 902
227 133 221 143 902
520 209 225 143 902
538 193 223 144 903
265 217 233 144 903
391 134 227 144 903
554 209 233 144 903
264 214 221 144 903
520 210 224 144 903
227 134 222 144 903
360 204 230 145 904
414 210 231 145 904
663 208 231 145 904
538 194 223 145 904
782 156 223 145 904
168 195 232 145 904
67 146 223 145 904
391 135 222 145 904
554 210 224 145 904
264 215 221 145 904
520 211 227 145 904
414 211 233 146 905
663 209 232 146 905
168 196 223 146 905
541 207 221 146 905
265 219 233 146 905
219 80 222 146 905
391 136 226 146 905
554 211 223 146 905
421 213 225 146 905
520 212 226 146 905
360 206 224 147 906
498 143 223 147 906
67 148 225 147 906
265 220 226 147 906
515 162 223 147 906
219 81 225 147 906
554 212 222 147 906
47 206 225 147 906
520 213 226 147 906
32 190 222 147 906
360 207 225 148 907
782 159 223 148 907
265 221 228 148 907
515 163 223 148 907
520 214 225 148 907
414 214 222 149 908
265 222 223 149 908
554 214 221 149 908
414 215 223 150 909
67 151 221 150 909
265 223 225 150 909
554 215 228 150 909
520 216 224 150 909
625 188 222 150 909
414 216 236 151 910
663 214 232 151 910
360 210 232 151 910
273 193 222 151 910
498 147 223 151 910
168 201 227 151 910
265 224 241 151 910
219 85 223 151 910
515 166 222 151 910
391 141 221 151 910
354 107 221 151 910
554 216 225 151 910
520 217 231 151 910
135 214 225 151 910
414 217 240 152 911
663 215 231 152 911
360 211 227 152 911
498 148 223 152 911
782 163 230 152 911
67 153 223 152 911
265 225 242 152 911
219 86 226 152 911
354 108 222 152 911
547 220 221 152 911
520 218 221 152 911
32 195 221 152 911
264 222 227 152 911
227 142 221 152 911
135 215 222 153 912
414 218 221 153 912
360 212 227 153 912
265 226 224 153 912
515 168 222 153 912
554 218 221 153 912
421 220 225 153 912
264 223 224 153 912
414 219 222 154 913
360 213 227 154 913
265 227 231 154 913
515 169 223 154 913
554 219 224 154 913
520 220 225 154 913
264 224 223 154 913
86 184 221 154 913
414 220 223 155 914
515 170 227 155 914
391 145 221 155 914
554 220 223 155 914
421 222 223 155 914
520 221 224 155 914
625 193 225 155 914
122 159 222 156 915
445 208 224 156 915
663 219 233 156 915
414 221 234 156 915
360 215 228 156 915
498 152 223 156 915
168 206 227 156 915
479 110 221 156 915
782 167 232 156 915
265 229 222 156 915
515 171 225 156 915
391 146 227 156 915
554 221 227 156 915
421 223 224 156 915
520 222 229 156 915
414 222 233 157 916
663 220 231 157 916
360 216 225 157 916
273 199 221 157 916
168 207 225 157 916
782 168 229 157 916
265 230 239 157 916
421 224 227 157 916
264 227 228 157 916
414 223 223 158 917
360 217 227 158 917
782 169 224 158 917
67 159 224 158 917
265 231 225 158 917
515 173 222 158 917
625 196 222 158 917
135 221 226 159 918
100 169 221 159 918
273 201 223 159 918
75 119 221 159 918
168 209 222 159 918
67 160 224 159 918
29 226 222 159 918
86 189 221 159 918
414 225 223 160 919
360 219 223 160 919
168 210 221 160 919
479 114 221 160 919
265 233 223 160 919
554 225 231 160 919
265 234 224 161 920
554 226 225 161 920
520 227 224 161 920
100 172 221 162 921
265 235 226 162 921
554 227 227 162 921
520 228 223 162 921
135 225 222 163 922
360 222 233 163 922
498 159 225 163 922
541 224 222 163 922
265 236 222 163 922
421 230 225 163 922
360 223 227 164 923
538 213 231 164 923
168 214 221 164 923
782 175 227 164 923
682 232 223 164 923
219 98 224 164 923
265 237 237 164 923
515 179 225 164 923
47 223 221 164 923
421 231 222 164 923
360 224 226 165 924
538 214 225 165 924
168 215 227 165 924
782 176 225 165 924
67 166 231 165 924
265 238 221 165 924
554 230 228 165 924
421 232 221 165 924
520 231 227 165 924
414 231 229 166 925
360 225 230 166 925
538 215 234 166 925
782 177 227 166 925
219 100 221 166 925
265 239 225 166 925
554 231 223 166 925
264 236 221 167 926
414 232 240 167 926
360 226 231 167 926
498 163 222 167 926
538 216 229 167 926
782 178 227 167 926
682 235 221 167 926
219 101 222 167 926
265 240 223 167 926
554 232 221 167 926
625 205 221 167 926
227 157 221 168 927
264 237 221 168 927
360 227 228 168 927
75 128 221 168 927
273 210 222 168 927
498 164 222 168 927
168 218 231 168 927
538 217 224 168 927
782 179 224 168 927
67 169 222 168 927
682 236 221 168 927
265 241 232 168 927
554 233 224 168 927
414 234 223 169 928
360 228 231 169 928
168 219 228 169 928
538 218 226 169 928
782 180 221 169 928
67 170 223 169 928
265 242 232 169 928
515 184 223 169 928
554 234 225 169 928
421 236 221 169 928
520 235 225 169 928
227 159 222 170 929
414 235 224 170 929
360 229 227 170 929
273 212 223 170 929
168 220 222 170 929
782 181 227 170 929
67 171 224 170 929
265 243 223 170 929
67 172 221 171 930
265 244 227 171 930
625 209 224 171 930
770 232 225 171 930
520 237 223 171 930
360 231 223 172 931
414 237 237 172 931
498 168 221 172 931
554 237 233 172 931
421 239 221 172 931
770 233 222 172 931
520 238 223 172 931
360 232 229 173 932
414 238 224 173 932
265 246 223 173 932
554 238 232 173 932
520 239 227 173 932
360 233 229 174 933
414 239 224 174 933
168 224 221 174 933
541 235 221 174 933
265 247 225 174 933
554 239 223 174 933
625 212 225 174 933
520 240 227 174 933
276 221 221 174 933
360 234 223 175 934
414 240 241 175 934
100 185 221 175 934
538 224 227 175 934
782 186 227 175 934
265 248 232 175 934
29 242 221 175 934
625 213 224 175 934
421 242 221 175 934
520 241 222 175 934
414 241 239 176 935
100 186 222 176 935
538 225 225 176 935
782 187 227 176 935
265 249 237 176 935
219 110 226 176 935
554 241 234 176 935
421 243 226 176 935
360 236 223 177 936
414 242 221 177 936
265 250 234 177 936
67 178 221 177 936
554 242 227 177 936
360 237 227 178 937
414 243 221 178 937
168 228 223 178 937
554 243 227 178 937
86 208 221 178 937
360 238 223 178 937
122 182 221 179 938
273 221 224 179 938
414 244 229 179 938
168 229 226 179 938
538 228 225 179 938
265 252 233 179 938
219 113 221 179 938
554 244 227 179 938
520 245 229 179 938
360 239 225 179 938
414 245 223 180 939
782 191 221 180 939
265 253 225 180 939
29 247 221 180 939
391 170 222 180 939
515 195 227 180 939
554 245 225 180 939
625 218 222 180 939
421 247 223 180 939
520 246 223 180 939
663 244 222 180 939
360 240 222 180 939
273 223 225 181 940
414 246 230 181 940
782 192 223 181 940
265 254 227 181 940
29 248 222 181 940
391 171 225 181 940
554 246 227 181 940
421 248 225 181 940
520 247 229 181 940
663 245 232 181 940
360 241 223 181 940
273 224 224 182 941
782 193 223 182 941
265 255 231 182 941
682 250 221 182 941
391 172 224 182 941
554 247 225 182 941
421 249 223 182 941
520 248 227 182 941
360 242 231 182 941
663 246 233 182 941
264 252 225 183 942
414 248 236 183 942
498 179 221 183 942
782 194 223 183 942
265 256 227 183 942
29 250 224 183 942
391 173 224 183 942
554 248 224 183 942
221 248 221 183 942
421 250 225 183 942
520 249 221 183 942
663 247 228 183 942
122 187 222 184 943
273 226 225 184 943
782 195 227 184 943
265 257 229 184 943
29 251 223 184 943
515 199 221 184 943
391 174 226 184 943
625 222 222 184 943
421 251 227 184 943
520 250 227 184 943
360 244 223 185 944
135 247 223 185 944
273 227 223 185 944
538 234 221 185 944
168 235 227 185 944
498 181 227 185 944
265 258 221 185 944
67 186 225 185 944
391 175 224 185 944
421 252 223 185 944
770 246 222 185 944
520 251 227 185 944
663 249 223 185 944
360 245 225 186 945
264 255 227 186 945
273 228 223 186 945
414 251 229 186 945
168 236 226 186 945
498 182 225 186 945
782 197 228 186 945
265 259 232 186 945
67 187 225 186 945
29 253 221 186 945
391 176 223 186 945
421 253 226 186 945
663 250 222 186 945
520 252 225 187 946
264 256 225 187 946
414 252 221 187 946
75 147 221 187 946
498 183 223 187 946
67 188 221 187 946
391 177 223 187 946
32 230 221 187 946
663 251 226 187 946
360 247 227 188 947
487 237 221 188 947
168 238 229 188 947
498 184 224 188 947
265 261 232 188 947
67 189 223 188 947
682 256 222 188 947
391 178 224 188 947
554 253 224 188 947
276 235 221 188 947
520 254 227 188 947
663 252 222 189 948
135 251 224 189 948
360 248 224 189 948
273 231 221 189 948
414 254 223 189 948
227 178 221 189 948
782 200 222 189 948
265 262 225 189 948
67 190 221 189 948
29 256 221 189 948
554 254 222 189 948
520 255 221 190 949
663 253 222 190 949
360 249 223 190 949
414 255 225 190 949
265 263 227 190 949
219 124 228 190 949
391 180 222 190 949
770 251 221 190 949
520 256 227 191 950
360 250 227 191 950
273 233 221 191 950
264 260 221 191 950
538 240 223 191 950
414 256 229 191 950
498 187 225 191 950
782 202 234 191 950
265 264 233 191 950
391 181 227 191 950
625 229 223 191 950
421 258 225 191 950
770 252 222 191 950
520 257 233 192 951
663 255 221 192 951
360 251 221 192 951
538 241 226 192 951
168 242 225 192 951
498 188 223 192 951
782 203 225 192 951
265 265 233 192 951
67 193 223 192 951
391 182 225 192 951
554 257 225 192 951
520 258 231 193 952
629 174 223 193 952
663 256 226 193 952
360 252 229 193 952
538 242 222 193 952
414 258 227 193 952
227 182 222 193 952
168 243 222 193 952
498 189 223 193 952
782 204 229 193 952
67 194 226 193 952
265 266 237 193 952
276 240 222 193 952
554 258 223 193 952
421 260 221 193 952
520 259 223 194 953
360 253 223 194 953
67 195 221 194 953
265 267 226 194 953
29 261 223 194 953
391 184 230 194 953
520 260 225 195 954
663 258 225 195 954
360 254 225 195 954
264 264 221 195 954
414 260 225 195 954
168 245 221 195 954
265 268 232 195 954
29 262 222 195 954
219 129 221 195 954
391 185 223 195 954
625 233 221 195 954
554 260 223 195 954
414 261 221 196 955
782 207 221 196 955
265 269 234 196 955
67 197 222 196 955
625 234 223 196 955
421 263 227 196 955
554 261 232 196 955
360 256 226 197 956
414 262 224 197 956
168 247 221 197 956
498 193 223 197 956
265 270 235 197 956
515 212 223 197 956
625 235 225 197 956
276 244 223 197 956
554 262 227 197 956
360 257 226 197 956
520 263 225 197 956
782 209 221 198 957
265 271 235 198 957
515 213 227 198 957
554 263 229 198 957
360 258 227 199 958
520 264 221 199 958
414 264 225 199 958
265 272 234 199 958
67 200 223 199 958
554 264 227 199 958
520 265 223 200 959
414 265 221 200 959
479 154 222 200 959
265 273 223 200 959
554 265 228 200 959
520 266 223 201 960
414 266 221 201 960
265 274 225 201 960
67 202 224 201 960
554 266 227 201 960
520 267 221 202 961
265 275 225 202 961
554 267 235 202 961
414 268 228 203 962
168 253 221 203 962
265 276 225 203 962
421 270 222 203 962
360 263 225 204 963
414 269 242 204 963
520 269 235 204 963
538 253 226 204 963
168 254 229 204 963
100 214 221 204 963
265 277 241 204 963
782 215 235 204 963
758 262 221 204 963
219 138 222 204 963
554 269 227 204 963
421 271 223 205 964
360 264 222 205 964
520 270 233 205 964
538 254 222 205 964
414 270 242 205 964
168 255 233 205 964
265 278 238 205 964
782 216 230 205 964
219 139 224 205 964
276 252 222 205 964
554 270 231 205 964
421 272 226 206 965
360 265 227 206 965
414 271 231 206 965
520 271 228 206 965
538 255 225 206 965
168 256 222 206 965
265 279 233 206 965
67 207 222 206 965
782 217 229 206 965
554 271 226 206 965
520 272 229 207 966
414 272 234 207 966
538 256 229 207 966
168 257 223 207 966
67 208 227 207 966
782 218 233 207 966
265 280 233 207 966
391 197 224 207 966
625 245 224 207 966
554 272 225 207 966
770 268 221 207 966
130 267 221 207 966
421 274 225 208 967
360 267 227 208 967
520 273 227 208 967
414 273 228 208 967
663 271 225 208 967
168 258 226 208 967
782 219 223 208 967
265 281 225 208 967
554 273 227 208 967
421 275 223 208 967
520 274 227 209 968
414 274 240 209 968
663 272 223 209 968
168 259 225 209 968
498 205 225 209 968
782 220 223 209 968
265 282 227 209 968
554 274 223 209 968
421 276 221 210 969
520 275 229 210 969
360 269 226 210 969
414 275 221 210 969
538 259 223 210 969
168 260 225 210 969
782 221 231 210 969
391 200 223 210 969
625 248 221 210 969
770 271 224 210 969
554 275 225 210 969
421 277 223 211 970
360 270 224 211 970
520 276 223 211 970
414 276 227 211 970
663 274 225 211 970
538 260 221 211 970
168 261 224 211 970
498 207 222 211 970
265 284 225 211 970
219 145 221 211 970
554 276 225 211 970
360 271 232 212 971
520 277 225 212 971
227 201 226 212 971
168 262 221 212 971
498 208 226 212 971
265 285 222 212 971
541 273 221 212 971
360 272 225 213 972
520 278 224 213 972
498 209 224 213 972
265 286 233 213 972
782 224 227 213 972
520 279 221 214 973
265 287 227 214 973
782 225 228 214 973
625 252 223 214 973
360 274 227 215 974
520 280 223 215 974
265 288 233 215 974
782 226 226 215 974
360 275 228 216 975
663 279 222 216 975
520 281 224 216 975
265 289 227 216 975
782 227 225 216 975
360 276 227 217 976
663 280 227 217 976
520 282 223 217 976
265 290 232 217 976
782 228 225 217 976
758 275 221 217 976
360 277 227 218 977
168 268 221 218 977
782 229 222 218 977
360 278 227 219 978
520 284 225 219 978
265 292 230 219 978
782 230 221 219 978
391 209 221 219 978
360 279 223 220 979
168 270 227 220 979
67 221 221 220 979
276 267 225 220 979
554 285 223 220 979
414 286 236 220 979
360 280 225 221 980
273 263 229 221 980
663 284 230 221 980
520 286 225 221 980
168 271 224 221 980
265 294 235 221 980
84 285 223 221 980
625 259 227 221 980
414 287 231 221 980
360 281 233 222 981
273 264 222 222 981
663 285 223 222 981
264 291 221 222 981
538 271 223 222 981
520 287 225 222 981
67 223 225 222 981
782 233 222 222 981
682 290 223 222 981
770 2 226 222 981
625 260 224 222 981
414 288 237 222 981
421 289 229 222 981
520 288 227 223 982
168 273 231 223 982
67 224 229 223 982
534 292 225 223 982
421 290 223 224 983
264 293 226 224 983
663 287 224 224 983
75 184 225 224 983
168 274 231 224 983
758 282 223 224 983
219 158 225 224 983
581 296 222 224 983
554 289 224 224 983
276 271 225 224 983
264 294 223 225 984
663 288 227 225 984
360 284 225 225 984
487 274 226 225 984
520 290 224 225 984
75 185 237 225 984
227 214 221 225 984
168 275 231 225 984
498 221 232 225 984
84 289 227 225 984
541 286 227 225 984
355 3 221 225 984
219 159 222 225 984
515 240 223 225 984
381 289 226 226 985
75 186 229 226 985
227 215 222 226 985
411 183 221 226 985
67 227 224 226 985
691 67 226 226 985
515 241 225 226 985
520 292 225 227 986
381 1 221 227 986
391 217 222 227 986
770 7 227 227 986
89 297 222 227 986
130 287 227 227 986
629 209 231 227 986
421 294 221 227 986
464 294 225 227 986
122 231 227 227 986
663 291 223 228 987
159 5 229 228 987
445 280 223 228 987
360 287 225 228 987
370 291 225 228 987
535 239 226 228 987
84 292 226 228 987
758 286 228 228 987
89 298 227 228 987
534 297 241 228 987
414 294 234 228 987
159 6 223 228 987
100 1 248 228 987
663 292 221 229 988
360 288 224 229 988
168 279 232 229 988
535 240 221 229 988
758 287 221 229 988
515 244 229 229 988
682 297 222 229 988
100 2 224 230 989
360 289 230 230 989
89 299 229 230 989
75 190 223 230 989
168 280 241 230 989
479 184 226 230 989
547 298 239 230 989
515 245 223 230 989
534 299 246 230 989
276 277 223 230 989
354 186 233 230 989
629 212 223 230 989
663 294 225 231 990
264 300 221 231 990
520 296 222 231 990
75 191 229 231 990
227 220 221 231 990
168 281 247 231 990
355 9 221 231 990
547 299 238 231 990
515 246 223 231 990
534 300 241 231 990
414 297 227 231 990
122 235 221 231 990
663 295 226 232 991
75 192 236 232 991
168 282 242 232 991
355 10 235 232 991
515 247 237 232 991
89 302 223 232 991
770 12 225 232 991
414 298 223 232 991
534 301 241 232 991
625 270 221 232 991
629 214 225 232 991
663 296 241 233 992
445 285 221 233 992
360 292 245 233 992
227 222 223 233 992
535 244 225 233 992
168 283 229 233 992
498 229 221 233 992
100 6 232 233 992
168 284 230 234 993
265 307 230 234 993
134 292 221 234 993
264 3 225 234 993
168 285 235 235 994
593 292 221 235 994
498 231 222 235 994
354 191 229 235 994
35 247 227 236 995
89 306 234 236 995
32 279 223 236 995
421 303 233 236 995
86 266 223 236 995
100 9 224 236 995
487 286 221 237 996
520 302 224 237 996
168 287 227 237 996
541 6 225 237 996
381 11 221 237 996
29 304 237 237 996
89 307 223 237 996
219 171 225 237 996
682 305 224 237 996
554 302 223 237 996
32 280 238 237 996
421 304 221 237 996
35 249 225 237 996
370 301 221 238 997
538 287 230 238 997
487 287 226 238 997
520 303 221 238 997
168 288 233 238 997
691 79 221 238 997
45 298 227 238 997
134 296 221 238 997
29 305 228 238 997
89 308 223 238 997
682 306 223 238 997
464 305 223 238 997
168 289 221 239 998
219 173 221 239 998
534 308 230 239 998
414 305 232 239 998
159 17 224 239 998
445 292 227 240 999
538 289 225 240 999
168 290 226 240 999
593 297 225 240 999
84 304 226 240 999
355 18 225 240 999
541 9 231 240 999
479 194 222 240 999
75 8 223 240 999
221 305 229 240 999
515 255 221 240 999
354 196 223 240 999
130 300 227 240 999
32 283 228 240 999
534 309 229 240 999
421 307 223 240 999
629 222 223 240 999
414 306 221 240 999
159 18 221 240 999
35 252 225 240 999
168 291 221 241 1000
766 327 235 241 1000
682 309 223 241 1000
534 310 223 241 1000
403 305 230 242 1001
391 232 223 242 1001
682 310 225 242 1001
534 311 236 242 1001
168 293 231 243 1002
782 254 223 243 1002
391 233 222 243 1002
534 312 248 243 1002
168 294 240 244 1003
168 295 248 245 1004
534 314 241 245 1004
168 296 241 246 1005
629 228 223 246 1005
534 315 235 246 1005
663 310 221 246 1005
168 297 246 247 1006
168 298 250 248 1007
391 238 228 248 1007
534 317 245 248 1007
629 230 221 248 1007
663 312 223 248 1007
168 299 246 249 1008
479 203 227 249 1008
391 239 234 249 1008
682 317 226 249 1008
534 318 246 249 1008
629 231 235 249 1008
663 313 224 249 1008
370 313 222 250 1009
168 300 225 250 1009
534 319 243 250 1009
100 23 221 250 1009
534 320 243 251 1010
663 315 223 251 1010
464 318 221 251 1010
168 302 237 252 1011
168 303 243 253 1012
219 187 222 253 1012
391 243 221 253 1012
29 320 231 253 1012
534 322 237 253 1012
168 304 229 254 1013
541 23 226 254 1013
29 321 223 254 1013
391 244 228 254 1013
682 322 226 254 1013
534 323 241 254 1013
629 236 228 254 1013
168 305 227 255 1014
265 328 225 255 1014
541 24 226 255 1014
45 315 221 255 1014
682 323 224 255 1014
534 324 255 255 1014
538 305 221 255 1014
663 319 227 255 1014
168 306 240 256 1015
535 267 223 256 1015
554 321 227 256 1015
534 325 249 256 1015
487 16 223 256 1015
168 307 249 257 1016
498 253 222 257 1016
354 213 224 257 1016
534 326 241 257 1016
487 17 229 257 1016
593 4 221 258 1017
168 308 240 258 1017
67 259 229 258 1017
265 331 223 258 1017
86 18 231 258 1017
45 318 235 258 1017
130 318 223 258 1017
534 327 224 258 1017
168 310 231 260 1019
534 329 233 260 1019
534 330 229 261 1020
185 329 226 262 1021
168 312 221 262 1021
498 258 223 262 1021
534 331 230 262 1021
416 325 222 263 1022
168 313 231 263 1022
685 308 233 263 1022
534 332 241 263 1022
303 320 227 264 1023
501 298 224 264 1023
409 254 227 264 1023
329 264 223 264 1023
125 337 232 265 1024
565 331 232 266 1025
125 338 222 266 1025
309 322 223 267 1026
469 326 221 267 1026
125 339 225 267 1026
761 329 222 267 1026
309 323 223 268 1027
232 288 229 268 1027
761 331 227 269 1028
565 335 225 270 1029
761 332 224 270 1029
309 326 223 271 1030
232 291 221 271 1030
469 330 222 271 1030
489 278 233 271 1030
100 44 225 272 1031
134 25 228 272 1031
565 337 221 272 1031
469 331 225 272 1031
125 344 221 272 1031
134 26 229 273 1032
232 293 221 273 1032
125 345 227 273 1032
761 335 233 273 1032
134 27 227 274 1033
565 339 224 274 1033
761 336 231 274 1033
489 281 221 274 1033
570 18 225 275 1034
134 28 227 275 1034
565 340 223 275 1034
658 342 221 275 1034
761 337 222 275 1034
489 282 225 275 1034
134 29 225 276 1035
309 331 226 276 1035
565 341 221 276 1035
489 283 225 277 1036
100 49 225 277 1036
134 30 229 277 1036
205 60 227 277 1036
565 342 224 277 1036
232 297 223 277 1036
469 336 225 277 1036
125 349 227 277 1036
761 339 221 277 1036
570 21 224 278 1037
232 298 221 278 1037
658 345 221 278 1037
761 340 221 278 1037
489 285 222 278 1037
100 51 225 279 1038
134 32 223 279 1038
232 299 222 279 1038
761 341 221 279 1038
489 286 229 280 1039
570 23 222 280 1039
100 52 222 280 1039
134 33 225 280 1039
232 300 221 280 1039
125 352 223 280 1039
761 342 222 280 1039
489 287 225 281 1040
570 24 225 281 1040
100 53 234 281 1040
134 34 221 281 1040
125 353 225 281 1040
761 343 221 281 1040
489 288 225 282 1041
570 25 226 282 1041
100 54 227 282 1041
125 354 233 282 1041
489 289 226 283 1042
570 26 226 283 1042
100 55 231 283 1042
134 36 233 283 1042
309 338 224 283 1042
489 290 224 284 1043
489 291 225 285 1044
570 28 227 285 1044
100 57 229 285 1044
309 340 223 285 1044
205 68 227 285 1044
232 305 223 285 1044
489 292 222 286 1045
570 29 227 286 1045
100 58 233 286 1045
134 39 223 286 1045
205 69 226 286 1045
570 30 225 287 1046
100 59 229 287 1046
134 40 227 287 1046
469 346 221 287 1046
125 359 228 287 1046
100 60 223 288 1047
134 41 221 288 1047
205 71 221 288 1047
125 360 226 288 1047
489 295 223 289 1048
100 61 229 289 1048
134 42 239 289 1048
205 72 221 289 1048
469 348 224 289 1048
125 361 227 289 1048
570 33 227 290 1049
100 62 223 290 1049
134 43 237 290 1049
125 362 226 290 1049
134 44 233 291 1050
469 350 223 291 1050
489 298 223 292 1051
100 64 231 292 1051
134 45 237 292 1051
309 347 227 292 1051
489 299 224 293 1052
570 36 235 293 1052
134 46 233 293 1052
565 358 223 293 1052
125 365 225 293 1052
489 300 224 294 1053
100 66 234 294 1053
134 47 237 294 1053
570 37 227 294 1053
125 366 227 294 1053
489 301 223 295 1054
100 67 237 295 1054
134 48 239 295 1054
570 38 227 295 1054
205 78 226 295 1054
125 367 224 295 1054
622 450 222 295 1054
761 357 221 295 1054
489 302 224 296 1055
100 68 235 296 1055
134 49 237 296 1055
570 39 221 296 1055
205 79 226 296 1055
125 368 223 296 1055
489 303 227 297 1056
100 69 237 297 1056
570 40 227 297 1056
134 50 237 297 1056
125 369 224 297 1056
100 70 239 298 1057
469 357 223 298 1057
100 71 225 299 1058
100 72 234 300 1059
570 43 225 300 1059
309 355 221 300 1059
159 78 221 300 1059
100 73 235 301 1060
570 44 237 301 1060
159 79 222 301 1060
100 74 232 302 1061
570 45 229 302 1061
100 75 227 303 1062
570 46 226 303 1062
134 56 225 303 1062
469 362 221 303 1062
761 365 223 303 1062
100 76 227 304 1063
570 47 231 304 1063
565 369 221 304 1063
232 324 224 304 1063
489 311 221 305 1064
570 48 225 305 1064
309 360 222 305 1064
100 78 227 306 1065
134 59 221 306 1065
469 365 225 306 1065
100 79 231 307 1066
134 60 225 307 1066
489 314 223 308 1067
100 80 233 308 1067
134 61 223 308 1067
570 51 234 308 1067
309 363 222 308 1067
100 81 227 309 1068
100 82 225 310 1069
570 53 227 310 1069
134 64 231 311 1070
570 54 221 311 1070
761 373 221 311 1070
570 55 224 312 1071
570 56 225 313 1072
658 380 222 313 1072
761 376 221 314 1073
100 87 225 315 1074
570 59 225 316 1075
100 88 227 316 1075
125 389 221 317 1076
159 95 222 317 1076
100 91 221 319 1078
134 80 221 327 1086
232 347 221 327 1086
134 81 225 328 1087
232 348 225 328 1087
134 82 233 329 1088
134 83 234 330 1089
134 84 223 331 1090
134 85 227 332 1091
159 111 225 333 1092
134 87 231 334 1093
205 117 221 334 1093
232 355 223 335 1094
134 89 227 336 1095
205 120 224 337 1096
134 90 227 337 1096
134 91 229 338 1097
205 121 225 338 1097
134 92 237 339 1098
134 93 247 340 1099
205 123 223 340 1099
489 347 225 341 1100
570 84 223 341 1100
134 94 225 341 1100
469 400 223 341 1100
125 413 233 341 1100
134 95 237 342 1101
205 125 228 342 1101
125 414 223 342 1101
489 349 224 343 1102
134 96 234 343 1102
205 126 221 343 1102
164 2 221 343 1102
100 116 228 344 1103
159 122 223 344 1103
570 88 221 345 1104
134 98 227 345 1104
232 365 221 345 1104
570 89 223 346 1105
134 99 235 346 1105
100 118 239 346 1105
232 366 223 346 1105
205 130 223 347 1106
134 100 231 347 1106
309 402 221 347 1106
100 119 233 347 1106
232 367 222 347 1106
134 101 231 348 1107
205 131 221 348 1107
570 91 225 348 1107
309 403 223 348 1107
100 120 228 348 1107
232 368 221 348 1107
134 102 237 349 1108
570 92 222 349 1108
100 121 232 349 1108
134 103 225 350 1109
205 133 227 350 1109
100 122 232 350 1109
134 104 223 351 1110
100 123 228 351 1110
100 124 231 352 1111
205 136 227 353 1112
100 125 229 353 1112
134 107 221 354 1113
205 137 226 354 1113
100 126 227 354 1113
134 108 223 355 1114
570 98 227 355 1114
100 127 227 355 1114
232 375 223 355 1114
100 128 231 356 1115
134 110 222 357 1116
570 100 223 357 1116
100 129 229 357 1116
232 377 223 357 1116
159 135 224 357 1116
134 111 231 358 1117
100 130 230 358 1117
232 378 223 358 1117
159 136 225 358 1117
134 112 231 359 1118
100 131 229 359 1118
205 142 231 359 1118
134 113 230 360 1119
100 132 229 360 1119
232 380 227 360 1119
134 114 231 361 1120
100 133 231 361 1120
232 381 223 361 1120
159 139 221 361 1120
232 382 227 362 1121
134 116 223 363 1122
570 106 225 363 1122
232 383 224 363 1122
134 117 223 364 1123
134 118 221 365 1124
570 108 225 365 1124
159 143 223 365 1124
134 119 222 366 1125
570 109 225 366 1125
205 149 223 366 1125
309 421 224 366 1125
570 110 222 367 1126
309 422 225 367 1126
469 426 221 367 1126
570 111 225 368 1127
570 112 225 369 1128
134 122 224 369 1128
125 443 222 371 1130
570 115 222 372 1131
134 129 225 376 1135
570 121 223 378 1137
134 131 223 378 1137
134 132 227 379 1138
570 123 221 380 1139
134 135 225 382 1141
134 137 225 384 1143
469 443 221 384 1143
205 170 222 387 1146
134 141 224 388 1147
205 171 226 388 1147
134 142 230 389 1148
570 133 223 390 1149
134 143 236 390 1149
134 144 224 391 1150
469 450 223 391 1150
159 172 223 394 1153
570 140 223 397 1156
134 151 221 398 1157
100 182 221 410 1169
134 163 223 410 1169
100 183 223 411 1170
100 185 229 413 1172
134 168 223 415 1174
134 170 225 417 1176
100 208 233 436 1195
761 500 224 438 1197
134 192 223 439 1198
205 222 225 439 1198
570 184 225 441 1200
100 213 221 441 1200
134 194 225 441 1200
570 185 225 442 1201
100 214 221 442 1201
761 504 223 442 1201
232 26 223 443 1202
134 196 237 443 1202
205 226 225 443 1202
100 216 221 444 1203
164 30 221 444 1203
205 227 223 444 1203
134 197 235 444 1203
134 198 237 445 1204
489 452 223 446 1205
205 229 223 446 1205
134 199 234 446 1205
761 508 229 446 1205
232 30 223 447 1206
134 200 243 447 1206
761 509 227 447 1206
489 454 223 448 1207
232 31 222 448 1207
309 503 226 448 1207
134 201 233 448 1207
761 510 224 448 1207
489 455 222 449 1208
100 221 235 449 1208
134 202 225 449 1208
134 203 235 450 1209
134 204 224 451 1210
134 205 231 452 1211
489 459 224 453 1212
232 36 222 453 1212
159 231 224 453 1212
309 5 225 456 1215
761 518 221 456 1215
134 211 226 458 1217
134 212 222 459 1218
232 43 221 460 1219
125 532 234 460 1219
159 238 221 460 1219
134 214 223 461 1220
134 215 221 462 1221
134 217 228 464 1223
761 526 223 464 1223
134 218 227 465 1224
232 49 221 466 1225
469 525 222 466 1225
134 219 235 466 1225
761 528 223 466 1225
134 220 228 467 1226
761 529 226 467 1226
100 240 237 468 1227
134 221 235 468 1227
761 530 225 468 1227
100 241 227 469 1228
205 252 223 469 1228
134 222 237 469 1228
100 242 228 470 1229
134 223 235 470 1229
100 243 235 471 1230
205 254 222 471 1230
134 224 239 471 1230
100 244 231 472 1231
134 225 242 472 1231
100 245 232 473 1232
134 226 245 473 1232
125 545 221 473 1232
100 246 233 474 1233
134 227 246 474 1233
100 247 233 475 1234
469 534 222 475 1234
134 228 243 475 1234
100 248 229 476 1235
134 229 247 476 1235
134 230 246 477 1236
134 231 248 478 1237
125 550 221 478 1237
761 540 223 478 1237
134 232 244 479 1238
125 551 225 479 1238
489 486 221 480 1239
205 263 229 480 1239
134 233 247 480 1239
309 29 227 480 1239
205 264 225 481 1240
134 234 248 481 1240
205 265 227 482 1241
134 235 248 482 1241
134 236 248 483 1242
205 266 229 483 1242
134 237 245 484 1243
205 267 226 484 1243
134 238 241 485 1244
205 268 227 485 1244
125 5 221 486 1245
100 259 223 486 1245
100 260 221 487 1246
134 241 233 487 1246
100 261 221 488 1247
134 242 232 488 1247
134 243 224 489 1248
134 244 225 490 1249
761 553 226 491 1250
134 245 227 491 1250
134 246 226 492 1251
100 266 224 493 1252
100 267 221 494 1253
125 4 223 495 1254
205 279 221 495 1254
565 561 233 496 1255
159 274 221 496 1255
309 45 221 496 1255
469 556 224 496 1255
134 250 222 496 1255
159 275 221 497 1256
309 46 221 497 1256
100 270 231 497 1256
658 565 224 497 1256
570 39 222 498 1257
761 560 221 498 1257
100 271 232 498 1257
9 568 221 499 1258
116 572 223 499 1258
740 490 235 500 1259
159 278 221 500 1259
331 545 239 500 1259
116 573 223 500 1259
381 275 230 500 1259
116 574 221 501 1260
772 571 222 501 1260
632 108 223 501 1260
276 549 223 502 1261
493 552 232 502 1261
734 483 223 502 1261
479 457 225 502 1261
82 500 227 502 1261
726 134 221 503 1262
313 479 228 503 1262
424 576 227 503 1262
630 234 222 504 1263
326 575 228 504 1263
597 575 235 505 1264
410 565 221 506 1265
209 419 223 506 1265
506 31 223 506 1265
597 576 241 506 1265
422 564 223 507 1266
209 420 221 507 1266
506 32 224 507 1266
336 566 222 507 1266
168 559 241 508 1267
597 1 226 508 1267
506 33 223 508 1267
336 567 226 508 1267
597 2 235 509 1268
336 568 221 509 1268
735 208 225 509 1268
530 48 227 510 1269
597 3 225 510 1269
410 570 221 511 1270
168 562 226 511 1270
209 424 227 511 1270
506 36 221 511 1270
336 570 227 511 1270
168 563 223 512 1271
506 37 232 512 1271
410 572 225 513 1272
597 6 221 513 1272
422 571 223 514 1273
410 573 222 514 1273
506 39 227 514 1273
336 573 221 514 1273
410 574 222 515 1274
209 428 225 515 1274
506 40 229 515 1274
597 8 221 515 1274
422 573 221 516 1275
336 575 223 516 1275
597 9 221 516 1275
422 574 223 517 1276
597 10 223 517 1276
336 576 224 517 1276
422 575 227 518 1277
410 577 223 518 1277
209 431 221 518 1277
506 43 223 518 1277
336 577 224 518 1277
530 57 223 519 1278
422 576 223 519 1278
168 570 224 519 1278
506 44 229 519 1278
336 578 227 519 1278
422 577 225 520 1279
410 580 227 521 1280
168 572 237 521 1280
209 434 225 521 1280
506 46 229 521 1280
597 14 227 521 1280
168 573 234 522 1281
336 581 235 522 1281
410 582 225 523 1282
168 574 227 523 1282
336 582 227 523 1282
735 222 221 523 1282
410 583 225 524 1283
168 575 226 524 1283
209 437 221 524 1283
597 17 225 524 1283
336 583 233 524 1283
410 584 222 525 1284
168 576 225 525 1284
506 50 223 525 1284
410 585 222 526 1285
168 577 232 526 1285
410 586 221 527 1286
168 578 231 527 1286
168 579 229 528 1287
597 21 223 528 1287
506 54 223 529 1288
597 22 221 529 1288
336 588 221 529 1288
530 68 221 530 1289
336 589 223 530 1289
530 69 222 531 1290
410 590 222 531 1290
168 582 221 531 1290
506 56 221 531 1290
209 445 221 532 1291
506 57 226 532 1291
209 446 221 533 1292
506 58 227 533 1292
168 585 221 534 1293
209 447 221 534 1293
506 59 225 534 1293
168 586 225 535 1294
506 60 225 535 1294
410 595 223 536 1295
168 587 223 536 1295
209 449 221 536 1295
168 588 223 537 1296
209 450 221 537 1296
735 236 221 537 1296
410 597 222 538 1297
597 31 232 538 1297
506 63 221 538 1297
506 64 225 539 1298
410 599 224 540 1299
597 33 223 540 1299
597 34 224 541 1300
410 601 223 542 1301
597 35 224 542 1301
336 601 221 542 1301
597 36 227 543 1302
597 37 226 544 1303
597 38 229 545 1304
506 70 225 545 1304
597 39 231 546 1305
506 71 222 546 1305
597 40 223 547 1306
597 41 235 548 1307
597 42 230 549 1308
597 43 231 550 1309
506 76 222 551 1310
597 44 223 551 1310
336 610 221 551 1310
597 45 225 552 1311
336 611 223 553 1312
735 251 221 553 1312
597 46 224 553 1312
597 47 227 554 1313
597 48 226 555 1314
336 614 221 556 1315
597 49 225 556 1315
597 50 227 557 1316
336 616 230 558 1317
597 51 230 558 1317
336 617 225 558 1317
735 257 221 559 1318
597 52 225 559 1318
735 258 226 560 1319
506 85 221 560 1319
597 53 222 560 1319
336 619 225 561 1320
735 259 227 561 1320
597 54 223 561 1320
336 620 221 562 1321
735 260 225 562 1321
735 261 225 563 1322
410 622 221 563 1322
597 56 221 563 1322
336 622 223 564 1323
597 57 225 564 1323
336 623 222 565 1324
597 58 223 565 1324
410 625 222 566 1325
597 59 223 566 1325
735 266 221 567 1326
336 627 223 568 1327
735 267 223 568 1327
336 628 225 569 1328
735 268 223 570 1329
597 63 223 570 1329
597 65 227 572 1331
336 633 229 575 1334
735 273 225 575 1334
336 634 236 576 1335
735 274 225 576 1335
410 635 225 576 1335
506 101 229 576 1335
336 635 228 577 1336
735 275 221 577 1336
410 636 221 577 1336
506 102 224 577 1336
336 636 234 578 1337
735 276 227 578 1337
336 637 226 578 1337
410 638 228 579 1338
336 639 223 581 1340
735 279 222 581 1340
209 494 221 581 1340
336 640 229 582 1341
209 495 225 582 1341
597 75 227 582 1341
336 641 221 582 1341
597 76 230 583 1342
336 642 224 583 1342
597 77 233 584 1343
735 283 225 585 1344
597 78 233 585 1344
410 645 222 586 1345
597 79 229 586 1345
735 285 223 587 1346
336 1 223 587 1346
597 80 233 587 1346
735 286 221 588 1347
597 81 229 588 1347
168 640 221 589 1348
336 3 222 589 1348
597 82 231 589 1348
597 83 232 590 1349
597 84 223 591 1350
124 644 222 592 1351
735 290 227 592 1351
597 85 224 592 1351
506 119 223 594 1353
597 87 227 594 1353
336 9 225 595 1354
597 88 231 595 1354
597 89 221 596 1355
597 90 222 597 1356
597 91 221 598 1357
597 92 223 599 1358
597 93 221 600 1359
336 18 225 604 1363
597 97 221 604 1363
168 656 221 605 1364
422 663 223 606 1365
597 100 223 607 1366
336 23 222 609 1368
336 25 223 611 1370
336 26 223 612 1371
597 105 237 612 1371
597 106 235 613 1372
336 28 221 614 1373
597 107 234 614 1373
597 108 233 615 1374
597 109 235 616 1375
597 110 233 617 1376
735 316 221 618 1377
597 111 225 618 1377
343 668 221 618 1377
410 678 223 619 1378
336 33 225 619 1378
336 34 223 620 1379
506 145 222 620 1379
336 35 227 621 1380
597 114 226 621 1380
735 320 222 622 1381
597 115 231 622 1381
597 116 233 623 1382
506 148 221 623 1382
410 683 221 624 1383
336 38 223 624 1383
597 117 233 624 1383
735 323 221 625 1384
422 682 224 625 1384
410 684 227 625 1384
336 39 223 625 1384
597 118 223 625 1384
410 685 224 626 1385
360 133 221 626 1385
336 40 225 626 1385
597 119 231 626 1385
168 678 221 627 1386
336 41 221 627 1386
597 120 237 627 1386
336 42 221 628 1387
597 121 233 628 1387
336 43 226 629 1388
597 122 226 629 1388
597 123 224 630 1389
336 45 223 631 1390
597 124 227 631 1390
336 46 221 632 1391
597 125 221 632 1391
735 331 227 633 1392
597 126 231 633 1392
735 332 227 634 1393
597 127 231 634 1393
735 333 222 635 1394
597 128 231 635 1394
597 129 232 636 1395
506 161 221 636 1395
597 130 232 637 1396
336 52 221 638 1397
597 131 229 638 1397
336 53 226 639 1398
597 132 226 640 1399
597 133 233 641 1400
597 134 222 642 1401
597 135 229 643 1402
506 167 223 643 1402
597 136 223 644 1403
506 168 221 644 1403
168 695 231 644 1403
597 137 225 645 1404
506 169 221 645 1404
168 696 224 645 1404
597 138 231 646 1405
168 697 231 646 1405
336 60 221 646 1405
597 139 226 647 1406
506 171 222 647 1406
168 698 221 647 1406
410 706 221 647 1406
597 140 231 648 1407
506 172 221 648 1407
168 700 225 649 1408
422 706 221 649 1408
597 142 231 649 1408
597 143 225 650 1409
735 349 223 651 1410
336 65 221 651 1410
168 703 223 652 1411
597 145 228 652 1411
597 146 221 653 1412
168 705 221 654 1413
597 147 221 654 1413
168 706 227 655 1414
422 712 227 655 1414
410 714 225 655 1414
168 707 239 656 1415
422 713 223 656 1415
168 708 232 657 1416
506 182 221 658 1417
168 709 223 658 1417
597 151 229 658 1417
506 183 222 659 1418
336 7 221 659 1418
597 152 239 659 1418
168 711 238 660 1419
422 717 222 660 1419
597 153 231 660 1419
168 712 235 661 1420
597 154 231 661 1420
506 186 221 662 1421
168 713 236 662 1421
597 155 226 662 1421
506 187 227 662 1421
168 714 239 663 1422
597 156 233 663 1422
506 188 225 663 1422
168 715 234 664 1423
422 721 231 664 1423
597 157 231 664 1423
506 189 229 664 1423
168 716 233 665 1424
422 722 227 665 1424
410 724 224 665 1424
597 158 226 665 1424
506 190 227 665 1424
168 717 227 666 1425
422 723 228 666 1425
597 159 228 666 1425
735 365 223 667 1426
168 718 237 667 1426
422 724 235 667 1426
410 726 223 667 1426
597 160 228 667 1426
168 719 223 668 1427
410 727 231 668 1427
597 161 223 668 1427
168 720 231 669 1428
410 729 224 670 1429
422 728 227 671 1430
597 164 227 671 1430
422 729 223 672 1431
422 730 222 673 1432
597 166 223 673 1432
168 725 227 674 1433
422 731 225 674 1433
597 167 231 674 1433
506 199 226 674 1433
422 732 235 675 1434
597 168 223 675 1434
168 727 222 676 1435
597 169 229 676 1435
168 728 233 677 1436
422 734 227 677 1436
336 25 221 677 1436
597 170 227 677 1436
506 202 223 677 1436
168 729 239 678 1437
597 171 221 678 1437
168 730 231 679 1438
506 204 223 679 1438
168 731 229 680 1439
597 173 221 680 1439
506 205 222 680 1439
168 733 225 682 1441
597 175 223 682 1441
506 207 221 682 1441
168 734 239 683 1442
506 208 221 683 1442
168 735 233 684 1443
506 213 223 689 1448
735 387 223 689 1448
168 743 232 692 1451
506 217 222 693 1452
168 744 230 693 1452
597 186 224 693 1452
168 745 224 694 1453
506 219 222 695 1454
168 746 227 695 1454
735 393 224 695 1454
168 747 227 696 1455
168 748 233 697 1456
168 749 229 698 1457
168 750 227 699 1458
168 751 223 700 1459
168 753 235 702 1461
336 50 227 702 1461
336 51 226 703 1462
597 196 227 703 1462
735 402 222 704 1463
168 755 233 704 1463
597 197 221 704 1463
168 756 237 705 1464
530 31 223 706 1465
168 757 241 706 1465
530 32 221 707 1466
168 758 227 707 1466
530 33 227 708 1467
168 759 239 708 1467
168 760 237 709 1468
168 761 241 710 1469
168 762 246 711 1470
422 768 221 711 1470
168 763 236 712 1471
422 769 224 712 1471
168 764 240 713 1472
410 772 241 713 1472
530 39 227 714 1473
168 765 227 714 1473
410 773 235 714 1473
506 239 221 714 1473
168 766 232 715 1474
410 774 225 715 1474
506 240 227 715 1474
168 767 222 716 1475
422 773 221 716 1475
336 64 226 716 1475
336 65 221 717 1476
336 66 223 718 1477
168 771 222 720 1479
597 214 221 721 1480
168 774 221 723 1482
168 775 221 724 1483
597 217 221 724 1483
168 776 235 725 1484
168 777 227 726 1485
336 74 221 726 1485
168 778 231 727 1486
597 221 231 728 1487
530 54 223 728 1487
735 427 225 729 1488
168 780 231 729 1488
410 788 221 729 1488
422 786 223 729 1488
597 222 223 729 1488
336 78 231 730 1489
597 223 225 730 1489
410 790 221 731 1490
597 224 226 731 1490
410 792 223 733 1492
336 81 223 733 1492
422 791 221 734 1493
336 82 225 734 1493
530 60 222 734 1493
735 433 225 735 1494
410 794 231 735 1494
336 83 231 735 1494
597 228 225 735 1494
209 648 223 735 1494
530 61 226 735 1494
336 84 225 736 1495
209 649 225 736 1495
597 229 223 736 1495
735 435 221 737 1496
168 788 226 737 1496
336 85 229 737 1496
597 230 227 737 1496
735 436 223 738 1497
410 797 222 738 1497
735 437 226 739 1498
209 653 231 740 1499
277 1 231 743 1502
494 330 225 743 1502
392 811 221 743 1502
383 806 240 744 1503
95 492 221 744 1503
689 242 223 744 1503
157 819 225 745 1504
449 563 226 745 1504
126 456 224 745 1504
209 658 225 745 1504
383 807 238 745 1504
311 15 223 746 1505
126 457 225 746 1505
383 808 231 746 1505
168 798 223 747 1506
158 84 231 748 1507
212 232 223 748 1507
594 9 238 748 1507
426 6 237 749 1508
266 4 221 749 1508
608 238 227 749 1508
313 2 224 750 1509
266 5 222 750 1509
70 23 221 750 1509
134 168 225 751 1510
568 318 223 751 1510
340 228 227 751 1510
733 818 225 751 1510
629 733 225 751 1510
512 797 225 751 1510
651 817 230 752 1511
776 671 234 752 1511
422 809 235 752 1511
391 742 231 752 1511
447 722 232 752 1511
212 236 223 752 1511
209 665 221 752 1511
498 395 227 753 1512
373 807 221 753 1512
209 666 225 753 1512
101 802 221 753 1512
7 807 225 753 1512
689 251 225 753 1512
449 572 237 754 1513
217 822 221 754 1513
295 791 224 754 1513
278 824 238 754 1513
256 600 225 754 1513
383 816 223 754 1513
217 823 221 755 1514
295 792 241 755 1514
209 668 231 755 1514
483 251 237 755 1514
733 822 241 755 1514
295 793 240 756 1515
521 89 225 757 1516
733 823 228 757 1516
363 248 221 757 1516
373 811 223 757 1516
9 826 225 757 1516
689 255 221 757 1516
498 400 222 758 1517
150 587 231 758 1517
467 25 225 758 1517
36 815 233 758 1517
733 825 235 759 1518
534 828 224 759 1518
735 457 223 759 1518
724 825 230 759 1518
158 95 233 759 1518
290 828 223 759 1518
724 826 223 760 1519
295 797 231 760 1519
319 828 222 760 1519
532 28 225 760 1519
787 513 224 760 1519
88 795 221 760 1519
126 471 231 760 1519
515 147 224 760 1519
314 492 223 760 1519
319 829 227 761 1520
532 29 223 761 1520
515 148 227 761 1520
126 472 229 761 1520
223 265 228 761 1520
549 818 221 761 1520
658 829 221 761 1520
468 827 223 762 1521
596 822 221 762 1521
319 830 235 762 1521
532 30 227 762 1521
584 739 225 762 1521
126 473 227 762 1521
467 29 221 762 1521
592 26 221 762 1521
403 159 221 762 1521
423 819 223 763 1522
724 829 229 763 1522
534 832 221 763 1522
319 831 237 763 1522
532 31 222 763 1522
470 744 221 763 1522
187 820 221 763 1522
126 474 225 763 1522
458 838 222 763 1522
223 267 225 763 1522
344 822 221 764 1523
319 832 232 764 1523
532 32 227 764 1523
295 801 221 764 1523
777 820 223 764 1523
36 821 222 764 1523
421 50 234 764 1523
126 475 225 764 1523
383 826 227 764 1523
319 833 235 765 1524
126 476 241 765 1524
187 822 224 765 1524
383 827 224 765 1524
532 34 233 766 1525
395 763 221 766 1525
509 786 222 766 1525
383 828 225 766 1525
607 798 225 766 1525
453 1 229 767 1526
741 808 222 767 1526
319 835 232 767 1526
532 35 225 767 1526
126 478 225 767 1526
187 824 221 767 1526
70 40 231 767 1526
239 829 221 768 1527
728 666 234 768 1527
584 745 223 768 1527
331 10 223 768 1527
95 516 224 768 1527
105 806 221 768 1527
299 334 233 768 1527
549 825 221 769 1528
404 799 225 769 1528
532 37 230 769 1528
223 273 221 769 1528
314 501 229 769 1528
441 772 221 769 1528
589 844 225 770 1529
126 481 225 770 1529
383 832 233 770 1529
423 827 221 771 1530
724 837 225 771 1530
532 39 229 771 1530
126 482 223 771 1530
395 768 222 771 1530
383 833 239 771 1530
242 129 221 771 1530
314 503 222 771 1530
319 840 224 772 1531
432 37 224 772 1531
126 483 237 772 1531
331 14 221 772 1531
455 184 223 772 1531
395 769 227 772 1531
458 847 223 772 1531
383 834 243 772 1531
314 504 223 772 1531
366 15 221 772 1531
523 827 222 773 1532
319 841 221 773 1532
468 838 223 773 1532
98 834 227 773 1532
432 38 226 773 1532
126 484 221 773 1532
395 770 225 773 1532
383 835 236 773 1532
110 114 223 773 1532
366 16 221 773 1532
397 212 225 773 1532
523 828 221 774 1533
319 842 231 774 1533
432 39 221 774 1533
532 42 229 774 1533
334 770 223 774 1533
331 16 228 774 1533
455 186 224 774 1533
395 771 224 774 1533
383 836 244 774 1533
314 506 221 774 1533
105 812 222 774 1533
423 831 226 774 1533
724 841 224 775 1534
432 40 226 775 1534
532 43 231 775 1534
395 772 225 775 1534
383 837 246 775 1534
242 133 221 775 1534
105 813 221 775 1534
423 832 225 775 1534
161 332 227 776 1535
319 844 227 776 1535
468 841 225 776 1535
432 41 223 776 1535
532 44 233 776 1535
126 487 226 776 1535
552 839 221 776 1535
395 773 223 776 1535
383 838 246 776 1535
763 250 225 776 1535
423 833 225 776 1535
319 845 235 777 1536
565 842 221 777 1536
432 42 227 777 1536
532 45 238 777 1536
552 840 223 777 1536
455 189 223 777 1536
383 839 245 777 1536
314 509 231 777 1536
105 815 225 777 1536
423 834 221 778 1537
444 851 225 778 1537
319 846 232 778 1537
592 12 221 778 1537
613 749 223 778 1537
126 489 241 778 1537
455 190 225 778 1537
395 775 225 778 1537
458 853 221 778 1537
530 104 231 778 1537
403 175 227 778 1537
763 252 225 778 1537
105 816 225 778 1537
319 847 229 779 1538
532 47 221 779 1538
126 490 237 779 1538
515 166 223 779 1538
383 841 235 779 1538
403 176 223 779 1538
105 817 222 779 1538
190 26 221 779 1538
724 846 221 780 1539
532 48 233 780 1539
126 491 229 780 1539
665 646 223 780 1539
515 167 226 780 1539
395 777 223 780 1539
383 842 247 780 1539
403 177 223 780 1539
105 818 222 780 1539
549 837 221 781 1540
319 849 221 781 1540
532 49 238 781 1540
126 492 229 781 1540
383 843 240 781 1540
314 513 223 781 1540
319 850 233 782 1541
126 493 233 782 1541
532 50 237 782 1541
383 844 246 782 1541
314 514 225 782 1541
637 211 221 783 1542
319 851 221 783 1542
126 494 247 783 1542
532 51 228 783 1542
383 845 241 783 1542
403 180 225 783 1542
105 821 227 783 1542
319 852 228 784 1543
126 495 237 784 1543
532 52 237 784 1543
383 846 235 784 1543
259 228 223 784 1543
358 511 223 785 1544
616 658 221 785 1544
319 853 224 785 1544
126 496 239 785 1544
532 53 233 785 1544
395 782 221 785 1544
383 847 227 785 1544
242 143 224 785 1544
314 517 242 785 1544
689 283 225 785 1544
608 274 226 785 1544
510 104 222 786 1545
319 854 233 786 1545
126 497 239 786 1545
532 54 239 786 1545
383 848 244 786 1545
607 818 221 786 1545
319 855 229 787 1546
126 498 227 787 1546
532 55 241 787 1546
747 76 224 787 1546
383 849 233 787 1546
314 519 221 787 1546
145 114 224 788 1547
319 856 235 788 1547
126 499 237 788 1547
532 56 237 788 1547
458 863 231 788 1547
383 850 231 788 1547
150 29 222 789 1548
126 500 241 789 1548
223 293 223 789 1548
383 851 246 789 1548
314 521 221 789 1548
150 30 221 790 1549
141 243 227 790 1549
319 858 222 790 1549
532 58 226 790 1549
126 501 229 790 1549
618 204 222 790 1549
223 294 221 790 1549
383 852 235 790 1549
150 31 224 791 1550
476 314 227 791 1550
345 529 232 791 1550
618 205 231 791 1550
458 866 222 791 1550
383 853 240 791 1550
223 295 232 791 1550
314 523 227 791 1550
105 829 224 791 1550
607 823 221 791 1550
655 110 227 792 1551
272 862 221 792 1551
268 744 222 792 1551
700 715 227 792 1551
319 860 221 792 1551
697 856 222 792 1551
295 829 221 792 1551
191 247 221 792 1551
383 854 237 792 1551
223 296 221 792 1551
314 524 231 792 1551
105 830 223 792 1551
607 824 225 792 1551
319 861 227 793 1552
532 61 225 793 1552
383 855 225 793 1552
302 863 223 793 1552
314 525 222 793 1552
319 862 223 794 1553
532 62 231 794 1553
126 505 225 794 1553
383 856 240 794 1553
314 526 221 794 1553
319 863 231 795 1554
584 772 221 795 1554
532 63 225 795 1554
295 832 223 795 1554
383 857 232 795 1554
319 864 221 796 1555
532 64 225 796 1555
126 507 225 796 1555
618 210 223 796 1555
383 858 239 796 1555
403 193 221 796 1555
435 741 222 796 1555
592 31 221 797 1556
126 508 224 797 1556
223 301 233 797 1556
383 859 229 797 1556
314 529 227 797 1556
150 38 226 798 1557
724 864 221 798 1557
618 212 221 798 1557
127 880 225 798 1557
567 819 223 798 1557
272 870 225 800 1559
532 68 237 800 1559
618 214 227 800 1559
223 304 246 800 1559
383 862 235 800 1559
314 532 243 800 1559
534 870 223 801 1560
787 554 232 801 1560
66 799 223 802 1561
345 540 229 802 1561
618 216 234 802 1561
126 513 221 802 1561
383 864 225 802 1561
534 872 246 803 1562
618 217 221 803 1562
191 259 247 804 1563
322 859 233 805 1564
112 856 227 807 1566
153 233 231 807 1566
574 865 221 808 1567
336 158 225 810 1569
584 787 233 810 1569
239 873 225 811 1570
776 731 228 812 1571
651 877 227 812 1571
239 874 223 812 1571
776 732 221 812 1571
658 882 225 815 1574
776 736 227 817 1576
657 4 225 817 1576
584 794 223 817 1576
657 5 226 818 1577
446 874 222 818 1577
584 795 225 818 1577
395 815 224 818 1577
657 6 231 819 1578
584 796 223 819 1578
82 817 223 820 1579
161 376 225 820 1579
98 881 223 820 1579
446 876 225 820 1579
658 888 224 821 1580
446 877 230 821 1580
584 798 225 821 1580
658 889 224 822 1581
446 878 232 822 1581
192 123 223 823 1582
446 1 229 824 1583
331 1 225 824 1583
490 825 221 825 1584
312 879 228 826 1585
295 863 222 826 1585
82 824 221 827 1586
77 421 225 827 1586
367 567 233 829 1588
210 7 233 830 1589
618 21 223 831 1590
373 24 231 831 1590
504 887 230 831 1590
319 899 227 831 1590
314 563 236 831 1590
422 66 230 831 1590
453 7 223 831 1590
534 901 243 832 1591
618 22 234 832 1591
504 888 232 832 1591
373 25 235 832 1591
653 521 221 832 1591
319 900 231 832 1591
223 336 233 832 1591
314 564 234 832 1591
422 67 225 832 1591
534 902 239 833 1592
629 814 225 833 1592
618 23 225 833 1592
336 181 227 833 1592
653 522 223 833 1592
557 130 225 833 1592
319 901 234 833 1592
332 100 221 833 1592
314 565 229 833 1592
422 68 224 833 1592
373 27 226 834 1593
594 95 239 834 1593
534 904 241 835 1594
145 161 225 835 1594
223 339 221 835 1594
534 905 231 836 1595
534 906 232 837 1596
534 907 227 838 1597
534 908 239 839 1598
534 909 241 840 1599
534 910 231 841 1600
534 911 232 842 1601
534 912 230 843 1602
534 913 239 844 1603
534 914 242 845 1604
534 915 247 846 1605
780 121 221 846 1605
534 916 226 847 1606
534 917 228 848 1607
534 919 237 850 1609
534 920 242 851 1610
534 921 241 852 1611
534 922 242 853 1612
534 923 248 854 1613
534 924 242 855 1614
534 925 247 856 1615
383 918 244 856 1615
534 927 251 858 1617
383 920 246 858 1617
383 921 251 859 1618
383 922 251 860 1619
164 447 227 860 1619
534 930 244 861 1620
383 923 241 861 1620
160 919 229 861 1620
425 803 235 861 1620
396 408 225 862 1621
534 931 252 862 1621
383 924 239 862 1621
164 449 233 862 1621
309 26 236 862 1621
396 409 231 863 1622
534 932 245 863 1622
590 60 221 863 1622
383 925 223 863 1622
160 921 231 863 1622
309 27 227 863 1622
164 450 225 863 1622
396 410 235 864 1623
534 933 254 864 1623
383 926 232 864 1623
160 922 239 864 1623
309 28 227 864 1623
164 451 231 864 1623
534 934 245 865 1624
471 350 221 865 1624
383 927 247 865 1624
160 923 227 865 1624
309 29 223 865 1624
164 452 239 865 1624
191 17 242 866 1625
396 412 227 866 1625
534 935 241 866 1625
383 928 233 866 1625
160 924 227 866 1625
157 941 225 866 1625
191 18 238 867 1626
534 936 240 867 1626
184 486 225 867 1626
383 929 247 867 1626
160 925 240 867 1626
191 19 223 868 1627
164 1 223 868 1627
534 937 239 868 1627
75 52 223 868 1627
125 376 231 868 1627
307 934 221 868 1627
383 930 229 868 1627
160 926 232 868 1627
309 32 229 868 1627
191 20 221 869 1628
164 2 233 869 1628
534 938 254 869 1628
383 931 235 869 1628
157 944 227 869 1628
534 939 241 870 1629
91 12 222 870 1629
284 938 226 870 1629
125 378 223 870 1629
383 932 227 870 1629
160 928 243 870 1629
442 933 234 871 1630
396 417 225 871 1630
534 940 222 871 1630
91 13 223 871 1630
343 921 223 871 1630
709 3 230 871 1630
689 369 227 872 1631
307 938 221 872 1631
125 380 222 872 1631
383 934 221 872 1631
309 36 225 872 1631
534 942 221 873 1632
157 3 242 873 1632
307 939 226 873 1632
590 70 231 873 1632
125 381 224 873 1632
383 935 243 873 1632
309 37 229 873 1632
442 936 223 873 1632
191 25 221 874 1633
396 420 222 874 1633
741 915 221 874 1633
307 940 221 874 1633
125 382 224 874 1633
309 38 225 874 1633
442 937 226 874 1633
689 372 225 875 1634
164 8 223 875 1634
157 5 225 875 1634
590 72 222 875 1634
307 941 239 875 1634
309 39 223 875 1634
164 9 223 876 1635
396 422 223 876 1635
75 60 227 876 1635
307 942 231 876 1635
309 40 221 876 1635
164 10 223 877 1636
191 28 223 877 1636
396 423 242 877 1636
741 918 231 877 1636
75 61 230 877 1636
125 385 221 877 1636
383 939 237 877 1636
442 940 221 877 1636
396 424 242 878 1637
157 8 221 878 1637
307 944 225 878 1637
396 425 246 879 1638
383 941 231 879 1638
442 942 221 879 1638
396 426 242 880 1639
383 942 227 880 1639
396 427 241 881 1640
396 428 246 882 1641
125 390 225 882 1641
396 429 247 883 1642
396 430 242 884 1643
396 431 241 885 1644
396 432 244 886 1645
396 433 242 887 1646
125 395 224 887 1646
396 434 242 888 1647
396 435 243 889 1648
396 436 243 890 1649
396 437 242 891 1650
396 438 241 892 1651
396 439 244 893 1652
396 440 247 894 1653
396 441 243 895 1654
396 442 241 896 1655
383 958 221 896 1655
396 443 246 897 1656
396 444 241 898 1657
125 406 222 898 1657
396 445 241 899 1658
125 407 224 899 1658
396 446 243 900 1659
396 447 239 901 1660
396 448 241 902 1661
396 449 239 903 1662
396 450 247 904 1663
125 412 225 904 1663
396 451 237 905 1664
396 452 238 906 1665
396 453 237 907 1666
125 415 221 907 1666
307 973 221 907 1666
396 454 241 908 1667
125 416 227 908 1667
396 455 239 909 1668
396 456 237 910 1669
396 457 237 911 1670
396 458 236 912 1671
396 459 236 913 1672
396 460 235 914 1673
396 461 235 915 1674
396 462 235 916 1675
396 463 235 917 1676
396 464 235 918 1677
396 465 238 919 1678
396 466 242 920 1679
125 428 223 920 1679
396 467 239 921 1680
396 468 239 922 1681
396 469 237 923 1682
396 470 237 924 1683
396 471 239 925 1684
396 472 237 926 1685
396 473 239 927 1686
396 474 241 928 1687
396 475 247 929 1688
396 476 239 930 1689
396 477 237 931 1690
741 974 222 933 1692
396 480 229 934 1693
741 975 226 934 1693
396 481 238 935 1694
741 976 227 935 1694
741 977 225 936 1695
396 483 223 937 1696
741 978 227 937 1696
442 1000 223 938 1697
396 484 233 938 1697
741 979 236 938 1697
442 1001 222 939 1698
396 485 237 939 1698
590 136 221 939 1698
307 1005 228 939 1698
383 1001 228 939 1698
191 91 223 939 1698
534 1009 222 939 1698
307 1006 227 940 1699
383 1002 222 940 1699
191 92 225 940 1699
164 74 225 940 1699
396 487 224 941 1700
160 999 223 941 1700
396 489 232 943 1702
307 1009 231 943 1702
383 1005 221 943 1702
191 95 223 943 1702
396 490 239 944 1703
396 491 235 945 1704
396 494 221 948 1707
590 145 221 948 1707
307 1014 228 948 1707
383 1010 221 948 1707
689 446 221 948 1707
191 100 223 948 1707
125 457 221 949 1708
191 101 225 949 1708
396 496 230 950 1709
157 81 223 951 1710
396 498 243 952 1711
307 1018 225 952 1711
396 499 222 953 1712
396 500 239 954 1713
396 501 232 955 1714
396 502 238 956 1715
396 503 237 957 1716
396 504 235 958 1717
307 1024 221 958 1717
396 505 237 959 1718
307 1025 221 959 1718
396 506 239 960 1719
307 1026 223 960 1719
396 507 236 961 1720
396 508 238 962 1721
307 1028 221 962 1721
396 509 231 963 1722
307 1029 223 963 1722
442 1026 222 963 1722
396 510 242 964 1723
396 511 239 965 1724
307 1031 221 965 1724
396 512 241 966 1725
307 1032 221 966 1725
396 513 239 967 1726
307 1033 223 967 1726
442 1030 225 967 1726
383 8 223 968 1727
396 514 243 968 1727
741 1009 221 968 1727
307 1034 223 968 1727
534 1038 221 969 1728
383 9 233 969 1728
396 515 238 969 1728
307 1036 224 970 1729
396 517 237 971 1730
741 1012 222 971 1730
383 12 225 972 1731
396 518 229 972 1731
307 1038 223 972 1731
164 106 222 972 1731
75 5 221 973 1732
396 519 223 973 1732
383 14 225 974 1733
396 520 227 974 1733
157 104 221 974 1733
383 15 232 975 1734
396 521 222 975 1734
157 105 221 975 1734
396 523 238 977 1736
396 524 238 978 1737
396 525 232 979 1738
396 526 227 980 1739
396 527 228 981 1740
157 111 221 981 1740
307 1047 225 981 1740
396 528 225 982 1741
157 112 221 982 1741
307 1048 227 982 1741
396 529 235 983 1742
75 15 221 983 1742
157 113 227 983 1742
396 530 235 984 1743
164 118 221 985 1744
157 115 223 985 1744
164 119 225 986 1745
396 532 234 986 1745
157 116 223 986 1745
534 1056 223 986 1745
396 533 235 987 1746
396 534 232 988 1747
396 536 227 990 1749
383 31 221 991 1750
157 121 223 991 1750
157 125 233 995 1754
396 543 224 997 1756
307 1063 221 997 1756
442 1060 221 998 1757
396 544 221 998 1757
307 1064 227 998 1757
309 162 223 998 1757
689 496 222 998 1757
534 1068 223 999 1758
442 1061 223 999 1758
741 1040 225 999 1758
396 545 229 999 1758
307 1065 223 999 1758
741 1041 221 1000 1759
396 546 226 1000 1759
307 1066 223 1000 1759
689 498 221 1000 1759
396 547 222 1001 1760
307 1067 226 1001 1760
309 165 221 1001 1760
164 135 223 1002 1761
396 548 231 1002 1761
307 1068 223 1002 1761
396 549 231 1003 1762
534 1073 221 1004 1763
396 550 225 1004 1763
396 551 229 1005 1764
383 45 221 1005 1764
396 552 227 1006 1765
396 553 227 1007 1766
396 554 231 1008 1767
396 555 228 1009 1768
396 556 229 1010 1769
383 50 221 1010 1769
396 557 225 1011 1770
396 558 229 1012 1771
396 559 234 1013 1772
309 178 224 1014 1773
396 561 231 1015 1774
309 179 223 1015 1774
307 1083 223 1017 1776
396 564 235 1018 1777
590 215 221 1018 1777
396 565 235 1019 1778
157 149 223 1019 1778
396 566 238 1020 1779
396 567 223 1021 1780
741 1063 222 1022 1781
396 568 233 1022 1781
307 1088 221 1022 1781
396 570 223 1024 1783
534 1094 221 1024 1783
396 571 232 1025 1784
534 1095 221 1025 1784
396 572 231 1026 1785
396 573 222 1027 1786
309 191 225 1027 1786
396 574 237 1028 1787
396 575 232 1029 1788
309 193 221 1029 1788
396 576 222 1030 1789
307 1096 225 1030 1789
309 194 221 1030 1789
396 577 235 1031 1790
307 1097 221 1031 1790
534 1101 221 1031 1790
396 578 231 1032 1791
396 579 227 1033 1792
75 65 221 1033 1792
307 1099 223 1033 1792
309 197 231 1033 1792
442 1096 225 1033 1792
741 1075 222 1034 1793
383 74 233 1034 1793
125 542 221 1034 1793
396 580 232 1034 1793
75 66 223 1034 1793
157 164 222 1034 1793
160 1092 221 1034 1793
309 198 223 1034 1793
191 186 225 1034 1793
396 581 225 1035 1794
191 187 225 1035 1794
125 544 223 1036 1795
396 582 226 1036 1795
307 1102 221 1036 1795
191 188 224 1036 1795
396 583 226 1037 1796
307 1103 227 1037 1796
157 1 221 1037 1796
383 78 221 1038 1797
741 1079 221 1038 1797
125 546 221 1038 1797
396 584 223 1038 1797
307 1104 227 1038 1797
383 79 221 1039 1798
396 585 233 1039 1798
307 1105 227 1039 1798
383 80 222 1040 1799
307 1106 227 1040 1799
191 192 221 1040 1799
689 538 223 1040 1799
383 81 223 1041 1800
396 587 237 1041 1800
307 1107 223 1041 1800
741 1083 221 1042 1801
396 588 233 1042 1801
157 6 221 1042 1801
383 83 223 1043 1802
396 589 234 1043 1802
396 590 223 1044 1803
741 1086 222 1045 1804
75 77 221 1045 1804
396 591 233 1045 1804
307 1111 223 1045 1804
689 543 221 1045 1804
396 592 235 1046 1805
396 593 236 1047 1806
689 545 221 1047 1806
396 594 227 1048 1807
396 595 223 1049 1808
307 1116 223 1050 1809
396 597 230 1051 1810
307 1117 223 1051 1810
396 598 222 1052 1811
307 1118 221 1052 1811
396 599 224 1053 1812
307 1119 222 1053 1812
396 600 229 1054 1813
396 601 225 1055 1814
307 1121 227 1055 1814
383 96 221 1055 1814
307 1123 221 1057 1816
396 604 231 1058 1817
396 605 225 1059 1818
396 606 234 1060 1819
590 257 221 1060 1819
383 101 221 1061 1820
741 1102 223 1061 1820
396 607 233 1061 1820
307 1127 223 1061 1820
396 608 236 1062 1821
396 609 227 1063 1822
396 610 223 1064 1823
307 1130 235 1064 1823
590 261 221 1064 1823
157 28 222 1064 1823
125 573 221 1065 1824
396 611 231 1065 1824
741 1108 223 1067 1826
125 575 221 1067 1826
396 614 227 1068 1827
125 576 222 1068 1827
383 109 221 1069 1828
741 1110 221 1069 1828
396 615 227 1069 1828
689 567 223 1069 1828
442 1132 222 1069 1828
383 110 230 1070 1829
396 616 246 1070 1829
590 267 223 1070 1829
191 222 221 1070 1829
383 111 223 1071 1830
396 617 239 1071 1830
307 1137 222 1071 1830
590 268 223 1071 1830
396 618 235 1072 1831
396 619 237 1073 1832
307 1140 223 1074 1833
396 621 229 1075 1834
307 1141 225 1075 1834
689 573 221 1075 1834
191 227 222 1075 1834
396 622 242 1076 1835
125 584 224 1076 1835
157 40 221 1076 1835
383 117 223 1077 1836
741 1118 222 1077 1836
396 623 242 1077 1836
125 585 227 1077 1836
590 274 224 1077 1836
383 118 222 1078 1837
534 1147 221 1078 1837
396 624 235 1078 1837
125 586 229 1078 1837
307 1144 221 1078 1837
396 625 223 1079 1838
741 1121 225 1080 1839
125 589 221 1081 1840
157 45 223 1081 1840
741 1123 234 1082 1841
396 628 231 1082 1841
307 1148 227 1082 1841
689 580 221 1082 1841
396 629 234 1083 1842
125 592 223 1084 1843
396 630 225 1084 1843
307 1150 221 1084 1843
191 236 221 1084 1843
307 1151 225 1085 1844
383 127 221 1087 1846
396 633 225 1087 1846
590 284 223 1087 1846
396 634 227 1088 1847
157 52 221 1088 1847
383 130 221 1090 1849
396 636 227 1090 1849
396 637 233 1091 1850
396 638 233 1092 1851
396 639 234 1093 1852
157 57 221 1093 1852
396 640 224 1094 1853
425 1036 228 1094 1853
396 641 235 1095 1854
396 642 227 1096 1855
91 238 221 1096 1855
689 594 224 1096 1855
164 230 226 1096 1855
442 1159 222 1096 1855
383 137 223 1097 1856
75 129 223 1097 1856
433 33 223 1097 1856
396 643 228 1097 1856
164 231 227 1097 1856
157 61 221 1097 1856
689 596 227 1098 1857
534 1168 226 1099 1858
160 1157 223 1099 1858
534 1169 236 1100 1859
130 1160 225 1100 1859
98 1161 225 1100 1859
534 1170 239 1101 1860
154 255 223 1101 1860
534 1171 233 1102 1861
22 1114 221 1102 1861
435 1046 227 1102 1861
145 428 223 1102 1861
126 814 235 1102 1861
730 1163 223 1104 1863
52 1160 223 1104 1863
467 371 237 1104 1863
662 1014 222 1104 1863
319 1172 239 1104 1863
534 1174 227 1105 1864
639 1175 225 1105 1864
557 402 233 1105 1864
269 69 236 1105 1864
730 1164 228 1105 1864
168 11 232 1105 1864
126 817 223 1105 1864
534 1175 227 1106 1865
168 12 226 1106 1865
534 1176 234 1107 1866
160 1165 225 1107 1866
102 1167 225 1107 1866
534 1177 226 1108 1867
441 14 223 1108 1867
160 1166 221 1108 1867
654 1164 223 1108 1867
534 1178 229 1109 1868
680 1113 225 1109 1868
534 1179 229 1110 1869
419 1159 228 1110 1869
555 1167 227 1110 1869
534 1180 231 1111 1870
441 17 224 1111 1870
419 1160 225 1111 1870
534 1181 225 1112 1871
342 1178 241 1112 1871
441 18 221 1112 1871
419 1161 222 1112 1871
555 1169 221 1112 1871
534 1182 221 1113 1872
342 1179 228 1113 1872
419 1162 231 1113 1872
555 1170 228 1113 1872
342 1180 231 1114 1873
555 1171 225 1114 1873
419 1164 225 1115 1874
342 1182 224 1116 1875
342 1183 224 1117 1876
534 1186 221 1117 1876
419 1166 224 1117 1876
555 1174 226 1117 1876
654 1173 221 1117 1876
419 1167 231 1118 1877
555 1175 226 1118 1877
534 1188 221 1119 1878
419 1168 225 1119 1878
534 1189 221 1120 1879
419 1169 227 1120 1879
555 1177 225 1120 1879
419 1170 227 1121 1880
555 1178 227 1121 1880
534 1191 222 1122 1881
555 1179 227 1122 1881
419 1171 225 1122 1881
555 1180 227 1123 1882
419 1172 227 1123 1882
534 1193 223 1124 1883
555 1181 225 1124 1883
419 1173 227 1124 1883
342 1191 229 1125 1884
555 1182 228 1125 1884
419 1174 226 1125 1884
534 1195 222 1126 1885
555 1183 227 1126 1885
419 1175 225 1126 1885
555 1184 227 1127 1886
419 1176 225 1127 1886
534 1197 224 1128 1887
342 1194 222 1128 1887
555 1185 221 1128 1887
419 1177 223 1128 1887
555 1186 224 1129 1888
342 1195 235 1129 1888
534 1198 223 1129 1888
419 1178 225 1129 1888
534 1199 223 1130 1889
342 1196 229 1130 1889
419 1179 223 1130 1889
159 909 221 1130 1889
555 1188 225 1131 1890
342 1197 227 1131 1890
555 1189 223 1132 1891
342 1198 227 1132 1891
555 1190 223 1133 1892
342 1199 226 1133 1892
342 1200 225 1134 1893
555 1191 224 1134 1893
555 1192 223 1135 1894
342 1201 225 1135 1894
534 1204 221 1135 1894
555 1193 221 1136 1895
342 1202 225 1136 1895
342 1203 229 1137 1896
555 1194 225 1137 1896
419 1186 225 1137 1896
654 1193 221 1137 1896
342 1204 225 1138 1897
555 1195 223 1138 1897
419 1187 231 1138 1897
342 1205 224 1139 1898
555 1196 226 1139 1898
419 1188 227 1139 1898
654 1195 223 1139 1898
342 1206 227 1140 1899
555 1197 225 1140 1899
419 1189 223 1140 1899
342 1207 228 1141 1900
534 1210 221 1141 1900
555 1198 227 1141 1900
419 1190 221 1141 1900
342 1208 225 1142 1901
555 1199 227 1142 1901
534 1211 226 1142 1901
419 1191 223 1142 1901
342 1209 225 1143 1902
419 1192 227 1143 1902
555 1201 225 1144 1903
342 1210 226 1144 1903
534 1213 223 1144 1903
342 1211 224 1145 1904
555 1202 221 1145 1904
654 1201 222 1145 1904
342 1212 225 1146 1905
555 1203 229 1146 1905
419 1195 227 1146 1905
342 1213 225 1147 1906
555 1204 223 1147 1906
342 1214 222 1148 1907
342 1215 221 1149 1908
342 1216 225 1150 1909
654 1206 227 1150 1909
342 1217 224 1151 1910
555 1210 223 1152 1911
342 1220 225 1154 1913
534 1223 222 1154 1913
419 1203 223 1154 1913
555 1212 225 1154 1913
342 1221 221 1155 1914
534 1224 221 1155 1914
419 1204 223 1155 1914
555 1213 221 1156 1915
419 1205 229 1156 1915
555 1214 221 1156 1915
555 1215 221 1157 1916
534 1227 226 1158 1917
102 1218 223 1158 1917
419 1208 223 1159 1918
555 1217 225 1159 1918
342 1226 223 1159 1918
555 1218 225 1160 1919
342 1227 223 1160 1919
555 1219 227 1161 1920
342 1228 223 1161 1920
419 1211 221 1162 1921
555 1220 225 1162 1921
342 1229 225 1162 1921
419 1212 224 1163 1922
342 1230 221 1163 1922
419 1213 225 1164 1923
419 1214 227 1165 1924
555 1223 224 1165 1924
441 72 221 1165 1924
419 1215 223 1166 1925
342 1233 229 1166 1925
555 1224 226 1166 1925
555 1225 221 1167 1926
419 1217 221 1168 1927
534 1237 222 1168 1927
342 1235 227 1168 1927
555 1226 221 1168 1927
419 1218 221 1169 1928
342 1236 227 1169 1928
342 1237 224 1170 1929
160 1229 221 1171 1930
342 1238 224 1171 1930
342 1240 223 1173 1932
342 1241 226 1174 1933
342 1242 225 1175 1934
342 1243 225 1176 1935
419 1226 222 1177 1936
342 1244 227 1177 1936
342 1247 235 1180 1939
342 1248 237 1181 1940
555 1239 223 1182 1941
534 1251 221 1182 1941
342 1249 229 1182 1941
555 1240 221 1182 1941
534 1252 221 1183 1942
159 962 222 1183 1942
342 1250 239 1183 1942
555 1241 224 1183 1942
159 963 223 1184 1943
342 1251 235 1184 1943
342 1252 242 1185 1944
555 1243 221 1185 1944
159 965 223 1186 1945
342 1253 235 1186 1945
534 1256 222 1187 1946
654 1243 221 1187 1946
342 1254 236 1187 1946
555 1245 225 1187 1946
534 1257 236 1188 1947
654 1244 221 1188 1947
342 1255 235 1188 1947
555 1246 229 1188 1947
534 1258 232 1189 1948
415 327 221 1189 1948
534 1259 223 1190 1949
534 1260 221 1191 1950
342 1258 230 1191 1950
555 1249 223 1192 1951
534 1261 221 1192 1951
342 1259 225 1192 1951
534 1264 223 1195 1954
342 1263 229 1196 1955
534 1266 224 1197 1956
654 1253 221 1197 1956
342 1264 227 1197 1956
342 1266 227 1199 1958
654 1256 224 1200 1959
342 1267 231 1200 1959
342 1268 221 1201 1960
342 1269 227 1202 1961
534 1272 225 1203 1962
342 1270 223 1203 1962
342 1271 228 1204 1963
342 1272 229 1205 1964
159 985 225 1206 1965
342 1273 226 1206 1965
159 986 224 1207 1966
342 1274 227 1207 1966
555 1265 222 1208 1967
654 1264 223 1208 1967
654 1265 225 1209 1968
342 1276 236 1209 1968
419 1259 223 1210 1969
342 1277 225 1210 1969
342 1279 223 1212 1971
534 1282 223 1213 1972
342 1281 229 1214 1973
342 1282 233 1215 1974
342 1283 235 1216 1975
534 1286 226 1217 1976
342 1284 227 1217 1976
534 1287 222 1218 1977
342 1285 233 1218 1977
534 1288 232 1219 1978
159 998 223 1219 1978
342 1286 231 1220 1979
534 1289 237 1220 1979
342 1287 235 1221 1980
534 1290 233 1221 1980
159 1000 222 1221 1980
342 1288 237 1222 1981
534 1291 233 1222 1981
159 1001 222 1222 1981
534 1292 226 1223 1982
160 1281 221 1223 1982
342 1290 233 1224 1983
534 1293 234 1224 1983
555 1282 221 1225 1984
534 1295 221 1226 1985
342 1293 227 1227 1986
555 1284 223 1227 1986
534 1296 237 1227 1986
555 1285 222 1228 1987
534 1297 228 1228 1987
555 1286 223 1229 1988
534 1298 222 1229 1988
342 1296 222 1230 1989
342 1297 225 1231 1990
555 1289 223 1232 1991
342 1298 227 1232 1991
534 1301 224 1232 1991
342 1299 225 1233 1992
342 1300 225 1234 1993
258 43 223 1234 1993
342 1301 225 1235 1994
555 1293 225 1236 1995
159 1015 225 1236 1995
555 1294 225 1237 1996
159 1016 228 1237 1996
555 1295 226 1238 1997
159 1017 225 1238 1997
555 1296 224 1239 1998
534 1308 222 1239 1998
555 1297 225 1240 1999
534 1309 222 1240 1999
159 1019 227 1240 1999
555 1298 221 1241 2000
534 1310 223 1241 2000
159 1020 227 1241 2000
258 51 223 1242 2001
534 1311 225 1242 2001
159 1021 223 1242 2001
555 1300 221 1243 2002
534 1313 224 1244 2003
159 1023 226 1244 2003
555 1302 221 1245 2004
534 1314 225 1245 2004
342 1312 225 1246 2005
555 1303 221 1246 2005
258 55 223 1246 2005
534 1315 229 1246 2005
258 56 225 1247 2006
534 1316 225 1247 2006
555 1305 224 1248 2007
258 57 224 1248 2007
342 1315 223 1249 2008
555 1306 223 1249 2008
258 58 223 1249 2008
555 1307 222 1250 2009
258 62 224 1253 2012
534 1322 221 1253 2012
342 1320 223 1254 2013
555 1311 225 1254 2013
342 1321 225 1255 2014
555 1312 225 1255 2014
534 1324 227 1255 2014
342 1322 233 1256 2015
555 1313 231 1256 2015
258 65 227 1256 2015
534 1326 227 1257 2016
168 163 233 1257 2016
342 1324 236 1258 2017
534 1327 227 1258 2017
342 1327 242 1261 2020
342 1328 230 1262 2021
555 1319 221 1262 2021
126 974 227 1262 2021
