638 3 225 0 711
207 4 221 0 711
401 5 239 0 711
638 4 232 1 712
207 5 228 1 712
595 5 222 1 712
401 6 237 1 712
401 7 233 2 713
210 8 223 3 714
401 8 231 3 714
207 8 227 4 715
401 9 229 4 715
638 8 241 5 716
210 10 225 5 716
207 9 223 5 716
595 9 224 5 716
210 11 237 6 717
638 9 230 6 717
207 10 226 6 717
595 10 223 6 717
249 1 233 6 717
753 2 229 6 717
401 11 233 6 717
210 12 225 7 718
638 10 225 7 718
207 11 225 7 718
753 3 237 7 718
249 3 225 8 719
753 4 231 8 719
210 14 227 9 720
207 13 226 9 720
595 13 229 9 720
401 14 221 9 720
638 13 225 10 721
207 14 238 10 721
595 14 227 10 721
249 5 221 10 721
753 6 221 10 721
401 15 231 10 721
207 15 231 11 722
595 15 227 11 722
401 16 232 11 722
207 16 231 12 723
401 17 237 12 723
210 18 223 13 724
207 17 224 13 724
401 18 231 13 724
210 19 223 14 725
207 18 223 14 725
401 19 231 15 726
595 19 237 15 726
401 20 226 16 727
207 20 231 16 727
595 20 225 16 727
207 21 225 17 728
595 21 231 17 728
401 22 223 18 729
207 22 230 18 729
595 22 228 18 729
753 14 225 18 729
401 23 226 19 730
207 23 233 19 730
753 15 223 19 730
210 25 223 20 731
207 24 236 20 731
595 24 236 20 731
401 25 225 21 732
207 25 231 21 732
595 25 227 21 732
207 26 235 22 733
595 26 226 22 733
401 27 227 23 734
207 27 227 23 734
595 27 225 23 734
753 19 223 23 734
401 28 223 24 735
207 28 227 24 735
595 28 229 24 735
401 29 227 25 736
207 29 227 25 736
595 29 227 25 736
401 30 226 26 737
207 30 227 26 737
595 30 235 26 737
753 22 225 26 737
401 31 225 27 738
207 31 231 27 738
595 31 225 27 738
753 23 233 27 738
401 32 222 28 739
207 32 221 28 739
753 24 226 28 739
401 33 227 29 740
207 34 229 30 741
595 34 225 30 741
401 35 233 31 742
207 35 235 31 742
595 35 232 31 742
401 36 243 32 743
207 36 225 32 743
210 38 224 32 743
401 37 235 33 744
207 37 226 33 744
595 37 225 33 744
753 29 224 33 744
401 38 247 34 745
595 38 223 34 745
753 30 225 34 745
401 39 240 35 746
595 39 221 35 746
753 31 228 35 746
401 40 231 36 747
207 40 225 36 747
210 42 221 36 747
401 41 235 37 748
595 41 231 37 748
207 41 221 37 748
210 43 223 37 748
401 42 230 38 749
207 42 221 38 749
595 42 230 38 749
753 34 233 38 749
401 43 236 39 750
595 43 234 39 750
207 43 227 39 750
753 35 226 39 750
210 45 229 39 750
401 44 221 40 751
595 44 235 40 751
207 44 221 40 751
753 36 222 40 751
401 45 227 41 752
595 45 225 41 752
753 37 233 41 752
401 46 225 41 752
595 46 221 42 753
207 46 221 42 753
210 48 225 42 753
401 47 225 43 754
210 49 221 43 754
401 48 243 44 755
210 50 239 44 755
595 49 221 45 756
207 49 230 45 756
249 40 227 45 756
753 41 233 45 756
401 50 228 45 756
595 50 227 46 757
207 50 227 46 757
753 42 233 46 757
638 50 232 46 757
210 52 221 46 757
401 51 224 46 757
753 43 227 47 758
401 52 221 47 758
753 44 221 48 759
638 52 221 48 759
210 54 221 48 759
401 53 225 48 759
595 53 221 49 760
207 53 230 49 760
401 54 221 49 760
595 54 227 50 761
753 46 231 50 761
638 54 225 50 761
401 55 235 50 761
595 55 222 51 762
249 46 223 51 762
638 55 231 51 762
210 57 229 51 762
595 56 223 52 763
753 48 225 52 763
638 56 225 52 763
210 58 233 52 763
401 57 223 53 764
595 57 223 53 764
638 57 231 53 764
210 59 235 53 764
753 50 233 54 765
638 58 229 54 765
401 59 237 55 766
249 50 224 55 766
753 51 223 55 766
638 59 223 55 766
210 61 228 55 766
401 60 241 56 767
595 60 227 56 767
207 60 234 56 767
249 51 224 56 767
753 52 221 56 767
638 60 225 56 767
210 62 235 56 767
401 61 227 57 768
595 61 238 57 768
207 61 231 57 768
249 52 222 57 768
753 53 223 57 768
638 61 233 57 768
210 63 233 57 768
401 62 226 58 769
207 62 233 58 769
249 53 225 58 769
753 54 222 58 769
638 62 223 58 769
210 64 227 58 769
401 63 233 59 770
595 63 231 59 770
207 63 225 59 770
249 54 221 59 770
638 63 233 59 770
210 65 226 59 770
401 64 222 60 771
595 64 236 60 771
753 56 221 60 771
210 66 223 60 771
638 64 231 60 771
401 65 232 61 772
595 65 221 61 772
753 57 233 61 772
210 67 229 61 772
638 65 227 61 772
401 66 233 62 773
207 66 232 62 773
595 66 230 62 773
753 58 235 62 773
210 68 227 62 773
638 66 226 62 773
401 67 229 63 774
595 67 227 63 774
753 59 223 63 774
210 69 221 63 774
638 67 231 63 774
638 68 225 64 775
401 69 226 65 776
207 69 225 65 776
736 14 221 65 776
7 71 226 65 776
207 70 235 66 777
740 9 227 66 777
207 71 233 67 778
483 96 221 68 779
207 72 234 68 779
322 74 230 68 779
493 71 222 68 779
82 18 221 68 779
207 73 227 69 780
112 71 227 69 780
329 22 221 70 781
153 76 227 70 781
205 89 226 70 781
431 70 221 70 781
240 71 228 70 781
112 72 237 70 781
317 88 221 71 782
98 85 226 71 782
481 93 225 71 782
440 84 225 71 782
150 92 222 72 783
101 74 227 72 783
185 93 231 72 783
144 86 230 73 784
456 90 222 73 784
38 85 232 73 784
352 68 221 74 785
144 87 238 74 785
456 91 231 74 785
38 86 237 74 785
144 88 231 75 786
38 87 240 75 786
602 73 222 76 787
144 89 237 76 787
38 88 224 76 787
144 90 221 77 788
38 89 232 77 788
602 75 250 78 789
144 91 227 78 789
38 90 240 78 789
602 76 222 79 790
38 91 239 79 790
602 77 225 80 791
38 92 240 80 791
602 78 228 81 792
144 94 235 81 792
38 93 227 81 792
602 79 240 82 793
38 94 223 82 793
144 96 233 83 794
38 95 229 83 794
144 98 225 85 796
144 99 225 86 797
144 100 227 87 798
38 99 236 87 798
144 101 229 88 799
38 100 227 88 799
144 102 229 89 800
38 101 224 89 800
144 103 224 90 801
38 103 239 91 802
602 89 223 92 803
144 105 231 92 803
144 106 237 93 804
38 105 227 93 804
602 91 228 94 805
144 107 231 94 805
144 108 223 95 806
38 107 225 95 806
144 109 221 96 807
38 108 231 96 807
144 110 235 97 808
38 109 227 97 808
144 111 222 98 809
38 110 227 98 809
144 112 229 99 810
38 111 231 99 810
144 113 224 100 811
38 112 235 100 811
602 98 222 101 812
144 114 226 101 812
144 115 242 102 813
144 117 231 104 815
38 116 221 104 815
602 102 227 105 816
352 99 227 105 816
144 118 229 105 816
352 100 225 106 817
602 104 221 107 818
352 101 225 107 818
144 120 225 107 818
38 119 225 107 818
352 102 225 108 819
144 122 246 109 820
38 121 223 109 820
352 104 227 110 821
144 123 240 110 821
38 122 222 110 821
352 105 228 111 822
144 125 243 112 823
352 107 225 113 824
144 126 221 113 824
38 125 221 113 824
144 128 250 115 826
602 113 224 116 827
144 129 235 116 827
38 128 225 116 827
602 114 221 117 828
144 130 230 117 828
144 131 235 118 829
144 132 223 119 830
38 131 225 119 830
38 132 235 120 831
602 118 224 121 832
144 134 224 121 832
38 133 232 121 832
144 135 225 122 833
38 134 227 122 833
144 138 225 125 836
38 137 225 125 836
602 123 221 126 837
144 139 237 126 837
38 138 221 126 837
144 140 238 127 838
38 139 231 127 838
144 141 223 128 839
38 140 233 128 839
144 142 231 129 840
38 141 236 129 840
144 143 227 130 841
38 142 233 130 841
602 128 222 131 842
144 144 225 131 842
38 143 225 131 842
144 145 225 132 843
38 144 221 132 843
144 146 228 133 844
38 145 231 133 844
144 147 237 134 845
38 146 237 134 845
38 147 225 135 846
144 149 236 136 847
38 148 225 136 847
144 150 239 137 848
38 149 231 137 848
144 151 221 138 849
38 150 224 138 849
602 136 223 139 850
38 151 231 139 850
602 137 221 140 851
144 153 225 140 851
38 152 224 140 851
144 154 231 141 852
144 155 231 142 853
38 154 225 142 853
144 156 235 143 854
144 157 226 144 855
38 156 222 144 855
144 158 229 145 856
144 159 235 146 857
38 158 231 146 857
144 160 239 147 858
38 159 231 147 858
144 161 233 148 859
38 160 235 148 859
144 162 236 149 860
38 161 225 149 860
144 163 227 150 861
38 162 227 150 861
144 164 237 151 862
38 163 239 151 862
38 164 239 152 863
144 166 221 153 864
38 165 239 153 864
144 167 236 154 865
38 166 226 154 865
144 168 230 155 866
38 167 238 155 866
144 169 238 156 867
38 168 235 156 867
144 170 231 157 868
38 169 240 157 868
144 171 227 158 869
38 170 237 158 869
144 172 225 159 870
38 171 229 159 870
38 172 229 160 871
144 174 226 161 872
38 173 233 161 872
144 175 221 162 873
144 176 226 163 874
38 175 231 163 874
144 177 221 164 875
38 176 240 164 875
144 178 225 165 876
38 177 235 165 876
144 179 227 166 877
38 178 236 166 877
602 164 227 167 878
144 180 229 167 878
38 179 235 167 878
602 165 222 168 879
38 180 226 168 879
602 166 221 169 880
144 182 225 169 880
38 181 225 169 880
38 182 226 170 881
602 169 224 172 883
38 184 224 172 883
602 170 221 173 884
144 186 228 173 884
38 185 237 173 884
144 187 237 174 885
38 186 233 174 885
144 188 237 175 886
38 187 223 175 886
602 173 223 175 886
144 189 237 176 887
38 188 227 176 887
144 190 235 177 888
38 189 227 177 888
144 191 235 178 889
144 192 231 179 890
38 191 229 179 890
144 193 237 180 891
38 192 229 180 891
144 194 233 181 892
38 193 225 181 892
352 176 221 182 893
144 195 239 182 893
38 194 229 182 893
352 177 221 183 894
144 196 239 183 894
38 195 222 183 894
144 197 239 184 895
38 196 226 184 895
38 197 232 185 896
38 198 226 186 897
352 181 221 187 898
144 200 233 187 898
38 199 232 187 898
144 201 227 188 899
38 200 227 188 899
144 202 231 189 900
144 203 222 190 901
38 202 221 190 901
144 204 239 191 902
38 203 227 191 902
144 205 236 192 903
38 204 222 192 903
144 206 227 193 904
38 205 232 193 904
144 207 227 194 905
38 206 225 194 905
38 207 227 195 906
144 209 224 196 907
144 210 224 197 908
38 209 223 197 908
602 195 223 197 908
144 211 229 198 909
38 210 227 198 909
144 212 231 199 910
38 211 235 199 910
144 213 233 200 911
38 212 222 200 911
144 214 233 201 912
38 213 227 201 912
144 215 231 202 913
38 214 227 202 913
144 216 237 203 914
38 215 228 203 914
144 217 227 204 915
38 216 233 204 915
144 218 231 205 916
38 217 227 205 916
144 219 235 206 917
144 221 229 208 919
38 220 228 208 919
144 222 229 209 920
144 223 225 210 921
144 224 225 211 922
38 223 232 211 922
144 225 229 212 923
38 224 227 212 923
144 226 225 213 924
144 227 226 214 925
144 228 243 215 926
144 229 227 216 927
38 228 229 216 927
144 230 233 217 928
38 229 221 217 928
602 215 225 217 928
144 231 224 218 929
38 230 226 218 929
602 217 223 220 931
38 232 227 220 931
144 234 224 221 932
144 235 226 222 933
38 234 223 222 933
602 220 222 223 934
144 236 233 223 934
144 237 227 224 935
38 236 223 224 935
102 238 225 225 936
38 262 230 250 961
144 263 225 250 961
38 264 230 252 963
144 265 229 252 963
38 265 227 253 964
144 266 221 253 964
144 267 227 254 965
352 67 225 254 965
38 267 223 255 966
144 268 225 255 966
352 68 221 255 966
38 271 227 259 970
144 272 221 259 970
144 273 222 260 971
38 273 231 261 972
38 274 232 262 973
38 275 225 263 974
38 276 231 264 975
38 277 231 265 976
38 278 228 266 977
38 279 230 267 978
38 280 233 268 979
144 281 221 268 979
38 281 234 269 980
38 282 227 270 981
144 283 225 270 981
38 283 235 271 982
144 284 222 271 982
38 284 235 272 983
144 285 224 272 983
38 285 232 273 984
144 286 223 273 984
38 286 225 274 985
38 287 234 275 986
144 288 222 275 986
38 288 234 276 987
38 289 235 277 988
38 290 234 278 989
144 291 224 278 989
38 291 234 279 990
38 292 223 280 991
38 293 239 281 992
38 294 232 282 993
144 295 223 282 993
38 295 236 283 994
144 296 228 283 994
38 296 237 284 995
38 297 221 285 996
352 98 221 285 996
602 283 222 285 996
144 299 225 286 997
144 300 231 287 998
352 100 223 287 998
144 301 233 288 999
352 101 221 288 999
602 286 221 288 999
602 287 221 289 1000
144 303 224 290 1001
144 304 232 291 1002
144 305 233 292 1003
144 306 231 293 1004
38 306 225 294 1005
144 307 233 294 1005
38 307 228 295 1006
144 308 233 295 1006
144 309 229 296 1007
38 309 237 297 1008
144 310 223 297 1008
38 310 237 298 1009
144 311 226 298 1009
38 311 235 299 1010
144 312 233 299 1010
352 112 221 299 1010
38 312 221 300 1011
144 313 233 300 1011
38 313 236 301 1012
144 314 235 301 1012
38 314 231 302 1013
144 315 229 302 1013
144 316 235 303 1014
516 321 225 304 1015
10 267 229 304 1015
633 308 226 306 1017
525 321 221 306 1017
453 317 235 306 1017
454 329 223 306 1017
31 327 224 306 1017
595 11 239 306 1017
206 292 227 307 1018
533 4 225 307 1018
418 325 222 307 1018
12 102 224 307 1018
78 315 229 307 1018
639 330 223 307 1018
551 221 223 307 1018
281 133 224 307 1018
525 322 221 307 1018
453 318 221 307 1018
50 313 222 308 1019
453 319 221 308 1019
229 334 222 309 1020
682 330 233 309 1020
69 259 231 309 1020
646 309 231 309 1020
541 32 223 310 1021
254 157 229 310 1021
229 335 227 310 1021
69 260 226 310 1021
782 275 226 311 1022
541 33 231 311 1022
254 158 239 311 1022
541 34 223 312 1023
254 159 228 312 1023
682 333 225 312 1023
541 35 223 313 1024
265 340 221 314 1025
254 162 225 315 1026
541 39 222 317 1028
254 164 225 317 1028
541 40 221 318 1029
279 337 221 318 1029
254 165 226 318 1029
261 333 231 319 1030
279 338 228 319 1030
254 166 227 319 1030
337 333 230 319 1030
265 346 225 320 1031
541 42 223 320 1031
279 339 234 320 1031
292 198 227 320 1031
119 305 227 320 1031
254 167 229 320 1031
682 341 221 320 1031
261 335 223 321 1032
541 43 223 321 1032
279 340 227 321 1032
254 168 226 321 1032
466 93 225 321 1032
682 342 227 321 1032
69 271 221 321 1032
782 358 221 394 1105
119 379 223 394 1105
254 241 221 394 1105
292 74 221 395 1106
292 75 221 396 1107
279 415 224 396 1107
265 422 223 396 1107
69 346 226 396 1107
254 243 221 396 1107
466 168 221 396 1107
261 411 236 396 1107
279 416 226 397 1108
292 76 223 397 1108
682 418 221 397 1108
621 413 230 397 1108
261 412 233 397 1108
337 412 225 398 1109
261 413 225 398 1109
541 121 225 398 1109
279 418 223 399 1110
254 246 233 399 1110
541 122 221 399 1110
261 414 223 399 1110
119 385 221 400 1111
254 247 223 400 1111
467 413 223 400 1111
682 421 222 400 1111
621 416 230 400 1111
261 415 224 400 1111
279 420 228 401 1112
621 417 222 401 1112
337 416 225 402 1113
261 417 221 402 1113
337 417 221 403 1114
261 418 224 403 1114
337 418 223 404 1115
69 355 223 405 1116
254 252 221 405 1116
621 421 222 405 1116
279 425 223 406 1117
69 356 225 406 1117
279 426 224 407 1118
69 357 227 407 1118
337 421 224 407 1118
261 422 221 408 1119
69 358 227 408 1119
337 422 222 408 1119
541 131 221 408 1119
69 359 226 409 1120
337 424 223 410 1121
292 90 221 411 1122
254 258 225 411 1122
337 425 221 411 1122
261 426 221 412 1123
292 91 221 412 1123
261 427 225 413 1124
279 433 222 414 1125
292 93 222 414 1125
254 261 222 414 1125
292 95 222 416 1127
69 367 221 417 1128
541 140 221 417 1128
69 368 227 418 1129
292 99 221 420 1131
541 143 221 421 1132
541 144 221 421 1132
69 372 231 422 1133
337 436 221 422 1133
541 145 222 422 1133
254 270 224 423 1134
541 146 223 423 1134
261 438 223 424 1135
541 147 221 424 1135
279 444 223 425 1136
69 375 225 425 1136
254 272 223 425 1136
682 446 221 425 1136
69 377 221 427 1138
292 107 221 428 1139
69 378 227 428 1139
621 444 223 428 1139
541 151 222 428 1139
69 379 225 429 1140
621 445 225 429 1140
261 444 221 430 1141
292 109 221 430 1141
69 380 231 430 1141
254 277 223 430 1141
682 451 223 430 1141
621 446 226 430 1141
541 153 222 430 1141
69 381 227 431 1142
261 446 226 432 1143
69 382 229 432 1143
69 383 225 433 1144
69 385 223 435 1146
69 386 226 436 1147
292 117 221 438 1149
261 459 223 444 1155
292 124 221 445 1156
261 460 221 445 1156
261 461 221 446 1157
467 462 221 449 1160
69 400 221 450 1161
261 465 221 450 1161
453 463 221 452 1163
261 467 221 452 1163
69 403 221 453 1164
254 300 224 453 1164
292 133 221 453 1164
69 404 222 454 1165
292 134 221 454 1165
254 302 225 455 1166
254 303 223 456 1167
254 304 226 457 1168
337 472 223 458 1169
254 308 221 461 1172
254 309 229 462 1173
292 142 226 462 1173
261 477 225 463 1174
279 482 222 463 1174
254 310 230 463 1174
254 311 221 464 1175
337 478 222 464 1175
292 144 227 465 1176
261 479 221 465 1176
279 484 225 465 1176
254 312 223 465 1176
621 481 221 465 1176
279 485 222 466 1177
292 1 228 466 1177
621 482 225 466 1177
279 486 221 467 1178
254 314 221 467 1178
621 483 227 467 1178
337 481 223 467 1178
254 315 227 468 1179
292 3 221 468 1179
254 318 222 471 1182
254 319 221 472 1183
541 198 221 475 1186
254 323 222 476 1187
261 491 223 476 1187
541 199 227 476 1187
337 491 221 477 1188
541 200 221 477 1188
279 497 221 478 1189
69 428 223 478 1189
337 492 223 478 1189
261 493 227 478 1189
541 201 221 478 1189
69 429 223 479 1190
337 493 227 479 1190
261 494 227 479 1190
541 202 223 479 1190
69 430 221 480 1191
337 494 221 480 1191
261 495 226 480 1191
541 203 221 480 1191
279 500 221 481 1192
254 328 223 481 1192
337 495 221 481 1192
261 496 226 481 1192
337 496 225 482 1193
541 205 224 482 1193
69 433 221 483 1194
261 498 226 483 1194
337 498 224 484 1195
337 499 222 485 1196
337 500 223 486 1197
261 501 223 486 1197
337 501 221 487 1198
541 210 221 487 1198
261 502 223 487 1198
254 335 223 488 1199
337 502 221 488 1199
254 336 224 489 1200
337 503 221 489 1200
69 440 225 490 1201
541 214 221 491 1202
261 506 229 491 1202
261 507 225 492 1203
261 508 224 493 1204
261 509 223 494 1205
292 30 221 494 1205
261 510 223 495 1206
337 510 224 496 1207
119 481 222 496 1207
261 511 225 496 1207
337 511 223 497 1208
261 512 225 497 1208
261 513 225 498 1209
292 34 225 498 1209
337 513 223 499 1210
621 516 223 500 1211
261 515 223 500 1211
292 36 221 500 1211
337 516 228 502 1213
541 225 223 502 1213
337 517 225 503 1214
261 518 227 503 1214
541 227 222 504 1215
265 531 221 504 1215
261 519 228 504 1215
337 519 222 505 1216
541 228 222 505 1216
261 520 227 505 1216
337 520 222 506 1217
541 229 221 506 1217
261 521 227 506 1217
541 230 221 507 1218
261 522 230 507 1218
541 233 225 510 1221
261 525 226 510 1221
265 538 221 511 1222
541 235 227 512 1223
261 527 223 512 1223
254 360 223 512 1223
279 532 221 513 1224
292 49 221 513 1224
541 237 225 514 1225
261 529 221 514 1225
292 50 222 514 1225
265 541 221 514 1225
254 362 225 514 1225
541 240 226 517 1228
279 537 221 518 1229
69 468 235 518 1229
621 534 221 518 1229
337 533 225 519 1230
541 243 227 520 1231
261 535 226 520 1231
621 537 222 521 1232
337 535 224 521 1232
541 244 225 521 1232
261 536 227 521 1232
541 245 225 522 1233
261 537 225 522 1233
621 539 225 523 1234
254 372 223 525 1236
279 544 221 525 1236
621 544 227 528 1239
254 376 223 529 1240
541 252 223 529 1240
541 253 226 530 1241
254 378 223 531 1242
621 547 224 531 1242
292 67 222 532 1243
621 550 221 534 1245
541 257 233 534 1245
261 549 227 535 1246
337 549 221 535 1246
541 258 224 535 1246
279 555 225 536 1247
337 550 225 536 1247
541 259 229 536 1247
279 556 221 537 1248
541 260 225 537 1248
254 385 221 538 1249
279 557 223 538 1249
682 559 223 538 1249
453 549 221 538 1249
261 553 227 538 1249
541 261 225 538 1249
119 524 227 539 1250
541 262 226 539 1250
541 263 231 540 1251
261 555 231 540 1251
541 264 223 541 1252
261 556 223 541 1252
541 265 225 542 1253
261 557 231 542 1253
254 390 221 543 1254
69 494 224 544 1255
292 79 241 544 1255
279 563 224 544 1255
467 557 231 544 1255
682 565 224 544 1255
119 529 231 544 1255
782 509 221 544 1255
261 559 229 544 1255
541 267 223 544 1255
292 80 235 545 1256
467 558 227 545 1256
119 530 229 545 1256
782 510 226 545 1256
261 560 223 545 1256
265 572 223 546 1257
292 81 223 546 1257
69 496 221 546 1257
279 565 221 546 1257
467 559 223 546 1257
119 531 221 546 1257
261 561 221 546 1257
292 82 222 547 1258
279 566 222 547 1258
211 221 222 547 1258
541 270 232 547 1258
541 271 227 548 1259
292 84 229 549 1260
292 87 241 552 1263
292 88 241 553 1264
292 89 232 554 1265
320 18 223 554 1265
292 90 242 555 1266
596 568 221 555 1266
302 578 223 555 1266
463 579 230 556 1267
219 106 231 556 1267
71 1 235 556 1267
292 92 242 557 1268
354 466 221 557 1268
292 93 243 558 1269
470 492 235 558 1269
292 94 229 559 1270
437 534 231 559 1270
312 565 231 559 1270
725 20 229 561 1272
323 503 227 561 1272
123 560 221 561 1272
453 17 221 561 1272
264 235 226 561 1272
323 504 239 562 1273
646 562 221 562 1273
567 536 229 562 1273
323 505 221 563 1274
123 562 223 563 1274
646 563 221 563 1274
453 19 221 563 1274
264 237 225 563 1274
567 537 228 563 1274
725 23 223 564 1275
323 506 223 564 1275
547 585 223 564 1275
567 538 233 564 1275
323 507 233 565 1276
567 539 229 565 1276
725 25 227 566 1277
323 508 221 566 1277
567 540 223 566 1277
646 567 231 567 1278
25 553 221 567 1278
567 541 228 567 1278
323 510 241 568 1279
567 542 223 568 1279
323 511 232 569 1280
646 569 222 569 1280
453 25 221 569 1280
25 555 222 569 1280
567 543 231 570 1281
646 570 221 570 1281
567 544 227 571 1282
313 500 224 571 1282
567 545 233 572 1283
123 571 227 572 1283
646 572 227 572 1283
25 558 227 572 1283
567 546 225 573 1284
123 572 226 573 1284
25 559 225 573 1284
567 547 227 574 1285
323 516 224 574 1285
123 573 229 574 1285
25 560 229 574 1285
567 548 231 575 1286
323 517 226 575 1286
123 574 227 575 1286
646 575 224 575 1286
567 549 223 576 1287
323 518 225 576 1287
646 576 228 576 1287
453 32 221 576 1287
123 576 225 577 1288
646 577 227 577 1288
123 577 221 578 1289
216 530 221 578 1289
646 578 231 578 1289
547 599 221 578 1289
567 552 223 579 1290
123 578 227 579 1290
646 579 227 579 1290
25 565 226 579 1290
567 553 222 580 1291
646 580 228 580 1291
453 36 222 580 1291
567 554 225 581 1292
123 580 221 581 1292
646 581 227 581 1292
567 555 224 582 1293
646 582 225 582 1293
567 557 221 584 1295
547 605 221 584 1295
25 570 222 584 1295
323 527 222 585 1296
123 584 224 585 1296
264 259 225 585 1296
25 571 223 585 1296
567 559 225 586 1297
646 586 225 586 1297
567 560 231 587 1298
123 586 223 587 1298
646 587 223 587 1298
123 587 226 588 1299
646 588 221 588 1299
25 574 221 588 1299
567 562 225 589 1300
123 588 224 589 1300
216 541 221 589 1300
567 563 225 590 1301
323 532 222 590 1301
123 589 223 590 1301
567 564 227 591 1302
323 533 227 591 1302
216 543 222 591 1302
547 612 223 591 1302
25 577 221 591 1302
567 565 221 592 1303
323 534 222 592 1303
646 592 227 592 1303
547 613 223 592 1303
25 578 231 592 1303
323 535 225 593 1304
123 592 221 593 1304
619 581 222 593 1304
646 593 221 593 1304
25 579 221 593 1304
567 567 229 594 1305
323 536 229 594 1305
123 593 221 594 1305
646 594 227 594 1305
25 580 227 595 1306
567 568 225 595 1306
323 537 224 595 1306
123 594 221 595 1306
646 595 229 595 1306
547 616 221 595 1306
25 581 229 596 1307
567 569 224 596 1307
323 538 229 596 1307
646 596 225 596 1307
25 582 226 597 1308
567 570 225 597 1308
646 597 223 597 1308
25 583 230 598 1309
567 571 222 598 1309
323 540 225 598 1309
646 598 225 598 1309
323 541 221 599 1310
646 599 222 599 1310
547 620 221 599 1310
25 585 221 600 1311
323 542 221 600 1311
646 600 222 600 1311
25 586 227 601 1312
646 601 227 601 1312
25 587 233 602 1313
567 575 222 602 1313
646 602 226 602 1313
25 588 235 602 1313
323 545 222 603 1314
646 603 224 603 1314
25 589 235 603 1314
567 577 225 604 1315
646 604 229 604 1315
25 590 223 604 1315
567 578 223 605 1316
646 605 226 605 1316
216 557 221 605 1316
25 591 221 605 1316
123 605 224 606 1317
646 606 224 606 1317
567 580 223 607 1318
123 606 225 607 1318
646 607 224 607 1318
25 593 223 607 1318
123 607 225 608 1319
646 608 222 608 1319
25 594 229 608 1319
547 630 225 609 1320
123 609 221 610 1321
547 631 224 610 1321
323 553 222 611 1322
123 610 223 611 1322
646 611 223 611 1322
547 632 228 611 1322
323 554 233 612 1323
123 611 225 612 1323
547 633 224 612 1323
123 612 224 613 1324
567 587 221 614 1325
123 613 222 614 1325
547 635 224 614 1325
323 557 226 615 1326
123 614 225 615 1326
646 615 221 615 1326
323 558 222 616 1327
123 615 221 616 1327
646 616 222 616 1327
323 559 223 617 1328
123 616 224 617 1328
646 617 221 617 1328
567 591 221 618 1329
646 618 224 618 1329
547 639 223 618 1329
323 561 223 619 1330
123 618 221 619 1330
313 548 221 619 1330
313 549 225 620 1331
567 595 222 622 1333
123 621 221 622 1333
671 649 221 622 1333
567 597 225 624 1335
619 612 222 624 1335
123 623 221 624 1335
646 624 231 624 1335
547 645 221 624 1335
123 624 221 625 1336
646 625 225 625 1336
567 599 224 626 1337
646 626 231 626 1337
547 647 221 626 1337
25 612 224 626 1337
567 600 224 627 1338
123 626 221 627 1338
646 627 231 627 1338
25 613 230 627 1338
567 601 221 628 1339
123 627 223 628 1339
216 580 221 628 1339
547 649 223 628 1339
567 602 234 629 1340
123 628 222 629 1340
646 629 225 629 1340
25 615 227 630 1341
123 629 221 630 1341
646 630 222 630 1341
25 616 225 630 1341
567 604 223 631 1342
547 652 221 631 1342
323 574 223 632 1343
567 605 221 632 1343
123 631 221 632 1343
646 632 223 632 1343
25 618 223 632 1343
646 633 229 633 1344
567 607 222 634 1345
547 655 222 634 1345
25 620 222 634 1345
123 634 225 635 1346
25 621 223 636 1347
123 635 223 636 1347
25 622 222 637 1348
567 610 223 637 1348
123 636 222 637 1348
646 637 221 637 1348
25 623 229 638 1349
313 567 223 638 1349
25 624 229 639 1350
567 612 223 639 1350
123 638 223 639 1350
547 660 221 639 1350
646 639 227 639 1350
313 568 222 639 1350
25 626 221 641 1352
547 662 221 641 1352
646 641 227 641 1352
567 615 221 642 1353
547 663 227 642 1353
646 642 230 642 1353
25 628 223 643 1354
567 616 227 643 1354
547 664 221 643 1354
646 643 225 643 1354
567 617 221 644 1355
547 665 221 644 1355
646 644 221 644 1355
323 587 221 645 1356
567 618 231 645 1356
547 666 222 645 1356
25 631 227 646 1357
725 105 222 646 1357
619 634 225 646 1357
646 646 226 646 1357
25 632 225 647 1358
567 620 225 647 1358
123 646 223 647 1358
567 621 230 648 1359
123 647 225 648 1359
123 648 222 649 1360
619 638 222 650 1361
123 649 221 650 1361
646 650 222 650 1361
25 636 227 651 1362
567 624 227 651 1362
619 639 222 651 1362
123 650 223 651 1362
25 637 224 652 1363
567 625 225 652 1363
25 638 225 653 1364
123 652 223 653 1364
547 674 222 653 1364
25 639 225 654 1365
123 653 225 654 1365
547 675 223 654 1365
25 640 226 655 1366
567 628 223 655 1366
619 643 225 655 1366
123 654 226 655 1366
547 676 229 655 1366
25 641 227 656 1367
567 629 231 656 1367
619 644 223 656 1367
123 655 221 656 1367
547 677 225 656 1367
567 630 223 657 1368
619 645 223 657 1368
547 678 224 657 1368
25 643 233 658 1369
567 631 223 658 1369
547 679 221 658 1369
646 658 225 658 1369
25 644 233 659 1370
567 632 233 659 1370
123 658 221 659 1370
547 680 223 659 1370
567 633 225 660 1371
619 648 225 660 1371
547 681 226 660 1371
25 646 224 661 1372
567 634 223 661 1372
619 649 224 661 1372
646 661 227 661 1372
25 647 224 662 1373
567 635 225 662 1373
453 118 221 662 1373
547 683 227 662 1373
453 119 221 663 1374
123 662 222 663 1374
547 684 230 663 1374
646 663 223 663 1374
25 649 227 664 1375
619 652 223 664 1375
25 650 229 665 1376
567 638 222 665 1376
646 665 223 665 1376
323 608 224 666 1377
567 640 225 667 1378
323 609 223 667 1378
453 123 221 667 1378
547 688 222 667 1378
646 667 224 667 1378
25 653 221 668 1379
567 641 222 668 1379
547 689 221 668 1379
25 654 223 669 1380
567 642 228 669 1380
547 690 223 669 1380
567 643 227 670 1381
323 612 225 670 1381
725 129 221 670 1381
547 691 230 670 1381
25 656 221 671 1382
567 644 230 671 1382
547 692 225 671 1382
25 657 223 672 1383
567 645 227 672 1383
547 693 221 672 1383
25 658 229 673 1384
567 646 226 673 1384
547 694 224 673 1384
123 672 223 673 1384
25 659 227 674 1385
547 695 228 674 1385
646 674 224 674 1385
567 648 226 675 1386
547 696 229 675 1386
25 661 223 676 1387
567 649 223 676 1387
547 697 225 676 1387
646 676 226 676 1387
25 662 225 677 1388
567 650 224 677 1388
547 698 229 677 1388
646 677 223 677 1388
725 137 222 678 1389
547 699 231 678 1389
646 678 228 678 1389
25 664 225 679 1390
567 652 223 679 1390
323 621 224 679 1390
547 700 233 679 1390
123 678 225 679 1390
646 679 226 679 1390
25 665 225 680 1391
567 653 230 680 1391
323 622 223 680 1391
619 668 222 680 1391
547 701 237 680 1391
646 680 223 680 1391
25 666 222 681 1392
323 623 221 681 1392
567 654 225 681 1392
619 669 223 681 1392
547 702 233 681 1392
123 680 223 681 1392
646 681 224 681 1392
25 667 221 682 1393
567 655 235 682 1393
547 703 233 682 1393
646 682 221 682 1393
25 668 229 683 1394
567 656 231 683 1394
547 704 233 683 1394
123 682 221 683 1394
567 657 223 684 1395
547 705 232 684 1395
567 658 233 685 1396
323 627 221 685 1396
547 706 229 685 1396
25 671 227 686 1397
567 659 230 686 1397
547 707 230 686 1397
646 686 221 686 1397
25 672 227 687 1398
567 660 229 687 1398
547 708 227 687 1398
25 673 223 688 1399
567 661 233 688 1399
323 630 225 688 1399
123 687 225 688 1399
725 148 221 689 1400
25 674 226 689 1400
567 662 235 689 1400
123 688 225 689 1400
646 689 221 689 1400
725 149 225 690 1401
25 675 224 690 1401
567 663 241 690 1401
547 711 221 690 1401
123 689 223 690 1401
646 690 221 690 1401
567 664 235 691 1402
123 690 224 691 1402
567 665 231 692 1403
123 691 224 692 1403
725 152 224 693 1404
25 678 228 693 1404
567 666 235 693 1404
725 153 225 694 1405
25 679 229 694 1405
567 667 231 694 1405
547 715 221 694 1405
123 693 221 694 1405
725 154 223 695 1406
25 680 225 695 1406
567 668 231 695 1406
567 669 229 696 1407
547 717 227 696 1407
123 695 223 696 1407
567 670 239 697 1408
25 682 223 697 1408
547 718 232 697 1408
123 696 225 697 1408
567 671 239 698 1409
25 683 227 698 1409
547 719 231 698 1409
123 697 221 698 1409
646 698 222 698 1409
567 672 233 699 1410
25 684 223 699 1410
547 720 231 699 1410
123 698 225 699 1410
567 673 242 700 1411
547 721 233 700 1411
453 156 221 700 1411
123 699 222 700 1411
567 674 237 701 1412
25 686 236 701 1412
547 722 231 701 1412
123 700 221 701 1412
567 675 237 702 1413
25 687 229 702 1413
547 723 229 702 1413
646 702 221 702 1413
567 676 237 703 1414
25 688 226 703 1414
547 724 232 703 1414
25 689 230 704 1415
547 725 230 704 1415
725 164 221 705 1416
567 678 221 705 1416
25 690 231 705 1416
547 726 231 705 1416
123 704 222 705 1416
567 679 221 706 1417
725 165 223 706 1417
547 727 227 706 1417
123 705 225 706 1417
567 680 237 707 1418
725 166 221 707 1418
25 692 226 707 1418
547 728 226 707 1418
646 707 223 707 1418
567 681 233 708 1419
567 682 232 709 1420
25 694 233 709 1420
547 730 223 709 1420
123 708 223 709 1420
567 683 225 710 1421
547 731 227 710 1421
646 710 224 710 1421
123 709 223 710 1421
567 684 226 711 1422
25 696 221 711 1422
547 732 225 711 1422
123 710 223 711 1422
567 685 227 712 1423
123 711 225 712 1423
567 686 221 713 1424
547 734 225 713 1424
567 687 226 714 1425
725 173 221 714 1425
547 735 222 714 1425
646 714 221 714 1425
567 688 231 715 1426
25 700 221 715 1426
646 715 221 715 1426
567 689 227 716 1427
547 737 225 716 1427
123 715 226 716 1427
567 690 223 717 1428
547 738 225 717 1428
123 716 225 717 1428
567 691 233 718 1429
547 739 224 718 1429
123 717 227 718 1429
567 692 226 719 1430
547 740 225 719 1430
567 693 224 720 1431
547 741 229 720 1431
123 719 224 720 1431
646 720 222 720 1431
567 694 231 721 1432
547 742 229 721 1432
123 720 224 721 1432
567 695 230 722 1433
567 696 224 723 1434
313 652 222 723 1434
323 666 221 724 1435
567 697 226 724 1435
567 698 223 725 1436
25 710 223 725 1436
25 711 225 726 1437
567 699 225 726 1437
567 700 223 727 1438
567 701 222 728 1439
25 714 224 729 1440
567 702 231 729 1440
619 717 225 729 1440
646 729 221 729 1440
323 672 221 730 1441
567 703 223 730 1441
619 718 222 730 1441
646 730 225 730 1441
25 716 221 731 1442
323 673 221 731 1442
123 730 232 731 1442
646 731 226 731 1442
264 405 223 732 1443
323 674 221 732 1443
725 191 221 732 1443
567 705 223 732 1443
123 731 232 732 1443
646 732 229 732 1443
323 675 221 733 1444
646 733 232 733 1444
123 732 233 733 1444
264 407 223 734 1445
25 719 230 734 1445
725 193 223 734 1445
646 734 230 734 1445
123 733 235 734 1445
25 720 221 735 1446
123 734 221 735 1446
25 721 225 736 1447
323 678 223 736 1447
123 735 228 736 1447
567 710 225 737 1448
453 193 223 737 1448
646 737 225 737 1448
547 758 221 737 1448
123 736 222 737 1448
25 723 221 738 1449
567 711 222 738 1449
646 738 225 738 1449
123 737 226 738 1449
25 724 224 739 1450
323 681 224 739 1450
567 712 226 739 1450
216 691 223 739 1450
646 739 227 739 1450
25 725 223 740 1451
323 682 223 740 1451
567 713 223 740 1451
646 740 225 740 1451
25 726 222 741 1452
123 740 221 741 1452
313 670 227 741 1452
646 741 221 741 1452
567 715 221 742 1453
619 730 221 742 1453
646 742 227 742 1453
25 728 227 743 1454
725 202 231 743 1454
567 716 233 743 1454
453 199 221 743 1454
212 180 225 743 1454
243 1 235 743 1454
646 743 229 743 1454
567 717 222 744 1455
243 2 233 744 1455
619 733 221 745 1456
243 3 233 745 1456
25 731 221 746 1457
323 688 221 746 1457
725 205 228 746 1457
453 202 222 746 1457
619 734 231 746 1457
216 698 241 746 1457
313 675 227 746 1457
646 746 221 747 1458
323 689 231 747 1458
725 206 226 747 1458
619 735 221 747 1458
216 699 225 747 1458
243 5 225 747 1458
646 747 225 748 1459
25 733 224 748 1459
725 207 225 748 1459
547 769 221 748 1459
243 6 229 748 1459
313 677 223 748 1459
264 422 223 749 1460
567 722 223 749 1460
547 770 223 749 1460
567 723 224 750 1461
216 702 226 750 1461
547 771 232 750 1461
243 8 234 750 1461
725 210 225 751 1462
567 724 222 751 1462
216 703 233 751 1462
547 772 227 751 1462
243 9 233 751 1462
646 751 226 752 1463
264 425 221 752 1463
567 725 223 752 1463
725 211 222 752 1463
216 704 235 752 1463
243 10 230 752 1463
567 726 229 753 1464
619 741 221 753 1464
216 705 239 753 1464
243 11 226 753 1464
123 752 223 753 1464
567 727 222 754 1465
216 706 237 754 1465
243 12 227 754 1465
547 775 225 754 1465
123 753 227 754 1465
646 754 222 755 1466
264 428 221 755 1466
216 707 231 755 1466
547 776 223 755 1466
123 754 224 755 1466
646 755 222 756 1467
25 741 221 756 1467
619 744 222 756 1467
216 708 221 756 1467
243 14 227 756 1467
547 777 222 756 1467
123 755 224 756 1467
646 756 225 757 1468
25 742 225 757 1468
619 745 221 757 1468
216 709 223 757 1468
547 778 221 757 1468
567 731 226 758 1469
216 710 225 758 1469
243 16 221 758 1469
123 757 221 759 1470
216 711 222 759 1470
243 17 224 759 1470
216 712 225 760 1471
216 713 226 761 1472
243 19 222 761 1472
25 747 222 762 1473
216 714 227 762 1473
243 20 225 762 1473
25 748 221 763 1474
25 749 223 764 1475
216 716 225 764 1475
123 763 223 764 1475
547 785 228 765 1476
25 750 226 765 1476
216 717 223 765 1476
243 23 221 765 1476
547 786 227 766 1477
25 751 221 766 1477
216 718 224 766 1477
243 24 237 766 1477
547 787 223 767 1478
25 752 227 767 1478
567 740 225 767 1478
619 755 221 767 1478
243 25 231 767 1478
123 766 229 767 1478
547 788 225 768 1479
646 767 223 768 1479
25 753 224 768 1479
216 720 230 768 1479
243 26 228 768 1479
123 767 221 769 1480
725 228 221 769 1480
216 721 234 769 1480
243 27 229 769 1480
123 768 222 770 1481
547 790 225 770 1481
323 712 223 770 1481
725 229 223 770 1481
216 722 233 770 1481
243 28 232 770 1481
547 791 227 771 1482
216 723 237 771 1482
243 29 233 771 1482
123 770 221 772 1483
547 792 227 772 1483
646 771 225 772 1483
264 445 221 772 1483
216 724 221 772 1483
243 30 224 772 1483
216 725 226 773 1484
243 31 224 773 1484
216 726 229 774 1485
216 727 226 775 1486
216 732 225 780 1491
547 801 235 780 1491
313 709 225 781 1492
646 780 227 781 1492
25 766 225 781 1492
567 754 225 781 1492
216 733 229 781 1492
243 39 241 781 1492
547 802 221 782 1493
646 781 227 782 1493
216 734 239 782 1493
243 40 241 782 1493
646 782 233 783 1494
25 768 235 783 1494
264 456 225 783 1494
212 220 225 783 1494
243 41 225 783 1494
323 726 222 784 1495
25 769 239 784 1495
453 240 229 784 1495
216 736 229 784 1495
212 221 221 784 1495
323 727 230 785 1496
25 770 248 785 1496
243 43 227 785 1496
25 771 235 786 1497
216 738 222 786 1497
243 44 224 786 1497
646 786 239 787 1498
323 729 232 787 1498
25 772 234 787 1498
216 739 221 787 1498
212 224 222 787 1498
508 714 235 787 1498
642 18 222 788 1499
404 772 222 789 1500
121 30 233 789 1500
212 226 222 789 1500
508 716 226 790 1501
340 219 232 790 1501
45 468 237 790 1501
7 796 224 790 1501
40 470 223 790 1501
259 186 221 790 1501
726 374 225 790 1501
358 469 235 790 1501
729 221 221 790 1501
747 32 227 791 1502
45 469 225 791 1502
479 698 225 791 1502
741 785 230 791 1502
498 386 227 791 1502
438 130 225 791 1502
280 807 233 792 1503
747 33 224 792 1503
508 718 222 792 1503
340 221 221 792 1503
38 273 233 792 1503
485 223 227 792 1503
631 437 224 792 1503
272 815 227 792 1503
780 20 223 792 1503
470 726 226 792 1503
280 808 239 793 1504
235 373 221 793 1504
340 222 223 793 1504
381 150 225 793 1504
38 274 227 793 1504
725 252 224 793 1504
609 243 221 793 1504
694 460 223 793 1504
537 796 221 793 1504
551 4 225 793 1504
532 14 222 793 1504
380 750 233 793 1504
697 810 230 793 1504
272 816 222 793 1504
273 372 235 793 1504
89 816 226 794 1505
38 275 222 794 1505
435 691 224 794 1505
725 253 223 794 1505
556 11 221 794 1505
151 338 234 794 1505
537 797 222 794 1505
86 507 223 794 1505
534 816 223 794 1505
697 811 223 794 1505
401 799 222 794 1505
533 88 229 795 1506
276 795 221 795 1506
188 296 222 795 1506
200 12 225 795 1506
537 798 221 795 1506
616 621 221 795 1506
538 798 225 795 1506
667 168 224 795 1506
272 818 230 795 1506
127 830 221 796 1507
6 13 243 796 1507
344 808 225 797 1508
463 12 227 797 1508
547 818 223 797 1508
123 796 227 798 1509
38 279 232 798 1509
732 768 241 798 1509
463 13 221 798 1509
687 825 221 798 1509
123 797 222 798 1509
402 296 222 799 1510
38 280 226 799 1510
344 810 221 799 1510
123 798 222 800 1511
38 281 236 800 1511
547 821 225 801 1512
463 17 225 802 1513
38 284 235 803 1514
190 2 221 803 1514
38 285 227 804 1515
157 831 222 804 1515
190 4 222 805 1516
88 793 227 805 1516
547 826 224 806 1517
123 804 225 806 1517
38 287 225 806 1517
190 5 231 806 1517
284 827 221 806 1517
190 6 227 807 1518
689 257 227 807 1518
463 22 231 807 1518
38 289 222 808 1519
463 23 222 808 1519
38 290 226 809 1520
602 806 227 809 1520
415 818 224 809 1520
463 24 226 809 1520
344 820 223 809 1520
311 31 223 809 1520
547 830 227 809 1520
38 291 231 810 1521
602 807 233 810 1521
190 9 229 810 1521
415 819 224 810 1521
344 821 225 810 1521
463 25 232 810 1521
547 831 224 810 1521
38 292 227 811 1522
602 808 227 811 1522
190 10 226 811 1522
463 26 232 811 1522
547 832 228 811 1522
280 827 237 812 1523
342 831 223 812 1523
38 293 225 812 1523
190 11 227 812 1523
71 184 224 812 1523
415 821 222 812 1523
268 717 222 812 1523
463 27 225 812 1523
547 833 225 812 1523
280 828 239 813 1524
38 294 225 813 1524
190 12 231 813 1524
689 263 221 813 1524
159 544 221 813 1524
157 840 226 813 1524
268 718 227 813 1524
463 28 225 813 1524
547 834 230 814 1525
280 829 232 814 1525
256 612 221 814 1525
38 295 227 814 1525
190 13 227 814 1525
280 830 235 815 1526
38 296 223 815 1526
190 14 227 815 1526
280 831 227 816 1527
190 15 222 816 1527
38 297 228 816 1527
159 547 221 816 1527
280 832 232 817 1528
38 298 232 817 1528
185 14 221 817 1528
280 833 227 818 1529
602 815 227 818 1529
38 299 225 818 1529
190 17 225 818 1529
280 834 237 819 1530
509 791 222 819 1530
602 816 233 819 1530
38 300 226 819 1530
190 18 224 819 1530
280 835 224 820 1531
602 817 233 820 1531
190 19 232 820 1531
689 270 226 820 1531
365 501 226 820 1531
311 6 225 821 1532
773 764 225 821 1532
602 818 231 821 1532
365 502 225 821 1532
689 271 222 821 1532
280 837 225 822 1533
773 765 221 822 1533
602 819 235 822 1533
38 303 236 822 1533
365 503 235 822 1533
280 838 233 823 1534
687 849 221 823 1534
602 820 225 823 1534
365 504 233 823 1534
38 304 245 823 1534
689 273 223 823 1534
112 825 225 823 1534
280 839 234 824 1535
38 305 229 824 1535
365 505 232 824 1535
280 840 242 825 1536
38 306 223 825 1536
415 834 221 825 1536
280 841 247 826 1537
365 507 221 826 1537
38 307 232 826 1537
689 276 224 826 1537
280 842 230 827 1538
687 853 222 827 1538
583 43 228 827 1538
38 308 225 827 1538
365 508 225 827 1538
689 277 231 827 1538
6 44 223 827 1538
112 829 222 827 1538
280 843 233 828 1539
38 309 234 828 1539
689 278 231 828 1539
365 509 221 828 1539
610 547 222 828 1539
280 844 231 829 1540
365 510 223 829 1540
280 845 227 830 1541
415 839 221 830 1541
280 846 231 831 1542
415 840 221 831 1542
280 847 232 832 1543
415 842 225 833 1544
157 862 221 835 1546
280 851 231 836 1547
642 65 238 836 1547
489 795 222 836 1547
164 375 223 836 1547
655 107 225 836 1547
733 855 223 836 1547
421 75 223 836 1547
280 852 225 837 1548
777 845 227 837 1548
618 203 227 837 1548
383 851 229 837 1548
742 742 221 838 1549
332 57 223 838 1549
484 696 223 838 1549
280 854 227 838 1549
83 293 223 839 1550
317 35 224 839 1550
618 206 237 840 1551
697 856 221 840 1551
552 855 221 840 1551
126 503 227 840 1551
295 829 231 840 1551
83 294 221 840 1551
392 860 222 840 1551
576 826 221 840 1551
593 539 224 840 1551
150 33 223 840 1551
728 691 221 840 1551
424 866 224 841 1552
412 805 247 841 1552
593 540 225 841 1552
423 850 221 841 1552
535 188 230 842 1553
646 841 223 842 1553
485 273 227 842 1553
148 4 228 842 1553
216 794 227 842 1553
280 858 222 843 1554
535 189 227 843 1554
646 842 237 843 1554
318 857 227 843 1554
148 5 223 843 1554
216 795 225 843 1554
280 859 221 843 1554
646 843 229 844 1555
318 858 226 844 1555
272 867 224 844 1555
216 796 225 844 1555
646 844 236 845 1556
320 115 233 845 1556
138 871 221 845 1556
630 231 227 845 1556
318 859 231 845 1556
216 797 227 845 1556
148 7 222 845 1556
424 871 226 846 1557
646 845 235 846 1557
485 277 226 846 1557
318 860 232 846 1557
216 798 222 846 1557
148 8 225 846 1557
507 50 221 846 1557
424 872 223 847 1558
646 846 232 847 1558
485 278 223 847 1558
630 233 231 847 1558
612 117 230 847 1558
424 873 221 848 1559
646 847 239 848 1559
80 870 225 848 1559
612 118 228 848 1559
106 327 226 849 1560
646 848 231 849 1560
485 280 228 849 1560
424 875 225 850 1561
320 120 221 850 1561
646 849 221 850 1561
138 876 225 850 1561
485 281 236 850 1561
630 236 221 850 1561
535 197 227 851 1562
225 790 223 851 1562
646 850 229 851 1562
485 282 242 851 1562
318 865 231 851 1562
216 803 224 851 1562
148 13 223 852 1563
646 851 235 852 1563
485 283 233 852 1563
318 866 233 852 1563
485 284 230 853 1564
256 651 225 853 1564
612 123 225 853 1564
318 867 239 853 1564
216 805 222 853 1564
646 853 236 854 1565
138 880 223 854 1565
485 285 222 854 1565
612 124 223 854 1565
394 867 226 854 1565
47 563 225 854 1565
511 860 229 854 1565
412 819 227 855 1566
756 192 231 855 1566
759 861 221 855 1566
453 19 226 855 1566
716 873 224 855 1566
87 286 224 855 1566
731 284 221 855 1566
619 843 225 855 1566
760 21 229 855 1566
684 594 226 856 1567
657 873 237 856 1567
332 75 224 856 1567
322 862 225 856 1567
196 865 231 857 1568
213 125 233 858 1569
564 614 227 858 1569
9 880 225 859 1570
72 327 225 859 1570
46 869 225 859 1570
745 879 221 859 1570
72 328 224 860 1571
564 616 221 860 1571
72 329 221 861 1572
579 888 221 861 1572
725 320 227 861 1572
196 869 231 861 1572
596 874 221 861 1572
112 863 224 861 1572
185 58 222 861 1572
223 318 224 862 1573
101 864 235 863 1574
661 734 229 864 1575
661 735 227 865 1576
390 879 227 866 1577
661 738 230 868 1579
661 739 228 869 1580
386 478 229 872 1583
265 898 222 872 1583
224 793 223 872 1583
299 390 223 872 1583
38 353 229 872 1583
180 45 221 872 1583
732 842 236 872 1583
299 391 221 873 1584
732 843 229 873 1584
547 894 222 874 1585
287 592 227 874 1585
691 421 223 874 1585
386 480 222 874 1585
60 900 239 874 1585
694 541 223 874 1585
64 872 221 874 1585
426 84 222 874 1585
732 844 221 874 1585
287 593 226 875 1586
60 901 228 875 1586
299 393 223 875 1586
87 306 221 875 1586
100 8 223 876 1587
663 197 221 876 1587
391 820 229 878 1589
299 396 223 878 1589
694 545 228 878 1589
38 360 223 879 1590
732 849 225 879 1590
287 598 227 880 1591
530 158 223 880 1591
100 12 221 880 1591
265 906 228 880 1591
299 398 235 880 1591
732 850 235 880 1591
287 599 221 881 1592
530 159 221 881 1592
38 362 235 881 1592
299 399 225 881 1592
732 851 234 881 1592
287 600 233 882 1593
386 488 225 882 1593
265 908 226 882 1593
38 363 233 882 1593
694 549 221 882 1593
732 852 239 882 1593
511 888 223 882 1593
287 601 226 883 1594
734 817 223 883 1594
38 364 226 883 1594
299 401 221 883 1594
732 853 239 883 1594
180 56 221 883 1594
386 490 221 884 1595
38 365 237 884 1595
732 854 223 884 1595
391 827 221 885 1596
287 603 229 885 1596
530 163 222 885 1596
549 894 224 885 1596
732 855 240 885 1596
391 828 228 886 1597
287 604 223 886 1597
265 912 221 886 1597
38 367 233 886 1597
732 856 225 886 1597
287 605 222 887 1598
38 368 231 887 1598
299 405 227 887 1598
180 60 223 887 1598
732 857 233 887 1598
344 898 223 887 1598
38 369 227 888 1599
299 406 221 888 1599
732 858 244 888 1599
180 61 227 888 1599
287 607 221 889 1600
38 370 222 889 1600
732 859 241 889 1600
676 909 223 890 1601
663 211 221 890 1601
273 469 221 890 1601
570 397 221 904 1615
392 924 239 904 1615
180 78 239 905 1616
732 875 227 905 1616
363 349 223 905 1616
265 932 221 906 1617
100 38 223 906 1617
38 387 231 906 1617
676 925 226 906 1617
392 926 222 906 1617
426 116 223 906 1617
334 855 229 906 1617
547 927 223 907 1618
273 486 227 907 1618
547 938 229 918 1629
180 91 227 918 1629
180 92 221 919 1630
24 180 221 919 1630
728 770 223 919 1630
344 930 223 919 1630
547 940 223 920 1631
344 931 231 920 1631
734 855 231 921 1632
344 932 227 921 1632
547 942 221 922 1633
180 95 221 922 1633
344 933 227 922 1633
344 934 229 923 1634
547 946 221 926 1637
547 947 221 927 1638
732 897 221 927 1638
5 947 222 927 1638
547 948 222 928 1639
180 101 223 928 1639
24 189 221 928 1639
732 898 232 928 1639
728 779 221 928 1639
732 899 241 929 1640
547 950 221 930 1641
732 900 237 930 1641
547 951 223 931 1642
732 901 238 931 1642
732 902 233 932 1643
547 953 224 933 1644
732 903 233 933 1644
732 904 239 934 1645
547 955 221 935 1646
180 108 221 935 1646
732 905 236 935 1646
732 906 235 936 1647
547 957 222 937 1648
732 907 231 937 1648
344 948 225 937 1648
732 908 227 938 1649
732 909 227 939 1650
180 113 221 940 1651
732 910 235 940 1651
732 911 237 941 1652
344 952 223 941 1652
547 965 225 945 1656
732 919 225 949 1660
547 972 222 951 1662
732 922 233 952 1663
547 973 224 952 1663
732 923 225 953 1664
24 214 225 953 1664
578 522 221 954 1665
536 977 225 954 1665
536 978 233 955 1666
536 979 223 956 1667
732 927 247 957 1668
732 928 239 958 1669
547 980 224 960 1671
578 528 222 960 1671
536 983 231 960 1671
547 981 225 961 1672
578 529 223 961 1672
732 931 223 961 1672
547 982 227 962 1673
5 981 226 962 1673
732 932 239 962 1673
536 986 221 963 1674
732 933 223 963 1674
547 984 221 964 1675
5 983 222 964 1675
536 987 229 964 1675
578 533 221 965 1676
536 988 227 965 1676
732 935 232 965 1676
772 241 225 966 1677
547 986 221 966 1677
732 936 224 966 1677
717 984 222 967 1678
732 937 225 967 1678
732 938 225 968 1679
732 939 221 969 1680
564 50 222 969 1680
732 941 224 971 1682
180 145 222 972 1683
732 942 232 972 1683
732 943 227 973 1684
732 945 229 975 1686
732 946 225 976 1687
732 947 221 977 1688
536 1001 228 978 1689
732 948 245 978 1689
732 949 247 979 1690
450 997 223 980 1691
660 986 227 980 1691
732 950 235 980 1691
564 61 226 980 1691
422 168 223 981 1692
660 987 224 981 1692
732 951 233 981 1692
536 1005 223 982 1693
732 952 241 982 1693
24 243 223 982 1693
772 258 223 983 1694
536 1006 221 983 1694
732 953 243 983 1694
679 581 221 983 1694
564 64 226 983 1694
772 259 225 984 1695
536 1007 221 984 1695
732 954 242 984 1695
564 65 223 984 1695
536 1008 222 985 1696
732 955 235 985 1696
679 583 227 985 1696
564 66 221 986 1697
772 261 223 986 1697
422 173 221 986 1697
660 992 224 986 1697
732 956 233 986 1697
679 584 226 987 1698
450 1004 231 987 1698
732 957 231 987 1698
24 248 221 987 1698
732 958 235 988 1699
679 586 221 989 1700
547 1009 222 989 1700
660 995 223 989 1700
732 959 238 989 1700
679 587 225 990 1701
660 996 224 990 1701
180 12 222 991 1702
536 1014 221 991 1702
660 997 221 991 1702
772 267 222 992 1703
536 1015 223 992 1703
660 998 223 992 1703
772 268 226 993 1704
536 1016 223 993 1704
564 74 227 994 1705
5 1013 221 994 1705
679 591 222 994 1705
536 1017 225 994 1705
772 270 221 995 1706
536 1018 223 995 1706
536 1019 225 996 1707
660 1002 225 996 1707
450 1014 231 997 1708
450 1015 224 998 1709
660 1004 223 998 1709
450 1016 221 999 1710
547 1019 221 999 1710
180 20 223 999 1710
660 1005 221 999 1710
180 21 223 1000 1711
660 1006 221 1000 1711
660 1007 221 1001 1712
679 599 221 1002 1713
450 1019 225 1002 1713
679 600 221 1003 1714
450 1020 227 1003 1714
660 1009 223 1003 1714
450 1021 226 1004 1715
660 1010 221 1004 1715
660 1011 225 1005 1716
450 1024 225 1007 1718
450 1026 224 1009 1720
450 1027 224 1010 1721
732 980 225 1010 1721
450 1028 224 1011 1722
732 981 229 1011 1722
450 1029 230 1012 1723
732 982 227 1012 1723
450 1030 232 1013 1724
660 1019 223 1013 1724
732 983 227 1013 1724
450 1031 232 1014 1725
732 984 223 1014 1725
732 985 227 1015 1726
536 1039 224 1016 1727
732 986 247 1016 1727
772 292 235 1016 1727
679 614 223 1017 1728
180 38 221 1017 1728
536 1040 223 1017 1728
732 987 223 1017 1728
772 293 223 1018 1729
536 1041 225 1018 1729
732 988 228 1018 1729
772 294 222 1019 1730
536 1042 231 1019 1730
732 989 237 1019 1730
772 295 231 1020 1731
5 1039 222 1020 1731
679 617 225 1020 1731
536 1043 223 1020 1731
660 1026 221 1020 1731
24 281 225 1020 1731
732 990 224 1020 1731
723 1033 221 1026 1737
280 1045 225 1029 1740
751 401 221 1030 1741
751 418 227 1047 1758
280 1063 221 1047 1758
280 1064 223 1048 1759
751 420 226 1049 1760
280 1065 223 1049 1760
280 1066 222 1050 1761
280 1067 222 1051 1762
280 1068 223 1052 1763
751 425 228 1054 1765
280 1073 223 1057 1768
751 433 224 1062 1773
280 1079 221 1063 1774
751 435 226 1064 1775
699 978 221 1065 1776
280 1082 225 1066 1777
280 1106 229 1091 1802
280 1107 221 1092 1803
280 1108 222 1093 1804
280 1109 223 1094 1805
280 1110 223 1095 1806
280 1111 224 1096 1807
280 1112 221 1096 1807
280 1113 222 1098 1809
107 166 221 1108 1819
107 167 221 1109 1820
699 1024 221 1111 1822
107 170 221 1112 1823
107 171 221 1113 1824
280 1133 223 1117 1828
280 1135 226 1119 1830
280 1137 225 1121 1832
280 1139 226 1123 1834
280 1140 221 1124 1835
280 1141 226 1125 1836
280 1143 221 1127 1838
280 1144 226 1128 1839
280 1148 223 1132 1843
280 1149 225 1133 1844
751 506 222 1135 1846
751 507 222 1136 1847
107 195 221 1137 1848
280 1156 221 1141 1852
751 512 222 1141 1852
280 1157 227 1142 1853
280 1158 229 1143 1854
280 1160 226 1145 1856
280 1162 223 1147 1858
335 1167 221 1149 1860
288 342 223 1149 1860
77 695 222 1149 1860
255 24 233 1149 1860
492 412 223 1149 1860
421 82 221 1150 1861
280 1165 221 1150 1861
579 1177 227 1150 1861
414 1169 221 1150 1861
383 144 223 1151 1862
762 192 233 1151 1862
383 145 222 1152 1863
584 46 227 1152 1863
219 90 223 1152 1863
678 594 222 1152 1863
355 17 235 1153 1864
247 1171 223 1154 1865
207 1158 227 1154 1865
120 670 223 1154 1865
184 236 230 1154 1865
445 1160 221 1154 1865
788 1137 222 1155 1866
355 2 223 1155 1866
120 671 222 1155 1866
184 237 222 1155 1866
445 1161 229 1155 1866
70 381 221 1156 1867
38 637 233 1156 1867
120 672 224 1156 1867
445 1162 229 1156 1867
317 81 223 1157 1868
70 382 222 1157 1868
207 1161 237 1157 1868
120 673 227 1157 1868
207 1162 238 1158 1869
38 639 221 1158 1869
646 1158 224 1158 1869
120 674 225 1158 1869
317 83 223 1159 1870
520 1177 224 1159 1870
207 1163 227 1159 1870
500 1155 222 1159 1870
321 848 221 1159 1870
207 1164 233 1160 1871
38 641 227 1160 1871
120 676 227 1160 1871
355 7 223 1160 1871
531 61 222 1161 1872
207 1165 233 1161 1872
38 642 226 1161 1872
531 62 232 1162 1873
207 1166 228 1162 1873
38 643 223 1162 1873
235 323 221 1162 1873
531 63 227 1163 1874
207 1167 233 1163 1874
531 64 235 1164 1875
247 1181 223 1164 1875
38 646 224 1165 1876
531 66 245 1166 1877
531 69 221 1169 1880
317 94 222 1170 1881
531 70 229 1170 1881
207 1174 222 1170 1881
38 651 222 1170 1881
120 686 222 1170 1881
531 71 225 1171 1882
207 1175 236 1171 1882
38 652 221 1171 1882
531 72 238 1172 1883
247 1189 225 1172 1883
207 1176 223 1172 1883
531 73 235 1173 1884
38 654 221 1173 1884
207 1178 225 1174 1885
317 99 222 1175 1886
531 75 227 1175 1886
321 863 221 1175 1886
207 1179 227 1175 1886
38 656 223 1175 1886
317 100 221 1176 1887
531 76 227 1176 1887
321 864 221 1176 1887
38 657 224 1176 1887
317 101 223 1177 1888
531 77 232 1177 1888
531 78 224 1178 1889
531 79 223 1179 1890
531 80 227 1180 1891
38 661 224 1180 1891
531 81 221 1181 1892
38 662 227 1181 1892
287 900 224 1181 1892
531 82 233 1182 1893
38 663 221 1182 1893
287 901 223 1182 1893
531 83 228 1183 1894
287 902 222 1183 1894
531 84 242 1184 1895
317 109 221 1185 1896
531 85 229 1185 1896
38 666 221 1185 1896
207 1189 224 1185 1896
287 904 221 1185 1896
120 701 222 1185 1896
321 874 225 1186 1897
531 86 223 1186 1897
207 1190 223 1186 1897
38 667 223 1186 1897
120 702 227 1186 1897
184 268 221 1187 1898
321 875 221 1187 1898
38 668 233 1187 1898
321 876 226 1188 1899
531 88 233 1188 1899
38 669 223 1188 1899
120 704 227 1188 1899
321 877 221 1189 1900
531 89 231 1189 1900
207 1193 228 1189 1900
38 670 226 1189 1900
184 271 221 1189 1900
531 90 247 1190 1901
287 909 223 1190 1901
120 706 221 1190 1901
531 91 239 1191 1902
38 672 223 1191 1902
207 1195 231 1191 1902
287 910 223 1191 1902
120 707 221 1191 1902
531 92 223 1192 1903
317 116 221 1192 1903
38 673 229 1192 1903
207 1196 229 1192 1903
235 353 222 1192 1903
531 93 235 1193 1904
38 674 223 1193 1904
207 1197 235 1193 1904
120 709 223 1193 1904
531 94 227 1194 1905
38 675 224 1194 1905
247 1211 222 1194 1905
207 1198 224 1194 1905
355 41 223 1194 1905
120 710 223 1194 1905
531 95 233 1195 1906
699 1108 221 1195 1906
207 1199 231 1195 1906
287 914 221 1195 1906
235 356 223 1195 1906
531 96 234 1196 1907
38 677 231 1196 1907
287 915 221 1196 1907
531 97 231 1197 1908
120 713 225 1197 1908
531 98 229 1198 1909
38 679 229 1198 1909
207 1202 239 1198 1909
120 714 222 1198 1909
321 887 224 1199 1910
531 99 226 1199 1910
520 1217 223 1199 1910
207 1203 233 1199 1910
321 888 230 1200 1911
531 100 227 1200 1911
38 681 225 1200 1911
207 1204 223 1200 1911
531 101 221 1201 1912
38 682 227 1201 1912
287 920 223 1201 1912
531 102 223 1202 1913
207 1206 221 1202 1913
500 1198 221 1202 1913
531 103 223 1203 1914
317 127 223 1203 1914
247 1220 223 1203 1914
38 684 229 1203 1914
321 892 221 1204 1915
520 1222 221 1204 1915
317 128 224 1204 1915
38 685 232 1204 1915
531 105 225 1205 1916
520 1223 221 1205 1916
70 34 221 1205 1916
38 686 227 1205 1916
207 1209 221 1205 1916
357 313 221 1205 1916
38 687 233 1206 1917
500 1202 225 1206 1917
357 314 228 1207 1918
520 1225 222 1207 1918
38 688 242 1207 1918
287 926 227 1207 1918
445 1213 223 1207 1918
500 1203 221 1207 1918
120 723 227 1207 1918
520 1226 222 1208 1919
317 132 221 1208 1919
247 1225 221 1208 1919
207 1212 229 1208 1919
287 927 241 1208 1919
357 316 236 1208 1919
120 724 235 1209 1920
321 897 225 1209 1920
520 1227 222 1209 1920
531 109 221 1209 1920
247 1226 229 1209 1920
207 1213 227 1209 1920
287 928 231 1209 1920
355 56 221 1209 1920
500 1205 221 1209 1920
445 1215 225 1209 1920
120 725 223 1210 1921
321 898 229 1210 1921
520 1228 226 1210 1921
317 134 225 1210 1921
247 1227 225 1210 1921
38 691 225 1210 1921
646 50 222 1210 1921
287 929 235 1210 1921
355 57 231 1210 1921
235 371 222 1210 1921
500 1206 233 1210 1921
445 1216 232 1210 1921
357 318 221 1210 1921
184 292 223 1210 1921
321 899 223 1211 1922
531 111 227 1211 1922
207 1215 231 1211 1922
355 58 227 1211 1922
357 319 222 1211 1922
531 112 223 1212 1923
235 373 221 1212 1923
321 901 225 1213 1924
531 113 230 1213 1924
207 1217 222 1213 1924
321 902 223 1214 1925
321 903 221 1215 1926
531 115 223 1215 1926
321 904 223 1216 1927
520 1235 223 1217 1928
531 117 228 1217 1928
247 1234 221 1217 1928
207 1221 223 1217 1928
247 1235 221 1218 1929
207 1222 227 1218 1929
531 119 227 1219 1930
321 907 226 1219 1930
207 1223 225 1219 1930
247 1237 223 1220 1931
357 328 221 1220 1931
247 1238 226 1221 1932
207 1225 223 1221 1932
317 146 223 1222 1933
207 1226 225 1222 1933
531 123 223 1223 1934
321 911 224 1223 1934
520 1242 221 1224 1935
120 740 221 1225 1936
531 125 225 1225 1936
321 914 223 1226 1937
531 128 223 1228 1939
321 916 229 1228 1939
207 1232 241 1228 1939
235 389 226 1228 1939
120 744 222 1229 1940
531 129 226 1229 1940
321 917 241 1229 1940
207 1233 221 1229 1940
207 1234 234 1230 1941
531 131 222 1231 1942
207 1235 233 1231 1942
531 132 228 1232 1943
207 1236 233 1232 1943
184 314 222 1232 1943
531 133 225 1233 1944
207 1237 233 1233 1944
317 158 221 1233 1944
531 134 227 1234 1945
207 1238 231 1234 1945
321 1 223 1234 1945
120 750 221 1234 1945
531 135 226 1234 1945
207 1239 224 1235 1946
321 2 223 1235 1946
531 136 225 1236 1947
70 65 221 1236 1947
207 1240 235 1236 1947
317 161 221 1237 1948
247 1254 223 1237 1948
321 4 221 1237 1948
531 138 226 1238 1949
70 67 221 1238 1949
321 5 224 1238 1949
531 139 223 1238 1949
120 754 221 1239 1950
520 1257 221 1239 1950
207 1243 235 1239 1950
235 400 221 1239 1950
531 140 241 1239 1950
207 1244 245 1240 1951
235 401 229 1240 1951
321 7 221 1240 1951
261 1255 223 1240 1951
531 141 227 1240 1951
531 142 223 1241 1952
207 1246 227 1242 1953
531 143 227 1242 1953
207 1247 222 1243 1954
500 1239 226 1243 1954
531 144 228 1243 1954
207 1248 225 1244 1955
321 11 225 1244 1955
531 145 232 1244 1955
207 1249 225 1245 1956
321 12 226 1245 1956
531 146 229 1245 1956
317 170 221 1245 1956
235 407 227 1246 1957
531 147 234 1246 1957
235 408 223 1247 1958
321 14 223 1247 1958
531 148 222 1247 1958
207 1252 221 1248 1959
235 409 223 1248 1959
321 15 225 1248 1959
321 16 221 1249 1960
120 765 225 1249 1960
207 1254 223 1250 1961
207 1255 227 1251 1962
235 412 222 1251 1962
261 1266 222 1251 1962
120 767 229 1251 1962
207 1256 225 1252 1963
207 1258 233 1254 1965
120 770 222 1254 1965
235 416 221 1255 1966
120 771 223 1255 1966
317 180 227 1256 1967
317 181 227 1257 1968
207 1261 221 1257 1968
235 418 226 1257 1968
317 182 227 1258 1969
321 25 221 1258 1969
445 1264 223 1258 1969
235 419 227 1258 1969
317 183 221 1259 1970
235 420 229 1259 1970
317 184 224 1260 1971
235 421 232 1260 1971
235 422 224 1261 1972
445 1267 221 1261 1972
207 1267 231 1263 1974
355 112 225 1265 1976
235 426 223 1265 1976
120 781 224 1265 1976
235 428 223 1267 1978
184 349 225 1267 1978
531 168 221 1268 1979
235 429 224 1268 1979
184 350 221 1268 1979
207 1273 223 1269 1980
207 1274 221 1270 1981
531 171 227 1271 1982
207 1276 221 1272 1983
531 173 221 1273 1984
317 200 225 1276 1987
207 1280 221 1276 1987
317 201 227 1277 1988
207 1281 225 1277 1988
317 202 227 1278 1989
207 1282 226 1278 1989
235 439 223 1278 1989
207 1283 223 1279 1990
235 440 221 1279 1990
321 47 222 1280 1991
120 796 224 1280 1991
207 1285 227 1281 1992
235 442 222 1281 1992
207 1286 228 1282 1993
120 798 225 1282 1993
531 183 221 1283 1994
207 1287 223 1283 1994
321 50 225 1283 1994
531 184 221 1284 1995
321 51 222 1284 1995
120 800 230 1284 1995
531 185 221 1285 1996
321 54 223 1287 1998
321 55 225 1288 1999
235 450 230 1289 2000
500 1285 221 1289 2000
235 451 227 1290 2001
235 452 228 1291 2002
500 1287 223 1291 2002
120 807 225 1291 2002
235 453 225 1292 2003
321 59 229 1292 2003
207 1297 233 1293 2004
321 60 223 1293 2004
120 809 229 1293 2004
207 1298 221 1294 2005
235 456 224 1295 2006
445 1301 221 1295 2006
235 457 222 1296 2007
207 1302 225 1298 2009
235 459 221 1298 2009
207 1303 230 1299 2010
207 1304 229 1300 2011
207 1305 230 1301 2012
207 1306 231 1302 2013
235 463 221 1302 2013
207 1307 227 1303 2014
445 1310 225 1304 2015
531 205 236 1305 2016
207 1309 232 1305 2016
500 1301 221 1305 2016
120 821 221 1305 2016
668 94 221 1306 2017
531 206 247 1306 2017
520 1324 221 1306 2017
317 230 222 1306 2017
207 1310 234 1306 2017
445 1312 225 1306 2017
235 467 223 1306 2017
120 822 224 1306 2017
531 207 240 1307 2018
207 1311 232 1307 2018
235 468 225 1307 2018
531 208 241 1308 2019
738 1260 224 1308 2019
207 1312 225 1308 2019
120 824 229 1308 2019
520 1327 221 1309 2020
531 209 237 1309 2020
738 1261 225 1309 2020
120 825 223 1309 2020
357 68 221 1309 2020
235 471 221 1310 2021
357 69 227 1310 2021
520 1329 227 1311 2022
120 827 223 1311 2022
520 1330 227 1312 2023
247 1330 223 1313 2024
209 12 223 1315 2026
23 808 221 1315 2026
725 432 223 1315 2026
404 1298 222 1315 2026
