699 2 223 2 698
669 2 223 3 699
699 3 227 3 699
657 3 221 3 699
745 6 222 4 700
657 4 221 4 700
456 4 230 5 701
745 7 226 5 701
662 5 229 6 702
669 5 221 6 702
662 6 224 7 703
662 7 227 8 704
669 7 229 8 704
662 8 221 9 705
669 8 225 9 705
155 2 225 9 705
155 3 233 10 706
669 9 224 10 706
662 10 227 11 707
669 10 229 11 707
662 11 225 12 708
662 12 221 13 709
669 12 228 13 709
699 13 223 13 709
155 7 228 14 710
124 2 221 14 710
662 14 222 15 711
662 15 227 16 712
662 17 228 18 714
155 12 225 19 715
662 18 227 19 715
456 19 221 20 716
155 13 225 20 716
662 19 223 20 716
662 20 229 21 717
124 9 221 21 717
662 21 224 22 718
431 4 223 22 718
699 22 221 22 718
124 10 223 22 718
662 22 226 23 719
124 11 223 23 719
456 23 221 24 720
745 26 221 24 720
124 12 224 24 720
456 25 223 26 722
662 25 221 26 722
456 26 235 27 723
456 27 230 28 724
745 30 223 28 724
124 16 224 28 724
456 28 229 29 725
669 28 222 29 725
745 31 224 29 725
124 17 224 29 725
456 29 233 30 726
662 29 221 30 726
662 30 221 31 727
124 19 223 31 727
456 31 223 32 728
124 20 225 33 729
456 32 225 33 729
431 15 221 33 729
662 32 222 33 729
662 33 225 34 730
745 36 221 34 730
431 17 221 35 731
456 34 225 35 731
662 34 223 35 731
124 23 226 36 732
662 35 226 36 732
124 24 224 37 733
456 36 223 37 733
662 36 225 37 733
124 26 237 39 735
431 21 223 39 735
456 38 233 39 735
124 27 238 40 736
456 39 235 40 736
124 28 231 41 737
431 23 224 41 737
456 40 233 41 737
124 29 225 41 737
431 24 225 42 738
456 41 235 42 738
431 25 221 43 739
456 42 221 43 739
124 31 229 43 739
456 43 227 44 740
456 44 235 45 741
124 33 224 45 741
431 28 221 45 741
456 45 221 46 742
124 34 228 46 742
431 29 223 46 742
669 46 223 47 743
456 46 229 47 743
745 49 221 47 743
124 35 221 47 743
431 30 223 47 743
669 47 222 47 743
456 47 229 48 744
124 36 225 48 744
431 31 224 49 745
669 48 228 49 745
456 48 231 49 745
124 37 223 49 745
431 32 221 50 746
669 49 227 50 746
456 49 229 50 746
745 52 221 50 746
657 50 223 50 746
669 50 223 51 747
456 50 229 51 747
456 52 221 53 749
456 54 223 55 751
124 43 225 55 751
662 56 223 57 753
155 50 223 57 753
456 57 223 58 754
662 59 225 60 756
456 59 223 60 756
669 60 222 60 756
456 60 224 61 757
456 61 224 62 758
456 62 223 63 759
456 65 225 66 762
699 66 225 66 762
456 66 226 67 763
456 67 225 68 764
662 68 227 69 765
456 69 223 70 766
456 70 225 71 767
456 71 223 72 768
669 73 222 73 769
124 64 233 76 772
456 76 225 77 773
124 65 224 77 773
124 66 223 78 774
456 78 229 79 775
124 67 244 79 775
456 79 224 80 776
657 80 221 80 776
124 68 237 80 776
662 80 221 81 777
699 81 222 81 777
657 81 223 81 777
124 69 226 81 777
456 81 233 82 778
155 75 223 82 778
124 70 229 82 778
431 65 221 82 778
124 71 233 83 779
456 83 235 84 780
66 17 221 84 780
66 18 223 85 781
604 77 235 85 781
366 23 230 87 783
366 24 221 88 784
604 80 227 88 784
366 25 249 89 785
453 82 223 89 785
254 98 221 89 785
317 89 227 89 785
84 89 223 89 785
499 38 221 91 787
499 39 235 92 788
523 84 223 94 790
499 42 231 95 791
536 100 221 95 791
697 94 223 95 791
19 91 223 95 791
299 41 225 95 791
5 97 221 96 792
499 43 233 96 792
749 89 227 96 792
299 42 225 96 792
211 97 222 97 793
697 96 223 97 793
76 18 235 97 793
299 43 223 97 793
76 19 247 98 794
772 103 221 98 794
749 92 222 99 795
76 20 227 99 795
660 89 224 100 796
76 21 231 100 796
299 46 221 100 796
660 91 221 102 798
76 23 221 102 798
299 48 225 102 798
76 24 221 103 799
697 103 221 104 800
76 25 223 104 800
299 51 221 105 801
76 26 232 105 801
299 52 223 106 802
499 54 221 107 803
76 28 229 107 803
299 53 221 107 803
76 29 231 108 804
76 30 229 109 805
76 31 225 110 806
660 100 222 111 807
76 32 235 111 807
76 33 236 112 808
76 34 235 113 809
76 35 230 114 810
76 36 239 115 811
386 46 225 116 812
76 37 238 116 812
76 38 241 117 813
386 48 224 118 814
76 39 244 118 814
386 49 223 119 815
76 40 243 119 815
386 50 222 120 816
76 41 247 120 816
76 42 239 121 817
76 43 239 122 818
76 44 237 123 819
76 45 243 124 820
697 124 223 125 821
299 71 221 125 821
76 46 239 125 821
76 48 243 127 823
660 117 233 128 824
386 58 224 128 824
749 19 223 128 824
299 74 229 128 824
76 49 225 128 824
710 90 223 129 825
749 20 221 129 825
299 75 225 129 825
76 50 221 129 825
697 129 223 130 826
76 52 223 131 827
76 53 233 132 828
76 54 226 133 829
710 97 221 136 832
193 124 223 136 832
386 68 225 138 834
710 99 221 138 834
697 137 237 138 834
299 84 227 138 834
76 59 225 138 834
167 141 221 139 835
710 100 230 139 835
697 138 225 139 835
76 60 225 139 835
710 102 231 141 837
76 62 231 141 837
697 141 223 142 838
710 103 230 142 838
76 63 235 142 838
660 132 221 143 839
710 104 227 143 839
76 64 233 143 839
386 74 223 144 840
697 143 221 144 840
710 105 229 144 840
76 65 236 144 840
710 106 227 145 841
299 91 221 145 841
76 66 237 145 841
697 145 221 146 842
710 107 231 146 842
76 67 234 146 842
697 146 221 147 843
710 108 225 147 843
299 93 221 147 843
76 68 238 147 843
660 137 221 148 844
386 78 223 148 844
710 109 239 148 844
749 39 221 148 844
299 94 223 148 844
76 69 240 148 844
660 138 223 149 845
710 110 225 149 845
76 70 241 149 845
660 139 221 150 846
386 80 225 150 846
710 111 241 150 846
76 71 241 150 846
386 81 221 151 847
710 112 240 151 847
299 97 221 151 847
76 72 239 151 847
386 82 223 152 848
710 113 239 152 848
76 73 241 152 848
710 114 233 153 849
76 74 242 153 849
710 115 233 154 850
299 100 223 154 850
76 75 243 154 850
710 116 239 155 851
697 154 221 155 851
76 76 229 155 851
710 117 233 156 852
76 77 233 156 852
386 87 221 157 853
697 156 221 157 853
710 118 229 157 853
76 78 237 157 853
697 157 223 158 854
710 119 235 158 854
76 79 228 158 854
76 80 237 159 855
710 120 237 159 855
299 105 227 159 855
76 81 231 160 856
710 121 223 160 856
299 106 223 160 856
386 91 221 161 857
76 82 241 161 857
710 122 227 161 857
299 107 221 161 857
386 92 222 162 858
76 83 237 162 858
710 123 225 162 858
76 84 237 163 859
710 124 240 163 859
749 54 222 163 859
76 85 225 164 860
710 125 235 164 860
697 164 225 165 861
76 86 227 165 861
710 126 235 165 861
299 111 225 165 861
697 165 226 166 862
76 87 230 166 862
710 127 231 166 862
386 97 221 167 863
697 166 226 167 863
76 88 227 167 863
710 128 235 167 863
76 89 225 168 864
299 114 227 168 864
710 129 231 168 864
710 130 223 169 865
710 132 231 171 867
710 133 233 172 868
299 118 225 172 868
710 134 229 173 869
710 135 239 174 870
299 121 235 175 871
76 96 241 175 871
660 165 225 176 872
386 106 221 176 872
299 122 232 176 872
710 137 227 176 872
76 97 236 176 872
660 166 223 177 873
710 138 226 177 873
299 123 227 177 873
76 98 239 177 873
197 181 223 177 873
660 167 221 178 874
710 139 231 178 874
299 124 229 178 874
76 99 245 178 874
197 182 223 178 874
660 168 223 179 875
299 125 227 179 875
76 100 241 179 875
197 183 223 180 876
660 169 223 180 876
386 110 221 180 876
697 179 225 180 876
299 126 231 180 876
710 141 221 180 876
76 101 239 180 876
197 184 223 181 877
299 127 221 181 877
76 102 241 181 877
197 185 223 182 878
499 129 221 182 878
697 181 225 182 878
710 143 223 182 878
299 128 221 182 878
76 103 232 182 878
76 104 237 183 879
386 114 223 184 880
697 183 229 184 880
710 145 223 184 880
76 105 237 184 880
697 184 221 185 881
710 146 225 185 881
76 106 237 185 881
710 147 221 186 882
76 107 223 186 882
197 190 221 186 882
240 170 222 187 883
697 186 225 187 883
76 108 237 187 883
240 171 223 188 884
697 187 229 188 884
76 109 239 188 884
197 192 221 188 884
240 172 222 189 885
697 188 227 189 885
710 150 221 189 885
76 110 239 189 885
697 189 227 190 886
76 111 242 190 886
710 152 222 191 887
299 137 222 191 887
76 112 238 191 887
197 195 223 191 887
386 122 223 192 888
76 113 243 192 888
386 123 225 193 889
76 114 245 193 889
197 197 221 193 889
76 115 247 194 890
299 140 226 194 890
697 194 229 195 891
76 116 240 195 891
197 199 223 195 891
697 195 227 196 892
76 117 237 196 892
230 176 221 196 892
76 118 226 197 893
76 119 239 198 894
299 144 223 198 894
76 120 231 199 895
197 203 227 199 895
660 189 221 200 896
76 121 237 200 896
386 131 221 201 897
76 122 233 201 897
386 132 225 202 898
697 201 223 202 898
76 123 241 202 898
76 124 228 203 899
76 125 229 204 900
386 135 222 205 901
76 126 226 205 901
386 136 225 206 902
76 127 229 206 902
386 137 223 207 903
76 128 230 207 903
386 138 224 208 904
76 129 233 208 904
386 139 223 209 905
76 130 226 209 905
386 140 225 210 906
240 194 221 210 906
76 132 235 211 907
76 133 239 212 908
299 159 224 213 909
76 134 238 213 909
76 135 227 214 910
76 136 229 215 911
76 137 233 216 912
76 138 233 217 913
76 139 231 218 914
76 140 233 219 915
386 150 221 220 916
76 141 239 220 916
386 151 221 221 917
76 142 239 221 917
76 143 240 222 918
299 170 224 224 920
76 145 237 224 920
76 146 239 225 921
299 172 221 226 922
76 147 222 226 922
299 173 221 227 923
76 148 227 227 923
697 228 221 229 925
697 229 221 230 926
76 151 222 230 926
76 152 223 231 927
76 153 227 232 928
76 154 227 233 929
386 164 222 234 930
76 155 235 234 930
386 165 227 235 931
76 156 243 235 931
299 1 225 236 932
76 157 245 236 932
697 236 224 237 933
386 167 223 237 933
76 158 241 237 933
697 237 221 238 934
76 159 241 238 934
76 160 233 239 935
76 161 231 240 936
386 170 221 240 936
76 162 235 241 937
299 6 221 241 937
76 163 231 242 938
299 7 221 242 938
76 164 221 243 939
299 8 222 243 939
76 165 235 244 940
299 9 221 244 940
76 167 233 246 942
697 246 227 247 943
76 168 227 247 943
76 169 223 248 944
76 170 245 249 945
76 171 224 250 946
697 250 221 251 947
76 172 235 251 947
76 173 227 252 948
76 174 223 253 949
76 175 227 254 950
76 176 227 255 951
76 178 223 257 953
76 181 225 260 956
76 182 227 261 957
76 183 231 262 958
76 184 239 263 959
76 185 227 264 960
76 186 227 265 961
299 31 221 266 962
76 188 233 267 963
76 190 235 269 965
76 191 239 270 966
76 192 237 271 967
76 193 235 272 968
76 194 235 273 969
76 195 233 274 970
76 196 233 275 971
76 198 223 277 973
76 199 233 278 974
76 200 231 279 975
76 201 227 280 976
76 202 230 281 977
76 203 231 282 978
76 204 233 283 979
76 205 227 284 980
76 206 231 285 981
76 207 237 286 982
76 208 241 287 983
76 209 230 288 984
76 210 223 289 985
76 214 225 293 989
76 215 223 294 990
299 60 223 295 991
76 216 233 295 991
76 217 235 296 992
660 286 221 297 993
76 218 237 297 993
299 63 221 298 994
76 219 226 298 994
76 220 227 299 995
660 289 221 300 996
76 223 221 302 998
76 224 230 303 999
660 293 221 304 1000
211 304 221 304 1000
76 225 237 304 1000
660 294 221 305 1001
211 305 223 305 1001
76 226 239 306 1002
76 227 237 307 1003
76 228 235 308 1004
660 297 223 308 1004
211 308 227 308 1004
76 229 221 309 1005
660 298 231 309 1005
499 256 221 309 1005
211 309 239 309 1005
76 230 235 310 1006
386 240 222 310 1006
76 231 240 310 1006
76 232 235 311 1007
499 259 221 312 1008
76 233 241 312 1008
386 243 223 313 1009
76 234 245 314 1010
386 244 227 314 1010
76 235 240 315 1011
386 245 225 315 1011
76 236 241 316 1012
697 315 221 316 1012
386 246 221 316 1012
76 237 240 317 1013
499 264 227 317 1013
697 316 221 317 1013
76 238 246 318 1014
299 10 229 318 1014
76 239 237 319 1015
299 11 233 319 1015
76 240 247 320 1016
299 12 227 320 1016
697 319 221 320 1016
76 241 241 321 1017
748 320 221 321 1017
299 13 239 321 1017
386 252 221 322 1018
76 243 223 323 1019
299 15 233 323 1019
386 253 221 323 1019
76 244 233 324 1020
749 1 224 324 1020
299 16 221 324 1020
638 310 227 324 1020
749 2 224 325 1021
577 330 223 325 1021
158 26 226 325 1021
238 303 223 325 1021
290 329 223 325 1021
356 4 224 325 1021
749 3 227 326 1022
563 329 239 326 1022
772 330 227 326 1022
419 310 224 326 1022
684 47 224 326 1022
18 317 224 327 1023
673 113 229 329 1025
398 334 228 329 1025
474 11 224 329 1025
428 337 225 331 1027
428 338 235 332 1028
428 339 225 333 1029
428 340 225 334 1030
185 337 221 334 1030
428 341 224 335 1031
428 342 233 336 1032
138 345 227 336 1032
428 343 223 337 1033
709 331 232 338 1034
67 274 223 338 1034
262 188 225 338 1034
614 330 225 338 1034
361 342 225 338 1034
235 16 227 338 1034
133 348 223 338 1034
709 332 227 339 1035
500 317 239 339 1035
361 343 225 339 1035
235 17 229 339 1035
133 349 235 339 1035
500 318 225 340 1036
262 190 221 340 1036
235 18 230 340 1036
133 350 235 340 1036
500 319 237 341 1037
262 191 233 341 1037
133 351 229 341 1037
235 19 241 341 1037
500 320 233 342 1038
743 256 222 342 1038
262 192 228 342 1038
235 20 245 342 1038
133 352 237 342 1038
428 348 222 342 1038
604 334 223 343 1039
500 321 254 343 1039
361 347 223 343 1039
133 353 225 343 1039
709 337 222 344 1040
268 231 224 344 1040
235 22 223 344 1040
133 354 237 344 1040
709 338 226 345 1041
500 323 233 345 1041
614 337 223 345 1041
262 195 221 345 1041
133 355 225 345 1041
268 232 221 345 1041
709 339 223 346 1042
500 324 223 346 1042
743 260 229 346 1042
614 338 222 346 1042
262 196 233 346 1042
361 350 225 346 1042
133 356 231 346 1042
235 24 227 346 1042
634 347 221 346 1042
604 338 222 347 1043
500 325 234 347 1043
262 197 232 347 1043
133 357 235 347 1043
218 99 223 347 1043
500 326 226 348 1044
721 335 223 348 1044
235 26 235 348 1044
262 199 227 349 1045
235 27 227 349 1045
646 331 221 349 1045
218 101 222 349 1045
500 328 243 350 1046
262 200 227 350 1046
28 343 223 350 1046
235 28 233 350 1046
133 360 225 350 1046
709 344 223 351 1047
500 329 232 351 1047
262 201 230 351 1047
743 265 223 351 1047
28 344 221 351 1047
235 29 227 351 1047
428 357 221 351 1047
133 361 227 351 1047
500 330 237 352 1048
614 344 225 352 1048
262 202 222 352 1048
500 331 243 353 1049
721 340 225 353 1049
614 345 221 353 1049
361 357 223 353 1049
28 346 223 353 1049
235 31 223 353 1049
500 332 237 354 1050
500 333 229 355 1051
235 33 221 355 1051
133 365 221 355 1051
709 349 223 355 1051
500 334 235 356 1052
614 348 222 356 1052
262 206 224 356 1052
743 270 221 356 1052
28 349 221 356 1052
133 366 225 356 1052
709 350 221 356 1052
604 348 221 357 1053
500 335 227 357 1053
721 344 223 357 1053
262 207 225 357 1053
428 363 225 357 1053
235 35 223 357 1053
133 367 235 357 1053
709 351 221 357 1053
500 336 232 358 1054
743 272 223 358 1054
262 208 227 358 1054
133 368 227 358 1054
500 338 223 360 1056
262 210 222 360 1056
235 38 225 360 1056
28 353 221 360 1056
133 370 231 360 1056
500 339 231 361 1057
133 371 225 361 1057
709 355 221 361 1057
500 340 226 362 1058
361 366 221 362 1058
428 368 222 362 1058
268 249 223 362 1058
500 341 234 363 1059
268 250 221 363 1059
133 373 223 363 1059
500 342 227 364 1060
262 214 222 364 1060
235 42 239 364 1060
500 343 231 365 1061
262 215 221 365 1061
235 43 226 365 1061
500 344 239 366 1062
235 44 235 366 1062
428 372 221 366 1062
268 253 223 366 1062
133 376 225 366 1062
500 345 233 367 1063
743 281 223 367 1063
262 217 221 367 1063
235 45 237 367 1063
361 371 225 367 1063
133 377 227 367 1063
500 346 241 368 1064
614 360 225 368 1064
743 282 223 368 1064
262 218 223 368 1064
235 46 221 368 1064
268 255 224 368 1064
133 378 223 368 1064
500 347 238 369 1065
500 348 227 370 1066
235 48 224 370 1066
500 349 225 371 1067
67 307 224 371 1067
235 49 231 371 1067
268 258 221 371 1067
133 381 232 371 1067
709 365 221 371 1067
500 350 228 372 1068
262 222 227 372 1068
235 50 229 372 1068
218 124 221 372 1068
500 351 221 373 1069
67 309 223 373 1069
235 51 225 373 1069
268 260 225 373 1069
67 310 221 374 1070
262 224 223 374 1070
235 52 231 374 1070
709 368 221 375 1071
500 353 241 375 1071
743 289 223 375 1071
262 225 225 375 1071
235 53 223 375 1071
133 385 225 375 1071
709 369 224 375 1071
500 354 243 376 1072
604 367 222 376 1072
262 226 223 376 1072
235 54 228 376 1072
500 355 236 377 1073
604 368 223 377 1073
133 388 221 378 1074
500 357 231 379 1075
500 358 223 380 1076
235 58 227 380 1076
133 390 225 380 1076
709 374 224 381 1077
235 59 222 381 1077
634 382 221 381 1077
500 360 223 382 1078
235 60 222 382 1078
500 361 223 383 1079
500 362 221 384 1080
721 371 222 384 1080
500 363 229 385 1081
500 364 235 386 1082
235 64 221 386 1082
133 396 221 386 1082
634 387 221 386 1082
709 380 221 387 1083
235 65 229 387 1083
28 380 225 387 1083
262 237 226 387 1083
133 397 223 387 1083
634 388 230 387 1083
709 381 223 388 1084
28 381 230 388 1084
235 66 229 388 1084
268 275 225 388 1084
634 389 224 388 1084
709 382 230 388 1084
500 367 237 389 1085
262 239 225 389 1085
709 383 231 389 1085
500 368 243 389 1085
604 381 222 390 1086
235 68 223 390 1086
268 277 221 390 1086
709 384 227 390 1086
500 369 221 391 1087
262 241 221 391 1087
709 385 222 391 1087
500 370 231 392 1088
604 383 222 392 1088
262 242 227 392 1088
634 393 223 392 1088
500 371 225 393 1089
743 307 223 393 1089
262 243 223 393 1089
248 375 222 393 1089
500 372 223 394 1090
428 400 222 394 1090
262 244 229 394 1090
133 404 224 394 1090
634 395 221 394 1090
709 388 228 394 1090
500 373 241 395 1091
262 245 223 395 1091
709 389 231 396 1092
500 374 240 396 1092
614 388 222 396 1092
133 406 223 396 1092
709 390 225 397 1093
500 375 235 397 1093
235 75 222 397 1093
133 407 225 397 1093
709 391 229 398 1094
500 376 235 398 1094
743 312 221 398 1094
235 76 225 398 1094
133 408 225 398 1094
709 392 222 399 1095
500 377 221 399 1095
721 386 221 399 1095
235 77 223 399 1095
428 405 226 399 1095
262 249 221 399 1095
500 378 229 400 1096
614 392 223 400 1096
67 336 223 400 1096
262 251 224 401 1097
500 380 221 402 1098
235 80 222 402 1098
133 413 228 403 1099
500 382 221 404 1100
235 82 221 404 1100
743 319 224 405 1101
235 83 221 405 1101
133 415 221 405 1101
500 384 227 406 1102
614 398 223 406 1102
67 342 223 406 1102
361 410 223 406 1102
38 400 225 406 1102
709 400 221 406 1102
235 85 224 407 1103
262 257 224 407 1103
709 401 221 408 1104
500 386 237 408 1104
604 399 221 408 1104
268 295 223 408 1104
262 258 225 408 1104
634 409 222 408 1104
500 387 239 408 1104
709 402 227 408 1104
743 323 225 409 1105
235 87 227 409 1105
428 415 221 409 1105
500 388 233 410 1106
604 401 223 410 1106
235 88 223 410 1106
268 297 221 410 1106
500 389 235 410 1106
614 403 223 411 1107
28 404 223 411 1107
743 325 226 411 1107
268 298 223 411 1107
262 261 231 411 1107
133 421 223 411 1107
500 390 235 412 1108
235 90 227 412 1108
428 418 221 412 1108
133 422 227 412 1108
500 391 227 413 1109
604 404 221 413 1109
743 327 224 413 1109
235 91 227 413 1109
268 300 221 413 1109
218 165 222 413 1109
500 392 225 413 1109
721 401 221 414 1110
235 92 227 414 1110
262 264 221 414 1110
500 393 237 415 1111
133 425 225 415 1111
500 394 222 416 1112
235 94 223 416 1112
133 426 221 416 1112
500 395 233 417 1113
721 404 223 417 1113
235 95 221 417 1113
262 267 223 417 1113
743 332 227 418 1114
235 96 222 418 1114
268 305 226 418 1114
262 268 225 418 1114
709 412 223 419 1115
500 397 233 419 1115
604 410 229 419 1115
743 333 224 419 1115
268 306 222 419 1115
428 425 227 419 1115
262 269 237 419 1115
634 420 222 419 1115
709 413 225 420 1116
500 398 227 420 1116
604 411 221 420 1116
500 399 233 421 1117
614 413 223 421 1117
262 271 222 421 1117
133 431 221 421 1117
709 415 224 422 1118
500 400 241 422 1118
235 100 221 422 1118
133 432 221 422 1118
500 401 221 423 1119
262 273 226 423 1119
634 425 223 424 1120
248 406 226 425 1121
500 403 233 425 1121
709 418 222 425 1121
235 103 229 425 1121
709 419 227 426 1122
646 408 221 426 1122
634 427 221 426 1122
72 279 223 426 1122
500 405 231 427 1123
262 1 241 427 1123
634 428 225 427 1123
500 406 233 428 1124
262 2 227 428 1124
500 407 233 429 1125
262 3 223 429 1125
743 343 222 429 1125
500 408 235 430 1126
709 423 223 430 1126
500 409 242 431 1127
28 424 222 431 1127
235 109 227 431 1127
500 410 239 432 1128
28 425 221 432 1128
218 184 224 432 1128
500 411 245 433 1129
604 424 223 433 1129
235 111 221 433 1129
500 412 235 434 1130
500 413 238 435 1131
262 9 224 435 1131
500 414 229 436 1132
262 10 235 436 1132
721 423 221 436 1132
500 415 228 437 1133
262 11 225 437 1133
709 431 223 438 1134
500 416 231 438 1134
262 12 235 438 1134
218 190 221 438 1134
500 417 231 439 1135
262 13 237 439 1135
262 14 237 440 1136
634 441 223 440 1136
500 419 229 441 1137
262 15 224 441 1137
500 420 221 442 1138
262 16 228 442 1138
500 421 223 443 1139
262 17 231 443 1139
28 436 222 443 1139
235 7 223 445 1141
28 438 223 445 1141
500 428 224 450 1146
268 337 221 450 1146
634 451 221 450 1146
262 25 225 451 1147
709 444 223 451 1147
500 429 231 451 1147
262 26 225 452 1148
235 14 224 452 1148
28 445 221 452 1148
500 431 230 453 1149
500 433 223 455 1151
235 17 233 455 1151
500 434 225 456 1152
614 448 223 456 1152
634 457 225 456 1152
262 31 231 457 1153
500 435 223 457 1153
428 463 221 457 1153
634 458 228 457 1153
218 209 221 458 1154
262 32 230 458 1154
428 464 222 458 1154
634 459 223 458 1154
262 33 237 459 1155
709 452 224 459 1155
500 437 231 459 1155
262 34 239 460 1156
709 453 221 460 1156
500 438 237 460 1156
28 453 223 460 1156
634 461 221 461 1157
262 35 243 461 1157
500 439 237 461 1157
634 462 225 461 1157
262 36 235 462 1158
709 455 225 462 1158
500 440 233 462 1158
604 453 221 462 1158
743 376 221 462 1158
28 455 226 462 1158
634 463 223 462 1158
262 37 241 463 1159
709 456 231 463 1159
500 441 237 463 1159
604 454 221 463 1159
262 38 239 464 1160
709 457 223 464 1160
500 442 238 464 1160
268 351 221 464 1160
133 474 225 464 1160
262 39 226 465 1161
500 443 237 465 1161
604 456 222 465 1161
218 217 225 466 1162
262 40 240 466 1162
500 444 224 466 1162
614 458 223 466 1162
604 457 223 466 1162
262 41 241 467 1163
709 461 224 468 1164
262 42 239 468 1164
500 446 221 468 1164
614 460 221 468 1164
428 474 221 468 1164
268 355 226 468 1164
709 462 221 469 1165
262 43 241 469 1165
500 447 224 469 1165
235 31 223 469 1165
614 461 221 469 1165
634 470 225 469 1165
133 479 225 470 1166
709 463 225 470 1166
500 448 231 470 1166
262 44 232 470 1166
235 32 227 470 1166
604 461 223 470 1166
28 463 222 470 1166
268 357 228 470 1166
133 480 227 470 1166
500 449 229 471 1167
262 45 231 471 1167
235 33 225 471 1167
28 464 225 471 1167
268 358 229 471 1167
133 481 229 471 1167
500 450 235 472 1168
262 46 230 472 1168
709 465 223 472 1168
235 34 227 472 1168
428 478 223 472 1168
28 465 225 472 1168
268 359 232 472 1168
634 473 223 472 1168
133 482 233 472 1168
500 451 230 473 1169
262 47 230 473 1169
709 466 224 473 1169
235 35 237 473 1169
743 387 223 473 1169
604 464 227 473 1169
614 465 227 473 1169
721 460 221 473 1169
248 455 223 474 1170
262 48 222 474 1170
235 36 224 474 1170
604 465 221 474 1170
614 466 223 474 1170
218 226 224 475 1171
262 49 230 475 1171
709 468 221 475 1171
235 37 221 475 1171
604 466 221 475 1171
721 462 221 475 1171
218 227 223 476 1172
262 50 224 476 1172
709 469 221 476 1172
235 38 221 476 1172
500 455 222 477 1173
604 468 221 477 1173
614 469 221 477 1173
133 487 223 478 1174
235 40 227 478 1174
709 471 224 478 1174
743 392 221 478 1174
28 471 225 478 1174
262 53 223 479 1175
235 41 233 479 1175
614 471 223 479 1175
28 472 223 479 1175
500 458 235 480 1176
262 54 221 480 1176
235 42 222 480 1176
614 472 225 480 1176
500 459 229 481 1177
262 55 223 481 1177
721 468 221 481 1177
500 460 225 482 1178
235 44 225 482 1178
709 475 224 482 1178
604 473 227 482 1178
133 492 225 482 1178
709 476 222 483 1179
743 397 221 483 1179
614 475 222 483 1179
133 493 225 483 1179
500 462 225 484 1180
709 477 226 484 1180
743 398 226 484 1180
133 494 227 484 1180
235 47 229 485 1181
262 59 223 485 1181
743 399 222 485 1181
133 495 224 486 1182
235 48 225 486 1182
500 464 229 486 1182
614 478 221 486 1182
428 492 224 486 1182
268 373 221 486 1182
500 465 231 487 1183
235 49 227 487 1183
604 478 221 487 1183
268 374 221 487 1183
133 497 221 488 1184
500 466 225 488 1184
500 467 235 489 1185
721 476 221 489 1185
614 481 223 489 1185
235 52 233 490 1186
500 468 223 490 1186
262 64 225 490 1186
604 481 229 490 1186
709 483 221 490 1186
268 377 221 490 1186
428 496 221 490 1186
133 500 221 490 1186
235 53 237 491 1187
500 469 231 491 1187
604 482 225 491 1187
709 484 225 491 1187
614 483 222 491 1187
235 54 230 492 1188
262 66 224 492 1188
500 470 221 492 1188
604 483 221 492 1188
500 471 222 493 1189
500 472 221 494 1190
614 486 221 494 1190
268 381 225 494 1190
500 473 221 495 1191
268 382 221 495 1191
133 505 224 496 1192
235 58 223 496 1192
500 474 221 496 1192
500 475 225 497 1193
262 74 224 500 1196
235 62 226 500 1196
500 478 221 500 1196
500 479 226 501 1197
235 64 222 502 1198
500 480 228 502 1198
133 514 221 505 1201
133 515 222 506 1202
500 484 225 506 1202
743 421 222 507 1203
262 82 225 508 1204
500 486 227 508 1204
218 260 222 509 1205
500 487 225 509 1205
709 502 223 509 1205
133 519 221 510 1206
500 488 222 510 1206
743 424 221 510 1206
709 503 226 510 1206
262 85 221 511 1207
500 489 224 511 1207
709 504 223 511 1207
268 398 224 511 1207
721 498 223 511 1207
262 86 224 512 1208
500 490 227 512 1208
709 505 229 512 1208
28 505 223 512 1208
743 427 223 513 1209
709 506 229 513 1209
235 76 222 514 1210
262 88 221 514 1210
500 492 237 514 1210
709 507 224 514 1210
235 77 233 515 1211
262 89 222 515 1211
500 493 221 515 1211
709 508 222 515 1211
235 78 231 516 1212
500 494 223 516 1212
634 517 221 516 1212
634 518 225 517 1213
262 92 221 518 1214
500 496 225 518 1214
235 81 227 519 1215
500 497 227 519 1215
709 512 221 519 1215
721 506 221 519 1215
262 94 223 520 1216
500 498 233 520 1216
709 513 222 520 1216
634 521 221 520 1216
235 83 223 521 1217
262 95 223 521 1217
500 499 231 521 1217
743 435 224 521 1217
235 84 227 522 1218
262 96 225 522 1218
709 515 225 522 1218
262 97 225 523 1219
500 501 225 523 1219
709 516 226 523 1219
235 86 223 524 1220
743 438 221 524 1220
709 517 224 524 1220
235 87 225 525 1221
500 503 227 525 1221
709 518 221 525 1221
235 88 231 526 1222
262 100 227 526 1222
614 518 225 526 1222
133 536 223 527 1223
218 278 223 527 1223
235 91 222 529 1225
262 104 227 530 1226
500 508 227 530 1226
262 105 224 531 1227
428 537 221 531 1227
634 533 221 532 1228
743 447 221 533 1229
218 285 221 534 1230
614 526 223 534 1230
709 527 222 534 1230
28 527 221 534 1230
614 528 224 536 1232
500 514 222 536 1232
743 450 221 536 1232
721 523 221 536 1232
500 515 221 537 1233
500 516 232 538 1234
604 530 221 539 1235
721 526 224 539 1235
500 518 221 540 1236
709 533 223 540 1236
500 519 224 541 1237
709 534 223 541 1237
634 542 221 541 1237
262 116 221 542 1238
604 533 222 542 1238
634 543 235 542 1238
133 552 223 543 1239
235 105 231 543 1239
614 535 222 543 1239
262 117 227 543 1239
500 521 233 543 1239
604 534 223 543 1239
709 536 225 543 1239
721 530 223 543 1239
634 544 229 543 1239
133 553 223 544 1240
235 106 224 544 1240
262 118 227 544 1240
500 522 231 544 1240
604 535 225 544 1240
709 537 226 544 1240
634 545 227 544 1240
235 107 233 545 1241
500 523 231 545 1241
604 536 223 545 1241
709 538 227 545 1241
634 546 227 545 1241
235 108 233 546 1242
500 524 221 546 1242
262 2 224 547 1243
235 109 225 547 1243
604 538 222 547 1243
500 525 226 547 1243
262 3 231 548 1244
235 110 230 548 1244
262 4 229 549 1245
500 527 224 549 1245
262 5 225 550 1246
500 528 221 550 1246
262 6 222 551 1247
235 113 225 551 1247
604 542 223 551 1247
500 529 225 551 1247
235 114 226 552 1248
428 558 221 552 1248
133 562 223 553 1249
262 8 230 553 1249
262 9 228 554 1250
248 535 223 554 1250
500 532 230 554 1250
634 555 230 554 1250
248 536 223 555 1251
500 533 223 555 1251
709 548 221 555 1251
634 556 226 555 1251
235 118 221 556 1252
634 557 226 556 1252
262 12 227 557 1253
235 119 222 557 1253
743 471 225 557 1253
634 558 229 557 1253
262 13 233 558 1254
262 14 221 559 1255
709 552 221 559 1255
262 15 235 560 1256
218 311 222 560 1256
235 122 226 560 1256
500 538 239 560 1256
604 551 225 560 1256
721 547 227 560 1256
634 561 227 561 1257
28 553 221 561 1257
614 553 225 561 1257
500 539 237 561 1257
709 554 223 561 1257
604 552 224 561 1257
428 567 223 561 1257
634 562 224 562 1258
28 554 222 562 1258
133 571 223 562 1258
262 17 227 562 1258
743 476 223 562 1258
268 449 226 562 1258
262 18 229 563 1259
361 566 223 563 1259
235 125 224 563 1259
614 555 232 563 1259
604 554 223 563 1259
262 19 240 564 1260
614 556 226 564 1260
248 545 221 564 1260
743 478 233 564 1260
604 555 226 564 1260
268 451 224 564 1260
67 500 225 564 1260
558 548 226 565 1261
28 557 223 565 1261
361 568 223 565 1261
743 479 230 565 1261
709 558 223 565 1261
604 556 225 565 1261
268 452 228 565 1261
380 504 222 566 1262
28 558 225 566 1262
33 530 233 566 1262
743 480 237 566 1262
550 426 224 566 1262
743 481 237 567 1263
720 534 221 568 1264
743 482 239 568 1264
314 235 228 569 1265
743 485 235 571 1267
743 486 229 572 1268
743 487 233 573 1269
541 278 227 574 1270
743 488 223 574 1270
155 173 224 575 1271
743 489 237 575 1271
743 490 231 576 1272
743 491 224 577 1273
743 492 225 578 1274
470 494 222 578 1274
284 581 223 578 1274
743 493 237 579 1275
284 582 231 579 1275
672 567 233 580 1276
261 576 223 580 1276
46 572 225 580 1276
732 533 221 582 1278
732 534 228 583 1279
145 579 225 584 1280
732 535 240 584 1280
672 571 223 584 1280
145 580 244 585 1281
732 536 222 585 1281
70 589 223 585 1281
732 537 228 586 1282
401 573 225 587 1283
24 21 222 588 1284
72 38 238 588 1284
46 580 221 588 1284
732 540 241 589 1285
24 22 224 589 1285
72 39 230 589 1285
732 541 221 590 1286
46 582 225 590 1286
732 542 226 591 1287
732 543 230 592 1288
672 579 221 592 1288
46 584 223 592 1288
24 26 225 593 1289
145 589 221 594 1290
784 26 228 596 1292
72 46 221 596 1292
784 27 231 597 1293
70 601 223 597 1293
467 592 223 597 1293
732 550 222 599 1295
732 551 226 600 1296
70 604 228 600 1296
72 50 221 600 1296
145 596 223 600 1296
72 51 221 601 1297
284 604 223 601 1297
374 603 221 605 1301
284 618 228 615 1311
732 567 224 616 1312
401 602 223 616 1312
70 620 223 616 1312
732 568 222 617 1313
70 621 221 617 1313
732 577 225 625 1321
213 608 221 626 1322
401 612 227 626 1322
70 630 221 626 1322
732 578 227 626 1322
401 613 222 627 1323
70 631 233 627 1323
72 78 222 628 1324
72 79 222 629 1325
261 625 221 629 1325
24 62 223 629 1325
24 63 222 630 1326
50 617 221 630 1326
46 622 223 630 1326
145 626 228 630 1326
784 61 222 631 1327
401 617 232 631 1327
50 618 228 631 1327
46 623 229 631 1327
732 583 224 631 1327
145 627 225 631 1327
784 62 223 631 1327
401 618 235 632 1328
72 82 229 632 1328
50 619 223 632 1328
46 624 223 632 1328
284 635 222 632 1328
145 628 223 632 1328
784 63 223 632 1328
672 622 225 635 1331
50 622 221 635 1331
401 622 235 635 1331
72 86 224 635 1331
70 640 221 635 1331
467 631 221 636 1332
672 623 222 636 1332
50 623 221 636 1332
732 588 225 636 1332
784 67 225 636 1332
401 623 227 636 1332
70 641 225 636 1332
467 632 225 637 1333
672 624 221 637 1333
784 68 241 637 1333
401 624 227 637 1333
70 642 227 637 1333
784 69 237 638 1334
401 625 229 638 1334
72 89 221 638 1334
70 643 223 638 1334
784 70 231 639 1335
401 626 239 639 1335
72 90 224 639 1335
70 644 227 639 1335
467 635 222 640 1336
46 632 221 640 1336
732 592 221 640 1336
784 71 237 640 1336
213 623 223 640 1336
401 627 227 640 1336
70 645 228 640 1336
50 628 223 641 1337
46 633 225 641 1337
784 72 228 641 1337
213 624 225 641 1337
401 628 234 641 1337
72 92 227 641 1337
70 646 229 641 1337
46 634 224 642 1338
732 594 240 642 1338
401 629 224 642 1338
70 647 225 642 1338
672 630 223 643 1339
732 595 228 643 1339
784 74 241 643 1339
401 630 233 643 1339
70 648 225 643 1339
145 640 223 644 1340
732 596 237 644 1340
784 75 247 644 1340
401 631 237 644 1340
70 649 224 644 1340
46 637 229 645 1341
732 597 233 645 1341
784 76 236 645 1341
401 632 231 645 1341
72 96 227 645 1341
70 650 231 645 1341
46 638 223 646 1342
732 598 231 646 1342
784 77 239 646 1342
401 633 235 646 1342
72 97 223 646 1342
467 642 226 646 1342
24 3 225 647 1343
46 639 225 647 1343
732 599 227 647 1343
784 78 235 647 1343
213 630 222 647 1343
401 634 235 647 1343
24 4 221 648 1344
732 600 235 648 1344
401 635 241 648 1344
70 653 221 648 1344
467 644 225 648 1344
672 636 225 649 1345
24 5 225 649 1345
46 641 221 649 1345
784 80 231 649 1345
401 636 231 649 1345
72 100 227 649 1345
70 654 227 649 1345
784 81 225 650 1346
72 101 239 650 1346
284 654 221 651 1347
732 603 223 651 1347
145 647 224 651 1347
401 638 226 651 1347
467 647 222 651 1347
732 604 221 652 1348
401 639 227 652 1348
72 103 227 652 1348
50 640 223 653 1349
401 640 224 653 1349
70 658 231 653 1349
46 646 239 654 1350
145 650 229 654 1350
401 641 234 654 1350
467 650 223 654 1350
70 659 243 654 1350
46 647 223 655 1351
401 642 227 655 1351
70 660 222 655 1351
401 643 239 656 1352
70 661 227 656 1352
672 644 221 657 1353
284 660 222 657 1353
401 644 227 657 1353
70 662 239 657 1353
46 650 222 658 1354
145 654 229 658 1354
213 641 227 658 1354
467 654 222 658 1354
70 663 224 658 1354
732 611 225 659 1355
401 646 237 659 1355
72 110 227 659 1355
467 655 225 659 1355
70 664 247 659 1355
24 16 221 660 1356
50 647 223 660 1356
732 612 221 660 1356
401 647 247 660 1356
467 656 229 660 1356
70 665 239 660 1356
732 613 225 661 1357
145 657 221 661 1357
167 297 222 661 1357
401 648 238 661 1357
70 666 241 662 1358
24 18 221 662 1358
213 645 221 662 1358
401 649 239 662 1358
70 667 238 663 1359
46 655 221 663 1359
732 615 226 663 1359
401 650 226 663 1359
467 659 221 663 1359
672 651 221 664 1360
50 651 221 664 1360
732 616 223 664 1360
401 651 239 664 1360
70 669 238 665 1361
284 668 225 665 1361
732 617 225 665 1361
784 96 223 665 1361
401 652 241 665 1361
467 661 228 666 1362
70 670 239 666 1362
46 658 225 666 1362
401 653 227 666 1362
70 671 233 667 1363
401 654 235 667 1363
672 655 221 668 1364
732 620 221 668 1364
784 99 236 668 1364
401 655 239 668 1364
261 665 223 668 1364
70 673 234 669 1365
672 656 224 669 1365
401 656 237 669 1365
70 674 223 670 1366
401 657 231 670 1366
72 121 223 670 1366
70 675 223 671 1367
24 27 223 671 1367
70 676 237 672 1368
467 667 223 672 1368
24 28 233 672 1368
46 664 223 672 1368
672 659 224 672 1368
50 659 221 672 1368
284 675 232 672 1368
732 624 221 672 1368
213 655 224 672 1368
401 659 223 672 1368
72 123 225 672 1368
467 668 224 672 1368
24 29 225 673 1369
46 665 222 673 1369
672 660 228 673 1369
732 625 224 673 1369
213 656 225 673 1369
784 104 221 673 1369
401 661 221 674 1370
24 31 235 675 1371
672 662 223 675 1371
145 671 223 675 1371
70 680 224 675 1371
401 663 239 676 1372
72 127 221 676 1372
70 681 225 676 1372
467 672 227 676 1372
46 669 225 677 1373
50 664 221 677 1373
672 664 221 677 1373
401 664 242 677 1373
72 128 226 677 1373
261 674 223 677 1373
467 673 231 677 1373
70 682 235 677 1373
46 670 223 678 1374
672 665 221 678 1374
732 630 221 678 1374
401 665 222 678 1374
72 129 229 678 1374
50 666 226 679 1375
732 631 222 679 1375
213 662 233 679 1375
784 110 223 679 1375
401 666 233 679 1375
261 676 221 679 1375
467 675 225 679 1375
46 672 225 680 1376
672 667 221 680 1376
213 663 227 680 1376
401 667 226 680 1376
261 677 224 680 1376
70 685 226 680 1376
732 633 226 681 1377
213 664 227 681 1377
784 112 221 681 1377
261 678 225 681 1377
72 132 226 681 1377
467 677 225 681 1377
70 686 222 681 1377
672 669 221 682 1378
50 669 225 682 1378
145 678 225 682 1378
732 634 221 682 1378
784 113 223 682 1378
401 669 227 682 1378
72 133 221 682 1378
70 687 223 682 1378
467 678 226 682 1378
46 675 222 683 1379
672 670 227 683 1379
284 686 223 683 1379
732 635 221 683 1379
401 670 221 683 1379
261 680 230 683 1379
70 688 233 683 1379
46 676 223 684 1380
672 671 231 684 1380
50 671 229 684 1380
213 667 233 684 1380
401 671 239 684 1380
261 681 229 684 1380
70 689 226 684 1380
46 677 221 685 1381
284 688 226 685 1381
732 637 223 685 1381
213 668 227 685 1381
401 672 231 685 1381
261 682 245 685 1381
70 690 226 685 1381
46 678 221 686 1382
50 673 225 686 1382
401 673 237 686 1382
261 683 227 686 1382
70 691 239 686 1382
672 674 225 687 1383
50 674 225 687 1383
401 674 237 687 1383
70 692 235 687 1383
50 675 221 688 1384
401 675 227 688 1384
70 693 241 688 1384
261 685 221 688 1384
50 676 225 689 1385
401 676 243 689 1385
261 686 225 689 1385
401 677 247 690 1386
70 695 233 690 1386
261 687 233 690 1386
401 678 243 691 1387
261 688 230 691 1387
70 696 235 691 1387
50 679 229 692 1388
401 679 248 692 1388
261 689 234 692 1388
70 697 228 692 1388
46 685 223 693 1389
50 680 227 693 1389
732 645 221 693 1389
401 680 249 693 1389
261 690 231 693 1389
70 698 236 693 1389
672 681 223 694 1390
50 681 229 694 1390
401 681 246 694 1390
467 5 223 694 1390
261 691 226 694 1390
72 145 223 694 1390
213 679 222 696 1392
467 7 221 696 1392
401 683 235 696 1392
261 693 223 696 1392
72 147 222 696 1392
70 701 242 696 1392
24 53 223 696 1392
50 684 232 696 1392
732 649 227 696 1392
284 700 222 696 1392
401 684 241 697 1393
467 8 237 697 1393
261 694 229 697 1393
70 702 236 697 1393
72 148 233 697 1393
46 690 221 697 1393
732 650 221 697 1393
401 685 242 698 1394
70 703 243 698 1394
72 149 225 698 1394
284 702 223 698 1394
732 651 227 698 1394
784 130 221 699 1395
401 686 237 699 1395
72 150 229 699 1395
70 704 239 699 1395
24 56 221 699 1395
401 687 242 700 1396
70 705 235 700 1396
672 688 223 700 1396
401 688 241 701 1397
72 152 227 701 1397
70 706 233 701 1397
672 689 225 701 1397
50 689 225 701 1397
401 689 235 702 1398
70 707 227 702 1398
24 59 223 702 1398
672 690 221 702 1398
732 655 227 702 1398
213 686 221 703 1399
401 690 241 703 1399
70 708 235 703 1399
46 696 223 703 1399
672 691 227 703 1399
732 656 223 703 1399
213 687 223 703 1399
145 700 225 704 1400
401 691 241 704 1400
70 709 226 704 1400
24 61 231 704 1400
732 657 232 704 1400
284 708 223 704 1400
213 688 225 704 1400
401 692 228 705 1401
70 710 221 705 1401
24 62 223 705 1401
784 137 224 705 1401
401 693 239 705 1401
732 659 230 706 1402
784 138 221 706 1402
70 712 223 707 1403
672 695 227 707 1403
24 64 233 707 1403
732 660 240 707 1403
284 711 221 707 1403
784 139 221 707 1403
213 691 221 707 1403
46 701 221 708 1404
732 661 226 708 1404
284 712 222 708 1404
213 692 223 708 1404
401 696 239 708 1404
261 706 221 709 1405
72 160 221 709 1405
284 713 226 709 1405
784 141 223 709 1405
401 697 235 709 1405
72 161 233 710 1406
732 663 221 710 1406
784 142 221 710 1406
401 698 227 710 1406
72 162 221 711 1407
70 716 231 711 1407
672 699 235 711 1407
732 664 229 711 1407
401 699 240 711 1407
70 717 229 712 1408
672 700 227 712 1408
401 700 231 712 1408
70 718 239 713 1409
46 706 221 713 1409
672 701 239 713 1409
401 701 233 713 1409
467 25 235 713 1409
72 165 221 714 1410
70 719 228 714 1410
46 707 226 714 1410
784 146 221 714 1410
401 702 239 714 1410
70 720 236 715 1411
732 668 224 715 1411
784 147 221 715 1411
401 703 240 715 1411
467 27 225 715 1411
70 721 237 716 1412
46 709 227 716 1412
24 73 222 716 1412
732 669 225 716 1412
784 148 239 716 1412
401 704 247 716 1412
467 28 225 716 1412
70 722 229 717 1413
46 710 221 717 1413
672 705 223 717 1413
732 670 229 717 1413
284 721 223 717 1413
784 149 221 717 1413
401 705 233 717 1413
70 723 230 718 1414
401 706 238 718 1414
70 724 225 719 1415
24 76 225 719 1415
732 672 227 719 1415
401 707 239 719 1415
70 725 223 720 1416
46 713 225 720 1416
672 708 221 720 1416
732 673 221 720 1416
401 708 240 720 1416
72 172 223 721 1417
70 726 234 721 1417
46 714 224 721 1417
24 78 221 721 1417
732 674 221 721 1417
284 725 228 721 1417
784 153 227 721 1417
401 709 237 721 1417
72 173 226 722 1418
70 727 226 722 1418
50 710 223 722 1418
732 675 221 722 1418
784 154 225 722 1418
213 706 223 722 1418
401 710 241 722 1418
46 716 225 723 1419
24 80 221 723 1419
732 676 224 723 1419
284 727 225 723 1419
401 711 241 723 1419
72 175 224 724 1420
70 729 230 724 1420
46 717 227 724 1420
732 677 223 724 1420
401 712 241 724 1420
72 176 221 725 1421
70 730 221 725 1421
732 678 227 725 1421
401 713 245 725 1421
70 731 225 726 1422
46 719 222 726 1422
401 714 237 726 1422
467 38 221 726 1422
72 178 221 727 1423
70 732 228 727 1423
672 715 223 727 1423
24 84 221 727 1423
732 680 221 727 1423
784 159 221 727 1423
401 715 241 727 1423
70 733 231 728 1424
72 179 225 728 1424
46 721 221 728 1424
24 85 224 728 1424
284 732 223 728 1424
401 716 242 728 1424
72 180 221 729 1425
70 734 223 729 1425
46 722 222 729 1425
672 717 226 729 1425
24 86 225 729 1425
732 682 221 729 1425
784 161 227 729 1425
401 717 241 729 1425
70 735 239 730 1426
672 718 225 730 1426
732 683 223 730 1426
50 718 223 730 1426
213 714 223 730 1426
401 718 221 730 1426
70 736 233 731 1427
72 182 225 731 1427
46 724 225 731 1427
732 684 223 731 1427
50 719 223 731 1427
784 163 223 731 1427
401 719 239 731 1427
70 737 233 732 1428
46 725 226 732 1428
672 720 221 732 1428
284 736 221 732 1428
213 716 223 732 1428
401 720 223 732 1428
672 721 223 733 1429
401 721 233 733 1429
72 185 223 734 1430
732 688 225 735 1431
284 739 222 735 1431
401 723 237 735 1431
467 47 221 736 1432
70 741 230 736 1432
401 725 222 737 1433
732 691 225 738 1434
401 726 235 738 1434
401 727 237 739 1435
70 745 224 740 1436
672 728 221 740 1436
24 97 225 740 1436
732 693 223 740 1436
401 728 241 740 1436
70 746 226 741 1437
24 98 229 741 1437
732 694 227 741 1437
401 729 245 741 1437
70 747 229 742 1438
672 730 227 742 1438
213 726 227 742 1438
401 730 228 742 1438
467 54 223 743 1439
70 748 223 743 1439
672 731 223 743 1439
24 100 225 743 1439
784 175 237 743 1439
401 731 230 743 1439
24 102 224 745 1441
732 698 227 745 1441
284 749 221 745 1441
401 733 242 745 1441
70 751 235 745 1441
72 197 222 745 1441
46 739 221 745 1441
24 103 221 746 1442
401 734 240 746 1442
46 740 227 746 1442
401 735 225 747 1443
467 59 221 747 1443
70 755 239 749 1445
72 201 225 749 1445
284 754 222 749 1445
732 703 229 749 1445
401 738 238 749 1445
70 756 228 750 1446
672 739 221 750 1446
24 108 227 750 1446
401 739 246 750 1446
70 757 242 751 1447
72 203 223 751 1447
24 109 225 751 1447
672 740 221 751 1447
284 756 223 751 1447
732 705 221 751 1447
401 740 235 751 1447
70 758 241 752 1448
24 110 222 752 1448
732 706 225 752 1448
401 741 230 752 1448
784 186 223 753 1449
401 742 235 753 1449
213 5 221 753 1449
70 760 233 754 1450
401 743 241 754 1450
70 761 237 755 1451
284 760 221 755 1451
401 744 241 755 1451
70 762 237 756 1452
284 761 226 756 1452
732 710 224 756 1452
784 189 231 756 1452
401 745 241 756 1452
213 8 221 757 1453
70 763 243 757 1453
46 751 225 757 1453
284 762 221 757 1453
401 746 241 757 1453
467 70 221 757 1453
70 764 241 758 1454
46 752 222 758 1454
284 763 227 758 1454
24 3 228 758 1454
784 191 231 758 1454
401 747 223 758 1454
70 765 242 759 1455
24 4 221 759 1455
732 713 223 759 1455
784 192 228 759 1455
401 748 224 759 1455
72 212 221 759 1455
70 766 235 760 1456
46 754 225 760 1456
401 749 226 760 1456
70 767 233 761 1457
24 6 223 761 1457
401 750 241 761 1457
213 13 225 761 1457
70 768 237 762 1458
732 716 225 762 1458
401 751 243 762 1458
213 14 225 762 1458
401 752 231 763 1459
213 15 221 763 1459
70 770 228 763 1459
24 10 239 764 1460
732 719 225 764 1460
401 757 225 768 1464
70 775 231 768 1464
732 723 239 768 1464
24 14 240 768 1464
401 758 233 769 1465
672 759 227 769 1465
732 724 241 769 1465
24 15 225 769 1465
784 203 225 770 1466
401 759 237 770 1466
70 777 235 770 1466
732 725 234 770 1466
24 16 237 770 1466
70 778 237 771 1467
732 726 223 771 1467
24 17 241 771 1467
784 205 225 772 1468
401 761 224 772 1468
467 85 221 772 1468
70 779 236 772 1468
672 762 225 772 1468
70 780 239 773 1469
46 768 223 773 1469
732 728 233 773 1469
50 763 221 773 1469
784 207 229 774 1470
70 781 235 774 1470
72 227 221 774 1470
672 764 222 774 1470
50 764 230 774 1470
401 764 230 775 1471
467 88 225 775 1471
70 782 245 775 1471
72 228 225 775 1471
732 730 224 775 1471
284 781 221 775 1471
401 766 232 777 1473
70 784 229 777 1473
46 772 225 777 1473
70 785 226 778 1474
672 768 227 778 1474
732 733 231 778 1474
50 768 225 778 1474
24 24 231 778 1474
784 212 221 779 1475
70 786 225 779 1475
672 769 239 779 1475
732 734 231 779 1475
24 25 236 779 1475
72 233 222 780 1476
70 787 241 780 1476
732 735 225 780 1476
50 770 221 780 1476
24 26 231 781 1477
72 234 223 781 1477
732 736 222 781 1477
213 34 225 782 1478
70 789 230 782 1478
672 772 227 782 1478
732 737 223 782 1478
24 28 221 783 1479
401 772 248 783 1479
70 790 241 783 1479
72 236 222 783 1479
50 773 225 783 1479
284 789 221 784 1480
401 773 221 784 1480
70 791 232 784 1480
467 97 223 784 1480
672 774 221 784 1480
732 739 224 784 1480
401 774 223 785 1481
213 37 221 785 1481
70 792 235 785 1481
46 780 223 785 1481
672 775 221 785 1481
401 775 239 786 1482
213 38 221 786 1482
70 793 232 786 1482
24 32 225 787 1483
684 510 222 787 1483
467 100 221 787 1483
70 794 222 787 1483
672 777 222 787 1483
24 33 235 788 1484
401 777 246 788 1484
684 511 226 788 1484
70 795 232 788 1484
72 241 224 788 1484
46 783 225 788 1484
672 778 226 788 1484
732 743 234 788 1484
24 34 229 789 1485
46 784 225 789 1485
672 779 230 789 1485
284 795 235 789 1485
732 744 223 790 1486
401 779 224 790 1486
72 243 222 790 1486
732 745 221 791 1487
401 780 224 791 1487
784 224 222 791 1487
70 1 221 791 1487
145 55 233 791 1487
284 797 221 792 1488
732 746 232 792 1488
24 37 221 792 1488
213 45 225 793 1489
70 3 231 793 1489
213 46 233 794 1490
70 4 228 794 1490
46 789 221 794 1490
672 784 225 794 1490
145 58 239 794 1490
24 40 245 795 1491
213 47 225 795 1491
70 5 241 795 1491
145 59 226 795 1491
24 41 238 796 1492
70 6 233 796 1492
72 249 231 796 1492
672 786 227 796 1492
145 60 231 796 1492
284 802 221 797 1493
732 751 225 797 1493
24 42 237 797 1493
320 52 224 797 1493
70 7 238 797 1493
672 787 221 797 1493
24 43 232 798 1494
72 251 223 798 1494
70 8 253 798 1494
732 753 224 799 1495
46 794 229 799 1495
672 789 228 799 1495
145 63 229 799 1495
732 754 229 800 1496
284 805 231 800 1496
50 789 221 800 1496
24 45 236 800 1496
320 55 225 800 1496
213 52 221 800 1496
213 53 223 801 1497
46 796 229 801 1497
414 805 223 802 1498
225 726 221 802 1498
672 792 225 802 1498
196 795 229 802 1498
457 807 223 803 1499
256 586 223 803 1499
587 798 232 803 1499
564 544 221 804 1500
523 796 230 804 1500
515 129 225 805 1501
523 798 223 806 1502
782 755 221 807 1503
281 4 223 807 1503
25 777 221 807 1503
415 801 227 807 1503
320 63 235 808 1504
281 5 221 808 1504
192 45 221 808 1504
415 802 223 808 1504
284 814 225 809 1505
480 250 221 809 1505
568 313 230 809 1505
420 666 227 809 1505
393 559 224 809 1505
587 804 233 809 1505
441 749 223 809 1505
482 954 223 809 1505
455 159 221 810 1506
458 822 227 810 1506
515 134 235 810 1506
533 88 221 810 1506
276 795 229 810 1506
159 526 221 810 1506
64 793 231 810 1506
438 134 225 811 1507
278 818 225 811 1507
280 811 225 811 1507
573 815 226 811 1507
160 806 237 811 1507
231 226 221 811 1507
70 21 231 811 1507
668 817 223 811 1507
521 81 223 811 1507
159 527 239 811 1507
476 272 229 811 1507
366 1 233 812 1508
573 816 221 812 1508
491 671 230 812 1508
133 824 239 812 1508
101 798 226 812 1508
276 797 227 812 1508
171 66 221 812 1508
565 815 221 813 1509
688 207 231 813 1509
235 378 242 813 1509
89 820 227 813 1509
133 825 223 813 1509
562 103 237 813 1509
688 208 230 814 1510
190 591 222 814 1510
89 821 221 814 1510
235 379 233 814 1510
402 296 221 814 1510
133 826 221 814 1510
516 816 229 814 1510
688 209 224 815 1511
235 380 232 815 1511
133 827 221 815 1511
763 226 221 815 1511
431 525 225 815 1511
562 105 233 815 1511
516 817 221 815 1511
688 210 233 816 1512
123 799 221 816 1512
235 381 223 816 1512
133 828 231 816 1512
562 106 231 816 1512
516 818 223 816 1512
688 211 221 817 1513
235 382 233 817 1513
133 829 230 817 1513
589 829 221 817 1513
562 107 232 817 1513
788 784 221 818 1514
688 212 225 818 1514
589 830 239 818 1514
302 826 229 819 1515
60 830 236 819 1515
589 831 241 819 1515
88 792 225 820 1516
211 252 227 820 1516
302 827 226 820 1516
417 997 221 820 1516
129 831 224 820 1516
60 831 227 820 1516
512 803 221 820 1516
589 832 239 820 1516
129 832 224 821 1517
60 832 222 821 1517
589 833 235 821 1517
302 829 221 822 1518
129 833 223 822 1518
589 834 240 822 1518
302 830 223 823 1519
129 834 237 823 1519
444 834 221 823 1519
789 818 224 823 1519
788 790 226 824 1520
688 218 227 824 1520
89 831 221 824 1520
322 815 223 824 1520
604 18 226 824 1520
235 389 237 824 1520
133 836 223 824 1520
95 509 222 824 1520
668 830 223 824 1520
562 114 233 824 1520
688 219 237 825 1521
322 816 223 825 1521
235 390 224 825 1521
133 837 221 825 1521
157 837 221 825 1521
582 823 227 825 1521
562 115 233 825 1521
516 827 228 825 1521
57 821 223 826 1522
688 220 237 826 1522
445 816 224 826 1522
322 817 221 826 1522
235 391 241 826 1522
331 5 221 826 1522
211 258 221 826 1522
7 817 222 826 1522
516 828 221 826 1522
57 822 225 827 1523
688 221 237 827 1523
445 817 221 827 1523
89 834 227 827 1523
634 158 224 827 1523
235 392 241 827 1523
133 839 223 827 1523
7 818 228 827 1523
562 117 231 827 1523
268 717 231 827 1523
23 306 239 828 1524
688 222 238 828 1524
235 393 243 828 1524
133 840 223 828 1524
332 32 222 828 1524
516 830 223 828 1524
268 718 234 828 1524
562 118 233 828 1524
272 836 223 829 1525
24 74 223 829 1525
235 394 241 829 1525
322 820 223 829 1525
402 311 226 829 1525
211 261 223 829 1525
317 10 239 829 1525
332 33 221 829 1525
668 835 221 829 1525
516 831 223 829 1525
268 719 223 829 1525
301 98 225 829 1525
468 832 225 829 1525
688 224 221 830 1526
312 820 223 830 1526
299 333 227 830 1526
268 720 221 830 1526
688 225 228 831 1527
334 764 222 831 1527
235 396 247 831 1527
133 843 221 831 1527
365 497 221 831 1527
562 121 225 831 1527
268 721 223 831 1527
272 839 221 831 1527
688 226 237 832 1528
235 397 249 832 1528
331 11 222 832 1528
133 844 227 832 1528
322 823 223 832 1528
365 498 223 832 1528
516 834 225 832 1528
562 122 231 832 1528
268 722 224 832 1528
688 227 229 833 1529
334 766 227 833 1529
89 840 225 833 1529
235 398 247 833 1529
322 824 225 833 1529
263 419 221 833 1529
763 244 221 833 1529
562 123 229 833 1529
779 801 235 833 1529
688 228 239 834 1530
235 399 243 834 1530
268 724 229 834 1530
688 229 237 835 1531
235 400 239 835 1531
7 826 221 835 1531
537 823 223 835 1531
562 125 222 835 1531
268 725 235 835 1531
688 230 239 836 1532
235 401 237 836 1532
190 20 223 836 1532
516 838 231 836 1532
268 726 225 836 1532
688 231 235 837 1533
74 846 225 837 1533
402 319 222 837 1533
235 402 232 837 1533
629 756 222 837 1533
516 839 227 837 1533
562 127 228 837 1533
426 32 223 837 1533
268 727 229 837 1533
688 232 234 838 1534
235 403 235 838 1534
89 845 221 838 1534
450 840 224 838 1534
322 829 229 838 1534
602 820 222 838 1534
562 128 224 838 1534
268 728 238 838 1534
688 233 235 839 1535
235 404 239 839 1535
483 272 221 839 1535
562 129 223 839 1535
268 729 231 839 1535
565 842 221 839 1535
688 234 228 840 1536
133 852 222 840 1536
235 405 241 840 1536
195 205 227 840 1536
516 842 225 840 1536
562 130 223 840 1536
268 730 235 840 1536
688 235 225 841 1537
89 848 222 841 1537
235 406 245 841 1537
322 832 221 841 1537
516 843 229 841 1537
562 131 224 841 1537
268 731 239 841 1537
688 236 232 842 1538
445 832 221 842 1538
235 407 241 842 1538
322 833 221 842 1538
562 132 233 842 1538
268 732 238 842 1538
785 836 221 843 1539
688 237 227 843 1539
89 850 221 843 1539
133 855 223 843 1539
235 408 239 843 1539
610 547 227 843 1539
141 234 234 843 1539
212 11 222 843 1539
268 733 235 844 1540
688 238 222 844 1540
89 851 222 844 1540
133 856 239 844 1540
235 409 229 844 1540
268 734 233 845 1541
89 852 226 845 1541
235 410 234 845 1541
7 836 222 845 1541
516 847 229 845 1541
562 135 241 845 1541
268 735 228 846 1542
785 839 221 846 1542
688 240 230 846 1542
235 411 229 846 1542
133 858 223 846 1542
629 765 225 846 1542
335 849 223 846 1542
516 848 226 846 1542
430 752 227 846 1542
268 736 225 847 1543
688 241 223 847 1543
235 412 233 847 1543
620 853 225 848 1544
716 851 251 848 1544
637 214 227 848 1544
667 206 225 849 1545
175 797 231 849 1545
268 739 225 850 1546
642 64 225 850 1546
74 859 221 850 1546
672 840 226 850 1546
732 806 231 852 1548
38 318 225 852 1548
732 807 226 852 1548
763 267 223 856 1552
294 856 221 856 1552
497 857 222 857 1553
262 100 233 857 1553
161 351 222 857 1553
262 101 238 858 1554
497 859 231 859 1555
763 270 225 859 1555
251 856 221 859 1555
42 511 227 859 1555
161 353 225 859 1555
497 860 221 860 1556
788 826 239 860 1556
235 5 223 860 1556
533 6 227 860 1556
763 271 227 860 1556
42 512 228 860 1556
251 858 223 861 1557
763 272 229 861 1557
161 355 221 861 1557
357 5 223 862 1558
788 828 230 862 1558
268 751 232 862 1558
190 46 223 862 1558
763 273 225 862 1558
476 323 227 862 1558
268 752 228 863 1559
763 274 225 863 1559
357 7 221 864 1560
788 830 231 864 1560
268 753 238 864 1560
190 48 222 864 1560
763 275 235 864 1560
42 516 233 864 1560
357 8 242 864 1560
688 259 223 865 1561
268 754 237 865 1561
42 517 224 865 1561
763 276 225 865 1561
357 9 225 865 1561
497 866 226 866 1562
763 277 224 866 1562
357 10 226 866 1562
562 156 231 867 1563
688 261 221 867 1563
268 756 239 867 1563
235 12 221 867 1563
