187 1 227 0 703
785 2 245 0 703
187 2 228 1 704
36 2 221 1 704
785 3 236 1 704
785 4 227 2 705
54 2 223 3 706
293 2 222 3 706
785 5 238 3 706
193 1 224 3 706
187 5 235 4 707
54 3 223 4 707
293 3 222 4 707
511 2 221 4 707
785 6 226 4 707
193 2 225 4 707
54 4 221 5 708
293 4 225 5 708
511 3 223 5 708
785 7 226 5 708
193 3 224 5 708
187 7 233 6 709
511 4 231 6 709
193 4 224 6 709
785 8 233 6 709
187 8 238 7 710
54 6 231 7 710
293 6 225 7 710
511 5 227 7 710
193 5 232 7 710
785 9 226 7 710
187 9 239 8 711
36 9 221 8 711
54 7 235 8 711
293 7 225 8 711
785 10 233 8 711
187 10 237 9 712
54 8 225 9 712
511 7 221 9 712
785 11 225 9 712
187 11 241 10 713
54 9 232 10 713
293 9 223 10 713
511 8 230 10 713
54 10 225 11 714
293 10 223 11 714
511 9 236 11 714
187 13 223 12 715
54 11 225 12 715
511 10 230 12 715
785 14 239 12 715
54 12 223 13 716
36 14 223 13 716
293 12 221 13 716
511 11 227 13 716
785 15 231 13 716
193 11 229 13 716
187 15 227 13 716
785 16 221 14 717
193 12 223 14 717
187 16 225 15 718
36 16 221 15 718
293 14 224 15 718
785 17 224 15 718
193 13 221 15 718
741 2 230 15 718
187 17 235 16 719
785 18 226 16 719
741 3 228 16 719
187 18 237 17 720
293 16 221 17 720
511 15 237 17 720
187 19 231 18 721
54 17 224 18 721
511 16 225 18 721
741 5 223 18 721
187 20 234 19 722
54 18 239 19 722
511 17 227 19 722
193 17 224 19 722
187 21 238 20 723
54 19 231 20 723
293 19 223 20 723
511 18 229 20 723
785 22 230 20 723
187 22 234 21 724
54 20 234 21 724
293 20 224 21 724
694 1 227 21 724
511 19 223 21 724
193 19 225 21 724
187 23 240 21 724
54 21 225 22 725
293 21 227 22 725
511 20 223 22 725
187 24 224 22 725
54 22 236 23 726
694 3 231 23 726
193 21 225 23 726
785 25 237 23 726
741 10 228 23 726
187 25 233 23 726
54 23 233 24 727
293 23 225 24 727
694 4 239 24 727
193 22 234 24 727
511 22 221 24 727
785 26 224 24 727
187 26 227 24 727
54 24 226 25 728
293 24 224 25 728
694 5 224 25 728
193 23 227 25 728
511 23 222 25 728
785 27 223 25 728
741 12 221 25 728
187 27 223 25 728
694 6 227 26 729
785 28 221 26 729
187 28 225 26 729
694 7 233 27 730
193 25 228 27 730
187 29 225 27 730
54 27 226 28 731
694 8 237 28 731
193 26 232 28 731
511 26 221 28 731
785 30 232 28 731
741 15 225 28 731
293 28 224 29 732
694 9 222 29 732
511 27 222 29 732
785 31 226 29 732
187 31 235 29 732
54 29 226 30 733
293 29 224 30 733
694 10 221 30 733
511 28 225 30 733
741 17 224 30 733
187 32 225 30 733
36 32 225 31 734
511 29 225 31 734
785 33 228 31 734
741 18 227 31 734
187 33 226 31 734
54 31 233 32 735
694 12 225 32 735
511 30 225 32 735
54 32 229 33 736
293 32 231 33 736
511 31 224 33 736
785 35 227 33 736
741 20 225 33 736
187 35 245 33 736
293 33 224 34 737
694 14 229 34 737
511 32 231 34 737
785 36 223 34 737
741 21 222 34 737
187 36 234 34 737
54 34 234 35 738
293 34 225 35 738
193 33 225 35 738
785 37 224 35 738
741 22 221 35 738
187 37 231 35 738
36 37 223 36 739
694 16 227 36 739
193 34 224 36 739
511 34 228 36 739
785 38 231 36 739
741 23 223 36 739
187 38 227 37 740
193 35 222 37 740
511 35 234 37 740
785 39 226 37 740
187 39 224 38 741
293 37 221 38 741
785 40 226 38 741
187 40 239 39 742
54 38 243 39 742
36 40 221 39 742
293 38 224 39 742
694 19 233 39 742
193 37 225 39 742
785 41 225 39 742
187 41 230 40 743
54 39 243 40 743
694 20 226 40 743
785 42 240 40 743
187 42 227 40 743
54 40 249 41 744
785 43 227 41 744
609 61 222 41 744
187 43 233 41 744
36 43 221 42 745
293 41 221 42 745
193 40 221 42 745
511 40 221 42 745
785 44 238 42 745
187 44 235 42 745
54 42 235 43 746
36 44 222 43 746
293 42 228 43 746
694 23 222 43 746
511 41 225 43 746
785 45 242 43 746
187 45 225 43 746
54 43 230 44 747
694 24 226 44 747
193 42 221 44 747
785 46 226 44 747
694 25 225 45 748
785 47 229 45 748
785 48 229 46 749
694 28 226 48 751
293 47 227 48 751
511 46 221 48 751
193 46 222 48 751
785 50 234 48 751
741 35 223 48 751
54 48 221 49 752
694 29 228 49 752
293 48 223 49 752
785 51 223 49 752
187 51 223 49 752
54 49 232 50 753
694 30 233 50 753
293 49 221 50 753
187 62 222 60 763
694 41 221 61 764
694 42 223 62 765
785 65 228 63 766
694 44 221 64 767
785 67 221 65 768
785 70 221 68 771
54 69 221 69 772
785 72 221 70 773
187 72 223 70 773
54 70 222 70 773
36 72 227 71 774
694 51 230 71 774
511 69 221 71 774
785 73 227 71 774
741 58 227 71 774
187 73 235 71 774
54 71 224 71 774
36 73 223 72 775
247 83 221 75 778
158 32 225 75 778
457 86 223 75 778
280 82 227 75 778
307 85 238 75 778
232 39 227 75 778
101 68 223 75 778
318 80 226 75 778
538 69 223 75 778
589 93 239 75 778
588 79 225 75 778
565 85 231 76 779
176 33 231 76 779
662 85 225 76 779
502 34 221 77 780
181 55 227 78 781
430 84 221 79 782
361 92 233 79 782
770 84 235 79 782
247 88 225 80 783
361 93 227 80 783
666 88 222 80 783
361 94 225 81 784
361 95 223 82 785
666 90 227 82 785
40 65 231 82 785
247 91 227 83 786
361 96 227 83 786
40 66 227 83 786
40 67 241 84 787
361 98 223 85 788
40 68 223 85 788
187 86 221 85 788
430 91 227 85 788
361 99 225 86 789
430 92 226 86 789
767 95 221 87 790
40 70 236 87 790
187 88 223 87 790
430 93 223 87 790
715 5 223 88 791
288 96 221 88 791
361 101 221 88 791
666 96 223 88 791
40 71 237 88 791
779 63 225 88 791
187 89 221 88 791
361 102 223 89 792
666 97 229 89 792
40 72 221 89 792
779 64 226 89 792
187 90 225 89 792
715 7 227 90 793
288 98 224 90 793
361 103 225 90 793
40 73 224 90 793
779 65 225 90 793
767 99 223 91 794
677 44 222 91 794
40 74 225 91 794
779 66 225 91 794
677 45 226 92 795
715 9 221 92 795
666 100 222 92 795
40 75 230 92 795
187 93 225 92 795
779 67 221 92 795
97 21 225 92 795
677 46 223 93 796
288 101 223 93 796
361 106 221 93 796
551 102 224 93 796
40 76 225 93 796
757 76 221 93 796
187 94 225 93 796
97 22 223 93 796
430 5 227 93 796
767 102 223 94 797
715 11 221 94 797
551 103 221 94 797
40 77 234 94 797
430 6 233 94 797
187 95 225 94 797
715 12 221 95 798
666 103 221 95 798
40 78 239 95 798
187 96 223 95 798
677 49 228 96 799
666 104 232 96 799
40 79 236 96 799
430 8 221 96 799
551 2 227 97 800
715 14 227 97 800
666 105 221 97 800
40 80 238 97 800
187 98 221 97 800
677 51 223 98 801
551 3 223 98 801
666 106 221 98 801
779 73 221 98 801
677 52 227 99 802
40 83 222 100 803
40 84 223 101 804
677 55 225 102 805
40 85 223 102 805
537 97 223 102 805
40 86 231 103 806
430 15 227 103 806
677 57 223 103 806
551 9 225 104 807
40 87 229 104 807
551 13 222 107 810
40 91 222 108 811
187 109 223 108 811
97 37 221 108 811
537 103 221 108 811
677 63 223 109 812
537 104 223 109 812
551 15 225 109 812
288 118 227 110 813
199 118 221 110 813
666 118 225 110 813
40 93 221 110 813
779 85 227 110 813
677 64 225 110 813
537 105 221 110 813
288 119 223 111 814
199 119 237 111 814
666 119 239 111 814
757 94 225 111 814
187 112 226 111 814
97 40 221 111 814
40 95 233 112 815
430 24 237 112 815
779 87 221 112 815
606 82 221 112 815
537 107 224 112 815
715 30 224 113 816
361 126 221 113 816
757 96 224 113 816
40 96 241 113 816
551 19 221 114 817
199 122 226 114 817
666 122 223 114 817
40 97 246 114 817
430 26 221 114 817
757 98 224 115 818
40 98 224 115 818
430 27 232 115 818
199 124 227 116 819
430 28 237 116 819
199 125 221 117 820
430 29 227 117 820
40 100 226 117 820
779 92 227 117 820
97 46 225 117 820
40 101 234 118 821
779 93 223 118 821
40 102 230 119 822
779 94 228 119 822
187 120 221 119 822
97 48 227 119 822
551 25 229 120 823
666 128 223 120 823
757 103 222 120 823
677 3 227 120 823
430 32 223 120 823
779 95 231 120 823
187 121 233 120 823
97 49 221 120 823
767 129 221 120 823
361 134 223 121 824
199 129 221 121 824
666 129 221 121 824
430 33 222 121 824
715 39 231 122 825
757 105 221 122 825
677 5 222 122 825
40 105 225 122 825
715 40 221 123 826
361 136 227 123 826
666 131 227 123 826
537 118 221 124 827
361 137 228 124 827
666 132 227 124 827
779 99 222 124 827
247 133 222 124 827
715 42 221 125 828
361 138 221 125 828
666 133 221 125 828
677 8 221 125 828
666 134 227 126 829
199 135 225 127 830
551 34 223 129 832
361 142 222 129 832
666 137 221 129 832
199 137 221 129 832
199 138 221 130 833
40 113 232 130 833
187 131 221 130 833
40 114 221 131 834
187 132 222 131 834
767 140 221 131 834
40 115 221 132 835
551 40 221 135 838
666 143 221 135 838
40 120 221 137 840
430 50 221 138 841
666 147 222 139 842
40 122 223 139 842
40 123 227 140 843
40 125 223 142 845
551 48 221 143 846
40 126 224 143 846
537 138 223 144 847
40 127 225 144 847
677 27 223 144 847
779 119 222 144 847
551 50 223 145 848
715 62 221 145 848
361 158 222 145 848
40 128 227 145 848
430 57 221 145 848
551 51 225 146 849
715 63 221 146 849
361 159 221 146 849
199 154 221 146 849
757 129 221 146 849
40 129 224 146 849
779 121 225 146 849
187 147 221 146 849
551 52 222 147 850
40 130 229 147 850
715 65 225 148 851
551 53 226 148 851
40 131 235 148 851
677 31 223 148 851
187 149 225 148 851
666 157 222 149 852
40 132 234 149 852
779 124 223 149 852
187 150 223 149 852
40 133 223 150 853
40 134 222 151 854
40 136 221 153 856
40 137 223 154 857
40 138 229 155 858
40 140 223 157 860
40 141 227 158 861
40 142 228 159 862
551 65 223 160 863
40 143 240 160 863
666 169 223 161 864
40 144 238 161 864
551 67 225 162 865
666 170 221 162 865
40 145 233 162 865
97 42 223 162 865
187 163 222 162 865
779 137 225 162 865
715 80 221 163 866
40 146 237 163 866
97 43 221 163 866
187 164 221 163 866
551 69 223 164 867
40 147 237 164 867
779 139 226 164 867
40 148 240 165 868
430 77 221 165 868
187 166 222 165 868
779 140 227 165 868
247 174 221 165 868
537 160 221 165 868
551 71 228 166 869
715 83 221 166 869
361 179 227 166 869
199 174 223 166 869
666 174 226 166 869
677 49 225 166 869
40 149 223 166 869
430 78 221 166 869
187 167 231 166 869
779 141 229 166 869
715 84 225 167 870
551 72 231 167 870
361 180 223 167 870
199 175 221 167 870
677 50 221 167 870
187 168 232 167 870
779 142 231 167 870
767 176 222 167 870
199 176 223 168 871
551 73 225 168 871
361 181 225 168 871
666 176 225 168 871
757 151 225 168 871
40 151 222 168 871
187 169 230 168 871
199 177 223 169 872
551 74 225 169 872
666 177 221 169 872
677 52 227 169 872
757 152 225 169 872
187 170 222 169 872
779 144 223 169 872
715 87 224 170 873
361 183 223 170 873
199 178 226 170 873
551 75 225 170 873
757 153 226 170 873
677 53 230 170 873
187 171 227 170 873
537 165 225 171 874
715 88 221 171 874
361 184 221 171 874
551 76 222 171 874
677 54 228 171 874
430 83 222 171 874
187 172 222 171 874
361 185 221 172 875
199 180 221 172 875
757 155 227 172 875
40 155 223 172 875
97 52 228 172 875
288 181 225 173 876
677 56 227 173 876
757 156 221 173 876
537 168 225 174 877
361 187 221 174 877
551 79 223 174 877
757 157 221 174 877
537 169 225 175 878
677 58 224 175 878
187 176 225 175 878
537 170 226 176 879
677 59 221 176 879
757 159 223 176 879
537 171 227 177 880
757 160 225 177 880
537 172 226 178 881
551 83 228 178 881
757 161 223 178 881
187 179 223 178 881
715 96 222 179 882
537 173 227 179 882
199 187 222 179 882
551 84 222 179 882
247 188 227 179 882
288 188 227 180 883
537 174 223 180 883
551 85 229 180 883
361 193 227 180 883
757 163 221 180 883
187 181 223 180 883
247 189 225 180 883
288 189 224 181 884
537 175 223 181 884
551 86 232 181 884
361 194 231 181 884
677 64 231 181 884
187 182 222 181 884
247 190 223 181 884
288 190 222 182 885
537 176 223 182 885
551 87 231 182 885
361 195 221 182 885
666 190 221 182 885
677 65 233 182 885
757 165 221 182 885
187 183 222 182 885
551 93 227 188 891
715 105 222 188 891
199 196 227 188 891
677 71 225 188 891
551 94 227 189 892
199 197 223 189 892
666 197 221 189 892
677 72 221 189 892
757 172 222 189 892
551 95 223 190 893
677 73 226 190 893
551 96 224 191 894
199 199 221 191 894
666 199 222 191 894
677 74 226 191 894
551 97 221 192 895
537 186 222 192 895
199 200 223 192 895
666 200 227 192 895
757 175 223 192 895
767 201 223 192 895
537 187 223 193 896
666 201 225 193 896
677 76 223 193 896
757 176 224 193 896
187 194 221 193 896
247 202 221 193 896
779 168 231 193 896
551 100 221 195 898
199 203 225 195 898
666 203 221 195 898
767 204 221 195 898
551 101 224 195 898
677 79 222 196 899
551 102 223 197 900
40 181 221 198 901
715 117 227 200 903
97 23 224 200 903
430 112 223 200 903
187 201 227 200 903
187 202 223 201 904
767 210 227 201 904
551 107 221 202 905
537 196 227 202 905
199 210 225 202 905
97 25 221 202 905
757 185 222 202 905
187 203 221 202 905
767 211 228 202 905
107 72 221 203 906
537 197 224 203 906
199 211 230 203 906
361 216 221 203 906
666 211 221 203 906
715 120 223 203 906
430 115 221 203 906
187 204 227 203 906
767 212 228 203 906
288 212 223 203 906
199 212 224 204 907
537 198 223 204 907
666 212 228 204 907
677 87 223 204 907
97 27 222 204 907
187 205 221 204 907
537 199 226 205 908
551 110 224 205 908
199 213 224 205 908
715 122 225 205 908
666 213 232 205 908
40 188 223 205 908
757 188 221 205 908
187 206 222 205 908
767 214 227 205 908
537 200 223 206 909
199 214 227 206 909
666 214 223 206 909
97 29 233 206 909
757 189 224 206 909
187 207 224 206 909
767 215 226 206 909
666 215 230 207 910
97 30 221 207 910
757 190 223 207 910
187 208 228 207 910
767 216 225 207 910
361 221 222 208 911
199 216 223 208 911
666 216 223 208 911
677 91 222 208 911
97 31 230 208 911
430 120 224 208 911
640 113 221 208 911
187 209 223 208 911
767 217 221 208 911
288 217 225 208 911
537 203 225 209 912
199 217 221 209 912
551 114 221 209 912
715 126 222 209 912
187 210 232 209 912
537 204 224 210 913
361 223 221 210 913
199 218 223 210 913
677 93 223 210 913
97 33 225 210 913
187 211 225 210 913
767 219 221 210 913
537 205 227 211 914
361 224 221 211 914
199 219 222 211 914
97 34 227 211 914
757 194 221 211 914
187 212 223 211 914
767 220 225 211 914
537 206 225 212 915
361 225 223 212 915
199 220 221 212 915
677 95 227 212 915
97 35 225 212 915
430 124 221 212 915
757 195 224 212 915
187 213 223 212 915
767 221 230 212 915
361 226 223 213 916
199 221 227 213 916
677 96 222 213 916
97 36 223 213 916
757 196 222 213 916
187 214 233 213 916
247 222 225 213 916
767 222 225 213 916
537 208 223 214 917
199 222 231 214 917
97 37 232 214 917
187 215 231 214 917
247 223 227 214 917
767 223 230 214 917
199 223 225 215 918
97 38 227 215 918
757 198 228 215 918
187 216 232 215 918
767 224 230 215 918
288 224 222 215 918
361 229 221 216 919
199 224 224 216 919
97 39 233 216 919
97 40 231 217 920
361 231 224 218 921
537 212 223 218 921
199 226 227 218 921
677 101 225 218 921
757 201 227 218 921
767 227 221 218 921
361 232 221 219 922
199 227 223 219 922
97 42 225 219 922
757 202 223 219 922
187 220 229 219 922
40 202 222 219 922
361 233 227 219 922
666 228 221 220 923
199 228 221 220 923
97 43 227 220 923
187 221 224 220 923
767 229 221 220 923
361 234 224 221 924
537 215 223 221 924
199 229 221 221 924
97 44 228 221 924
187 222 221 221 924
40 204 227 221 924
767 230 222 221 924
537 216 225 222 925
715 139 225 222 925
677 105 221 222 925
199 231 231 223 926
757 206 225 223 926
187 224 224 223 926
767 232 221 223 926
288 232 223 224 927
757 207 222 224 927
187 225 226 224 927
40 207 231 224 927
361 238 224 224 927
288 233 221 225 928
40 208 232 225 928
288 234 222 225 928
666 234 223 226 929
40 209 227 226 929
666 235 224 227 930
199 235 222 227 930
430 139 221 227 930
40 210 235 227 930
551 133 222 228 931
199 236 221 228 931
40 211 226 228 931
666 237 224 228 931
677 112 221 229 932
187 230 221 229 932
40 212 225 229 932
677 113 221 230 933
40 213 240 230 933
779 205 227 231 934
199 239 225 231 934
40 214 246 231 934
361 245 223 231 934
537 226 224 232 935
199 240 223 232 935
40 215 235 232 935
779 207 221 233 936
715 150 222 233 936
430 145 223 233 936
40 216 232 233 936
779 208 221 234 937
677 117 221 234 937
199 243 225 235 938
40 219 223 236 939
40 220 225 237 940
361 251 225 237 940
199 246 223 238 941
677 121 223 238 941
361 252 226 238 941
199 247 223 239 942
677 122 222 239 942
757 222 221 239 942
187 240 225 239 942
361 253 234 240 943
288 248 222 240 943
677 123 238 240 943
187 241 222 240 943
361 254 225 241 944
199 249 227 241 944
677 124 223 241 944
715 158 221 241 944
757 224 227 241 944
40 224 222 241 944
537 236 225 242 945
779 216 223 242 945
666 250 227 242 945
199 250 221 242 945
551 147 227 242 945
677 125 224 242 945
97 65 221 242 945
757 225 221 242 945
288 251 221 243 946
779 217 228 243 946
199 251 221 243 946
551 148 223 243 946
430 155 223 243 946
757 226 227 243 946
247 252 221 243 946
288 252 223 244 947
551 149 222 244 947
199 252 221 244 947
757 227 225 244 947
247 253 223 244 947
666 253 222 245 948
187 246 225 245 948
247 254 223 245 948
537 240 223 246 949
551 151 223 246 949
247 255 222 246 949
288 255 223 247 950
199 255 224 247 950
40 230 223 247 950
187 248 227 247 950
537 242 223 248 951
551 153 222 248 951
677 131 227 248 951
715 165 223 248 951
40 231 224 248 951
288 257 221 249 952
537 243 223 249 952
551 154 225 249 952
677 132 227 249 952
97 72 221 249 952
430 161 224 249 952
40 232 231 249 952
247 258 231 249 952
537 244 221 250 953
551 155 222 250 953
97 73 221 250 953
430 162 227 250 953
757 233 225 250 953
40 233 227 250 953
767 259 222 250 953
247 259 227 250 953
537 245 225 250 953
666 259 221 251 954
551 156 227 251 954
97 74 226 251 954
430 163 223 251 954
757 234 230 251 954
40 234 226 251 954
247 260 221 251 954
537 246 227 251 954
551 157 221 252 955
199 260 223 252 955
97 75 226 252 955
677 135 225 252 955
757 235 225 252 955
40 235 227 252 955
361 266 228 252 955
537 247 230 252 955
551 158 227 253 956
199 261 228 253 956
677 136 233 253 956
715 170 222 253 956
757 236 221 253 956
40 236 221 253 956
187 254 229 253 956
247 262 223 253 956
361 267 227 253 956
537 248 231 253 956
199 262 225 254 957
677 137 230 254 957
757 237 224 254 957
187 255 224 254 957
247 263 223 254 957
537 249 233 254 957
361 268 233 254 957
199 263 227 255 958
40 238 225 255 958
187 256 231 255 958
537 250 224 255 958
666 264 222 255 958
361 269 228 255 958
199 264 225 256 959
677 139 227 256 959
715 173 223 256 959
187 257 222 256 959
666 265 225 256 959
288 265 221 256 959
361 270 223 256 959
537 251 222 256 959
199 265 224 257 960
551 162 229 257 960
677 140 225 257 960
715 174 225 257 960
187 258 225 257 960
361 271 221 257 960
288 266 223 257 960
537 252 223 257 960
199 266 225 258 961
677 141 230 258 961
97 81 221 258 961
715 175 225 258 961
187 259 223 258 961
537 253 221 258 961
551 164 222 259 962
677 142 223 259 962
715 176 225 259 962
537 254 225 259 962
551 165 225 260 963
199 268 221 260 963
677 143 233 260 963
97 83 221 260 963
715 177 222 260 963
247 269 221 260 963
361 274 232 260 963
537 255 229 260 963
288 269 221 260 963
199 269 227 261 964
677 144 223 261 964
187 262 227 261 964
767 270 227 261 964
288 270 225 261 964
537 256 227 261 964
199 270 227 262 965
677 145 224 262 965
187 263 227 262 965
247 271 223 262 965
361 276 231 263 966
288 271 222 263 966
537 257 227 263 966
551 168 227 263 966
199 271 227 263 966
551 169 225 264 967
715 181 225 264 967
677 147 223 264 967
666 273 223 264 967
199 273 227 265 968
715 182 223 265 968
715 183 223 266 969
187 267 221 266 969
779 241 223 267 970
199 275 222 267 970
767 276 221 267 970
361 281 222 267 970
199 276 225 268 971
551 176 226 271 974
677 154 221 271 974
757 254 221 271 974
247 280 225 271 974
288 280 221 271 974
551 177 223 272 975
551 178 228 273 976
97 96 224 273 976
779 248 224 273 976
537 268 221 274 977
779 249 222 274 977
97 98 222 275 978
430 187 221 275 978
677 158 222 275 978
247 284 226 275 978
779 250 225 275 978
537 270 221 276 979
551 181 223 276 979
97 99 225 276 979
677 159 225 276 979
187 277 222 276 979
288 290 223 281 984
666 290 221 281 984
247 290 225 281 984
779 256 226 282 985
551 187 222 282 985
199 290 227 282 985
430 194 225 282 985
715 199 224 282 985
677 165 222 282 985
187 283 223 282 985
361 299 221 285 988
715 203 223 286 989
247 295 223 286 989
779 261 223 287 990
551 192 230 287 990
767 296 221 287 990
361 301 221 287 990
666 296 223 287 990
779 262 223 288 991
537 282 230 288 991
551 193 231 288 991
715 205 225 288 991
361 302 225 288 991
779 263 225 288 991
199 297 221 289 992
551 194 225 289 992
677 172 227 289 992
40 272 225 289 992
288 298 221 289 992
361 303 222 289 992
779 264 226 289 992
666 298 221 289 992
537 284 230 290 993
551 195 225 290 993
715 207 226 290 993
187 292 224 291 994
288 300 224 291 994
361 305 223 291 994
247 300 227 291 994
537 286 227 291 994
551 197 227 292 995
677 175 231 292 995
757 275 222 292 995
187 293 231 292 995
247 301 225 292 995
666 301 223 292 995
779 267 223 292 995
40 278 229 295 998
247 304 221 295 998
361 309 221 295 998
779 270 227 295 998
537 290 225 295 998
361 310 224 296 999
537 291 221 296 999
551 202 222 297 1000
677 180 221 297 1000
97 120 221 297 1000
40 280 223 297 1000
666 306 222 297 1000
551 203 223 298 1001
551 205 223 300 1003
677 183 227 300 1003
715 217 222 300 1003
40 283 229 300 1003
187 301 227 300 1003
288 309 221 300 1003
247 309 225 300 1003
361 314 227 300 1003
551 206 224 301 1004
677 193 231 310 1013
715 227 226 310 1013
40 293 233 310 1013
247 319 223 310 1013
715 228 222 311 1014
187 312 225 311 1014
247 320 225 311 1014
666 320 222 311 1014
551 217 227 312 1015
199 320 225 312 1015
430 224 224 312 1015
715 229 223 312 1015
97 135 223 312 1015
187 313 221 312 1015
361 326 227 312 1015
199 321 227 313 1016
715 230 223 313 1016
97 136 224 313 1016
715 231 221 314 1017
288 323 237 314 1017
247 323 225 314 1017
95 7 228 315 1018
461 291 223 315 1018
288 324 225 315 1018
247 324 230 315 1018
61 332 221 316 1019
452 152 235 316 1019
369 323 224 316 1019
715 233 225 316 1019
769 296 224 316 1019
662 170 221 316 1019
81 314 223 316 1019
50 313 221 316 1019
288 325 237 316 1019
78 316 235 316 1019
746 4 228 317 1020
715 234 227 317 1020
757 300 232 317 1020
50 314 232 317 1020
247 326 231 317 1020
78 317 222 317 1020
769 298 221 318 1021
703 312 232 318 1021
50 315 221 318 1021
669 327 227 318 1021
247 327 233 318 1021
466 82 232 318 1021
567 283 223 318 1021
467 323 231 318 1021
78 318 223 318 1021
215 240 223 319 1022
462 161 227 319 1022
269 334 225 319 1022
743 243 222 319 1022
127 345 222 319 1022
288 328 227 319 1022
440 20 222 320 1023
730 323 225 320 1023
288 329 240 320 1023
443 229 229 320 1023
419 314 227 320 1023
735 34 226 320 1023
295 302 223 321 1024
497 328 231 321 1024
288 330 241 321 1024
539 54 222 322 1025
144 326 223 322 1025
288 332 221 323 1026
443 232 222 323 1026
639 338 223 323 1026
122 21 227 323 1026
411 226 224 324 1027
5 335 225 324 1027
225 255 221 324 1027
175 279 222 324 1027
144 329 233 325 1028
416 332 221 325 1028
175 280 221 325 1028
443 234 221 325 1028
288 334 225 325 1028
276 317 222 325 1028
416 333 226 326 1029
225 257 225 326 1029
276 318 239 326 1029
276 319 240 327 1030
144 332 227 328 1031
411 230 223 328 1031
276 320 239 328 1031
276 321 239 329 1032
539 62 221 330 1033
276 326 223 334 1037
276 328 221 336 1039
288 9 225 338 1041
411 240 225 338 1041
225 269 232 338 1041
276 330 221 338 1041
288 10 227 339 1042
144 343 223 339 1042
411 241 231 339 1042
225 270 227 339 1042
175 294 227 339 1042
276 331 224 339 1042
288 11 226 340 1043
411 242 221 340 1043
225 271 229 340 1043
175 295 221 340 1043
288 12 223 341 1044
411 243 227 341 1044
225 272 227 341 1044
175 296 223 341 1044
276 333 224 341 1044
539 74 221 341 1044
288 13 224 342 1045
411 244 227 342 1045
225 273 228 342 1045
175 297 222 342 1045
276 334 225 342 1045
288 14 224 343 1046
411 245 225 343 1046
225 274 229 343 1046
175 298 225 343 1046
288 15 225 344 1047
225 275 227 344 1047
225 276 223 345 1048
276 337 224 345 1048
225 277 221 346 1049
276 338 221 346 1049
288 18 232 347 1050
539 3 221 347 1050
144 351 221 347 1050
411 249 229 347 1050
225 278 224 347 1050
175 302 226 347 1050
276 339 226 347 1050
639 362 223 347 1050
288 19 231 348 1051
411 250 221 348 1051
225 279 223 348 1051
175 303 223 348 1051
443 257 224 348 1051
276 340 224 348 1051
91 1 225 348 1051
411 251 221 349 1052
175 304 225 349 1052
122 24 221 349 1052
276 341 234 349 1052
539 2 223 350 1053
276 342 237 350 1053
276 344 235 352 1055
225 284 223 353 1056
276 345 231 353 1056
225 285 221 354 1057
539 6 221 354 1057
175 309 223 354 1057
276 346 227 354 1057
5 366 224 355 1058
175 310 223 355 1058
539 7 223 355 1058
276 347 225 355 1058
91 8 224 356 1059
411 258 222 356 1059
416 363 227 356 1059
5 367 223 356 1059
288 7 227 356 1059
175 311 227 356 1059
443 265 227 356 1059
276 348 221 356 1059
144 7 221 356 1059
91 9 223 357 1060
416 364 225 357 1060
5 368 227 357 1060
288 8 226 357 1060
443 266 222 357 1060
5 369 226 358 1061
225 289 223 358 1061
175 313 221 358 1061
122 33 221 358 1061
411 261 229 359 1062
539 11 221 359 1062
175 314 225 359 1062
411 262 225 360 1063
5 371 223 360 1063
288 11 222 360 1063
175 315 221 360 1063
175 316 222 361 1064
539 13 223 361 1064
443 270 221 361 1064
416 369 221 362 1065
225 293 222 362 1065
288 13 221 362 1065
175 317 222 362 1065
225 294 221 363 1066
225 295 221 364 1067
225 296 222 365 1068
5 376 221 365 1068
225 297 222 366 1069
5 377 221 366 1069
276 358 231 366 1069
225 298 224 367 1070
175 322 225 367 1070
276 359 227 367 1070
276 360 224 368 1071
411 271 221 369 1072
5 381 223 370 1073
276 362 226 370 1073
639 385 222 371 1074
416 378 222 371 1074
411 273 227 371 1074
288 22 225 371 1074
276 363 224 371 1074
91 24 221 372 1075
416 379 221 372 1075
411 274 225 372 1075
288 23 227 372 1075
175 327 225 372 1075
276 364 221 372 1075
144 23 223 372 1075
411 275 230 373 1076
225 304 226 373 1076
5 384 223 373 1076
539 25 224 373 1076
175 328 225 373 1076
276 365 229 373 1076
144 24 226 373 1076
91 26 221 374 1077
411 276 225 374 1077
225 305 226 374 1077
288 25 223 374 1077
5 385 222 374 1077
175 329 222 374 1077
276 366 221 374 1077
225 306 227 375 1078
5 386 226 375 1078
175 330 225 375 1078
144 26 223 375 1078
276 367 225 375 1078
411 278 224 376 1079
5 387 224 376 1079
175 331 227 376 1079
443 285 221 376 1079
276 368 222 376 1079
411 279 225 377 1080
5 388 221 377 1080
175 332 223 377 1080
144 28 223 377 1080
276 369 229 377 1080
411 280 222 378 1081
175 333 227 378 1081
539 30 223 378 1081
144 29 223 378 1081
276 370 226 378 1081
411 281 223 379 1082
225 310 225 379 1082
175 334 223 379 1082
276 371 227 379 1082
91 32 223 380 1083
411 282 225 380 1083
175 335 229 380 1083
225 311 235 380 1083
539 32 221 380 1083
276 372 225 380 1083
91 33 225 380 1083
411 283 225 381 1084
225 312 237 381 1084
144 32 221 381 1084
5 393 228 382 1085
411 284 228 382 1085
175 337 223 382 1085
225 313 236 382 1085
175 338 223 383 1086
225 314 232 383 1086
443 292 223 383 1086
411 286 228 384 1087
5 395 227 384 1087
225 315 225 384 1087
288 35 221 384 1087
276 376 221 384 1087
411 287 221 385 1088
5 396 225 385 1088
539 37 221 385 1088
276 377 223 386 1089
5 397 221 386 1089
411 288 227 386 1089
539 38 221 386 1089
443 295 221 386 1089
5 398 221 387 1090
276 379 221 387 1090
5 399 222 388 1091
411 290 223 388 1091
288 39 223 388 1091
175 344 226 389 1092
411 291 224 389 1092
5 400 227 389 1092
175 345 231 390 1093
5 401 228 390 1093
411 292 225 390 1093
175 346 232 391 1094
411 293 227 391 1094
5 402 226 391 1094
225 322 221 391 1094
175 347 236 392 1095
5 403 225 392 1095
411 294 225 392 1095
225 323 223 392 1095
175 348 229 393 1096
5 404 226 393 1096
411 295 222 393 1096
443 302 221 393 1096
175 349 223 394 1097
5 405 223 394 1097
175 350 229 395 1098
288 46 221 395 1098
225 326 233 395 1098
91 48 223 396 1099
175 351 230 396 1099
411 298 221 396 1099
288 47 222 396 1099
225 327 233 396 1099
91 49 221 397 1100
5 408 221 397 1100
225 328 230 397 1100
91 50 221 398 1101
5 409 221 398 1101
175 353 229 398 1101
411 300 223 398 1101
225 329 233 398 1101
144 49 222 398 1101
91 51 221 399 1102
5 410 222 399 1102
411 301 221 399 1102
175 354 222 399 1102
225 330 233 399 1102
411 302 221 400 1103
225 331 233 400 1103
5 412 222 401 1104
91 54 225 402 1105
5 413 225 402 1105
411 304 227 402 1105
175 357 225 402 1105
288 53 221 402 1105
225 333 232 402 1105
91 55 226 403 1106
5 414 226 403 1106
175 358 227 403 1106
225 334 234 403 1106
91 56 228 404 1107
5 415 225 404 1107
225 335 233 404 1107
91 57 223 405 1108
175 360 231 405 1108
5 416 223 405 1108
288 56 221 405 1108
225 336 223 405 1108
443 314 221 405 1108
144 56 225 406 1109
175 361 233 406 1109
5 417 223 406 1109
288 57 225 406 1109
225 337 223 406 1109
443 315 223 406 1109
91 59 223 407 1110
175 362 227 407 1110
539 59 223 407 1110
5 418 221 407 1110
288 58 226 407 1110
225 338 232 407 1110
443 316 221 407 1110
276 399 226 407 1110
91 60 226 408 1111
225 339 233 408 1111
443 317 223 408 1111
276 400 236 408 1111
91 61 222 409 1112
288 60 224 409 1112
225 340 232 409 1112
443 318 225 409 1112
276 401 236 409 1112
91 62 223 410 1113
416 417 223 410 1113
175 365 223 410 1113
5 421 225 410 1113
288 61 221 410 1113
225 341 223 410 1113
276 402 242 410 1113
91 63 221 410 1113
5 422 226 411 1114
225 342 223 411 1114
276 403 234 411 1114
91 64 225 411 1114
175 367 222 412 1115
5 423 227 412 1115
288 63 226 412 1115
225 343 229 412 1115
443 321 221 412 1115
276 404 237 412 1115
144 63 221 413 1116
5 424 231 413 1116
225 344 227 413 1116
288 64 221 413 1116
276 405 238 413 1116
144 64 221 414 1117
175 369 231 414 1117
5 425 231 414 1117
288 65 223 414 1117
225 345 229 414 1117
443 323 221 414 1117
276 406 238 414 1117
144 65 221 415 1118
175 370 234 415 1118
5 426 228 415 1118
225 346 226 415 1118
122 90 223 415 1118
276 407 236 415 1118
91 68 223 415 1118
144 66 221 416 1119
175 371 221 416 1119
411 318 223 416 1119
5 427 225 416 1119
225 347 225 416 1119
276 408 237 416 1119
91 69 223 416 1119
144 67 221 417 1120
175 372 227 417 1120
411 319 221 417 1120
288 68 223 417 1120
5 428 223 417 1120
225 348 226 417 1120
122 92 222 417 1120
276 409 235 417 1120
91 70 223 417 1120
144 68 224 418 1121
175 373 232 418 1121
539 70 226 418 1121
5 429 226 418 1121
225 349 223 418 1121
443 327 224 418 1121
276 410 242 418 1121
91 71 222 418 1121
416 426 223 419 1122
175 374 230 419 1122
288 70 226 419 1122
5 430 227 419 1122
225 350 224 419 1122
122 94 223 419 1122
276 411 241 419 1122
91 72 225 419 1122
416 427 221 420 1123
175 375 223 420 1123
411 322 221 420 1123
5 431 226 420 1123
225 351 227 420 1123
276 412 235 420 1123
91 73 225 420 1123
175 376 231 421 1124
539 73 226 421 1124
5 432 231 421 1124
288 72 222 421 1124
225 352 229 421 1124
443 330 225 421 1124
276 413 236 421 1124
225 353 229 422 1125
276 414 234 422 1125
225 354 223 423 1126
276 415 233 423 1126
175 379 227 424 1127
5 435 225 424 1127
225 355 223 424 1127
288 75 224 424 1127
276 416 240 424 1127
175 380 229 425 1128
225 356 236 425 1128
443 334 222 425 1128
122 100 225 425 1128
276 417 233 425 1128
175 381 226 426 1129
539 78 221 426 1129
5 437 224 426 1129
288 77 224 426 1129
276 418 230 426 1129
539 79 222 427 1130
5 438 222 427 1130
225 358 227 427 1130
288 78 221 427 1130
539 80 227 428 1131
175 383 223 428 1131
411 330 221 428 1131
225 359 229 428 1131
276 420 228 428 1131
91 81 221 428 1131
144 79 222 429 1132
175 384 231 429 1132
539 81 227 429 1132
5 440 225 429 1132
225 360 235 429 1132
276 421 221 429 1132
539 82 227 430 1133
175 385 227 430 1133
5 441 223 430 1133
225 361 233 430 1133
276 422 242 430 1133
91 83 224 430 1133
639 445 222 431 1134
175 386 231 431 1134
5 442 225 431 1134
288 82 224 431 1134
225 362 232 431 1134
276 423 237 431 1134
175 387 228 432 1135
5 443 225 432 1135
288 83 221 432 1135
225 363 235 432 1135
91 85 221 432 1135
144 83 221 433 1136
639 447 222 433 1136
175 388 227 433 1136
5 444 222 433 1136
225 364 233 433 1136
443 342 229 433 1136
276 425 232 433 1136
175 389 231 434 1137
5 445 227 434 1137
225 365 235 434 1137
276 426 230 434 1137
175 390 227 435 1138
416 442 224 435 1138
5 446 227 435 1138
288 86 223 435 1138
225 366 232 435 1138
276 427 234 435 1138
5 447 225 436 1139
288 87 222 436 1139
225 367 237 436 1139
276 428 237 436 1139
91 89 221 436 1139
175 392 227 437 1140
5 448 224 437 1140
225 368 235 437 1140
276 429 225 437 1140
411 340 221 438 1141
175 393 221 438 1141
5 449 223 438 1141
288 89 222 438 1141
225 369 237 438 1141
276 430 227 438 1141
411 341 222 439 1142
175 394 225 439 1142
5 450 225 439 1142
288 90 225 439 1142
225 370 235 439 1142
276 431 227 439 1142
175 395 232 440 1143
416 447 221 440 1143
5 451 224 440 1143
225 371 235 440 1143
276 432 234 440 1143
91 93 223 441 1144
225 372 224 441 1144
175 397 222 442 1145
225 373 225 442 1145
5 454 221 443 1146
288 94 221 443 1146
225 374 236 443 1146
443 352 232 443 1146
122 118 221 443 1146
276 435 223 443 1146
225 375 225 444 1147
443 353 225 444 1147
91 97 222 445 1148
175 400 223 445 1148
225 376 229 445 1148
443 354 228 445 1148
276 437 223 445 1148
91 98 225 446 1149
411 348 223 446 1149
175 401 224 446 1149
225 377 225 446 1149
443 355 225 446 1149
175 402 222 447 1150
225 378 223 447 1150
443 356 230 447 1150
276 439 224 447 1150
175 403 226 448 1151
5 459 223 448 1151
225 379 232 448 1151
443 357 227 448 1151
144 99 223 449 1152
91 101 226 449 1152
175 404 223 449 1152
539 101 222 449 1152
5 460 221 449 1152
144 100 223 450 1153
91 102 221 450 1153
175 405 223 450 1153
539 102 226 450 1153
5 461 222 450 1153
288 101 221 450 1153
225 381 226 450 1153
276 442 221 450 1153
91 103 227 451 1154
639 465 221 451 1154
175 406 221 451 1154
539 103 225 451 1154
5 462 222 451 1154
225 382 233 451 1154
443 360 227 451 1154
144 102 221 452 1155
91 104 227 452 1155
639 466 223 452 1155
175 407 227 452 1155
5 463 231 452 1155
225 383 231 452 1155
175 408 221 453 1156
5 464 225 453 1156
288 104 222 453 1156
225 384 234 453 1156
276 445 229 453 1156
175 409 221 454 1157
225 385 227 454 1157
276 446 239 454 1157
416 462 221 455 1158
225 386 225 455 1158
276 447 221 455 1158
225 387 231 456 1159
276 448 223 456 1159
639 472 223 458 1161
379 470 221 458 1161
175 413 230 458 1161
411 360 225 458 1161
5 469 227 458 1161
288 109 224 458 1161
225 389 247 458 1161
443 367 225 458 1161
144 109 225 458 1161
91 111 224 459 1162
175 414 223 459 1162
411 361 222 459 1162
5 470 221 459 1162
225 390 242 459 1162
443 368 229 459 1162
144 110 223 459 1162
175 415 221 460 1163
411 362 225 460 1163
5 471 227 460 1163
539 112 225 460 1163
225 391 243 460 1163
443 369 229 460 1163
144 111 223 461 1164
5 472 225 461 1164
539 113 227 461 1164
288 112 223 461 1164
225 392 241 461 1164
443 370 226 461 1164
91 114 225 462 1165
175 417 226 462 1165
416 469 225 462 1165
5 473 224 462 1165
539 114 227 462 1165
288 113 223 462 1165
225 393 241 462 1165
144 113 223 463 1166
91 115 223 463 1166
288 114 222 463 1166
225 394 239 463 1166
91 116 224 464 1167
175 419 223 464 1167
411 366 225 464 1167
5 475 225 464 1167
288 115 227 464 1167
225 395 246 464 1167
276 456 232 464 1167
144 115 223 465 1168
91 117 223 465 1168
411 367 223 465 1168
5 476 225 465 1168
288 116 228 465 1168
225 396 249 465 1168
276 457 230 465 1168
443 374 225 465 1168
144 116 223 466 1169
91 118 225 466 1169
175 421 226 466 1169
411 368 223 466 1169
5 477 225 466 1169
539 118 223 466 1169
288 117 226 466 1169
225 397 251 466 1169
276 458 230 466 1169
175 422 222 467 1170
411 369 223 467 1170
5 478 223 467 1170
288 118 226 467 1170
225 398 247 467 1170
276 459 230 467 1170
144 118 224 468 1171
91 120 224 468 1171
175 423 223 468 1171
411 370 221 468 1171
416 475 221 468 1171
5 479 225 468 1171
288 119 227 468 1171
225 399 247 468 1171
122 143 221 468 1171
276 460 231 468 1171
91 121 222 469 1172
175 424 222 469 1172
411 371 222 469 1172
416 476 221 469 1172
5 480 223 469 1172
288 120 223 469 1172
225 400 247 469 1172
122 144 221 469 1172
276 461 231 469 1172
91 122 222 470 1173
175 425 223 470 1173
411 372 226 470 1173
5 481 225 470 1173
539 122 223 470 1173
225 401 247 470 1173
288 121 224 470 1173
122 145 223 470 1173
276 462 228 470 1173
91 123 223 471 1174
411 373 226 471 1174
539 123 221 471 1174
288 122 223 471 1174
225 402 246 471 1174
276 463 227 471 1174
122 146 221 471 1174
91 124 224 472 1175
411 374 226 472 1175
5 483 223 472 1175
539 124 221 472 1175
225 403 247 472 1175
288 123 225 472 1175
276 464 229 472 1175
91 125 227 473 1176
175 428 224 473 1176
411 375 227 473 1176
5 484 223 473 1176
225 404 247 473 1176
288 124 225 473 1176
122 148 221 473 1176
276 465 226 473 1176
443 382 221 473 1176
91 126 223 474 1177
411 376 221 474 1177
225 405 239 474 1177
175 430 225 475 1178
225 406 238 475 1178
288 126 225 475 1178
276 467 221 475 1178
175 431 223 476 1179
225 407 243 476 1179
288 127 221 476 1179
91 129 225 477 1180
175 432 224 477 1180
225 408 225 477 1180
225 409 235 478 1181
225 410 236 479 1182
411 382 223 480 1183
225 411 237 480 1183
175 436 225 481 1184
416 488 222 481 1184
411 383 222 481 1184
539 133 223 481 1184
225 412 234 481 1184
288 132 225 481 1184
144 132 221 481 1184
175 437 223 482 1185
411 384 225 482 1185
539 134 233 482 1185
5 493 223 482 1185
225 413 243 482 1185
175 438 239 483 1186
539 135 223 483 1186
225 414 239 483 1186
443 392 226 483 1186
175 439 228 484 1187
416 491 221 484 1187
225 415 239 484 1187
144 135 221 484 1187
416 492 223 485 1188
175 440 233 485 1188
411 387 221 485 1188
225 416 237 485 1188
288 136 221 485 1188
144 136 225 485 1188
175 441 235 486 1189
225 417 239 486 1189
144 137 225 486 1189
443 395 225 486 1189
175 442 238 487 1190
539 139 222 487 1190
225 418 241 487 1190
276 479 226 487 1190
443 396 221 487 1190
175 443 235 488 1191
225 419 241 488 1191
288 139 223 488 1191
276 480 236 488 1191
144 139 223 488 1191
411 391 221 489 1192
175 444 237 489 1192
225 420 241 489 1192
276 481 233 489 1192
144 140 221 489 1192
539 142 221 490 1193
225 421 239 490 1193
276 482 235 490 1193
144 141 223 490 1193
639 505 222 491 1194
175 446 232 491 1194
225 422 239 491 1194
288 142 223 491 1194
276 483 239 491 1194
144 142 225 491 1194
443 400 225 491 1194
225 423 237 492 1195
288 143 223 492 1195
276 484 236 492 1195
443 401 224 492 1195
639 507 221 493 1196
175 448 225 493 1196
225 424 237 493 1196
276 485 225 493 1196
144 144 222 493 1196
175 449 221 494 1197
225 425 233 494 1197
276 486 235 494 1197
225 426 237 495 1198
276 487 239 495 1198
416 503 223 496 1199
5 507 223 496 1199
225 427 238 496 1199
539 1 226 496 1199
276 488 235 496 1199
175 452 227 497 1200
416 504 223 497 1200
225 428 233 497 1200
288 148 222 497 1200
276 489 235 497 1200
411 400 227 498 1201
175 453 238 498 1201
416 505 224 498 1201
225 429 236 498 1201
539 3 227 498 1201
122 173 222 498 1201
276 490 235 498 1201
411 401 231 499 1202
416 506 222 499 1202
175 454 224 499 1202
225 430 236 499 1202
288 150 223 499 1202
539 4 224 499 1202
276 491 223 499 1202
225 431 237 500 1203
288 151 221 500 1203
539 5 223 500 1203
276 492 225 500 1203
175 456 224 501 1204
416 508 222 501 1204
225 432 237 501 1204
288 152 221 501 1204
276 493 225 501 1204
411 404 225 502 1205
225 433 237 502 1205
288 153 223 502 1205
276 494 223 502 1205
411 405 221 503 1206
175 458 231 503 1206
225 434 234 503 1206
288 154 225 503 1206
276 495 228 503 1206
443 412 221 503 1206
144 154 221 504 1207
411 406 221 504 1207
175 459 221 504 1207
225 435 235 504 1207
288 155 223 504 1207
144 155 222 505 1208
175 460 230 505 1208
411 407 232 505 1208
288 156 222 505 1208
225 436 238 505 1208
276 497 225 505 1208
122 180 221 505 1208
175 461 225 506 1209
411 408 232 506 1209
288 157 229 506 1209
225 437 239 506 1209
539 11 221 506 1209
276 498 221 506 1209
443 415 226 506 1209
175 462 231 507 1210
288 158 224 507 1210
225 438 241 507 1210
539 12 225 507 1210
276 499 224 507 1210
122 182 225 507 1210
443 416 225 508 1211
144 158 221 508 1211
175 463 236 508 1211
416 515 223 508 1211
288 159 223 508 1211
225 439 239 508 1211
276 500 221 508 1211
539 13 223 508 1211
443 417 225 509 1212
175 464 236 509 1212
416 516 226 509 1212
288 160 229 509 1212
225 440 241 509 1212
276 501 228 509 1212
122 184 222 509 1212
443 418 227 510 1213
144 160 223 510 1213
175 465 237 510 1213
416 517 228 510 1213
288 161 231 510 1213
225 441 241 510 1213
276 502 228 510 1213
539 15 221 510 1213
122 185 224 510 1213
144 161 223 511 1214
175 466 227 511 1214
288 162 224 511 1214
225 442 236 511 1214
539 16 225 511 1214
276 503 222 511 1214
443 420 221 512 1215
639 526 221 512 1215
175 467 229 512 1215
411 414 221 512 1215
288 163 227 512 1215
225 443 234 512 1215
276 504 234 512 1215
443 421 221 513 1216
144 163 221 513 1216
411 415 227 513 1216
416 520 223 513 1216
288 164 221 513 1216
225 444 237 513 1216
539 18 225 513 1216
144 164 223 514 1217
175 469 234 514 1217
411 416 223 514 1217
416 521 223 514 1217
288 165 223 514 1217
225 445 242 514 1217
539 19 226 514 1217
276 506 231 514 1217
443 423 221 515 1218
91 167 221 515 1218
175 470 231 515 1218
411 417 225 515 1218
416 522 221 515 1218
288 166 224 515 1218
225 446 239 515 1218
539 20 227 515 1218
276 507 228 515 1218
122 190 231 515 1218
639 530 223 516 1219
175 471 227 516 1219
288 167 226 516 1219
225 447 241 516 1219
276 508 235 516 1219
539 21 221 516 1219
122 191 228 516 1219
639 531 221 517 1220
175 472 224 517 1220
411 419 231 517 1220
416 524 223 517 1220
288 168 224 517 1220
225 448 239 517 1220
276 509 223 517 1220
539 22 225 517 1220
122 192 221 517 1220
144 168 221 518 1221
639 532 223 518 1221
175 473 228 518 1221
411 420 227 518 1221
416 525 221 518 1221
225 449 239 518 1221
276 510 225 518 1221
539 23 223 518 1221
122 193 222 518 1221
144 169 229 519 1222
639 533 224 519 1222
175 474 227 519 1222
411 421 230 519 1222
416 526 223 519 1222
225 450 240 519 1222
276 511 225 519 1222
539 24 221 519 1222
122 194 231 519 1222
144 170 223 520 1223
639 534 221 520 1223
175 475 233 520 1223
416 527 222 520 1223
288 171 225 520 1223
225 451 237 520 1223
539 25 224 520 1223
276 512 227 520 1223
639 535 223 521 1224
144 171 229 521 1224
411 423 228 521 1224
175 476 231 521 1224
288 172 225 521 1224
225 452 238 521 1224
539 26 231 521 1224
122 196 227 521 1224
144 172 229 522 1225
175 477 230 522 1225
411 424 234 522 1225
288 173 230 522 1225
225 453 241 522 1225
539 27 225 522 1225
276 514 224 522 1225
639 537 223 523 1226
144 173 227 523 1226
175 478 223 523 1226
411 425 221 523 1226
225 454 227 523 1226
175 479 227 524 1227
5 535 222 524 1227
276 516 231 524 1227
175 480 223 525 1228
175 481 227 526 1229
225 457 230 526 1229
144 177 223 527 1230
225 459 227 528 1231
639 543 222 529 1232
639 544 223 530 1233
175 486 221 531 1234
225 462 222 531 1234
225 463 229 532 1235
225 464 231 533 1236
225 465 231 534 1237
639 549 223 535 1238
5 546 221 535 1238
225 466 230 535 1238
288 187 223 536 1239
225 467 233 536 1239
639 551 221 537 1240
411 439 223 537 1240
225 468 235 537 1240
276 529 221 537 1240
639 552 221 538 1241
225 469 229 538 1241
175 494 221 539 1242
288 190 221 539 1242
225 470 233 539 1242
225 471 235 540 1243
276 532 221 540 1243
225 472 231 541 1244
276 533 222 541 1244
225 473 231 542 1245
225 474 232 543 1246
276 535 221 543 1246
225 475 233 544 1247
225 476 234 545 1248
225 477 228 546 1249
225 478 223 547 1250
639 562 221 548 1251
416 555 223 548 1251
225 479 227 548 1251
639 563 222 549 1252
639 564 221 549 1252
225 481 222 550 1253
175 507 223 552 1255
91 204 222 552 1255
411 454 228 552 1255
276 544 225 552 1255
539 57 221 552 1255
205 281 225 553 1256
683 428 227 553 1256
276 545 227 553 1256
122 228 225 553 1256
344 556 222 553 1256
493 548 222 553 1256
427 576 231 554 1257
396 45 223 554 1257
411 456 223 554 1257
735 197 229 554 1257
416 561 224 554 1257
5 565 221 554 1257
276 546 236 554 1257
122 229 224 554 1257
493 549 230 554 1257
411 457 221 555 1258
276 547 227 555 1258
122 230 221 555 1258
555 557 227 555 1258
411 458 222 556 1259
627 563 223 556 1259
276 548 241 556 1259
493 551 221 556 1259
427 579 226 557 1260
459 549 223 557 1260
716 567 222 557 1260
416 564 224 557 1260
276 549 223 557 1260
493 552 237 557 1260
427 580 225 557 1260
351 376 223 558 1261
18 558 232 558 1261
411 460 223 558 1261
82 500 223 558 1261
276 550 235 558 1261
680 507 229 558 1261
397 538 223 558 1261
471 572 222 559 1262
572 570 223 560 1263
276 552 223 560 1263
726 136 223 560 1263
324 313 225 561 1264
601 576 227 562 1265
527 572 223 562 1265
166 544 235 562 1265
361 576 224 563 1266
663 571 223 563 1266
601 577 243 563 1266
416 570 222 563 1266
601 578 233 564 1267
513 568 224 565 1268
262 31 221 566 1269
204 61 221 567 1270
749 254 225 567 1270
680 517 228 568 1271
680 518 229 569 1272
108 437 226 570 1273
680 519 238 570 1273
108 438 232 571 1274
680 520 246 571 1274
108 439 231 572 1275
680 521 223 572 1275
108 440 228 573 1276
433 4 235 573 1276
680 522 236 573 1276
433 5 222 574 1277
680 523 230 574 1277
433 6 231 575 1278
680 524 222 575 1278
108 443 231 576 1279
433 7 237 576 1279
680 525 237 576 1279
433 8 235 577 1280
680 526 231 577 1280
108 445 229 578 1281
680 527 227 578 1281
108 446 234 579 1282
433 10 226 579 1282
680 528 232 579 1282
108 447 229 580 1283
680 529 231 580 1283
108 448 221 581 1284
680 530 229 581 1284
108 449 224 582 1285
680 531 233 582 1285
108 450 246 583 1286
680 532 226 583 1286
433 14 227 583 1286
108 451 239 584 1287
680 533 227 584 1287
433 15 235 584 1287
108 452 247 585 1288
680 534 231 585 1288
433 16 235 585 1288
108 453 246 586 1289
680 535 227 586 1289
108 454 237 587 1290
680 536 226 587 1290
433 18 230 587 1290
108 455 233 588 1291
433 19 227 588 1291
108 456 234 589 1292
680 538 222 589 1292
108 457 247 590 1293
680 539 225 590 1293
108 458 244 591 1294
680 540 233 591 1294
433 22 234 591 1294
108 459 239 592 1295
680 541 234 592 1295
433 23 243 592 1295
108 460 243 593 1296
680 542 223 593 1296
433 24 231 593 1296
108 461 237 594 1297
433 25 227 594 1297
108 462 239 595 1298
680 544 224 595 1298
433 26 235 595 1298
108 463 223 596 1299
680 545 223 596 1299
108 464 233 597 1300
680 546 225 597 1300
108 465 227 598 1301
680 547 225 598 1301
108 466 227 599 1302
108 467 231 600 1303
680 549 225 600 1303
108 468 240 601 1304
680 550 231 601 1304
433 32 227 601 1304
108 469 237 602 1305
680 551 226 602 1305
433 33 223 602 1305
108 470 239 603 1306
680 552 230 603 1306
433 34 224 603 1306
108 471 231 604 1307
680 553 226 604 1307
433 35 222 604 1307
108 472 235 605 1308
680 554 223 605 1308
108 473 242 606 1309
680 555 231 606 1309
108 474 227 607 1310
680 556 227 607 1310
433 38 224 607 1310
108 475 236 608 1311
680 557 225 608 1311
108 476 229 609 1312
680 558 227 609 1312
108 477 227 610 1313
680 559 222 610 1313
433 41 239 610 1313
108 478 228 611 1314
680 560 227 611 1314
433 42 238 611 1314
108 479 229 612 1315
680 561 227 612 1315
433 43 235 612 1315
108 480 227 613 1316
680 562 227 613 1316
433 44 233 613 1316
108 481 228 614 1317
680 563 225 614 1317
108 482 233 615 1318
680 564 225 615 1318
433 46 225 615 1318
108 483 232 616 1319
680 565 225 616 1319
433 47 223 616 1319
108 484 235 617 1320
680 566 230 617 1320
433 48 225 617 1320
108 485 241 618 1321
680 567 233 618 1321
433 49 225 619 1322
108 486 236 619 1322
433 50 224 619 1322
108 487 233 620 1323
680 569 225 620 1323
108 488 231 621 1324
680 570 223 621 1324
108 489 226 622 1325
680 571 221 622 1325
433 53 225 622 1325
108 490 227 623 1326
108 491 235 624 1327
680 573 226 624 1327
108 492 233 625 1328
680 574 223 625 1328
108 493 229 626 1329
680 575 221 626 1329
108 494 232 627 1330
680 576 226 627 1330
108 495 231 628 1331
680 577 221 628 1331
108 496 230 629 1332
680 578 225 629 1332
108 497 226 630 1333
680 579 223 630 1333
433 61 223 630 1333
108 498 225 631 1334
680 580 225 631 1334
433 62 223 631 1334
108 499 223 632 1335
108 501 223 634 1337
680 583 222 634 1337
433 65 223 634 1337
680 584 221 635 1338
108 503 223 636 1339
680 585 224 636 1339
108 504 222 637 1340
108 505 227 638 1341
108 506 232 639 1342
108 507 232 640 1343
433 71 221 640 1343
108 508 234 641 1344
680 590 223 641 1344
108 509 225 642 1345
680 591 227 642 1345
108 511 223 644 1347
433 75 221 644 1347
108 512 223 645 1348
108 513 233 646 1349
680 595 221 646 1349
108 514 231 647 1350
108 515 225 648 1351
680 597 223 648 1351
433 79 221 648 1351
108 516 227 649 1352
680 598 223 649 1352
108 517 236 650 1353
680 599 221 650 1353
108 518 231 651 1354
433 82 222 651 1354
108 519 237 652 1355
108 520 240 653 1356
108 521 232 654 1357
108 522 227 655 1358
680 604 233 655 1358
433 86 226 655 1358
108 523 238 656 1359
680 605 225 656 1359
680 606 236 657 1360
787 356 231 658 1361
680 607 237 658 1361
49 538 239 659 1362
226 126 221 659 1362
347 664 222 659 1362
680 608 230 659 1362
347 665 223 660 1363
680 609 239 660 1363
787 358 229 660 1363
557 677 221 661 1364
641 650 225 661 1364
496 312 226 664 1367
136 490 231 709 1412
482 862 222 711 1414
535 56 247 718 1421
43 730 231 720 1423
441 668 224 721 1424
529 174 223 721 1424
598 146 221 724 1427
386 322 223 724 1427
676 747 221 736 1439
386 341 223 743 1446
386 342 221 744 1447
386 343 223 745 1448
386 344 223 746 1449
386 345 221 747 1450
386 346 221 748 1451
386 347 222 749 1452
386 348 223 750 1453
386 349 223 751 1454
386 350 227 752 1455
386 351 225 753 1456
386 354 222 756 1459
386 355 224 757 1460
386 356 225 758 1461
386 357 225 759 1462
265 781 223 763 1466
265 782 223 764 1467
265 783 222 765 1468
630 144 223 766 1469
386 366 224 768 1471
630 146 223 768 1471
630 148 223 770 1473
630 149 227 771 1474
630 150 227 772 1475
265 790 223 772 1475
630 151 221 773 1476
386 372 221 774 1477
642 786 221 777 1480
265 797 221 779 1482
265 798 225 780 1483
642 2 222 781 1484
386 380 222 782 1485
101 779 223 786 1489
316 652 228 786 1489
316 653 223 787 1490
265 806 223 788 1491
386 387 226 789 1492
265 807 225 789 1492
386 388 229 790 1493
265 808 221 790 1493
386 389 221 791 1494
265 809 223 791 1494
386 390 229 792 1495
386 393 225 795 1498
265 813 227 795 1498
386 394 223 796 1499
265 814 221 796 1499
386 395 224 797 1500
265 815 225 797 1500
386 396 223 798 1501
386 397 225 799 1502
265 817 226 799 1502
386 398 225 800 1503
265 818 227 800 1503
386 399 225 801 1504
386 400 225 802 1505
265 820 221 802 1505
386 401 229 803 1506
265 821 223 803 1506
386 402 225 804 1507
265 822 223 804 1507
386 403 223 805 1508
386 404 224 806 1509
265 824 225 806 1509
386 405 225 807 1510
265 825 221 807 1510
386 406 225 808 1511
386 407 223 809 1512
265 827 225 809 1512
386 408 231 810 1513
265 828 224 810 1513
386 409 231 811 1514
265 829 225 811 1514
386 410 231 812 1515
265 830 222 812 1515
386 411 231 813 1516
265 831 221 813 1516
386 413 231 815 1518
265 833 227 815 1518
386 414 227 816 1519
265 834 221 816 1519
386 415 229 817 1520
265 835 224 817 1520
386 417 224 819 1522
265 837 223 819 1522
386 418 223 820 1523
265 838 223 820 1523
694 479 222 821 1524
386 419 224 821 1524
386 420 227 822 1525
386 421 225 823 1526
386 422 231 824 1527
265 842 227 824 1527
386 423 231 825 1528
265 843 225 825 1528
198 448 222 826 1529
386 424 227 826 1529
265 844 224 826 1529
386 426 225 828 1531
547 851 221 839 1542
82 784 221 843 1546
547 855 227 843 1546
386 441 224 843 1546
299 353 222 844 1547
547 856 221 844 1547
386 442 225 844 1547
265 862 222 844 1547
344 847 225 845 1548
344 848 226 846 1549
386 444 223 846 1549
344 849 230 847 1550
386 445 223 847 1550
344 850 225 848 1551
386 446 223 848 1551
344 851 226 849 1552
386 447 225 849 1552
82 791 223 850 1553
344 852 223 850 1553
569 854 225 850 1553
198 472 230 850 1553
386 448 227 850 1553
344 853 221 851 1554
547 863 225 851 1554
386 449 227 851 1554
265 869 225 851 1554
547 867 225 855 1558
386 453 221 855 1558
547 886 222 874 1577
732 841 221 880 1583
180 45 225 881 1584
391 815 222 881 1584
60 899 227 882 1585
700 749 224 882 1585
547 894 222 882 1585
391 816 223 882 1585
386 480 221 882 1585
732 844 221 883 1586
547 896 222 884 1587
547 897 221 885 1588
299 400 223 891 1594
391 825 221 891 1594
386 489 224 891 1594
299 401 224 892 1595
386 490 221 892 1595
344 896 221 894 1597
344 897 223 895 1598
386 495 221 897 1600
386 496 223 898 1601
344 901 221 899 1602
287 610 225 900 1603
391 834 222 900 1603
386 498 223 900 1603
517 464 225 902 1605
344 905 221 903 1606
344 906 227 904 1607
547 918 223 906 1609
547 919 229 907 1610
386 505 221 907 1610
547 920 225 908 1611
386 506 223 908 1611
547 921 227 909 1612
386 507 221 909 1612
386 508 222 910 1613
349 915 227 910 1613
547 923 223 911 1614
386 509 221 911 1614
265 929 232 912 1615
547 924 221 912 1615
391 846 221 912 1615
386 510 223 912 1615
265 930 225 913 1616
218 251 221 913 1616
547 925 223 913 1616
386 511 223 913 1616
265 931 225 914 1617
547 926 227 914 1617
426 116 221 915 1618
547 927 232 915 1618
547 928 233 916 1619
547 929 230 917 1620
547 930 231 918 1621
547 931 228 919 1622
547 933 229 921 1624
547 934 228 922 1625
547 935 228 923 1626
5 935 223 924 1627
547 936 227 924 1627
547 937 227 925 1628
344 928 224 926 1629
547 938 223 926 1629
344 929 223 927 1630
5 938 221 927 1630
547 939 227 927 1630
180 92 221 928 1631
344 930 223 928 1631
547 940 230 928 1631
180 93 222 929 1632
24 181 223 929 1632
5 940 224 929 1632
700 796 227 929 1632
180 94 225 930 1633
547 942 224 930 1633
180 95 222 931 1634
5 942 221 931 1634
547 943 223 931 1634
180 96 225 932 1635
24 184 226 932 1635
344 934 226 932 1635
547 944 231 932 1635
24 185 222 933 1636
274 4 225 934 1637
772 205 223 938 1641
277 140 227 938 1641
492 195 226 942 1645
285 267 221 942 1645
720 918 221 942 1645
147 960 222 942 1645
315 293 226 942 1645
76 7 228 943 1646
147 961 224 943 1646
315 294 239 943 1646
142 258 221 943 1646
720 920 221 944 1647
76 8 231 944 1647
492 199 221 946 1649
76 10 225 946 1649
285 273 225 948 1651
663 260 225 948 1651
720 926 221 950 1653
76 3 229 951 1654
315 302 226 951 1654
76 4 229 952 1655
315 303 232 952 1655
315 304 232 953 1656
315 305 227 954 1657
76 7 223 955 1658
315 306 229 955 1658
492 209 223 955 1658
76 8 223 956 1659
315 307 241 956 1659
315 309 242 958 1661
315 310 222 959 1662
492 213 222 959 1662
315 311 236 960 1663
76 13 225 961 1664
315 312 228 961 1664
147 979 221 961 1664
492 215 223 961 1664
76 14 227 962 1665
315 313 227 962 1665
315 314 231 963 1666
315 315 235 964 1667
76 17 224 965 1668
315 316 235 965 1668
76 18 224 966 1669
315 317 227 966 1669
76 19 226 967 1670
315 318 234 967 1670
76 20 225 968 1671
315 319 228 968 1671
315 320 226 969 1672
315 321 231 970 1673
315 322 227 971 1674
315 323 229 972 1675
315 324 224 973 1676
492 227 221 973 1676
315 326 229 975 1678
76 27 221 975 1678
315 327 229 976 1679
315 328 227 977 1680
76 32 222 980 1683
76 33 222 981 1684
76 34 223 982 1685
76 35 223 983 1686
76 36 223 984 1687
76 37 224 985 1688
76 38 223 986 1689
76 39 221 987 1690
76 40 221 988 1691
76 41 221 989 1692
76 42 223 990 1693
315 342 223 991 1694
315 344 223 993 1696
315 345 221 994 1697
315 359 236 1008 1711
492 262 221 1008 1711
315 360 225 1009 1712
76 61 225 1009 1712
492 263 221 1009 1712
315 361 224 1010 1713
315 362 229 1011 1714
76 64 221 1012 1715
315 363 227 1012 1715
315 364 225 1013 1716
315 365 221 1014 1717
76 68 223 1016 1719
315 367 223 1016 1719
76 69 227 1017 1720
315 368 227 1017 1720
76 70 227 1018 1721
315 369 223 1018 1721
492 272 225 1018 1721
76 71 227 1019 1722
315 370 221 1019 1722
76 72 224 1020 1723
315 371 221 1020 1723
76 73 223 1021 1724
315 372 222 1021 1724
492 275 221 1021 1724
76 74 223 1022 1725
315 373 221 1022 1725
76 75 223 1023 1726
315 374 221 1023 1726
76 76 222 1024 1727
315 375 221 1024 1727
76 77 223 1025 1728
492 280 223 1026 1729
76 79 236 1027 1730
663 340 221 1028 1731
76 80 221 1028 1731
663 341 221 1029 1732
315 380 231 1029 1732
76 81 225 1029 1732
315 381 228 1030 1733
76 82 221 1030 1733
663 343 221 1031 1734
315 382 225 1031 1734
76 83 223 1031 1734
315 383 230 1032 1735
76 84 230 1032 1735
315 384 227 1033 1736
76 87 231 1035 1738
315 386 232 1035 1738
147 1053 223 1035 1738
285 361 221 1036 1739
76 88 227 1036 1739
315 387 224 1036 1739
492 290 232 1036 1739
147 1054 221 1036 1739
285 362 221 1037 1740
663 349 225 1037 1740
76 89 228 1037 1740
315 388 225 1037 1740
492 291 225 1037 1740
285 363 221 1038 1741
663 350 221 1038 1741
76 90 231 1038 1741
315 389 227 1038 1741
492 292 237 1038 1741
720 1015 225 1039 1742
663 351 223 1039 1742
315 390 221 1039 1742
492 293 237 1039 1742
663 352 225 1040 1743
720 1016 229 1040 1743
315 391 229 1040 1743
492 294 235 1040 1743
147 1058 223 1040 1743
720 1017 226 1041 1744
663 353 225 1041 1744
76 93 225 1041 1744
492 295 235 1041 1744
315 392 227 1041 1744
147 1059 223 1041 1744
720 1018 225 1042 1745
663 354 229 1042 1745
76 94 222 1042 1745
315 393 227 1042 1745
492 296 237 1042 1745
147 1060 222 1042 1745
720 1019 224 1043 1746
663 355 227 1043 1746
76 95 226 1043 1746
492 297 234 1043 1746
315 394 223 1043 1746
147 1061 221 1043 1746
748 1052 222 1043 1746
285 369 221 1044 1747
720 1020 225 1044 1747
663 356 227 1044 1747
315 395 221 1044 1747
76 96 223 1044 1747
492 298 222 1044 1747
147 1062 221 1044 1747
742 940 227 1044 1747
720 1021 225 1045 1748
663 357 225 1045 1748
492 299 225 1045 1748
132 351 223 1045 1748
720 1022 229 1046 1749
315 398 225 1047 1750
679 636 224 1047 1750
266 17 221 1047 1750
76 100 224 1048 1751
315 399 225 1048 1751
679 637 223 1048 1751
558 95 223 1049 1752
315 400 248 1049 1752
76 104 223 1052 1755
315 403 232 1052 1755
720 1029 225 1053 1756
76 105 239 1053 1756
132 359 222 1053 1756
315 404 223 1053 1756
686 1044 225 1053 1756
147 1071 225 1053 1756
132 360 228 1054 1757
285 380 225 1054 1757
663 367 221 1055 1758
76 107 221 1055 1758
742 951 224 1055 1758
720 1033 221 1057 1760
686 1048 223 1057 1760
742 953 223 1057 1760
132 364 224 1058 1761
742 954 225 1058 1761
558 105 222 1059 1762
663 371 227 1059 1762
76 111 222 1059 1762
492 313 221 1059 1762
315 410 234 1059 1762
720 1036 223 1060 1763
663 372 223 1060 1763
315 411 231 1060 1763
663 373 224 1061 1764
76 113 221 1061 1764
492 315 222 1061 1764
315 412 244 1061 1764
76 114 228 1062 1765
315 413 221 1062 1765
663 375 225 1063 1766
76 115 240 1063 1766
492 317 221 1063 1766
315 414 235 1063 1766
76 116 236 1064 1767
147 1082 221 1064 1767
492 318 223 1064 1767
686 1055 235 1064 1767
315 415 223 1064 1767
285 390 223 1064 1767
76 117 242 1065 1768
492 319 223 1065 1768
285 391 231 1065 1768
663 378 222 1066 1769
76 118 234 1066 1769
720 1043 221 1067 1770
76 119 234 1067 1770
315 418 223 1067 1770
742 963 223 1067 1770
558 114 224 1067 1770
76 120 232 1068 1771
315 419 241 1068 1771
558 115 221 1068 1771
663 381 223 1069 1772
315 420 246 1069 1772
742 965 229 1069 1772
663 382 223 1070 1773
315 421 247 1070 1773
742 966 225 1070 1773
132 377 221 1071 1774
147 1089 221 1071 1774
315 422 239 1071 1774
742 967 227 1071 1774
285 397 221 1071 1774
663 384 225 1072 1775
315 423 241 1072 1775
663 385 221 1073 1776
686 1064 221 1073 1776
76 125 225 1073 1776
492 327 233 1073 1776
315 424 241 1073 1776
742 969 227 1073 1776
76 126 221 1074 1777
315 425 225 1074 1777
76 127 221 1075 1778
315 426 234 1075 1778
132 382 221 1076 1779
315 427 238 1076 1779
285 402 221 1076 1779
315 428 245 1077 1780
315 429 236 1078 1781
285 404 221 1078 1781
315 430 238 1079 1782
315 431 221 1080 1783
315 432 233 1081 1784
285 407 225 1081 1784
315 433 233 1082 1785
285 408 221 1082 1785
720 1059 223 1083 1786
492 337 221 1083 1786
315 434 221 1083 1786
315 435 241 1084 1787
315 436 227 1085 1788
315 437 229 1086 1789
285 412 223 1086 1789
315 438 234 1087 1790
285 413 221 1087 1790
686 1079 222 1088 1791
315 439 244 1088 1791
285 414 225 1088 1791
720 1065 225 1089 1792
76 141 221 1089 1792
315 440 237 1089 1792
742 985 222 1089 1792
315 441 247 1090 1793
742 986 221 1090 1793
285 416 225 1090 1793
315 442 244 1091 1794
315 443 225 1092 1795
742 988 225 1092 1795
285 418 223 1093 1796
315 444 247 1093 1796
285 419 225 1093 1796
492 348 221 1094 1797
315 445 255 1094 1797
285 420 227 1094 1797
132 402 221 1096 1799
315 447 225 1096 1799
686 1088 225 1097 1800
147 1115 221 1097 1800
315 448 221 1097 1800
315 449 245 1098 1801
285 3 225 1099 1802
720 1075 221 1099 1802
285 4 231 1100 1803
558 148 223 1101 1804
132 408 227 1102 1805
742 999 223 1103 1806
558 150 233 1103 1806
147 1122 228 1104 1807
742 1002 223 1106 1809
285 11 221 1106 1809
720 1083 224 1107 1810
315 458 223 1107 1810
742 1003 226 1107 1810
686 1099 229 1108 1811
686 1100 221 1109 1812
76 161 225 1109 1812
147 1127 221 1109 1812
742 1005 223 1109 1812
285 15 222 1111 1814
720 1087 225 1111 1814
492 365 222 1111 1814
315 462 233 1111 1814
720 1088 221 1112 1815
76 164 221 1112 1815
315 463 221 1112 1815
285 17 223 1113 1816
492 367 221 1113 1816
663 427 222 1115 1818
492 369 225 1115 1818
76 167 231 1115 1818
492 370 223 1116 1819
315 467 226 1116 1819
285 21 223 1117 1820
663 429 225 1117 1820
492 372 221 1118 1821
132 424 221 1118 1821
315 469 222 1118 1821
742 1014 227 1118 1821
285 23 221 1119 1822
492 373 226 1119 1822
76 171 232 1119 1822
147 1137 221 1119 1822
315 470 226 1119 1822
315 472 231 1121 1824
720 1098 221 1121 1824
492 376 223 1122 1825
720 1099 223 1122 1825
663 435 221 1123 1826
315 474 234 1123 1826
76 176 225 1124 1827
315 475 225 1124 1827
492 379 221 1125 1828
315 476 223 1125 1828
492 380 222 1126 1829
76 178 232 1126 1829
315 477 231 1126 1829
720 1103 222 1126 1829
76 179 227 1127 1830
315 478 227 1127 1830
720 1104 225 1127 1830
492 382 227 1128 1831
76 180 235 1128 1831
315 479 229 1128 1831
720 1105 225 1128 1831
492 383 225 1129 1832
76 181 230 1129 1832
315 480 225 1129 1832
76 182 229 1130 1833
315 481 235 1130 1833
720 1107 223 1131 1834
492 385 225 1131 1834
663 443 225 1131 1834
76 183 232 1131 1834
315 482 225 1131 1834
720 1108 225 1132 1835
285 36 222 1132 1835
663 444 226 1132 1835
492 386 225 1132 1835
76 184 229 1132 1835
315 483 229 1132 1835
686 1124 224 1133 1836
492 387 223 1133 1836
76 185 225 1133 1836
315 484 231 1133 1836
492 388 223 1134 1837
76 186 221 1134 1837
315 485 230 1134 1837
720 1111 223 1135 1838
285 39 225 1135 1838
315 486 230 1135 1838
663 448 221 1136 1839
76 188 225 1136 1839
315 487 225 1136 1839
720 1113 222 1137 1840
663 449 221 1137 1840
492 391 224 1137 1840
76 189 221 1137 1840
315 488 221 1137 1840
720 1114 221 1138 1841
76 190 225 1138 1841
76 191 232 1139 1842
315 490 232 1139 1842
76 192 225 1140 1843
742 1036 221 1140 1843
315 491 227 1140 1843
686 1132 222 1141 1844
315 492 227 1141 1844
686 1133 223 1142 1845
315 493 225 1142 1845
686 1134 223 1143 1846
663 455 221 1143 1846
76 195 227 1143 1846
315 494 227 1143 1846
663 456 222 1144 1847
686 1135 221 1144 1847
76 196 221 1144 1847
315 495 231 1144 1847
76 197 236 1145 1848
315 496 231 1145 1848
720 1122 221 1146 1849
76 198 221 1146 1849
315 497 230 1146 1849
315 498 225 1147 1850
720 1124 225 1148 1851
742 1044 221 1148 1851
315 499 231 1148 1851
720 1125 222 1149 1852
663 461 223 1149 1852
147 1167 228 1149 1852
76 201 224 1149 1852
742 1045 223 1149 1852
315 500 227 1149 1852
76 202 224 1150 1853
315 501 227 1150 1853
663 463 222 1151 1854
742 1047 227 1151 1854
315 502 222 1151 1854
663 464 221 1152 1855
686 1143 223 1152 1855
742 1048 223 1152 1855
720 1129 223 1153 1856
720 1130 224 1154 1857
371 281 228 1154 1857
742 1050 223 1154 1857
371 282 222 1155 1858
371 283 222 1156 1859
742 1052 222 1156 1859
371 285 227 1158 1861
285 62 225 1158 1861
371 286 233 1159 1862
371 288 232 1161 1864
412 1118 227 1162 1865
479 231 234 1163 1866
420 1027 235 1163 1866
564 235 224 1163 1866
89 1177 223 1163 1866
