518 17 225 0 710
497 13 222 0 710
620 18 235 0 710
704 16 228 0 710
518 18 228 1 711
552 14 227 1 711
620 19 238 1 711
704 17 227 1 711
518 19 235 2 712
552 15 237 2 712
268 16 223 2 712
497 15 224 2 712
704 18 229 2 712
518 20 224 3 713
552 16 227 3 713
205 20 227 3 713
620 21 227 3 713
704 19 233 3 713
326 24 223 3 713
518 21 237 4 714
552 17 221 4 714
268 18 229 4 714
497 17 227 4 714
704 20 225 4 714
518 22 229 5 715
497 18 226 5 715
518 23 247 6 716
268 20 223 6 716
620 24 227 6 716
704 22 231 6 716
518 24 247 7 717
552 20 222 7 717
268 21 231 7 717
205 24 221 7 717
497 20 230 7 717
620 25 236 7 717
704 23 226 7 717
268 22 229 8 718
205 25 223 8 718
497 21 222 8 718
620 26 233 8 718
704 24 231 8 718
233 29 226 8 718
326 29 227 8 718
116 31 221 8 718
518 26 229 9 719
268 23 233 9 719
704 25 224 9 719
233 30 221 9 719
326 30 221 9 719
116 32 223 9 719
366 1 223 10 720
518 27 226 10 720
552 23 227 10 720
205 27 222 10 720
268 24 221 10 720
497 23 225 10 720
84 25 221 10 720
704 26 225 10 720
518 28 235 11 721
205 28 222 11 721
268 25 229 11 721
704 27 231 11 721
116 34 223 11 721
518 29 238 12 722
620 30 227 12 722
704 28 222 12 722
116 35 225 12 722
518 30 235 13 723
268 27 223 13 723
620 31 221 13 723
497 26 221 13 723
116 36 224 13 723
518 31 226 14 724
268 28 223 14 724
620 32 235 14 724
497 27 229 14 724
704 30 230 14 724
518 32 236 15 725
205 32 223 15 725
497 28 227 15 725
704 31 223 15 725
518 33 240 16 726
268 30 222 16 726
497 29 230 16 726
233 37 225 16 726
704 32 224 16 726
518 34 247 17 727
268 31 223 17 727
497 30 233 17 727
704 33 225 17 727
518 35 247 18 728
268 32 225 18 728
205 35 223 18 728
620 36 223 18 728
497 31 238 18 728
704 34 222 18 728
518 36 247 19 729
268 33 229 19 729
497 32 231 19 729
620 37 225 19 729
704 35 222 19 729
518 37 241 20 730
205 37 221 20 730
497 33 227 20 730
518 38 234 21 731
497 34 231 21 731
518 39 235 22 732
620 40 225 22 732
518 40 235 23 733
268 37 222 23 733
518 41 239 24 734
620 42 221 24 734
518 42 236 25 735
268 39 221 25 735
497 38 235 25 735
518 43 233 26 736
552 39 221 26 736
268 40 222 26 736
497 39 227 26 736
518 44 230 27 737
552 40 226 27 737
268 41 221 27 737
497 40 227 27 737
518 45 233 28 738
268 42 221 28 738
620 46 222 28 738
497 41 223 28 738
518 46 242 29 739
268 43 227 29 739
518 47 240 30 740
552 43 226 30 740
268 44 223 30 740
518 48 236 31 741
268 45 222 31 741
518 49 235 32 742
268 46 225 32 742
518 50 235 33 743
497 46 223 33 743
518 51 228 34 744
497 47 247 34 744
205 51 221 34 744
518 52 227 35 745
268 49 222 35 745
497 48 227 35 745
205 52 223 35 745
620 53 222 35 745
518 53 231 36 746
552 49 222 36 746
497 49 241 36 746
205 53 223 36 746
704 52 222 36 746
518 54 232 37 747
497 50 237 37 747
704 53 222 37 747
518 55 237 38 748
268 52 223 38 748
497 51 223 38 748
620 56 225 38 748
704 54 223 38 748
518 56 241 39 749
346 60 221 39 749
497 52 222 39 749
205 56 222 39 749
518 57 241 40 750
497 53 225 40 750
233 61 221 40 750
704 56 221 40 750
518 58 239 41 751
497 54 224 41 751
620 59 230 41 751
704 57 221 41 751
518 59 243 42 752
497 55 221 42 752
620 60 223 42 752
518 60 246 43 753
552 56 222 43 753
497 56 224 43 753
205 60 221 43 753
518 61 241 44 754
205 61 224 44 754
620 62 222 44 754
116 67 221 45 755
518 62 236 45 755
268 59 223 45 755
497 58 232 45 755
552 58 226 45 755
620 63 231 45 755
205 62 223 45 755
233 66 221 45 755
116 68 221 46 756
518 63 237 46 756
268 60 222 46 756
552 59 224 46 756
497 59 229 46 756
205 63 221 46 756
620 64 226 46 756
233 67 221 46 756
518 64 228 47 757
268 61 223 47 757
497 60 225 47 757
620 65 228 47 757
518 65 231 48 758
268 62 221 48 758
552 61 223 48 758
497 61 230 48 758
620 66 229 48 758
704 64 225 48 758
518 66 233 49 759
620 67 224 49 759
704 65 223 49 759
518 67 233 50 760
552 63 221 50 760
704 66 225 50 760
518 68 233 51 761
268 65 221 51 761
497 64 233 51 761
704 67 224 51 761
518 69 228 52 762
268 66 225 52 762
552 65 227 52 762
497 65 239 52 762
205 69 225 52 762
704 68 225 52 762
518 70 223 53 763
268 67 225 53 763
552 66 233 53 763
497 66 229 53 763
205 70 222 53 763
704 69 226 53 763
518 71 233 54 764
268 68 221 54 764
497 67 223 54 764
205 71 223 54 764
704 70 227 54 764
518 72 241 55 765
268 69 222 55 765
497 68 231 55 765
205 72 221 55 765
518 73 241 56 766
552 69 224 56 766
497 69 227 56 766
704 72 226 56 766
518 74 241 57 767
268 71 223 57 767
552 70 224 57 767
518 75 221 58 768
497 71 225 58 768
552 71 224 58 768
552 72 221 59 769
205 76 221 59 769
620 77 231 59 769
704 75 221 59 769
268 74 223 60 770
205 77 223 60 770
620 78 222 60 770
704 76 223 60 770
268 75 226 61 771
205 78 225 61 771
704 77 225 61 771
518 79 225 62 772
268 76 226 62 772
497 75 230 62 772
205 79 221 62 772
205 80 226 63 773
497 76 222 63 773
518 81 235 64 774
205 81 224 64 774
704 80 221 64 774
518 82 235 65 775
346 86 221 65 775
205 82 224 65 775
497 78 231 65 775
552 78 226 65 775
620 83 221 65 775
233 86 222 65 775
704 81 231 65 775
518 83 234 66 776
346 87 223 66 776
205 83 222 66 776
497 79 221 66 776
233 87 223 66 776
704 82 234 66 776
518 84 231 67 777
346 88 221 67 777
268 81 221 67 777
233 88 221 67 777
518 85 241 68 778
268 82 223 68 778
552 81 223 68 778
205 85 231 68 778
620 86 221 68 778
497 81 223 68 778
704 84 238 68 778
518 86 233 69 779
629 1 222 69 779
83 19 221 69 779
346 90 223 69 779
205 86 227 69 779
620 87 225 69 779
715 20 221 70 780
518 87 237 70 780
629 2 222 70 780
704 86 222 70 780
518 88 232 71 781
620 89 231 71 781
620 90 225 72 782
723 77 226 73 783
49 63 225 74 784
193 77 222 74 784
723 78 223 74 784
380 29 223 75 785
193 78 229 75 785
240 74 235 75 785
299 37 231 76 786
167 94 236 76 786
5 93 239 76 786
52 83 227 76 786
263 79 237 78 788
373 82 222 78 788
669 93 227 78 788
564 73 222 78 788
665 10 225 79 789
508 3 235 79 789
373 83 231 79 789
669 94 225 79 789
564 74 222 79 789
665 11 239 80 790
508 4 231 80 790
669 95 240 80 790
665 12 243 81 791
508 5 231 81 791
226 91 221 81 791
205 98 223 81 791
373 85 226 81 791
669 96 237 81 791
665 13 229 82 792
373 86 221 82 792
98 94 223 82 792
392 100 223 82 792
669 97 228 82 792
665 14 226 83 793
508 7 224 83 793
226 93 227 83 793
457 100 221 83 793
373 87 223 83 793
98 95 222 83 793
392 101 223 83 793
669 98 229 83 793
736 30 223 83 793
665 15 229 84 794
226 94 226 84 794
508 8 225 84 794
373 88 221 84 794
205 101 221 84 794
98 96 231 84 794
177 103 225 84 794
669 99 225 84 794
665 16 225 85 795
508 9 221 85 795
373 89 224 85 795
177 104 233 85 795
669 100 222 85 795
665 17 235 86 796
508 10 233 86 796
205 103 222 86 796
177 105 232 86 796
669 101 225 86 796
665 18 231 87 797
508 11 230 87 797
205 104 223 87 797
669 102 231 87 797
665 19 231 88 798
226 98 221 88 798
457 105 224 88 798
508 12 233 88 798
373 92 225 88 798
669 103 229 88 798
665 20 225 89 799
457 106 222 89 799
508 13 233 89 799
373 93 223 89 799
205 106 222 89 799
669 104 229 89 799
226 100 223 90 800
508 14 228 90 800
665 1 226 90 800
669 105 225 90 800
508 15 224 91 801
665 2 231 91 801
373 95 221 91 801
564 86 221 91 801
665 3 223 92 802
669 107 221 92 802
226 103 223 93 803
508 17 231 93 803
669 108 231 93 803
99 100 223 94 804
226 104 223 94 804
665 5 234 94 804
508 18 225 94 804
98 106 225 94 804
205 111 221 94 804
669 110 227 95 805
665 7 227 96 806
508 20 228 96 806
669 111 225 96 806
665 8 225 97 807
669 112 225 97 807
226 108 221 98 808
669 113 233 98 808
226 109 221 99 809
665 10 224 99 809
508 23 225 99 809
665 11 233 100 810
508 25 223 101 811
98 113 223 101 811
226 112 223 102 812
508 26 231 102 812
205 119 222 102 812
98 114 229 102 812
669 117 226 103 813
226 113 227 103 813
508 27 228 103 813
205 120 222 103 813
98 115 223 103 813
99 110 225 103 813
669 118 223 104 814
226 114 225 104 814
508 28 227 104 814
669 119 225 105 815
665 16 223 105 815
151 122 225 105 815
669 121 224 107 817
457 124 229 107 817
226 117 221 107 817
665 18 231 107 817
508 31 224 107 817
373 111 225 107 817
151 124 233 107 817
669 122 221 108 818
457 125 229 108 818
665 19 237 108 818
508 32 245 108 818
373 112 238 108 818
98 120 247 108 818
151 125 227 108 818
669 123 229 109 819
457 126 223 109 819
226 119 226 109 819
665 20 221 109 819
508 33 244 109 819
205 126 229 109 819
467 120 221 110 820
226 120 221 110 820
98 122 223 110 820
151 127 225 110 820
373 115 228 111 821
98 123 223 111 821
151 128 243 111 821
669 126 222 112 822
508 36 222 112 822
151 129 239 112 822
457 130 244 113 823
665 24 221 113 823
508 37 226 113 823
205 130 225 113 823
151 130 243 113 823
669 128 224 114 824
665 25 225 114 824
508 38 235 114 824
736 61 221 114 824
665 26 224 115 825
589 139 223 115 825
151 132 234 115 825
669 130 225 116 826
457 133 222 116 826
508 40 228 116 826
373 120 223 116 826
98 128 223 116 826
669 131 222 117 827
665 28 221 117 827
508 41 247 117 827
669 132 224 118 828
457 135 222 118 828
665 29 235 118 828
508 42 245 118 828
98 130 242 118 828
151 135 225 118 828
564 113 221 118 828
669 133 234 119 829
457 136 221 119 829
665 30 226 119 829
98 131 246 119 829
151 136 236 119 829
382 128 225 119 829
669 134 233 120 830
665 31 232 120 830
508 44 231 120 830
98 132 223 120 830
373 124 235 120 830
151 137 238 120 830
457 138 225 121 831
226 131 227 121 831
665 32 221 121 831
508 45 221 121 831
373 125 248 121 831
151 138 242 121 831
457 139 223 122 832
373 126 221 122 832
457 140 228 123 833
226 133 237 123 833
508 47 235 123 833
177 142 225 123 833
98 135 221 123 833
373 127 225 123 833
151 140 236 123 833
669 138 227 124 834
226 134 221 124 834
508 48 242 124 834
665 35 239 124 834
98 136 241 124 834
151 141 224 124 834
669 139 229 125 835
665 36 234 125 835
98 137 236 125 835
226 136 222 126 836
669 140 241 126 836
665 37 227 126 836
508 50 233 126 836
98 138 237 126 836
669 141 247 127 837
665 38 231 127 837
98 139 229 127 837
564 122 222 127 837
669 142 241 128 838
508 52 226 128 838
564 123 221 128 838
669 143 230 129 839
665 40 223 129 839
508 53 233 129 839
665 41 225 130 840
669 144 229 130 840
508 54 246 130 840
98 142 225 130 840
373 134 227 130 840
151 147 225 130 840
99 137 222 130 840
665 42 230 131 841
508 55 221 131 841
373 135 224 131 841
665 43 229 132 842
508 56 237 132 842
373 136 224 132 842
508 57 223 133 843
373 137 223 133 843
373 138 222 134 844
151 151 221 134 844
99 141 224 134 844
373 139 224 135 845
669 150 230 136 846
508 60 240 136 846
669 151 222 137 847
669 152 229 138 848
669 153 221 139 849
508 63 221 139 849
508 64 221 140 850
669 155 233 141 851
508 65 223 141 851
669 156 227 142 852
669 157 222 143 853
508 67 223 143 853
669 158 223 144 854
669 159 225 145 855
457 162 221 145 855
669 160 228 146 856
457 163 225 146 856
669 161 227 147 857
457 164 223 147 857
226 158 231 148 858
665 59 224 148 858
669 162 225 148 858
457 165 227 148 858
508 72 222 148 858
205 165 224 148 858
508 73 236 149 859
457 167 222 150 860
508 74 243 150 860
457 168 229 151 861
508 75 241 151 861
508 76 238 152 862
226 163 221 153 863
508 77 241 153 863
98 165 222 153 863
508 78 247 154 864
373 158 221 154 864
508 79 243 155 865
508 80 243 156 866
226 167 222 157 867
508 81 242 157 867
669 174 221 160 870
665 72 223 161 871
665 73 227 162 872
665 74 223 163 873
665 76 221 165 875
508 89 255 165 875
669 180 225 166 876
665 77 222 166 876
508 90 245 166 876
669 181 228 167 877
665 78 224 167 877
508 91 247 167 877
669 182 227 168 878
665 79 229 168 878
508 92 248 168 878
98 180 224 168 878
669 183 228 169 879
508 93 242 169 879
508 94 245 170 880
508 95 248 171 881
669 186 223 171 881
508 96 233 172 882
669 187 223 173 883
665 84 233 173 883
508 97 228 173 883
665 85 223 174 884
508 98 247 174 884
373 178 223 174 884
665 86 222 174 884
669 189 225 175 885
226 185 223 175 885
508 99 238 175 885
98 187 223 175 885
373 179 221 175 885
205 192 221 175 885
669 190 228 176 886
665 87 223 176 886
457 193 224 176 886
226 186 221 176 886
508 100 226 176 886
373 180 223 176 886
665 88 221 176 886
669 191 226 177 887
226 187 223 177 887
508 101 227 177 887
373 181 225 177 887
205 194 222 177 887
669 192 235 178 888
226 188 225 178 888
508 102 224 178 888
98 190 245 178 888
665 90 223 179 889
669 193 238 179 889
226 189 225 179 889
508 103 226 179 889
98 191 234 179 889
205 196 223 179 889
665 91 223 179 889
669 194 233 180 890
226 190 227 180 890
98 192 229 180 890
665 92 222 180 890
669 195 223 181 891
226 191 227 181 891
508 105 229 181 891
98 193 226 181 891
669 196 227 182 892
226 192 230 182 892
508 106 221 182 892
669 197 233 182 892
226 193 229 183 893
373 188 221 184 894
98 197 224 185 895
99 192 222 186 896
669 201 226 187 897
226 197 222 187 897
98 199 223 187 897
669 202 221 188 898
99 194 224 188 898
226 198 222 188 898
669 203 234 189 899
99 195 221 189 899
226 199 232 189 899
98 201 225 189 899
669 204 223 190 900
226 200 233 190 900
98 202 225 190 900
151 207 221 190 900
669 205 227 191 901
226 201 223 191 901
177 210 222 191 901
98 203 224 191 901
669 206 230 192 902
226 202 228 192 902
669 207 223 192 902
226 203 232 193 903
98 205 229 193 903
226 204 228 194 904
669 209 224 194 904
226 205 231 195 905
226 206 228 196 906
669 211 227 196 906
226 207 228 197 907
226 208 227 198 908
98 210 223 198 908
205 215 221 198 908
669 213 241 198 908
665 15 221 199 909
226 209 233 199 909
205 216 221 199 909
669 214 233 199 909
226 210 235 200 910
373 204 221 200 910
205 217 223 200 910
669 215 239 200 910
226 211 234 201 911
669 216 221 201 911
226 212 233 202 912
151 219 224 202 912
669 217 222 202 912
665 19 221 203 913
665 20 229 204 914
508 128 225 204 914
151 222 221 205 915
669 220 228 205 915
665 22 231 206 916
508 130 225 206 916
177 225 221 206 916
665 23 223 207 917
665 24 227 208 918
665 27 222 211 921
665 28 221 212 922
665 30 225 214 924
665 31 231 215 925
665 32 229 216 926
669 231 223 216 926
665 33 227 217 927
508 141 222 217 927
175 178 223 217 927
665 34 228 218 928
508 142 226 218 928
669 233 225 218 928
665 35 233 219 929
508 143 227 219 929
669 234 221 219 929
508 144 229 220 930
665 36 233 220 930
669 235 222 220 930
665 37 231 221 931
669 236 222 221 931
508 146 225 222 932
177 241 221 222 932
669 237 225 222 932
669 238 228 223 933
665 40 223 223 933
669 239 221 224 934
99 231 225 225 935
99 232 223 226 936
508 151 222 227 937
508 152 227 227 937
665 45 227 228 938
508 153 227 228 938
669 244 221 229 939
665 46 225 229 939
665 47 225 230 940
508 155 223 230 940
665 48 223 231 941
508 156 223 232 942
177 251 221 232 942
669 247 221 232 942
508 157 225 232 942
177 252 222 233 943
508 158 225 233 943
99 240 221 234 944
669 249 223 234 944
665 51 225 234 944
508 159 227 235 945
665 52 227 235 945
669 251 221 236 946
665 54 223 237 947
457 255 222 238 948
669 253 221 238 948
564 98 225 239 949
669 254 221 239 949
665 56 227 239 949
457 257 223 240 950
665 57 225 240 950
457 258 225 241 951
665 58 226 241 951
665 59 226 242 952
665 60 225 243 953
508 168 221 243 953
665 61 225 244 954
508 169 225 244 954
457 262 223 245 955
665 62 224 245 955
564 105 226 246 956
508 171 222 246 956
665 64 226 247 957
665 65 225 248 958
665 68 233 251 961
508 176 223 251 961
665 69 233 252 962
665 70 232 253 963
665 71 231 254 964
508 179 221 254 964
665 72 236 255 965
669 271 221 256 966
665 73 235 256 966
508 181 222 257 967
665 74 225 257 967
665 75 231 258 968
508 183 226 259 969
665 76 225 259 969
508 184 225 259 969
665 77 221 260 970
508 185 224 260 970
665 78 226 261 971
508 186 221 261 971
226 272 221 262 972
665 83 228 266 976
665 84 228 267 977
508 192 224 267 977
665 85 229 268 978
665 86 231 269 979
508 194 225 269 979
665 87 234 270 980
508 195 224 270 980
665 88 241 271 981
508 196 222 271 981
373 276 221 272 982
665 89 243 272 982
508 197 222 272 982
665 90 246 273 983
508 198 224 273 983
669 289 221 274 984
428 296 222 274 984
665 91 240 274 984
508 199 225 274 984
665 92 238 275 985
508 200 225 275 985
263 107 221 276 986
665 93 240 276 986
508 201 223 276 986
665 94 237 277 987
508 202 223 277 987
665 95 237 278 988
457 296 223 279 989
669 294 223 279 989
665 96 226 279 989
508 204 237 280 990
564 34 222 280 990
669 295 222 280 990
665 97 229 280 990
302 301 221 280 990
508 205 225 280 990
226 291 221 281 991
665 98 233 281 991
665 99 228 282 992
665 100 225 283 993
226 294 222 284 994
665 101 240 285 995
508 209 228 285 995
669 300 223 285 995
665 102 237 285 995
508 210 226 286 996
226 296 223 286 996
669 301 221 286 996
665 103 236 286 996
226 297 225 287 997
669 302 226 287 997
665 104 238 287 997
226 298 226 288 998
665 105 239 288 998
508 213 227 289 999
226 299 222 289 999
665 106 235 289 999
508 214 227 290 1000
665 107 234 290 1000
508 215 223 291 1001
373 295 223 291 1001
669 306 224 291 1001
665 108 239 291 1001
508 216 223 292 1002
669 307 225 292 1002
665 109 231 292 1002
669 308 222 293 1003
665 110 225 293 1003
669 309 222 294 1004
564 49 223 295 1005
665 112 231 295 1005
508 220 225 296 1006
151 313 223 296 1006
226 306 223 296 1006
665 113 231 296 1006
508 221 230 297 1007
151 314 222 297 1007
665 114 227 297 1007
508 222 231 298 1008
373 302 225 298 1008
665 115 242 298 1008
287 15 225 298 1008
508 223 229 299 1009
564 53 221 299 1009
665 116 233 299 1009
665 117 235 300 1010
287 17 223 300 1010
508 225 225 301 1011
151 318 224 301 1011
665 118 225 301 1011
508 226 224 302 1012
665 119 222 302 1012
508 227 223 303 1013
665 120 223 303 1013
287 20 223 304 1014
205 38 223 304 1014
226 314 221 304 1014
665 121 236 304 1014
287 21 224 305 1015
205 39 223 305 1015
382 314 221 305 1015
665 122 230 305 1015
287 22 224 306 1016
205 40 221 306 1016
226 316 225 306 1016
665 123 233 306 1016
205 41 222 307 1017
669 322 231 307 1017
665 124 231 307 1017
508 232 231 308 1018
205 42 221 308 1018
669 323 223 308 1018
665 125 241 308 1018
508 233 235 309 1019
665 126 241 309 1019
299 17 225 309 1019
508 234 221 310 1020
169 323 223 314 1024
460 47 222 314 1024
407 42 224 314 1024
172 332 242 314 1024
211 330 223 314 1024
653 316 231 314 1024
40 304 227 315 1025
688 3 229 315 1025
229 338 225 315 1025
653 318 222 316 1026
653 320 235 318 1028
172 337 225 319 1029
725 175 227 320 1030
242 37 224 320 1030
84 335 232 320 1030
203 6 226 320 1030
172 338 233 320 1030
567 291 235 320 1030
553 329 240 320 1030
725 176 227 321 1031
242 38 221 321 1031
460 54 228 321 1031
84 336 234 321 1031
172 339 221 321 1031
653 323 229 321 1031
553 330 231 321 1031
725 177 237 322 1032
172 340 223 322 1032
172 341 233 323 1033
460 57 221 324 1034
501 309 224 324 1034
688 5 235 324 1034
84 339 221 324 1034
172 342 221 324 1034
567 295 221 324 1034
242 42 233 325 1035
501 310 222 325 1035
84 340 222 325 1035
172 343 223 325 1035
770 56 221 325 1035
432 146 221 326 1036
770 58 221 327 1037
546 36 224 327 1037
155 336 228 327 1037
688 9 224 328 1038
688 10 228 329 1039
203 17 223 331 1041
239 343 221 331 1041
203 18 225 332 1042
172 350 242 332 1042
567 303 223 332 1042
725 188 221 333 1043
172 351 241 333 1043
725 189 221 334 1044
242 51 221 334 1044
203 20 222 334 1044
172 352 231 334 1044
203 21 224 335 1045
172 353 224 335 1045
553 344 223 336 1046
172 354 223 336 1046
688 18 221 337 1047
84 352 224 337 1047
203 23 222 337 1047
172 356 232 338 1048
203 25 223 339 1049
172 357 227 339 1049
553 348 221 340 1050
172 358 225 340 1050
242 58 223 341 1051
203 27 223 341 1051
172 359 233 341 1051
553 350 221 342 1052
172 360 244 342 1052
155 351 221 342 1052
432 163 221 342 1052
172 361 245 343 1053
432 164 221 343 1053
155 352 221 343 1053
172 362 239 344 1054
770 75 223 344 1054
553 353 221 344 1054
172 363 247 345 1055
770 77 221 346 1056
172 365 237 347 1057
172 366 232 348 1058
239 360 221 348 1058
432 169 222 348 1058
567 320 221 349 1059
172 367 227 349 1059
432 170 221 349 1059
172 368 227 350 1060
172 369 223 351 1061
770 82 221 351 1061
172 370 227 352 1062
770 83 221 352 1062
203 39 221 353 1063
172 371 233 353 1063
432 174 223 353 1063
172 372 239 354 1064
203 41 221 355 1065
172 373 229 355 1065
432 176 221 355 1065
172 374 231 356 1066
553 365 225 356 1066
172 375 245 357 1067
432 178 225 357 1067
553 366 231 357 1067
84 373 221 358 1068
567 329 223 358 1068
546 67 221 358 1068
432 180 223 359 1069
553 368 223 359 1069
688 2 225 360 1070
84 375 224 360 1070
203 46 225 360 1070
239 372 221 360 1070
155 369 236 360 1070
553 369 227 360 1070
84 376 223 361 1071
172 379 245 361 1071
203 47 241 361 1071
239 373 241 361 1071
155 370 233 361 1071
553 370 221 361 1071
84 377 230 362 1072
770 2 223 362 1072
546 71 223 362 1072
770 3 221 363 1073
546 72 221 363 1073
501 350 223 365 1075
688 9 233 367 1077
242 84 223 367 1077
688 10 221 368 1078
84 383 229 368 1078
460 102 224 369 1079
653 9 222 369 1079
172 387 225 369 1079
725 225 222 370 1080
84 385 237 370 1080
546 79 225 370 1080
84 386 224 371 1081
546 80 226 371 1081
84 387 229 372 1082
546 81 222 372 1082
172 391 221 373 1083
546 82 237 373 1083
688 16 223 374 1084
725 229 222 374 1084
501 359 221 374 1084
546 83 247 374 1084
725 230 222 375 1085
567 346 229 375 1085
172 393 221 375 1085
688 18 225 376 1086
460 109 221 376 1086
567 347 227 376 1086
172 394 231 376 1086
553 385 221 376 1086
688 19 222 377 1087
460 110 223 377 1087
172 395 223 377 1087
553 386 221 377 1087
155 386 227 378 1088
688 20 227 378 1088
501 363 221 378 1088
567 349 222 378 1088
84 393 229 378 1088
239 390 225 378 1088
770 18 221 378 1088
172 396 234 378 1088
688 21 223 379 1089
84 394 224 379 1089
239 391 222 379 1089
172 397 233 379 1089
501 365 223 380 1090
172 398 237 380 1090
239 392 224 380 1090
688 23 225 381 1091
567 352 227 381 1091
84 396 225 381 1091
172 399 241 381 1091
84 397 228 382 1092
172 400 247 382 1092
567 354 225 383 1093
84 398 223 383 1093
239 395 221 383 1093
172 401 252 383 1093
688 26 223 384 1094
567 355 223 384 1094
239 396 229 384 1094
172 402 237 384 1094
155 393 224 385 1095
688 27 227 385 1095
567 356 225 385 1095
172 403 248 385 1095
688 28 222 386 1096
567 357 223 386 1096
84 402 227 387 1097
239 399 234 387 1097
172 405 222 387 1097
546 96 221 388 1098
688 30 230 388 1098
84 403 223 388 1098
203 74 223 388 1098
239 400 224 388 1098
172 406 243 388 1098
553 397 221 388 1098
84 404 227 389 1099
172 407 251 389 1099
688 32 226 390 1100
84 405 224 390 1100
172 408 239 390 1100
84 406 224 391 1101
172 409 248 391 1101
567 363 233 392 1102
172 410 241 392 1102
239 404 222 392 1102
242 110 229 393 1103
172 411 225 393 1103
239 405 221 393 1103
84 409 225 394 1104
172 412 248 394 1104
239 406 225 394 1104
567 366 225 395 1105
84 410 223 395 1105
172 413 244 395 1105
239 407 223 395 1105
239 408 221 396 1106
553 405 225 396 1106
688 39 221 397 1107
567 368 223 397 1107
84 412 221 397 1107
501 383 231 398 1108
203 84 222 398 1108
155 13 223 398 1108
242 116 240 399 1109
567 370 222 399 1109
239 411 223 399 1109
432 220 223 399 1109
172 418 223 400 1110
203 86 221 400 1110
725 256 221 400 1110
546 109 225 401 1111
688 43 226 401 1111
567 372 225 401 1111
172 419 222 401 1111
203 87 222 401 1111
432 222 221 401 1111
688 44 221 402 1112
501 387 225 402 1112
172 420 228 402 1112
203 88 242 402 1112
553 411 223 402 1112
546 111 221 403 1113
172 421 221 403 1113
546 112 223 404 1114
172 422 247 404 1114
553 413 225 404 1114
460 138 225 405 1115
567 376 225 405 1115
172 423 235 405 1115
432 226 224 405 1115
688 48 221 406 1116
567 377 223 406 1116
172 424 243 406 1116
155 21 225 406 1116
688 50 221 408 1118
172 426 229 408 1118
203 94 223 408 1118
553 417 224 408 1118
688 51 221 409 1119
501 394 225 409 1119
567 380 223 409 1119
84 424 224 409 1119
172 427 237 409 1119
432 230 224 410 1120
239 422 223 410 1120
567 381 223 410 1120
770 50 224 410 1120
203 96 222 410 1120
172 428 241 410 1120
688 53 222 411 1121
460 144 221 411 1121
172 429 232 411 1121
203 97 225 411 1121
688 54 223 412 1122
567 383 224 412 1122
84 427 221 412 1122
172 430 236 412 1122
688 55 224 413 1123
242 130 233 413 1123
567 384 221 413 1123
770 53 223 413 1123
172 431 232 413 1123
553 422 222 413 1123
155 28 222 413 1123
688 56 226 414 1124
242 131 228 414 1124
501 399 221 414 1124
203 100 221 414 1124
172 432 239 414 1124
725 270 223 414 1124
242 132 239 415 1125
567 386 227 415 1125
172 433 237 415 1125
242 133 236 416 1126
460 149 222 416 1126
172 434 242 416 1126
553 425 233 416 1126
155 31 224 416 1126
688 59 235 417 1127
242 134 225 417 1127
567 388 221 417 1127
155 32 222 417 1127
688 60 224 418 1128
242 135 221 418 1128
567 389 227 418 1128
239 430 237 418 1128
460 151 221 418 1128
203 104 223 418 1128
172 436 222 418 1128
688 61 221 419 1129
460 152 223 419 1129
172 437 239 419 1129
328 430 221 419 1129
460 153 228 420 1130
203 106 221 420 1130
172 438 233 420 1130
688 63 223 421 1131
242 138 223 421 1131
567 392 235 421 1131
172 439 223 421 1131
155 36 223 421 1131
242 139 237 422 1132
567 393 233 422 1132
501 407 221 422 1132
553 431 223 422 1132
172 440 226 422 1132
242 140 241 423 1133
653 63 221 423 1133
567 394 229 423 1133
501 408 221 423 1133
460 156 221 423 1133
172 441 224 423 1133
432 244 226 423 1133
688 66 225 424 1134
653 64 223 424 1134
567 395 232 424 1134
553 433 227 424 1134
155 39 222 424 1134
688 67 223 425 1135
242 142 237 425 1135
567 396 225 425 1135
460 158 225 425 1135
553 434 225 425 1135
172 443 223 425 1135
725 281 222 425 1135
688 68 223 426 1136
242 143 225 426 1136
567 397 246 426 1136
460 159 221 426 1136
553 435 222 426 1136
172 444 226 426 1136
567 398 231 427 1137
172 445 229 427 1137
155 42 221 427 1137
432 248 221 427 1137
688 70 221 428 1138
242 145 243 428 1138
239 440 221 428 1138
567 399 229 428 1138
203 114 229 428 1138
155 43 226 428 1138
688 71 223 429 1139
242 146 239 429 1139
239 441 222 429 1139
567 400 239 429 1139
172 447 223 429 1139
242 147 231 430 1140
567 401 227 430 1140
172 448 221 430 1140
725 286 221 430 1140
688 73 223 431 1141
567 402 225 431 1141
553 440 223 431 1141
432 252 222 431 1141
688 74 229 432 1142
242 149 227 432 1142
460 165 222 432 1142
84 447 224 432 1142
553 441 223 432 1142
155 47 223 432 1142
242 150 223 433 1143
567 404 226 433 1143
239 445 222 433 1143
172 451 221 433 1143
653 74 223 434 1144
242 151 222 434 1144
567 405 226 434 1144
84 449 222 434 1144
172 452 224 434 1144
432 255 229 434 1144
567 406 229 435 1145
242 152 234 435 1145
203 121 221 435 1145
172 453 225 435 1145
432 256 221 436 1146
688 78 224 436 1146
242 153 228 436 1146
567 407 233 436 1146
460 169 221 436 1146
172 454 229 436 1146
725 292 224 436 1146
567 408 225 437 1147
460 170 221 437 1147
242 155 235 438 1148
460 171 223 438 1148
242 156 241 439 1149
688 82 222 440 1150
460 173 223 440 1150
725 296 223 440 1150
653 81 222 441 1151
242 158 231 441 1151
501 426 223 441 1151
84 456 229 441 1151
172 459 231 441 1151
725 298 223 442 1152
239 455 221 443 1153
567 414 247 443 1153
242 160 237 443 1153
84 458 227 443 1153
172 461 226 443 1153
242 161 241 444 1154
567 415 242 444 1154
725 300 225 444 1154
688 87 226 445 1155
567 416 246 445 1155
242 162 246 445 1155
567 417 239 446 1156
242 163 227 446 1156
460 179 229 446 1156
567 418 235 447 1157
567 419 243 448 1158
567 420 231 449 1159
460 182 225 449 1159
203 135 223 449 1159
172 467 229 449 1159
242 167 227 450 1160
567 421 227 450 1160
172 468 227 450 1160
688 93 223 450 1160
567 422 235 451 1161
172 469 235 451 1161
567 423 243 452 1162
242 169 247 452 1162
203 138 227 452 1162
688 95 224 452 1162
567 424 223 453 1163
460 186 228 453 1163
172 471 233 453 1163
688 96 231 453 1163
432 274 222 453 1163
239 466 224 454 1164
242 171 235 454 1164
203 140 223 454 1164
432 275 233 455 1165
567 426 221 455 1165
203 141 233 455 1165
725 311 225 455 1165
567 427 222 456 1166
553 465 223 456 1166
432 277 221 456 1166
203 143 224 457 1167
239 470 230 458 1168
501 443 225 458 1168
553 467 221 458 1168
328 469 221 458 1168
688 101 224 458 1168
567 430 222 459 1169
242 176 221 459 1169
203 145 223 459 1169
553 468 223 459 1169
172 477 247 459 1169
155 74 230 459 1169
567 431 223 460 1170
242 177 225 460 1170
460 193 223 460 1170
328 471 241 460 1170
172 478 227 460 1170
155 75 224 460 1170
688 103 222 460 1170
553 470 225 461 1171
172 479 237 461 1171
155 76 224 461 1171
688 104 224 461 1171
460 195 231 462 1172
172 480 233 462 1172
155 77 222 462 1172
688 105 226 462 1172
432 283 223 462 1172
567 434 224 463 1173
242 180 224 463 1173
203 149 223 463 1173
553 472 224 463 1173
172 481 241 463 1173
155 78 222 463 1173
688 106 233 463 1173
239 476 232 464 1174
501 449 240 464 1174
172 482 229 464 1174
172 483 246 465 1175
688 109 223 466 1176
239 479 221 467 1177
688 110 224 467 1177
725 324 221 469 1179
770 109 226 469 1179
172 487 226 469 1179
567 441 227 470 1180
84 485 223 470 1180
172 488 254 470 1180
172 489 247 471 1181
172 490 244 472 1182
172 491 230 473 1183
203 160 235 474 1184
553 483 221 474 1184
172 492 238 474 1184
501 460 223 475 1185
203 161 221 475 1185
172 493 239 475 1185
688 118 231 475 1185
725 331 221 475 1185
770 116 225 476 1186
172 494 239 476 1186
567 448 221 477 1187
242 194 223 477 1187
770 117 225 477 1187
553 486 221 477 1187
172 495 232 477 1187
155 92 223 477 1187
688 120 223 477 1187
242 195 227 478 1188
770 118 225 478 1188
172 496 236 478 1188
155 93 221 478 1188
725 334 221 479 1189
242 196 223 479 1189
172 497 238 479 1189
567 451 223 480 1190
242 197 223 480 1190
155 95 221 480 1190
567 452 222 481 1191
242 198 221 481 1191
553 490 226 481 1191
432 302 226 481 1191
155 96 221 481 1191
688 124 224 481 1191
567 453 226 482 1192
653 122 229 482 1192
203 168 231 482 1192
653 123 229 483 1193
553 492 221 483 1193
172 501 240 483 1193
725 339 226 484 1194
770 124 235 484 1194
553 493 245 484 1194
688 127 227 485 1195
567 456 225 485 1195
242 202 223 485 1195
172 503 237 485 1195
688 128 224 486 1196
725 341 226 486 1196
172 504 221 486 1196
155 101 223 486 1196
688 129 225 487 1197
460 220 233 487 1197
172 505 251 487 1197
501 473 221 488 1198
460 221 222 488 1198
770 128 222 488 1198
172 506 248 488 1198
155 103 221 488 1198
688 131 223 489 1199
501 474 227 489 1199
460 222 221 489 1199
553 498 226 489 1199
172 507 221 489 1199
725 345 229 490 1200
567 461 229 490 1200
172 508 245 490 1200
725 346 226 491 1201
203 177 224 491 1201
172 509 228 491 1201
567 463 221 492 1202
84 507 229 492 1202
239 504 223 492 1202
203 178 222 492 1202
172 510 235 492 1202
725 348 223 493 1203
567 464 223 493 1203
653 133 226 493 1203
242 210 231 493 1203
172 511 233 493 1203
567 465 228 494 1204
239 506 221 494 1204
553 503 223 494 1204
155 109 226 494 1204
567 466 221 495 1205
653 135 221 495 1205
203 181 227 495 1205
172 513 229 495 1205
155 110 221 495 1205
688 138 225 496 1206
567 467 223 496 1206
203 182 229 496 1206
172 514 245 496 1206
155 111 221 496 1206
688 139 224 497 1207
725 352 225 497 1207
567 468 241 497 1207
460 230 222 497 1207
653 137 221 497 1207
172 515 223 497 1207
460 231 222 498 1208
653 138 225 498 1208
203 184 227 498 1208
553 507 223 498 1208
688 141 227 499 1209
460 232 223 499 1209
770 139 224 499 1209
203 185 223 499 1209
688 142 221 500 1210
770 140 221 500 1210
239 512 223 500 1210
432 321 228 500 1210
84 517 222 502 1212
155 117 221 502 1212
567 475 222 504 1214
239 516 227 504 1214
242 5 228 505 1215
553 514 221 505 1215
653 146 224 506 1216
172 524 243 506 1216
155 121 225 506 1216
432 328 223 507 1217
688 150 233 507 1217
460 241 225 508 1218
203 194 225 508 1218
688 151 225 508 1218
653 149 222 509 1219
203 195 227 509 1219
172 527 224 509 1219
725 365 240 510 1220
653 150 227 510 1220
203 196 232 510 1220
172 528 224 510 1220
688 153 225 510 1220
460 244 222 511 1221
653 151 224 511 1221
172 529 233 511 1221
567 483 224 512 1222
460 245 221 512 1222
172 530 234 512 1222
155 127 223 512 1222
688 155 227 513 1223
770 153 222 513 1223
239 525 225 513 1223
172 531 225 513 1223
203 200 221 514 1224
172 532 229 514 1224
553 523 223 514 1224
688 157 229 514 1224
84 530 225 515 1225
460 248 225 515 1225
203 201 222 515 1225
172 533 246 515 1225
553 524 221 515 1225
155 130 229 515 1225
688 158 224 515 1225
725 371 225 516 1226
553 525 226 516 1226
688 159 221 516 1226
460 250 221 517 1227
172 535 238 517 1227
155 132 226 517 1227
688 160 231 517 1227
172 536 226 518 1228
432 339 222 518 1228
688 161 227 518 1228
501 504 225 519 1229
203 205 227 519 1229
172 537 238 519 1229
688 162 224 519 1229
460 253 221 520 1230
653 160 221 520 1230
155 135 223 520 1230
653 161 225 521 1231
203 207 222 521 1231
688 164 221 521 1231
203 208 221 522 1232
653 162 221 522 1232
172 540 240 522 1232
239 535 221 523 1233
172 541 228 523 1233
84 539 223 524 1234
239 536 223 524 1234
172 542 239 524 1234
172 543 227 525 1235
553 534 223 525 1235
688 168 229 525 1235
725 381 221 526 1236
172 544 227 526 1236
155 141 222 526 1236
688 169 231 527 1237
460 260 221 527 1237
501 512 222 527 1237
172 545 239 527 1237
155 142 222 527 1237
501 513 222 528 1238
653 168 221 528 1238
172 546 243 528 1238
432 349 223 528 1238
688 171 233 529 1239
460 262 223 529 1239
172 547 236 529 1239
553 538 223 529 1239
770 170 223 530 1240
432 351 223 530 1240
155 145 223 530 1240
688 173 226 530 1240
567 502 223 531 1241
460 264 225 531 1241
172 549 238 531 1241
432 352 233 531 1241
725 387 225 532 1242
653 172 237 532 1242
155 147 224 532 1242
688 175 223 532 1242
725 388 224 533 1243
501 518 223 533 1243
553 542 221 533 1243
770 174 221 534 1244
653 174 225 534 1244
460 268 222 535 1245
172 553 231 535 1245
203 222 225 536 1246
239 548 235 536 1246
172 554 228 536 1246
688 179 222 536 1246
460 270 222 537 1247
172 555 225 537 1247
155 152 228 537 1247
688 180 226 537 1247
460 271 225 538 1248
172 556 235 538 1248
553 547 221 538 1248
688 181 225 538 1248
239 551 243 539 1249
432 360 229 539 1249
567 511 223 540 1250
653 180 221 540 1250
553 549 226 540 1250
688 183 225 540 1250
460 274 221 541 1251
84 556 233 541 1251
553 550 223 541 1251
432 362 237 541 1251
688 184 233 541 1251
239 554 224 542 1252
553 551 229 542 1252
653 183 221 543 1253
460 277 227 544 1254
501 529 225 544 1254
653 184 231 544 1254
328 555 233 544 1254
553 553 222 544 1254
155 159 223 544 1254
546 253 227 544 1254
688 187 222 544 1254
501 530 221 545 1255
155 160 223 545 1255
155 161 241 546 1256
239 559 223 547 1257
172 565 238 547 1257
688 190 223 547 1257
553 557 229 548 1258
239 561 226 549 1259
452 392 229 549 1259
501 535 221 550 1260
239 562 226 550 1260
172 568 243 550 1260
155 165 231 550 1260
688 193 224 550 1260
460 284 223 551 1261
239 563 223 551 1261
516 566 225 551 1261
239 564 223 552 1262
516 567 223 552 1262
546 261 227 552 1262
516 568 222 553 1263
546 262 223 553 1263
516 569 227 554 1264
87 551 227 556 1266
546 269 221 560 1270
271 520 226 561 1271
75 1 223 562 1272
99 309 223 562 1272
783 563 235 562 1272
291 570 224 562 1272
487 15 233 563 1273
437 1 232 563 1273
487 16 227 564 1274
15 578 232 565 1275
762 6 225 566 1276
239 578 226 566 1276
529 25 231 566 1276
52 573 231 566 1276
355 296 221 567 1277
99 314 229 567 1277
33 548 241 567 1277
762 8 237 568 1278
202 586 221 568 1278
407 296 233 568 1278
16 260 221 568 1278
232 103 223 568 1278
544 10 226 568 1278
228 593 224 568 1278
390 580 226 569 1279
730 579 231 569 1279
251 580 233 569 1279
321 256 233 569 1279
614 578 225 569 1279
59 488 223 570 1280
611 574 225 570 1280
251 581 225 570 1280
321 257 245 570 1280
611 575 223 571 1281
390 582 227 571 1281
251 582 235 571 1281
321 258 234 571 1281
611 576 223 572 1282
390 583 221 572 1282
251 583 233 572 1282
321 259 226 572 1282
563 592 229 573 1283
611 577 221 573 1283
390 584 221 573 1283
321 260 229 573 1283
563 593 242 574 1284
611 578 227 574 1284
333 587 222 574 1284
546 283 244 574 1284
251 585 226 574 1284
321 261 231 574 1284
563 594 244 575 1285
611 579 233 575 1285
461 557 223 575 1285
329 526 225 575 1285
251 586 225 575 1285
321 262 225 575 1285
563 595 247 575 1285
611 580 223 576 1286
502 540 222 576 1286
251 587 224 576 1286
321 263 232 576 1286
563 596 246 576 1286
611 581 223 577 1287
390 588 222 577 1287
329 528 223 577 1287
546 286 221 577 1287
321 264 237 577 1287
563 597 243 578 1288
390 589 223 578 1288
614 587 225 578 1288
251 589 229 578 1288
321 265 240 578 1288
611 583 221 579 1289
400 413 223 579 1289
543 263 221 579 1289
130 590 224 579 1289
514 562 221 579 1289
48 581 241 579 1289
378 564 227 579 1289
690 534 233 580 1290
221 596 227 580 1290
754 593 223 580 1290
614 589 224 580 1290
611 585 221 580 1290
2 595 225 584 1294
324 346 229 588 1298
763 13 224 588 1298
324 347 224 589 1299
324 349 225 591 1301
442 606 227 593 1303
125 52 228 593 1303
398 614 223 593 1303
764 544 223 593 1303
228 622 229 597 1307
125 57 237 598 1308
653 239 225 599 1309
763 24 228 600 1310
324 358 231 600 1310
324 360 225 602 1312
763 27 221 602 1312
324 361 223 603 1313
324 362 225 604 1314
324 363 223 605 1315
73 290 221 605 1315
677 138 221 605 1315
73 291 222 606 1316
677 139 225 606 1316
73 292 221 607 1317
73 293 221 608 1318
650 571 228 610 1320
22 573 222 610 1320
652 619 223 611 1321
202 630 234 612 1322
326 633 226 612 1322
326 634 227 613 1323
559 506 234 613 1323
326 635 221 614 1324
291 622 223 615 1325
326 637 222 616 1326
527 632 222 616 1326
324 375 233 617 1327
324 376 224 618 1328
283 325 222 618 1328
437 56 227 619 1329
333 632 223 619 1329
324 377 221 619 1329
754 633 225 620 1330
464 639 239 621 1331
324 380 221 622 1332
326 646 222 625 1335
368 578 237 625 1335
767 640 226 625 1335
685 621 231 625 1335
760 404 223 625 1335
324 1 223 625 1335
772 646 224 626 1336
326 647 225 626 1336
767 641 226 626 1336
368 579 235 626 1336
676 643 222 626 1336
670 196 221 626 1336
559 519 227 626 1336
772 647 223 627 1337
559 520 223 627 1337
73 312 224 627 1337
502 1 227 628 1338
763 53 240 628 1338
502 2 224 629 1339
520 646 226 629 1339
279 7 222 629 1339
368 583 223 630 1340
699 541 221 630 1340
255 240 226 630 1340
215 558 223 630 1340
760 4 233 630 1340
324 6 239 630 1340
520 647 233 630 1340
653 271 225 631 1341
85 329 223 631 1341
203 10 237 631 1341
517 200 221 631 1341
279 9 231 632 1342
611 636 223 632 1342
368 585 225 632 1342
85 330 224 632 1342
203 11 233 632 1342
770 90 234 632 1342
611 637 237 633 1343
653 273 233 633 1343
85 331 221 633 1343
760 1 223 633 1343
770 91 221 633 1343
351 11 225 634 1344
577 14 227 635 1345
440 143 234 636 1346
577 15 235 636 1346
577 16 223 637 1347
181 6 225 638 1348
205 373 223 639 1349
440 147 221 639 1349
577 19 225 640 1350
440 149 223 641 1351
663 657 234 642 1352
440 150 231 642 1352
440 151 227 643 1353
124 647 221 644 1354
440 152 224 644 1354
440 154 230 646 1356
440 155 224 647 1357
440 156 225 648 1358
440 157 226 649 1359
440 158 243 650 1360
440 159 231 651 1361
440 160 232 652 1362
440 161 234 653 1363
440 162 228 654 1364
440 163 229 655 1365
73 341 228 656 1366
315 14 226 657 1367
76 595 225 658 1368
440 167 235 659 1369
440 169 221 661 1371
699 575 231 664 1374
464 682 225 664 1374
73 349 223 664 1374
326 686 226 665 1375
464 683 237 665 1375
410 675 224 665 1375
699 577 223 666 1376
464 684 246 666 1376
73 351 223 666 1376
699 578 227 667 1377
464 685 239 667 1377
410 677 221 667 1377
386 272 227 667 1377
677 200 240 667 1377
699 579 222 668 1378
464 686 231 668 1378
73 353 227 668 1378
699 580 246 669 1379
464 687 243 669 1379
73 354 230 669 1379
699 581 236 670 1380
464 688 239 670 1380
165 17 237 670 1380
360 128 243 670 1380
184 240 240 670 1380
699 582 241 670 1380
73 356 221 671 1381
165 18 237 671 1381
360 129 235 671 1381
440 179 233 671 1381
560 688 239 671 1381
308 641 221 672 1382
285 5 223 672 1382
440 180 225 672 1382
560 689 224 673 1383
91 7 223 673 1383
440 181 238 673 1383
560 690 248 674 1384
308 643 227 674 1384
165 21 221 674 1384
440 182 239 674 1384
699 586 223 674 1384
520 692 235 675 1385
360 133 229 675 1385
441 630 227 676 1386
440 184 235 676 1386
360 135 231 677 1387
165 25 222 678 1388
246 683 223 678 1388
464 697 221 679 1389
360 137 225 679 1389
184 249 222 679 1389
203 59 226 680 1390
440 188 221 680 1390
464 699 225 681 1391
409 75 221 681 1391
85 380 223 682 1392
699 594 221 682 1392
409 77 221 683 1393
699 595 221 683 1393
560 700 221 684 1394
452 527 222 684 1394
409 78 225 684 1394
85 383 223 684 1394
409 79 228 685 1395
699 598 224 686 1396
308 656 221 687 1397
409 81 222 687 1397
699 599 223 687 1397
308 657 221 688 1398
699 600 223 688 1398
308 658 223 689 1399
452 532 221 689 1399
699 601 221 689 1399
308 659 221 690 1400
409 84 225 690 1400
308 660 223 691 1401
409 85 221 691 1401
360 150 221 692 1402
452 535 221 692 1402
308 663 221 694 1404
409 89 222 695 1405
409 95 221 701 1411
699 613 223 702 1412
699 614 221 703 1413
360 163 221 705 1415
699 617 221 706 1416
699 619 224 708 1418
699 620 223 709 1419
699 621 222 710 1420
409 105 221 711 1421
699 623 225 711 1421
699 624 224 712 1422
699 626 225 714 1424
699 627 225 715 1425
308 685 227 716 1426
699 628 222 716 1426
308 686 227 717 1427
699 629 225 718 1428
308 687 227 718 1428
699 630 226 719 1429
308 689 226 720 1430
308 690 225 721 1431
699 633 223 721 1431
308 692 223 723 1433
308 694 225 725 1435
308 696 223 727 1437
308 698 225 729 1439
699 641 221 730 1440
308 701 226 732 1442
409 126 223 732 1442
203 111 221 732 1442
360 191 221 733 1443
308 703 232 734 1444
308 704 224 735 1445
308 705 227 736 1446
360 194 221 736 1446
308 706 228 737 1447
308 707 227 738 1448
308 708 225 739 1449
360 197 221 739 1449
85 438 222 740 1450
308 709 222 740 1450
308 715 221 746 1456
360 204 221 746 1456
308 718 223 749 1459
308 719 223 750 1460
308 723 225 754 1464
308 725 221 756 1466
452 599 222 756 1466
308 727 222 758 1468
452 601 224 758 1468
308 728 227 759 1469
452 602 222 759 1469
308 729 223 760 1470
452 603 221 760 1470
308 730 222 761 1471
308 732 223 763 1473
308 735 223 766 1476
360 225 221 767 1477
308 737 225 768 1478
360 226 221 768 1478
308 738 226 769 1479
308 739 221 770 1480
409 165 221 771 1481
464 790 221 772 1482
308 741 224 772 1482
308 742 221 773 1483
409 168 221 774 1484
308 743 222 774 1484
308 744 221 775 1485
699 687 222 775 1485
409 170 224 776 1486
308 745 223 776 1486
699 688 225 776 1486
409 171 221 777 1487
308 746 221 777 1487
360 235 223 777 1487
360 236 223 778 1488
409 174 222 780 1490
745 798 223 780 1490
308 749 223 780 1490
308 750 228 781 1491
360 239 223 781 1491
360 240 221 782 1492
308 752 227 783 1493
452 626 223 783 1493
308 753 229 784 1494
308 755 223 786 1496
85 485 233 787 1497
308 756 221 787 1497
203 166 224 787 1497
409 182 226 788 1498
452 631 223 788 1498
409 183 225 789 1499
452 632 221 789 1499
409 184 225 790 1500
699 702 222 790 1500
409 185 221 791 1501
308 762 222 793 1503
308 763 224 794 1504
699 706 223 794 1504
699 708 221 796 1506
308 769 223 800 1510
308 771 223 802 1512
308 772 224 803 1513
745 823 221 805 1515
308 775 222 806 1516
452 651 221 808 1518
308 778 221 809 1519
452 652 223 809 1519
308 780 224 811 1521
409 208 224 814 1524
409 212 222 818 1528
360 276 221 818 1528
452 661 223 818 1528
452 662 222 819 1529
745 838 221 820 1530
308 789 224 820 1530
452 663 224 820 1530
308 790 221 821 1531
452 664 225 821 1531
699 733 221 821 1531
409 216 222 822 1532
745 841 221 823 1533
360 281 221 823 1533
745 842 222 824 1534
409 219 222 825 1535
745 843 225 825 1535
409 220 223 826 1536
745 844 225 826 1536
745 845 225 827 1537
745 846 221 828 1538
745 847 223 829 1539
360 287 222 829 1539
745 848 224 830 1540
360 288 223 830 1540
745 850 221 832 1542
360 290 223 832 1542
745 851 225 833 1543
308 802 223 833 1543
409 228 223 834 1544
308 804 221 835 1545
360 293 222 835 1545
745 854 221 836 1546
409 232 221 838 1548
409 233 222 839 1549
308 809 228 840 1550
409 235 222 841 1551
308 810 227 841 1551
409 236 221 842 1552
308 811 225 842 1552
308 812 227 843 1553
308 813 224 844 1554
308 814 224 845 1555
745 864 221 846 1556
308 815 224 846 1556
452 689 221 846 1556
308 816 221 847 1557
308 818 222 849 1559
452 692 227 849 1559
409 244 223 850 1560
452 695 225 852 1562
409 250 221 856 1566
452 699 223 856 1566
308 825 222 856 1566
409 251 223 857 1567
452 701 223 858 1568
308 827 222 858 1568
745 877 221 859 1569
409 254 226 860 1570
409 256 222 862 1572
452 706 225 863 1573
409 258 221 864 1574
165 211 231 864 1574
699 777 224 865 1575
85 564 223 866 1576
409 260 223 866 1576
409 261 221 867 1577
165 216 229 869 1579
203 6 221 870 1580
165 217 227 870 1580
308 841 222 872 1582
165 221 225 874 1584
464 892 223 874 1584
409 269 221 875 1585
165 222 225 875 1585
308 845 221 876 1586
464 894 222 876 1586
464 895 222 877 1587
203 14 221 878 1588
409 272 223 878 1588
464 896 221 878 1588
440 391 223 884 1594
409 278 225 884 1594
464 902 222 884 1594
699 799 221 887 1597
360 346 221 888 1598
699 800 223 888 1598
308 859 221 890 1600
165 239 221 892 1602
308 861 223 892 1602
165 240 222 893 1603
464 911 221 893 1603
165 241 221 894 1604
308 864 225 895 1605
409 1 221 897 1607
699 810 221 898 1608
409 3 222 899 1609
409 6 221 902 1612
308 871 222 902 1612
409 7 224 903 1613
308 872 223 903 1613
409 8 224 904 1614
409 9 225 905 1615
464 924 222 906 1616
28 919 225 910 1620
395 858 222 910 1620
612 179 221 911 1621
765 6 221 911 1621
75 46 231 911 1621
765 8 225 913 1623
216 863 221 913 1623
147 939 231 914 1624
233 936 223 915 1625
187 923 225 915 1625
383 929 223 916 1626
157 942 223 916 1626
421 154 231 917 1627
151 460 221 918 1628
340 346 223 918 1628
151 461 221 919 1629
184 489 223 919 1629
425 812 225 920 1630
442 933 222 920 1630
184 490 228 920 1630
666 936 221 920 1630
340 348 223 920 1630
421 158 221 921 1631
340 349 222 921 1631
709 5 225 923 1633
425 816 223 923 1633
709 6 224 924 1634
709 7 227 925 1635
396 422 221 925 1635
421 162 226 925 1635
709 8 224 926 1636
709 9 223 927 1637
772 201 223 927 1637
709 10 225 928 1638
709 11 225 929 1639
248 926 223 929 1639
257 864 221 929 1639
709 12 223 930 1640
421 167 221 930 1640
425 823 224 930 1640
709 13 221 931 1641
248 928 221 931 1641
184 11 221 931 1641
425 824 225 931 1641
709 14 224 932 1642
184 12 221 932 1642
425 825 223 932 1642
709 16 224 934 1644
248 931 223 934 1644
184 14 222 934 1644
425 827 227 934 1644
709 17 224 935 1645
248 932 223 935 1645
421 172 221 935 1645
709 18 223 936 1646
248 933 221 936 1646
421 173 226 936 1646
184 16 221 936 1646
709 19 221 937 1647
421 174 223 937 1647
709 20 221 938 1648
151 480 221 938 1648
425 831 226 938 1648
709 21 221 939 1649
421 1 223 939 1649
425 832 226 939 1649
709 22 223 940 1650
421 2 223 940 1650
425 833 231 940 1650
421 3 221 941 1651
151 483 221 941 1651
248 938 222 941 1651
248 939 223 942 1652
425 835 224 942 1652
340 370 221 943 1653
248 940 222 943 1653
425 836 225 943 1653
421 6 221 944 1654
425 837 238 945 1655
421 7 221 945 1655
425 838 229 946 1656
248 943 223 946 1656
425 839 231 947 1657
421 9 222 947 1657
425 841 221 949 1659
425 843 228 951 1661
248 949 221 952 1662
425 845 223 953 1663
709 35 223 953 1663
248 950 222 953 1663
421 16 227 954 1664
709 36 223 954 1664
248 951 225 954 1664
425 847 227 955 1665
709 37 222 955 1665
248 952 226 955 1665
340 383 221 955 1665
425 848 231 956 1666
421 18 222 956 1666
709 38 221 956 1666
248 953 222 956 1666
340 384 221 956 1666
425 849 229 957 1667
425 850 233 958 1668
421 20 232 958 1668
709 40 221 958 1668
340 386 221 958 1668
425 851 233 959 1669
421 21 231 959 1669
340 387 222 959 1669
425 852 236 960 1670
421 22 233 960 1670
425 853 231 961 1671
421 23 225 961 1671
340 389 223 961 1671
425 854 221 962 1672
425 855 223 963 1673
421 25 230 963 1673
425 856 225 964 1674
421 26 225 964 1674
709 46 225 964 1674
421 27 228 965 1675
709 47 225 965 1675
421 28 225 966 1676
709 48 225 966 1676
709 49 225 967 1677
248 964 227 967 1677
421 30 221 968 1678
709 50 223 968 1678
425 861 225 969 1679
421 31 224 969 1679
709 51 223 969 1679
421 32 242 970 1680
709 52 221 970 1680
248 967 221 970 1680
421 33 221 971 1681
421 34 223 972 1682
666 988 221 972 1682
425 865 223 973 1683
248 970 222 973 1683
425 866 225 974 1684
425 867 221 975 1685
248 972 221 975 1685
421 38 223 976 1686
709 58 222 976 1686
248 973 225 976 1686
248 974 223 977 1687
425 870 221 978 1688
248 975 224 978 1688
248 976 227 979 1689
425 872 221 980 1690
248 977 223 980 1690
425 873 223 981 1691
709 63 223 981 1691
425 874 223 982 1692
421 44 231 982 1692
709 64 222 982 1692
425 875 223 983 1693
421 45 230 983 1693
709 65 225 983 1693
421 46 233 984 1694
709 66 222 984 1694
421 47 229 985 1695
709 67 221 985 1695
421 48 235 986 1696
425 878 223 986 1696
709 69 223 987 1697
421 50 229 988 1698
709 70 221 988 1698
425 881 222 989 1699
421 51 222 989 1699
666 1006 223 990 1700
425 883 225 991 1701
425 884 225 992 1702
421 54 225 992 1702
248 989 223 992 1702
425 885 223 993 1703
709 75 228 993 1703
248 990 227 993 1703
425 886 226 994 1704
421 56 225 994 1704
425 887 221 995 1705
425 888 227 996 1706
709 78 223 996 1706
425 889 229 996 1706
421 59 226 997 1707
709 79 227 997 1707
425 890 229 997 1707
421 60 227 998 1708
709 80 223 998 1708
248 995 221 998 1708
709 81 226 999 1709
248 996 222 999 1709
421 62 221 1000 1710
709 82 228 1000 1710
248 997 227 1000 1710
421 63 222 1001 1711
709 83 229 1001 1711
248 998 229 1001 1711
709 84 231 1002 1712
248 999 227 1002 1712
425 895 232 1002 1712
421 65 223 1003 1713
248 1001 224 1004 1714
421 67 234 1005 1715
709 87 222 1005 1715
248 1002 223 1005 1715
425 898 225 1005 1715
421 68 225 1006 1716
709 88 221 1006 1716
425 899 225 1006 1716
421 69 227 1007 1717
709 89 223 1007 1717
248 1004 221 1007 1717
425 900 225 1007 1717
709 90 226 1008 1718
248 1005 226 1008 1718
184 88 224 1008 1718
151 552 223 1010 1720
666 1026 222 1010 1720
425 903 230 1010 1720
421 73 221 1010 1720
425 904 221 1011 1721
151 554 221 1012 1722
421 75 223 1012 1722
421 76 221 1013 1723
425 906 223 1013 1723
421 77 222 1014 1724
425 907 222 1014 1724
151 557 222 1015 1725
248 1012 222 1015 1725
421 78 224 1015 1725
425 908 227 1015 1725
151 558 222 1016 1726
425 909 227 1016 1726
425 910 232 1017 1727
425 911 226 1018 1728
709 101 222 1019 1729
709 102 221 1020 1730
248 1017 222 1020 1730
421 83 237 1020 1730
248 1018 221 1021 1731
421 84 229 1021 1731
421 85 224 1022 1732
709 105 223 1023 1733
425 916 222 1023 1733
709 106 221 1024 1734
151 567 221 1025 1735
421 88 223 1025 1735
248 1023 221 1026 1736
709 109 223 1027 1737
248 1024 221 1027 1737
421 90 226 1027 1737
425 920 225 1027 1737
709 110 222 1028 1738
425 921 225 1028 1738
151 571 221 1029 1739
425 922 222 1029 1739
709 112 221 1030 1740
151 572 221 1030 1740
248 1027 222 1030 1740
425 923 231 1030 1740
709 113 221 1031 1741
151 573 223 1031 1741
248 1028 221 1031 1741
421 94 224 1031 1741
709 114 222 1032 1742
709 115 221 1033 1743
248 1030 222 1033 1743
709 116 221 1034 1744
709 117 223 1035 1745
709 120 221 1037 1747
151 581 221 1039 1749
421 102 226 1039 1749
709 122 221 1039 1749
421 103 221 1040 1750
340 468 222 1040 1750
709 125 221 1043 1753
421 106 231 1043 1753
425 936 224 1044 1754
340 472 221 1045 1755
425 937 225 1045 1755
421 108 225 1045 1755
340 473 222 1045 1755
425 938 226 1046 1756
421 109 227 1046 1756
425 939 224 1046 1756
421 110 223 1047 1757
425 940 227 1047 1757
709 130 221 1047 1757
248 1045 226 1048 1758
421 111 226 1048 1758
709 131 225 1048 1758
425 941 227 1049 1759
248 1046 223 1049 1759
184 129 227 1049 1759
257 984 237 1049 1759
709 132 222 1049 1759
421 113 225 1050 1760
709 133 223 1050 1760
425 943 231 1051 1761
421 114 227 1051 1761
425 944 227 1052 1762
248 1049 221 1052 1762
425 945 230 1053 1763
709 136 222 1054 1764
425 946 237 1054 1764
709 137 231 1055 1765
425 947 235 1055 1765
396 552 222 1055 1765
248 1052 221 1055 1765
421 118 225 1055 1765
709 138 225 1056 1766
425 948 228 1056 1766
257 991 221 1056 1766
709 139 227 1057 1767
425 949 231 1057 1767
421 120 225 1057 1767
340 485 223 1058 1768
709 140 226 1058 1768
425 950 235 1058 1768
709 141 224 1059 1769
425 951 231 1059 1769
709 142 225 1060 1770
421 123 221 1060 1770
425 953 224 1061 1771
709 145 227 1063 1773
709 146 227 1064 1774
425 956 227 1064 1774
421 127 222 1064 1774
709 147 230 1064 1774
425 957 224 1065 1775
709 148 231 1066 1776
425 958 224 1066 1776
709 149 230 1067 1777
425 959 224 1067 1777
421 130 227 1067 1777
709 150 229 1068 1778
421 131 223 1068 1778
709 151 225 1069 1779
709 152 227 1070 1780
248 1067 223 1070 1780
709 153 227 1071 1781
709 154 226 1072 1782
709 155 222 1073 1783
425 965 221 1073 1783
421 3 221 1073 1783
709 156 225 1074 1784
421 4 221 1074 1784
526 14 223 1074 1784
709 157 227 1075 1785
248 1072 222 1075 1785
709 158 223 1076 1786
709 159 225 1077 1787
248 1074 224 1077 1787
709 160 227 1078 1788
421 8 223 1078 1788
248 1075 221 1078 1788
709 161 222 1079 1789
421 9 221 1079 1789
709 162 221 1080 1790
425 972 231 1080 1790
421 10 224 1080 1790
709 163 224 1081 1791
425 973 230 1081 1791
421 11 226 1081 1791
709 164 222 1082 1792
709 165 223 1082 1792
425 975 226 1083 1793
184 163 221 1083 1793
709 166 222 1083 1793
425 976 235 1084 1794
421 14 221 1084 1794
709 167 225 1085 1795
666 1100 221 1085 1795
421 15 227 1085 1795
709 168 224 1085 1795
425 978 226 1086 1796
709 169 223 1086 1796
666 1102 222 1087 1797
257 1021 221 1087 1797
421 17 233 1087 1797
248 1084 221 1087 1797
709 170 223 1087 1797
421 18 232 1088 1798
709 172 221 1089 1799
425 982 225 1090 1800
421 20 224 1090 1800
248 1087 221 1090 1800
257 1025 223 1091 1801
709 174 223 1091 1801
709 175 223 1092 1802
257 1027 223 1093 1803
248 1090 225 1093 1803
184 173 225 1093 1803
709 176 221 1093 1803
257 1028 225 1094 1804
425 986 233 1094 1804
248 1091 228 1094 1804
257 1029 225 1095 1805
421 25 224 1095 1805
425 987 223 1095 1805
248 1092 225 1095 1805
421 26 227 1096 1806
257 1031 222 1097 1807
425 989 225 1097 1807
248 1095 223 1098 1808
709 181 221 1099 1809
257 1033 221 1099 1809
340 527 221 1100 1810
421 30 221 1100 1810
709 183 221 1101 1811
425 994 227 1102 1812
257 1037 228 1103 1813
248 1100 225 1103 1813
421 34 226 1104 1814
425 997 224 1105 1815
709 188 225 1106 1816
248 1103 221 1106 1816
421 37 225 1107 1817
425 999 224 1107 1817
248 1104 224 1107 1817
425 1000 221 1108 1818
248 1105 222 1108 1818
421 39 224 1109 1819
248 1106 225 1109 1819
248 1107 223 1110 1820
421 41 229 1111 1821
248 1108 221 1111 1821
248 1109 223 1112 1822
421 43 221 1113 1823
425 1005 227 1113 1823
248 1110 221 1113 1823
425 1006 226 1114 1824
257 1049 221 1115 1825
425 1007 231 1115 1825
425 1008 228 1116 1826
421 47 222 1117 1827
425 1009 223 1117 1827
248 1114 223 1117 1827
425 1010 229 1118 1828
425 1011 221 1119 1829
421 50 222 1120 1830
709 204 221 1122 1832
421 53 221 1123 1833
425 1015 223 1123 1833
709 206 224 1124 1834
666 1141 221 1126 1836
425 1018 227 1126 1836
425 1019 224 1127 1837
248 1124 221 1127 1837
425 1020 225 1128 1838
248 1125 223 1128 1838
421 59 228 1129 1839
709 211 223 1129 1839
421 60 221 1130 1840
709 212 224 1130 1840
425 1022 225 1130 1840
421 61 221 1131 1841
425 1023 223 1131 1841
425 1024 226 1132 1842
248 1129 221 1132 1842
425 1025 225 1133 1843
421 64 225 1134 1844
425 1026 225 1134 1844
421 65 226 1135 1845
709 218 223 1136 1846
425 1028 223 1136 1846
425 1030 228 1138 1848
425 1031 226 1139 1849
425 1032 221 1140 1850
340 568 223 1141 1851
425 1033 224 1141 1851
425 1034 224 1142 1852
421 74 223 1144 1854
184 224 223 1144 1854
425 1037 225 1145 1855
421 76 223 1146 1856
257 1080 232 1146 1856
421 77 222 1147 1857
666 12 221 1148 1858
709 230 225 1148 1858
257 1082 225 1148 1858
340 575 227 1148 1858
184 228 229 1148 1858
421 79 227 1149 1859
257 1083 245 1149 1859
421 80 224 1150 1860
666 14 229 1150 1860
709 232 221 1150 1860
248 1147 223 1150 1860
563 10 221 1151 1861
248 1148 223 1151 1861
563 12 223 1153 1863
57 271 231 1153 1863
257 1088 225 1154 1864
497 1168 228 1154 1864
518 231 227 1154 1864
563 14 227 1155 1865
257 1089 227 1155 1865
497 1169 233 1155 1865
518 232 224 1155 1865
57 273 222 1155 1865
257 1090 223 1156 1866
497 1170 233 1156 1866
518 233 224 1156 1866
57 274 221 1156 1866
257 1091 221 1157 1867
497 1171 223 1157 1867
518 234 221 1157 1867
536 1179 222 1158 1868
74 275 247 1159 1869
582 1173 234 1162 1872
275 16 224 1163 1873
443 232 226 1165 1875
712 1180 221 1165 1875
443 235 225 1168 1878
639 1189 231 1168 1878
380 1123 225 1168 1878
443 236 240 1169 1879
712 1184 224 1169 1879
443 237 233 1170 1880
639 1191 223 1170 1880
712 1185 224 1170 1880
443 238 225 1171 1881
481 132 229 1175 1885
689 626 223 1178 1888
689 634 221 1186 1896
40 13 223 1206 1916
240 57 225 1208 1918
40 4 223 1210 1920
423 1225 239 1218 1928
423 1226 235 1219 1929
46 1227 221 1219 1929
423 1227 221 1220 1930
423 1228 225 1221 1931
46 1229 224 1221 1931
423 1229 221 1222 1932
46 1230 225 1222 1932
423 1230 222 1223 1933
423 1232 221 1225 1935
423 1233 221 1226 1936
625 2 223 1227 1937
98 1239 225 1227 1937
423 1235 223 1228 1938
423 1237 229 1230 1940
423 1238 222 1231 1941
423 1239 226 1232 1942
423 1240 232 1233 1943
423 1241 229 1234 1944
423 1243 221 1236 1946
423 1244 223 1237 1947
423 1245 229 1238 1948
423 1246 229 1239 1949
423 1247 236 1240 1950
423 1248 223 1241 1951
423 1249 236 1242 1952
423 1250 221 1243 1953
423 1252 222 1245 1955
423 1254 226 1247 1957
625 14 226 1252 1962
423 1260 231 1253 1963
423 1261 225 1254 1964
423 1262 228 1255 1965
423 1263 232 1256 1966
423 1264 229 1257 1967
423 1265 233 1258 1968
733 396 223 1258 1968
423 1266 233 1259 1969
423 1267 229 1260 1970
423 1268 225 1261 1971
423 1270 221 1263 1973
423 1271 232 1264 1974
423 1272 227 1265 1975
435 69 238 1265 1975
423 1274 228 1267 1977
423 1275 237 1268 1978
423 1282 221 1275 1985
423 1283 227 1276 1986
423 1284 226 1277 1987
423 1285 223 1278 1988
423 1286 222 1279 1989
423 1288 222 1281 1991
423 1291 235 1284 1994
423 1292 237 1285 1995
423 1293 233 1286 1996
733 424 225 1286 1996
423 1294 231 1287 1997
423 1295 231 1288 1998
423 1296 233 1289 1999
709 372 223 1289 1999
423 1297 227 1290 2000
733 428 221 1290 2000
423 1298 227 1291 2001
733 429 222 1291 2001
85 112 237 1292 2002
423 1299 227 1292 2002
733 430 221 1292 2002
85 113 233 1293 2003
423 1300 225 1293 2003
212 15 230 1294 2004
767 1310 231 1294 2004
665 403 250 1295 2005
88 1281 223 1295 2005
508 1220 232 1296 2006
212 17 221 1296 2006
662 1156 229 1296 2006
665 404 238 1296 2006
423 1304 237 1297 2007
665 405 241 1297 2007
423 1305 238 1298 2008
665 406 241 1298 2008
729 728 221 1298 2008
423 1306 232 1299 2009
665 407 226 1299 2009
729 729 224 1299 2009
423 1307 239 1300 2010
665 408 243 1300 2010
423 1308 239 1301 2011
665 409 233 1301 2011
729 731 221 1301 2011
423 1309 239 1302 2012
665 410 243 1302 2012
665 411 235 1303 2013
423 1311 229 1304 2014
665 412 247 1304 2014
665 413 228 1305 2015
729 735 231 1305 2015
508 1230 247 1306 2016
423 1313 225 1306 2016
665 416 242 1308 2018
423 1315 229 1308 2018
665 417 240 1309 2019
423 1316 231 1309 2019
423 1317 227 1310 2020
665 418 241 1310 2020
66 442 231 1310 2020
777 1317 229 1311 2021
423 1318 228 1311 2021
625 73 237 1311 2021
732 234 222 1311 2021
399 567 225 1311 2021
318 234 236 1311 2021
508 1236 233 1312 2022
249 345 225 1312 2022
423 1319 238 1312 2022
301 328 233 1312 2022
702 1331 229 1312 2022
378 1297 237 1312 2022
645 159 231 1312 2022
197 1332 221 1313 2023
423 1320 223 1313 2023
365 165 227 1313 2023
789 202 222 1314 2024
254 1159 221 1314 2024
423 1321 227 1314 2024
164 399 223 1315 2025
423 1322 227 1315 2025
754 596 227 1316 2026
262 71 221 1316 2026
373 430 225 1316 2026
61 1340 223 1316 2026
780 543 222 1317 2027
484 430 226 1317 2027
653 413 224 1317 2027
712 1332 222 1317 2027
423 1326 224 1319 2029
294 395 231 1319 2029
423 1327 227 1320 2030
423 1328 240 1321 2031
518 399 244 1322 2032
535 156 224 1322 2032
726 158 233 1322 2032
377 1372 221 1323 2033
480 778 221 1323 2033
518 400 232 1323 2033
497 1337 221 1323 2033
535 158 225 1324 2034
518 402 221 1325 2035
497 1339 235 1325 2035
518 403 223 1326 2036
497 1340 227 1326 2036
