489 2 231 0 754
22 7 233 0 754
10 5 242 0 754
489 3 225 1 755
650 6 222 1 755
22 8 228 1 755
475 25 221 1 755
6 1 229 1 755
489 4 227 2 756
22 9 223 2 756
227 9 222 2 756
10 7 231 2 756
6 2 230 2 756
489 5 235 3 757
22 10 222 3 757
569 58 223 3 757
10 8 235 3 757
6 3 235 3 757
489 6 238 4 758
22 11 227 4 758
10 9 228 4 758
6 4 232 4 758
489 7 235 5 759
10 10 226 5 759
489 8 225 6 760
22 13 226 6 760
489 9 221 7 761
40 44 221 10 764
6 14 221 14 768
6 16 224 16 770
715 13 233 18 772
6 19 233 19 773
773 6 221 20 774
6 20 232 20 774
227 6 226 20 774
489 23 235 21 775
475 45 221 21 775
6 21 234 21 775
227 7 233 21 775
489 24 234 22 776
6 22 231 22 776
489 25 232 23 777
609 32 227 24 778
325 82 225 25 779
341 87 222 25 779
785 77 228 25 779
597 90 241 25 779
395 18 224 26 780
4 77 232 26 780
445 74 226 26 780
707 32 221 26 780
589 95 231 26 780
229 94 239 26 780
650 32 222 26 780
538 72 225 27 781
421 289 232 227 981
122 226 229 227 981
135 285 221 227 981
381 286 225 227 981
411 180 236 227 981
227 212 224 227 981
100 233 229 227 981
265 296 221 227 981
498 219 228 227 981
84 287 236 227 981
547 291 221 227 981
581 295 241 227 981
122 227 235 228 982
421 290 221 228 982
381 287 241 228 982
264 293 224 228 982
663 287 222 228 982
520 289 224 228 982
411 181 236 228 982
75 184 223 228 982
168 274 228 228 982
498 220 244 228 982
554 289 226 228 982
421 291 246 229 983
359 225 225 229 983
264 294 222 229 983
663 288 232 229 983
360 284 223 229 983
75 185 230 229 983
411 182 221 229 983
498 221 234 229 983
67 226 225 229 983
479 179 225 229 983
84 289 232 229 983
541 286 224 229 983
534 294 222 229 983
354 181 222 229 983
625 263 222 229 983
414 291 241 229 983
421 292 228 229 983
35 237 221 230 984
538 275 228 230 984
168 276 228 230 984
498 222 227 230 984
67 227 222 230 984
593 283 226 230 984
782 237 221 230 984
691 67 222 230 984
29 293 230 230 984
391 216 226 230 984
221 291 237 230 984
770 6 231 230 984
89 296 222 230 984
625 264 231 230 984
414 292 241 230 984
663 290 223 231 985
403 290 231 231 985
445 279 226 231 985
360 286 228 231 985
370 290 226 231 985
67 228 222 231 985
84 291 229 231 985
134 285 238 231 985
758 285 221 231 985
391 217 221 231 985
221 292 221 231 985
625 265 223 231 985
130 287 245 231 985
403 291 235 232 986
445 280 239 232 986
360 287 228 232 986
535 239 236 232 986
479 182 230 232 986
547 296 225 232 986
134 286 239 232 986
391 218 221 232 986
276 275 230 232 986
122 232 224 232 986
100 1 222 233 987
403 292 243 233 987
360 288 230 233 987
168 279 228 233 987
411 186 227 233 987
498 225 223 233 987
84 293 225 233 987
134 287 224 233 987
515 244 228 233 987
682 297 227 233 987
221 294 233 233 987
276 276 224 233 987
130 289 225 233 987
403 293 242 234 988
538 279 226 234 988
370 293 227 234 988
75 190 240 234 988
535 241 228 234 988
498 226 227 234 988
411 187 221 234 988
381 4 223 234 988
682 298 243 234 988
221 295 232 234 988
89 300 224 234 988
122 234 226 234 988
403 294 244 235 989
445 283 230 235 989
360 290 221 235 989
538 280 225 235 989
84 295 221 235 989
541 292 221 235 989
479 185 224 235 989
134 289 224 235 989
682 299 236 235 989
403 295 254 236 990
445 284 235 236 990
35 243 222 236 990
538 281 222 236 990
84 296 228 236 990
355 10 221 236 990
682 300 234 236 990
276 279 224 236 990
122 236 226 236 990
100 5 225 237 991
403 296 247 237 991
227 222 230 237 991
535 244 223 237 991
168 283 243 237 991
411 190 225 237 991
75 1 223 237 991
782 244 224 237 991
758 291 247 237 991
414 299 224 237 991
130 293 246 237 991
629 215 223 237 991
122 237 229 237 991
663 297 238 238 992
360 293 224 238 992
535 245 231 238 992
355 12 239 238 992
264 3 235 238 992
547 302 239 238 992
515 249 226 238 992
770 14 225 238 992
534 303 222 238 992
414 300 231 238 992
130 294 221 238 992
403 298 232 239 993
360 294 229 239 993
273 277 231 239 993
593 292 226 239 993
84 299 225 239 993
381 9 222 239 993
479 189 224 239 993
29 302 221 239 993
758 293 227 239 993
221 300 222 239 993
515 250 233 239 993
625 273 232 239 993
445 288 222 240 994
411 193 230 240 994
593 293 232 240 994
75 4 231 240 994
355 14 222 240 994
134 294 222 240 994
264 5 223 240 994
758 294 222 240 994
515 251 228 240 994
534 305 223 240 994
403 300 222 241 995
498 233 224 241 995
547 305 226 241 995
221 302 232 241 995
403 301 223 242 996
130 298 222 242 996
770 18 230 242 996
414 304 233 242 996
535 250 231 243 997
498 235 221 243 997
84 303 222 243 997
758 297 237 243 997
221 304 227 243 997
534 308 226 243 997
414 305 231 243 997
663 303 221 244 998
498 236 223 244 998
355 18 221 244 998
75 8 221 244 998
758 298 226 244 998
89 310 221 244 998
221 305 227 244 998
354 196 222 244 998
770 20 230 244 998
130 300 230 244 998
625 278 224 244 998
534 309 235 244 998
421 307 244 244 998
414 306 237 244 998
360 300 222 245 999
535 252 225 245 999
221 306 228 245 999
219 175 228 245 999
276 288 235 245 999
360 301 221 246 1000
538 291 228 246 1000
535 253 235 246 1000
498 238 227 246 1000
355 20 233 246 1000
84 306 226 246 1000
134 300 221 246 1000
625 280 227 246 1000
276 289 222 246 1000
360 302 221 247 1001
403 306 222 247 1001
520 308 224 247 1001
535 254 243 247 1001
498 239 238 247 1001
45 303 224 247 1001
134 301 223 247 1001
758 301 225 247 1001
130 303 226 247 1001
770 23 227 247 1001
360 303 226 248 1002
487 3 230 248 1002
538 293 232 248 1002
535 255 227 248 1002
498 240 224 248 1002
355 22 221 248 1002
47 24 233 248 1002
134 302 245 248 1002
130 304 228 248 1002
625 282 224 248 1002
770 24 221 248 1002
32 287 222 248 1002
414 310 221 248 1002
487 4 224 249 1003
520 310 224 249 1003
535 256 225 249 1003
134 303 244 249 1003
758 303 226 249 1003
770 25 222 249 1003
414 311 230 250 1004
487 5 223 250 1004
35 257 221 250 1004
535 257 225 250 1004
498 242 227 250 1004
84 310 226 250 1004
45 306 221 250 1004
264 15 222 250 1004
134 304 243 250 1004
547 314 222 250 1004
130 306 229 250 1004
770 26 227 250 1004
414 312 238 251 1005
135 309 232 251 1005
35 258 225 251 1005
403 310 239 251 1005
265 320 221 251 1005
535 258 229 251 1005
770 27 230 251 1005
414 313 225 251 1005
535 259 225 252 1006
498 244 224 252 1006
682 316 229 252 1006
487 8 222 253 1007
35 260 224 253 1007
535 260 227 253 1007
498 245 224 253 1007
355 27 231 253 1007
84 313 225 253 1007
515 264 221 253 1007
770 29 231 253 1007
421 316 236 253 1007
414 315 223 253 1007
135 312 222 254 1008
535 261 226 254 1008
84 314 228 254 1008
515 265 224 254 1008
219 184 222 254 1008
421 317 231 254 1008
414 316 224 254 1008
538 300 226 255 1009
535 262 226 255 1009
498 247 224 255 1009
355 29 224 255 1009
84 315 232 255 1009
770 31 223 255 1009
32 294 223 255 1009
421 318 227 255 1009
414 317 229 255 1009
520 317 231 256 1010
535 263 230 256 1010
355 30 232 256 1010
541 21 235 256 1010
84 316 221 256 1010
414 318 224 256 1010
421 319 225 256 1010
535 264 224 257 1011
770 33 245 257 1011
625 291 223 257 1011
520 319 224 258 1012
498 250 223 258 1012
84 318 223 258 1012
264 23 226 258 1012
770 34 221 258 1012
625 292 231 258 1012
414 320 225 258 1012
421 321 242 258 1012
538 304 224 259 1013
487 14 225 259 1013
445 307 222 259 1013
520 320 235 259 1013
498 251 227 259 1013
75 12 225 259 1013
355 33 237 259 1013
782 266 221 259 1013
264 24 231 259 1013
515 270 224 259 1013
770 35 229 259 1013
625 293 222 259 1013
414 321 221 259 1013
421 322 221 260 1014
593 2 222 260 1014
520 321 225 260 1014
264 25 230 260 1014
758 314 223 260 1014
414 322 223 260 1014
593 3 226 261 1015
403 320 242 261 1015
520 322 227 261 1015
355 35 223 261 1015
758 315 225 261 1015
770 37 233 261 1015
625 1 224 261 1015
414 323 225 261 1015
47 13 222 262 1016
403 321 248 262 1016
264 27 223 262 1016
84 322 223 262 1016
515 273 224 262 1016
770 38 237 262 1016
520 324 236 263 1017
67 260 227 263 1017
75 16 223 263 1017
766 345 221 263 1017
421 326 225 263 1017
520 325 228 264 1018
403 323 227 264 1018
84 324 222 264 1018
770 40 221 264 1018
414 326 231 264 1018
593 7 233 265 1019
414 327 223 265 1019
47 17 222 266 1020
625 6 225 266 1020
520 328 223 267 1021
783 312 223 267 1021
625 7 222 267 1021
437 285 230 268 1022
364 329 225 268 1022
235 7 222 268 1022
625 8 221 268 1022
606 290 221 269 1023
111 307 223 269 1023
204 227 221 269 1023
382 323 225 269 1023
564 69 234 270 1024
239 327 222 270 1024
94 321 225 270 1024
356 10 221 271 1025
769 302 224 271 1025
134 20 234 271 1025
544 332 227 271 1025
611 321 221 272 1026
570 12 225 273 1027
309 324 223 273 1027
469 328 223 273 1027
761 331 227 273 1027
658 337 234 274 1028
570 14 225 274 1028
100 43 227 275 1029
309 326 227 275 1029
232 291 221 275 1029
469 330 224 275 1029
125 343 221 275 1029
658 338 224 275 1029
469 331 232 276 1030
469 332 242 277 1031
761 335 232 277 1031
359 274 222 278 1032
565 339 223 278 1032
469 333 227 278 1032
359 275 221 278 1032
565 340 224 279 1033
469 334 233 279 1033
761 337 224 279 1033
570 19 227 280 1034
469 335 227 280 1034
761 338 226 280 1034
469 336 224 281 1035
125 349 222 281 1035
359 278 223 282 1036
309 333 225 282 1036
469 337 242 282 1036
658 345 222 282 1036
489 285 230 282 1036
570 22 221 283 1037
232 299 221 283 1037
469 338 240 283 1037
658 346 221 283 1037
761 341 223 283 1037
489 286 225 284 1038
570 23 228 284 1038
134 33 223 284 1038
469 339 241 284 1038
125 352 222 284 1038
489 287 226 284 1038
570 24 222 285 1039
100 53 221 285 1039
309 336 223 285 1039
134 34 221 285 1039
565 346 224 285 1039
469 340 228 285 1039
134 35 223 286 1040
309 337 224 286 1040
469 341 236 286 1040
658 349 221 286 1040
570 26 229 287 1041
134 36 225 287 1041
565 348 221 287 1041
469 342 246 287 1041
134 37 223 288 1042
469 343 237 288 1042
134 38 222 289 1043
469 344 233 289 1043
134 39 226 290 1044
469 345 237 290 1044
658 353 224 290 1044
570 30 222 291 1045
134 40 225 291 1045
469 346 241 291 1045
359 288 221 292 1046
570 31 233 292 1046
134 41 221 292 1046
205 71 221 292 1046
469 347 242 292 1046
570 32 222 293 1047
134 42 223 293 1047
309 344 224 293 1047
565 354 221 293 1047
469 348 242 293 1047
761 351 221 293 1047
489 296 224 294 1048
570 33 222 294 1048
134 43 223 294 1048
309 345 230 294 1048
565 355 221 294 1048
469 349 243 294 1048
359 291 221 295 1049
489 297 224 295 1049
570 34 226 295 1049
134 44 223 295 1049
309 346 225 295 1049
565 356 224 295 1049
469 350 243 295 1049
359 292 221 296 1050
570 35 225 296 1050
134 45 222 296 1050
469 351 234 296 1050
469 352 233 297 1051
761 355 223 297 1051
359 294 221 298 1052
489 300 225 298 1052
469 353 233 298 1052
489 301 222 299 1053
469 354 239 299 1053
622 450 223 299 1053
489 302 224 300 1054
570 39 222 300 1054
309 351 224 300 1054
469 355 245 300 1054
489 303 229 301 1055
570 40 223 301 1055
309 352 223 301 1055
205 80 222 301 1055
469 356 241 301 1055
489 304 227 302 1056
570 41 227 302 1056
134 51 222 302 1056
469 357 230 302 1056
469 358 240 303 1057
469 359 239 304 1058
359 301 223 305 1059
134 54 231 305 1059
469 360 243 305 1059
359 302 223 306 1060
469 361 246 306 1060
359 303 224 307 1061
570 46 222 307 1061
469 362 244 307 1061
469 363 250 308 1062
570 48 225 309 1063
469 364 248 309 1063
570 49 226 310 1064
469 365 246 310 1064
359 307 221 311 1065
469 366 244 311 1065
359 308 224 312 1066
570 51 223 312 1066
469 367 246 312 1066
205 92 221 313 1067
469 368 230 313 1067
570 53 224 314 1068
469 369 223 314 1068
658 377 222 314 1068
570 54 227 315 1069
309 366 224 315 1069
469 370 229 315 1069
232 331 221 315 1069
658 378 227 315 1069
359 312 225 316 1070
100 84 225 316 1070
205 95 231 316 1070
309 367 231 316 1070
125 384 232 316 1070
565 377 227 316 1070
232 332 225 316 1070
658 379 236 316 1070
489 319 226 317 1071
309 368 231 317 1071
469 372 226 317 1071
232 333 223 317 1071
658 380 223 317 1071
761 375 222 317 1071
134 67 225 318 1072
309 369 232 318 1072
125 386 222 318 1072
658 381 228 318 1072
134 68 225 319 1073
309 370 228 319 1073
469 374 233 319 1073
134 69 222 320 1074
489 322 224 320 1074
469 375 222 320 1074
125 388 221 320 1074
658 383 224 320 1074
232 336 224 320 1074
469 376 232 321 1075
658 384 224 321 1075
489 324 231 322 1076
658 385 227 322 1076
489 325 225 323 1077
469 378 223 323 1077
489 327 230 325 1079
309 376 233 325 1079
658 388 224 325 1079
489 328 224 326 1080
489 330 222 328 1082
100 96 223 328 1082
309 379 222 328 1082
125 396 226 328 1082
658 391 223 328 1082
309 380 225 329 1083
570 69 221 330 1084
469 385 233 330 1084
516 390 222 331 1085
570 70 227 331 1085
469 386 231 331 1085
658 394 226 331 1085
232 347 224 331 1085
570 71 230 332 1086
134 81 221 332 1086
309 383 222 332 1086
469 387 237 332 1086
125 400 231 332 1086
232 348 224 332 1086
489 335 225 333 1087
570 72 224 333 1087
134 82 227 333 1087
309 384 221 333 1087
469 388 229 333 1087
125 401 229 333 1087
658 396 231 333 1087
232 349 223 334 1088
489 336 235 334 1088
134 83 231 334 1088
309 385 228 334 1088
469 389 226 334 1088
125 402 221 334 1088
489 337 239 335 1089
309 386 225 335 1089
469 390 224 335 1089
125 403 235 335 1089
658 398 222 335 1089
489 338 237 336 1090
570 75 226 336 1090
309 387 227 336 1090
469 391 225 336 1090
125 404 227 336 1090
761 394 224 336 1090
489 339 235 337 1091
570 76 225 337 1091
309 388 223 337 1091
469 392 221 337 1091
125 405 230 337 1091
761 395 225 338 1092
516 397 225 338 1092
359 334 225 338 1092
489 340 238 338 1092
100 106 222 338 1092
469 393 223 338 1092
125 406 232 338 1092
658 401 223 338 1092
761 396 227 338 1092
489 341 238 339 1093
570 78 225 339 1093
205 118 222 339 1093
469 394 231 339 1093
125 407 230 339 1093
232 355 221 340 1094
489 342 238 340 1094
570 79 226 340 1094
309 391 223 340 1094
469 395 235 340 1094
125 408 228 340 1094
232 356 223 341 1095
489 343 235 341 1095
570 80 223 341 1095
134 90 223 341 1095
469 396 226 341 1095
134 93 222 344 1098
469 399 226 344 1098
232 360 224 345 1099
658 407 225 345 1099
359 341 231 345 1099
570 84 226 345 1099
134 94 223 345 1099
309 396 222 345 1099
469 400 222 345 1099
125 413 223 345 1099
761 403 225 346 1100
232 361 228 346 1100
658 408 223 346 1100
489 348 224 346 1100
570 85 223 346 1100
134 95 229 346 1100
205 125 227 346 1100
469 401 221 346 1100
232 362 222 347 1101
658 409 224 347 1101
164 1 223 347 1101
359 343 224 347 1101
489 349 223 347 1101
205 126 221 347 1101
309 398 222 347 1101
469 402 235 347 1101
232 363 225 348 1102
658 410 235 348 1102
164 2 238 348 1102
489 350 222 348 1102
309 399 221 348 1102
469 403 222 348 1102
658 411 230 349 1103
164 3 236 349 1103
570 88 234 349 1103
309 400 230 349 1103
469 404 222 349 1103
761 407 222 349 1103
232 365 222 349 1103
658 412 246 350 1104
489 352 234 350 1104
309 401 225 350 1104
570 90 231 351 1105
309 402 221 351 1105
469 406 223 351 1105
761 409 222 351 1105
570 91 235 352 1106
309 403 226 352 1106
761 410 226 352 1106
359 349 223 353 1107
489 355 229 353 1107
134 102 224 353 1107
205 132 223 353 1107
469 408 222 353 1107
761 411 224 353 1107
232 369 221 353 1107
359 350 223 354 1108
489 356 225 354 1108
134 103 224 354 1108
205 133 225 354 1108
309 405 223 354 1108
761 412 228 354 1108
232 370 224 355 1109
164 9 225 355 1109
205 134 222 355 1109
565 416 221 355 1109
761 413 226 355 1109
232 371 221 356 1110
164 10 223 356 1110
489 358 231 356 1110
570 95 235 356 1110
309 407 228 356 1110
125 424 221 356 1110
761 414 226 356 1110
232 372 224 356 1110
565 418 224 357 1111
489 360 225 358 1112
570 97 237 358 1112
469 413 223 358 1112
570 98 227 359 1113
309 410 222 359 1113
469 414 222 359 1113
570 99 228 360 1114
469 415 221 360 1114
570 100 233 361 1115
309 412 228 361 1115
359 358 222 362 1116
570 101 230 362 1116
309 413 226 362 1116
232 378 221 362 1116
359 359 225 363 1117
570 102 222 363 1117
205 142 228 363 1117
469 418 223 363 1117
489 366 221 364 1118
359 360 225 364 1118
570 103 224 364 1118
100 132 221 364 1118
565 425 221 364 1118
164 19 225 365 1119
359 361 221 365 1119
489 367 222 365 1119
570 104 224 365 1119
100 133 223 365 1119
469 420 222 365 1119
658 428 225 366 1120
359 362 223 366 1120
570 105 222 366 1120
309 417 226 366 1120
469 421 227 366 1120
164 1 221 366 1120
359 363 222 367 1121
570 106 222 367 1121
469 422 224 367 1121
164 2 222 367 1121
570 107 223 368 1122
309 419 224 368 1122
469 423 222 368 1122
359 365 224 369 1123
489 371 223 369 1123
309 420 225 369 1123
164 4 221 369 1123
658 432 227 370 1124
359 366 221 370 1124
489 372 224 370 1124
309 421 221 370 1124
164 5 224 370 1124
359 367 224 371 1125
570 110 231 371 1125
164 6 221 371 1125
761 429 222 371 1125
570 113 221 374 1128
469 429 227 374 1128
164 9 223 374 1128
570 114 227 375 1129
309 426 225 375 1129
469 430 221 375 1129
125 443 227 376 1130
469 432 221 377 1131
570 117 222 378 1132
309 429 224 378 1132
164 13 222 378 1132
658 441 222 378 1132
658 442 224 379 1133
469 439 225 384 1138
735 79 221 385 1139
570 126 222 387 1141
469 442 224 387 1141
469 443 232 388 1142
469 444 231 389 1143
469 445 227 390 1144
469 446 222 391 1145
469 447 237 392 1146
134 142 223 393 1147
469 448 233 393 1147
469 449 235 394 1148
469 450 225 395 1149
469 451 232 396 1150
469 452 222 397 1151
658 460 227 397 1151
359 394 224 398 1152
489 400 224 398 1152
309 449 225 398 1152
469 453 227 398 1152
489 401 229 399 1153
309 450 223 399 1153
469 454 228 399 1153
565 460 221 399 1153
489 402 229 400 1154
309 451 222 400 1154
469 455 238 400 1154
489 403 229 401 1155
309 452 221 401 1155
469 456 222 401 1155
309 453 227 402 1156
164 37 222 402 1156
570 142 223 403 1157
469 458 234 403 1157
164 38 224 403 1157
565 464 221 403 1157
489 406 230 404 1158
469 459 231 404 1158
164 39 221 404 1158
232 8 222 405 1159
100 173 221 405 1159
469 460 237 405 1159
469 461 226 406 1160
570 146 221 407 1161
469 462 226 407 1161
489 410 223 408 1162
469 463 241 408 1162
164 43 224 408 1162
761 466 224 409 1163
489 411 222 409 1163
469 464 224 409 1163
164 44 227 409 1163
761 467 221 410 1164
469 465 231 410 1164
565 471 222 410 1164
761 468 226 411 1165
469 466 230 411 1165
761 469 222 412 1166
489 414 222 412 1166
134 161 221 412 1166
205 191 222 412 1166
469 467 227 412 1166
761 470 224 413 1167
469 468 222 413 1167
761 471 221 414 1168
134 163 221 414 1168
205 194 222 415 1169
309 466 222 415 1169
469 470 226 415 1169
565 476 221 415 1169
761 473 221 416 1170
570 156 221 417 1171
100 185 221 417 1171
309 468 221 417 1171
469 472 233 417 1171
232 5 221 418 1172
469 473 237 418 1172
761 476 221 419 1173
469 474 222 419 1173
658 482 224 419 1173
570 159 223 420 1174
100 188 222 420 1174
309 471 223 420 1174
469 475 236 420 1174
469 476 240 421 1175
469 477 239 422 1176
469 478 233 423 1177
469 479 237 424 1178
570 164 222 425 1179
309 476 222 425 1179
570 165 226 426 1180
489 428 222 426 1180
100 194 221 426 1180
469 481 223 426 1180
570 166 227 427 1181
489 429 221 427 1181
164 9 223 427 1181
100 196 221 428 1182
469 483 225 428 1182
100 197 221 429 1183
469 484 234 429 1183
565 490 221 430 1184
570 169 221 430 1184
164 12 223 430 1184
570 170 221 431 1185
469 486 226 431 1185
164 13 222 431 1185
761 489 224 432 1186
469 487 230 432 1186
565 493 222 433 1187
469 488 234 433 1187
469 489 221 434 1188
565 495 221 435 1189
469 491 228 436 1190
761 494 222 437 1191
469 492 238 437 1191
469 493 221 438 1192
469 494 237 439 1193
469 495 235 440 1194
469 496 231 441 1195
469 497 225 442 1196
469 498 222 443 1197
469 499 237 444 1198
761 502 222 445 1199
469 500 227 445 1199
658 508 222 445 1199
570 185 224 446 1200
469 501 229 446 1200
565 507 227 447 1201
570 186 222 447 1201
469 502 226 447 1201
469 503 231 448 1202
309 499 222 448 1202
164 30 223 448 1202
658 511 222 448 1202
469 504 232 449 1203
658 512 224 449 1203
100 218 221 450 1204
469 505 235 450 1204
164 32 227 450 1204
309 501 223 450 1204
469 506 223 451 1205
359 448 224 452 1206
489 454 224 452 1206
309 503 221 452 1206
469 507 231 452 1206
565 513 225 453 1207
761 510 226 453 1207
359 449 224 453 1207
489 455 223 453 1207
469 508 223 453 1207
469 509 239 454 1208
658 517 223 454 1208
565 515 222 455 1209
164 37 222 455 1209
658 518 225 455 1209
565 516 227 456 1210
489 458 227 456 1210
164 38 221 456 1210
469 511 243 456 1210
309 1 231 457 1211
761 514 225 457 1211
359 453 224 457 1211
489 459 227 457 1211
164 39 221 457 1211
469 512 241 457 1211
658 520 223 457 1211
309 2 221 458 1212
565 519 222 459 1213
359 455 222 459 1213
489 461 226 459 1213
469 514 223 459 1213
658 522 223 459 1213
565 520 226 460 1214
309 4 225 460 1214
761 517 228 460 1214
489 462 223 460 1214
469 515 227 460 1214
164 42 221 460 1214
658 523 221 460 1214
565 521 222 461 1215
761 518 222 461 1215
359 457 222 461 1215
489 463 222 461 1215
469 516 223 461 1215
565 522 226 462 1216
570 201 222 462 1216
164 44 230 462 1216
469 518 225 463 1217
205 242 222 463 1217
359 460 221 464 1218
489 466 224 464 1218
469 519 223 464 1218
164 46 223 464 1218
570 1 224 465 1219
761 522 223 465 1219
489 467 226 465 1219
469 520 233 465 1219
164 47 224 465 1219
658 528 222 465 1219
570 2 225 466 1220
469 521 226 466 1220
570 3 229 467 1221
761 524 221 467 1221
359 463 221 467 1221
570 4 224 468 1222
469 523 221 468 1222
125 536 224 468 1222
570 5 230 469 1223
761 526 224 469 1223
489 471 231 469 1223
125 543 221 475 1229
761 533 227 476 1230
489 478 228 476 1230
469 531 225 476 1230
565 537 226 476 1230
489 479 230 477 1231
565 538 227 477 1231
469 533 235 478 1232
658 541 223 478 1232
565 539 222 478 1232
469 534 236 479 1233
658 542 225 479 1233
565 540 222 479 1233
761 537 221 480 1234
469 535 222 480 1234
658 543 222 480 1234
309 25 223 481 1235
469 536 222 481 1235
125 549 226 481 1235
489 484 221 482 1236
232 61 221 482 1236
761 540 227 483 1237
658 546 223 483 1237
570 20 221 483 1237
489 486 224 484 1238
164 66 221 484 1238
469 540 224 485 1239
164 67 224 485 1239
761 543 224 486 1240
469 541 222 486 1240
164 68 230 486 1240
565 547 224 486 1240
309 31 225 487 1241
489 489 223 487 1241
469 542 228 487 1241
658 550 224 487 1241
761 545 231 488 1242
164 70 223 488 1242
565 549 221 488 1242
570 25 229 488 1242
489 491 226 489 1243
125 3 222 489 1243
164 71 224 489 1243
658 552 221 489 1243
565 550 221 489 1243
309 34 222 490 1244
359 486 224 490 1244
469 545 224 490 1244
658 553 222 490 1244
565 551 221 490 1244
761 548 221 491 1245
489 493 222 491 1245
469 546 225 491 1245
658 554 223 491 1245
309 36 225 492 1246
489 494 225 492 1246
469 547 225 492 1246
100 260 221 492 1246
565 553 222 492 1246
164 76 223 494 1248
125 9 223 495 1249
469 550 227 495 1249
565 556 223 495 1249
761 553 229 496 1250
489 498 223 496 1250
125 10 224 496 1250
100 264 228 496 1250
658 559 225 496 1250
164 78 226 496 1250
205 275 225 496 1250
565 557 227 496 1250
359 6 221 496 1250
469 552 227 497 1251
658 560 228 497 1251
761 555 223 498 1252
469 553 240 498 1252
658 561 227 498 1252
125 2 222 498 1252
164 80 222 498 1252
658 562 234 499 1253
125 3 228 499 1253
761 557 223 500 1254
658 563 230 500 1254
164 82 224 500 1254
205 279 223 500 1254
309 45 224 501 1255
761 558 222 501 1255
164 83 222 501 1255
359 11 225 501 1255
570 38 221 502 1256
761 559 224 502 1256
489 504 222 502 1256
469 557 237 502 1256
100 270 223 502 1256
658 565 227 502 1256
359 12 239 502 1256
761 560 249 503 1257
269 569 225 503 1257
291 555 233 503 1257
345 237 222 504 1258
309 48 223 504 1258
594 6 222 504 1258
396 46 225 504 1258
116 572 222 504 1258
287 265 221 504 1258
359 14 229 504 1258
331 545 231 505 1259
116 573 227 505 1259
735 199 222 505 1259
381 275 224 505 1259
359 15 224 505 1259
716 567 231 506 1260
116 574 224 506 1260
479 456 226 506 1260
632 108 224 506 1260
359 16 221 506 1260
276 549 223 506 1260
294 564 223 506 1260
445 555 228 507 1261
660 557 221 507 1261
50 555 221 508 1262
397 538 242 508 1262
771 436 222 508 1262
424 576 226 508 1262
726 135 235 508 1262
208 573 225 509 1263
725 11 227 509 1263
359 19 223 509 1263
5 572 223 510 1264
652 563 221 510 1264
618 574 221 511 1265
459 554 233 511 1265
262 27 234 511 1265
676 573 221 511 1265
638 558 223 511 1265
191 362 229 512 1266
150 336 224 512 1266
311 109 226 512 1266
576 541 231 512 1266
5 574 222 512 1266
383 569 240 512 1266
638 559 223 512 1266
157 582 222 513 1267
441 511 222 513 1267
383 570 231 513 1267
534 578 224 513 1267
618 577 224 514 1268
126 220 221 514 1268
157 583 224 514 1268
441 512 226 514 1268
441 513 222 515 1269
689 11 237 518 1272
576 547 230 518 1272
607 545 246 518 1272
383 575 245 518 1272
689 12 233 519 1273
607 546 242 519 1273
383 576 234 519 1273
126 226 233 520 1274
157 589 226 520 1274
689 13 227 520 1274
607 547 242 520 1274
383 577 243 520 1274
126 227 227 521 1275
157 590 231 521 1275
607 548 240 521 1275
383 578 223 521 1275
157 591 225 522 1276
689 15 224 522 1276
311 7 222 522 1276
126 229 241 523 1277
150 347 225 523 1277
157 592 233 523 1277
689 16 222 523 1277
576 552 224 523 1277
607 550 237 523 1277
126 230 230 524 1278
150 348 228 524 1278
607 551 227 524 1278
383 581 233 524 1278
150 349 226 525 1279
126 231 228 525 1279
157 594 222 525 1279
576 554 225 525 1279
607 552 222 525 1279
311 10 223 525 1279
383 582 229 525 1279
126 232 234 526 1280
689 19 224 526 1280
638 573 221 526 1280
126 233 235 527 1281
311 12 222 527 1281
383 584 231 527 1281
638 574 221 527 1281
150 352 221 528 1282
126 234 234 528 1282
576 557 221 528 1282
689 21 225 528 1282
607 555 223 528 1282
383 585 222 528 1282
126 235 232 529 1283
157 598 221 529 1283
576 558 233 529 1283
689 22 225 529 1283
311 14 221 529 1283
383 586 227 529 1283
126 236 237 530 1284
689 23 221 530 1284
311 15 224 530 1284
607 557 231 530 1284
383 587 223 530 1284
126 237 231 531 1285
576 560 225 531 1285
689 24 223 531 1285
392 594 223 531 1285
383 588 224 531 1285
126 238 233 532 1286
607 559 224 532 1286
383 589 225 532 1286
126 239 233 533 1287
150 358 221 534 1288
126 240 237 534 1288
392 597 221 534 1288
383 591 221 534 1288
126 241 235 535 1289
392 598 221 535 1289
126 242 232 536 1290
689 29 223 536 1290
607 563 221 536 1290
383 593 231 536 1290
126 243 246 537 1291
157 606 222 537 1291
383 594 233 537 1291
126 244 246 538 1292
689 31 221 538 1292
607 565 221 538 1292
383 595 234 538 1292
126 245 243 539 1293
607 566 222 539 1293
311 24 225 539 1293
383 596 232 539 1293
126 246 242 539 1293
689 33 225 540 1294
311 25 224 540 1294
383 597 227 540 1294
150 365 221 540 1294
126 247 245 541 1295
689 34 223 541 1295
607 568 223 541 1295
383 598 232 541 1295
311 1 221 541 1295
126 248 246 541 1295
576 571 224 542 1296
689 35 222 542 1296
383 599 230 542 1296
126 249 241 542 1296
607 570 223 543 1297
383 600 222 543 1297
126 250 239 543 1297
607 571 221 544 1298
383 601 224 544 1298
126 251 236 544 1298
607 572 221 545 1299
311 5 221 545 1299
126 252 236 545 1299
383 603 229 546 1300
126 253 235 546 1300
157 616 225 547 1301
383 604 227 547 1301
126 254 235 547 1301
607 575 221 548 1302
383 605 222 548 1302
126 255 235 548 1302
157 618 221 549 1303
689 42 222 549 1303
383 606 223 549 1303
126 256 234 549 1303
689 43 224 550 1304
607 577 223 550 1304
383 607 229 550 1304
126 257 237 550 1304
607 578 222 551 1305
126 258 238 551 1305
157 621 225 552 1306
689 45 222 552 1306
607 579 225 552 1306
383 609 221 552 1306
126 259 238 552 1306
157 622 228 553 1307
689 46 222 553 1307
607 580 226 553 1307
126 260 238 553 1307
157 623 225 554 1308
689 47 223 554 1308
607 581 225 554 1308
126 261 238 554 1308
157 624 227 555 1309
689 48 223 555 1309
607 582 225 555 1309
126 262 239 556 1310
607 583 223 556 1310
126 263 238 557 1311
157 626 224 557 1311
689 50 223 557 1311
392 620 221 557 1311
126 264 241 558 1312
157 627 227 558 1312
383 615 221 558 1312
126 265 241 559 1313
689 52 221 559 1313
126 266 241 560 1314
576 589 221 560 1314
689 53 222 560 1314
126 267 241 560 1314
157 630 224 561 1315
576 590 221 561 1315
607 588 226 561 1315
383 618 231 561 1315
126 268 237 561 1315
157 631 223 562 1316
607 589 225 562 1316
383 619 226 562 1316
311 22 223 562 1316
126 269 235 562 1316
607 590 231 563 1317
311 23 222 563 1317
126 270 236 563 1317
157 633 229 564 1318
150 389 224 564 1318
126 271 241 564 1318
392 628 221 565 1319
607 592 221 565 1319
126 272 231 565 1319
157 635 223 566 1320
392 629 221 566 1320
126 273 231 566 1320
157 636 230 567 1321
607 594 221 567 1321
126 274 235 567 1321
157 637 224 568 1322
689 61 226 568 1322
607 595 226 568 1322
126 275 233 568 1322
689 62 223 569 1323
607 596 223 569 1323
383 626 222 569 1323
126 276 234 569 1323
157 639 227 570 1324
689 63 225 570 1324
607 597 224 570 1324
126 277 235 570 1324
157 640 229 571 1325
607 598 222 571 1325
126 278 232 571 1325
157 641 221 572 1326
576 601 224 572 1326
607 599 222 572 1326
383 629 222 572 1326
126 279 238 572 1326
150 397 223 572 1326
689 66 221 573 1327
607 600 221 573 1327
126 280 239 573 1327
150 398 224 573 1327
607 601 222 574 1328
126 281 240 574 1328
157 644 227 575 1329
689 68 223 575 1329
576 604 235 575 1329
126 282 237 575 1329
157 645 221 576 1330
126 283 222 576 1330
157 646 223 577 1331
689 70 221 577 1331
383 634 227 577 1331
126 284 241 577 1331
689 71 225 578 1332
576 607 226 578 1332
607 605 231 578 1332
383 635 228 578 1332
126 285 241 578 1332
689 72 226 579 1333
576 608 224 579 1333
607 606 234 579 1333
383 636 237 579 1333
311 39 221 579 1333
126 286 241 579 1333
689 73 224 580 1334
576 609 225 580 1334
607 607 234 580 1334
383 637 237 580 1334
126 287 241 580 1334
689 74 224 581 1335
576 610 226 581 1335
607 608 235 581 1335
383 638 237 581 1335
126 288 239 581 1335
689 75 223 582 1336
576 611 228 582 1336
607 609 233 582 1336
383 639 237 582 1336
126 289 239 582 1336
576 612 223 583 1337
607 610 233 583 1337
383 640 237 583 1337
311 43 222 583 1337
126 290 239 583 1337
607 611 234 584 1338
383 641 235 584 1338
126 291 239 584 1338
607 612 226 585 1339
383 642 238 585 1339
126 292 239 585 1339
383 643 223 586 1340
126 293 237 586 1340
157 656 222 586 1340
150 411 225 587 1341
689 80 221 587 1341
383 644 225 587 1341
126 294 241 587 1341
607 615 226 588 1342
126 295 241 588 1342
150 413 224 589 1343
607 616 223 589 1343
311 49 222 589 1343
126 296 241 589 1343
150 414 221 590 1344
607 617 228 590 1344
126 297 242 590 1344
157 660 221 591 1345
607 618 226 591 1345
126 298 239 591 1345
607 619 227 592 1346
311 52 223 592 1346
126 299 239 592 1346
607 620 227 593 1347
311 53 221 593 1347
126 300 238 593 1347
689 87 222 594 1348
607 621 229 594 1348
383 651 223 594 1348
311 54 224 594 1348
126 301 225 594 1348
689 88 226 595 1349
607 622 229 595 1349
383 652 233 595 1349
311 55 224 595 1349
126 302 231 595 1349
689 89 223 596 1350
607 623 227 596 1350
383 653 224 596 1350
126 303 234 596 1350
689 90 225 597 1351
607 624 225 597 1351
311 57 222 597 1351
126 304 234 597 1351
157 667 223 598 1352
689 91 226 598 1352
607 625 225 598 1352
311 58 221 598 1352
126 305 235 598 1352
689 92 225 599 1353
126 306 237 600 1354
689 93 227 600 1354
607 627 223 600 1354
126 307 235 601 1355
689 94 227 601 1355
607 628 222 601 1355
311 61 224 601 1355
126 308 235 602 1356
689 95 225 602 1356
607 629 221 602 1356
311 62 223 602 1356
126 309 236 603 1357
689 96 225 603 1357
311 63 223 603 1357
126 310 239 604 1358
689 97 221 604 1358
392 667 222 604 1358
126 311 243 605 1359
576 634 222 605 1359
126 312 243 606 1360
157 675 222 606 1360
576 635 223 606 1360
689 99 221 606 1360
392 669 221 606 1360
126 313 247 607 1361
157 676 222 607 1361
689 100 225 607 1361
607 634 222 607 1361
126 314 243 608 1362
157 677 225 608 1362
689 101 226 608 1362
607 635 224 608 1362
126 315 243 609 1363
689 102 221 609 1363
607 636 231 609 1363
126 316 244 610 1364
157 679 225 610 1364
576 639 224 610 1364
689 103 221 610 1364
607 637 229 610 1364
392 673 223 610 1364
126 317 242 611 1365
157 680 225 611 1365
689 104 224 611 1365
607 638 230 611 1365
383 668 223 611 1365
126 318 251 612 1366
157 681 223 612 1366
607 639 224 612 1366
311 72 221 612 1366
126 319 228 613 1367
126 320 223 614 1368
126 321 222 615 1369
157 691 226 622 1376
126 328 223 622 1376
689 115 223 622 1376
157 692 232 623 1377
126 329 235 623 1377
689 116 223 623 1377
157 693 230 624 1378
126 330 235 624 1378
689 117 223 624 1378
157 694 232 625 1379
126 331 234 625 1379
689 118 224 625 1379
157 695 231 626 1380
126 332 235 626 1380
689 119 227 626 1380
157 696 232 627 1381
126 333 231 627 1381
689 120 227 627 1381
157 697 234 628 1382
126 334 224 628 1382
150 452 221 628 1382
157 698 229 629 1383
126 335 227 629 1383
157 699 231 630 1384
126 336 229 630 1384
157 700 230 631 1385
126 337 223 631 1385
157 701 231 632 1386
157 702 231 633 1387
383 690 221 633 1387
126 340 225 634 1388
689 127 221 634 1388
383 691 233 634 1388
157 704 223 635 1389
126 341 231 635 1389
689 128 221 635 1389
607 662 222 635 1389
311 95 223 635 1389
383 692 231 635 1389
157 705 224 636 1390
126 342 228 636 1390
607 663 227 636 1390
383 693 232 636 1390
126 343 229 637 1391
689 130 221 637 1391
607 664 221 637 1391
383 694 231 637 1391
157 707 228 638 1392
126 344 233 638 1392
607 665 222 638 1392
157 708 224 639 1393
126 345 228 639 1393
689 132 221 639 1393
607 666 223 639 1393
157 709 224 640 1394
126 346 239 640 1394
607 667 221 640 1394
157 710 233 641 1395
126 347 237 641 1395
150 465 221 641 1395
126 348 233 642 1396
126 349 233 643 1397
157 714 229 645 1399
126 351 224 645 1399
689 138 222 645 1399
126 352 230 646 1400
689 139 222 646 1400
157 716 225 647 1401
126 353 233 647 1401
383 704 223 647 1401
126 354 221 648 1402
383 705 222 648 1402
126 355 222 649 1403
383 706 221 649 1403
126 356 222 650 1404
126 357 226 651 1405
126 358 229 652 1406
126 359 230 653 1407
689 146 226 653 1407
126 360 222 654 1408
126 361 223 655 1409
126 364 222 658 1412
157 733 223 663 1417
157 734 223 664 1418
126 371 233 665 1419
126 372 232 666 1420
689 159 226 666 1420
126 373 233 667 1421
126 374 230 668 1422
383 725 224 668 1422
126 375 222 669 1423
383 726 223 669 1423
126 376 227 670 1424
126 377 227 671 1425
607 698 231 671 1425
126 378 221 672 1426
607 699 223 672 1426
126 379 222 673 1427
689 167 222 674 1428
607 701 224 674 1428
157 744 225 674 1428
126 381 224 675 1429
689 168 222 675 1429
157 745 223 676 1430
607 703 222 676 1430
689 169 226 676 1430
383 733 221 676 1430
126 383 222 677 1431
383 734 224 677 1431
126 384 222 678 1432
576 707 224 678 1432
383 735 223 678 1432
607 706 223 679 1433
576 708 222 679 1433
607 711 225 684 1438
383 741 224 684 1438
126 391 229 685 1439
383 742 226 685 1439
157 755 221 686 1440
126 392 235 686 1440
383 743 221 686 1440
689 179 223 686 1440
157 756 222 687 1441
126 393 234 687 1441
689 180 227 687 1441
157 757 227 688 1442
126 394 232 688 1442
150 512 221 688 1442
576 717 226 688 1442
383 745 223 688 1442
607 715 231 688 1442
689 181 223 688 1442
157 758 221 689 1443
126 395 233 689 1443
383 746 221 689 1443
576 718 230 689 1443
607 716 233 689 1443
157 759 222 690 1444
126 396 232 690 1444
576 719 223 690 1444
607 717 223 690 1444
383 747 226 690 1444
689 183 225 690 1444
607 718 228 691 1445
689 184 222 691 1445
638 738 221 692 1446
126 398 237 692 1446
150 516 222 692 1446
311 152 222 692 1446
126 399 235 693 1447
383 750 222 693 1447
607 720 221 693 1447
126 400 225 694 1448
383 751 221 694 1448
576 723 221 694 1448
689 187 223 694 1448
607 722 227 695 1449
126 402 221 696 1450
383 753 225 696 1450
607 723 224 696 1450
689 189 226 696 1450
126 403 224 697 1451
576 726 223 697 1451
157 767 230 697 1451
126 404 230 698 1452
607 725 225 698 1452
383 755 222 698 1452
576 727 223 698 1452
157 768 221 698 1452
126 405 225 699 1453
607 726 221 699 1453
576 728 225 699 1453
126 406 224 700 1454
607 727 225 700 1454
689 193 221 700 1454
576 729 224 700 1454
126 407 225 701 1455
383 758 225 701 1455
157 771 223 702 1456
126 408 233 702 1456
383 759 225 702 1456
576 731 222 702 1456
126 409 231 703 1457
383 760 225 703 1457
576 732 222 703 1457
126 410 221 704 1458
383 761 223 704 1458
576 733 225 704 1458
383 762 223 705 1459
126 412 233 706 1460
383 763 225 706 1460
311 166 221 706 1460
126 413 226 707 1461
383 764 222 707 1461
157 777 231 707 1461
383 765 231 708 1462
607 735 233 708 1462
126 416 235 710 1464
576 739 229 710 1464
126 417 226 711 1465
383 768 221 711 1465
576 740 230 711 1465
126 418 234 712 1466
383 769 223 712 1466
576 741 231 712 1466
311 172 224 712 1466
126 419 229 713 1467
383 770 223 713 1467
392 776 221 713 1467
689 206 221 713 1467
126 420 225 714 1468
126 421 228 715 1469
383 772 223 715 1469
126 422 227 716 1470
383 773 225 716 1470
126 423 227 717 1471
383 774 225 717 1471
576 746 224 717 1471
689 210 221 717 1471
126 424 229 718 1472
383 775 221 718 1472
576 747 224 718 1472
576 748 225 719 1473
689 212 233 719 1473
157 789 222 719 1473
392 783 225 720 1474
392 785 229 722 1476
638 769 227 723 1477
126 429 241 723 1477
576 752 229 723 1477
689 216 222 723 1477
157 793 230 723 1477
126 430 226 724 1478
576 753 223 724 1478
576 754 223 725 1479
576 755 227 726 1480
126 433 226 727 1481
383 784 221 727 1481
126 434 224 728 1482
383 785 227 728 1482
576 757 222 728 1482
689 221 221 728 1482
126 435 231 729 1483
383 786 225 729 1483
392 792 222 729 1483
126 436 235 730 1484
383 787 225 730 1484
392 793 222 730 1484
126 437 227 731 1485
383 788 232 731 1485
607 758 231 731 1485
392 794 223 731 1485
576 760 233 731 1485
576 767 226 738 1492
607 765 224 738 1492
392 801 227 738 1492
689 231 227 738 1492
157 808 224 739 1493
638 785 225 739 1493
126 445 232 739 1493
383 796 226 739 1493
157 809 224 740 1494
126 446 241 740 1494
383 797 225 740 1494
607 767 226 740 1494
392 803 221 740 1494
126 447 238 741 1495
383 798 230 741 1495
607 768 230 741 1495
126 448 230 742 1496
576 771 222 742 1496
607 769 226 742 1496
689 235 226 742 1496
126 449 239 743 1497
383 800 227 743 1497
638 790 224 744 1498
311 8 222 744 1498
126 450 227 744 1498
150 568 223 744 1498
576 773 227 744 1498
689 237 227 744 1498
638 791 222 745 1499
311 9 222 745 1499
383 802 221 745 1499
630 174 226 745 1499
399 46 228 746 1500
503 801 229 746 1500
320 62 224 749 1503
729 223 222 750 1504
619 780 235 750 1504
782 756 228 750 1504
568 312 237 750 1504
420 665 239 750 1504
243 50 222 750 1504
31 813 237 750 1504
253 556 223 750 1504
320 63 225 750 1504
523 800 222 750 1504
480 250 235 751 1505
732 763 231 751 1505
587 804 233 751 1505
482 954 223 752 1506
659 47 232 752 1506
732 764 239 752 1506
420 667 222 752 1506
336 95 221 752 1506
133 822 222 752 1506
192 47 227 752 1506
164 334 224 752 1506
533 88 221 752 1506
70 20 225 752 1506
64 793 222 753 1507
468 813 225 753 1507
697 812 234 753 1507
201 981 225 753 1507
278 818 236 753 1507
401 800 222 753 1507
402 293 223 753 1507
531 792 231 753 1507
587 806 222 753 1507
70 21 238 753 1507
668 817 225 753 1507
625 2 222 754 1508
476 272 232 754 1508
659 49 227 754 1508
284 817 224 754 1508
420 669 248 754 1508
697 813 223 754 1508
402 294 222 754 1508
233 820 225 755 1509
688 207 221 755 1509
518 818 233 755 1509
533 91 222 755 1509
60 824 231 755 1509
668 819 225 755 1509
171 67 224 756 1510
687 825 226 756 1510
788 780 227 756 1510
532 19 224 756 1510
102 811 230 756 1510
190 591 230 756 1510
89 821 227 756 1510
235 379 224 756 1510
402 296 226 756 1510
506 276 221 756 1510
74 824 235 757 1511
123 798 234 757 1511
235 380 229 757 1511
133 827 222 757 1511
506 277 228 757 1511
518 820 223 757 1511
435 697 230 757 1511
533 93 225 757 1511
668 821 226 757 1511
112 802 226 758 1512
687 827 222 758 1512
38 282 222 758 1512
192 53 237 758 1512
583 17 221 758 1512
6 18 231 758 1512
668 822 222 758 1512
476 277 242 759 1513
426 11 225 759 1513
687 828 223 759 1513
422 811 225 759 1513
192 54 225 759 1513
583 18 228 759 1513
6 19 246 759 1513
476 278 238 760 1514
112 804 235 760 1514
422 812 222 760 1514
687 829 222 760 1514
481 579 221 760 1514
192 55 239 760 1514
583 19 235 760 1514
6 20 239 760 1514
476 279 242 761 1515
422 813 237 761 1515
490 756 225 761 1515
192 56 238 761 1515
583 20 224 761 1515
6 21 236 761 1515
331 160 224 761 1515
157 831 230 762 1516
476 280 233 762 1516
449 575 222 762 1516
785 813 227 762 1516
422 814 225 762 1516
687 831 226 762 1516
481 581 222 762 1516
160 815 221 762 1516
366 3 223 762 1516
649 244 223 762 1516
392 825 223 762 1516
164 344 225 762 1516
533 98 231 762 1516
549 814 229 762 1516
200 22 232 763 1517
334 754 224 763 1517
36 815 221 763 1517
634 152 232 763 1517
374 822 225 763 1517
259 202 225 763 1517
186 88 246 763 1517
602 803 232 763 1517
607 790 225 763 1517
200 23 237 763 1517
733 825 221 764 1518
562 111 222 764 1518
476 282 225 764 1518
444 832 221 764 1518
516 823 224 764 1518
426 16 245 764 1518
785 815 231 764 1518
788 788 228 764 1518
272 829 222 764 1518
422 816 222 764 1518
687 833 231 764 1518
102 819 232 764 1518
209 672 221 764 1518
331 1 231 764 1518
490 759 230 764 1518
506 284 225 764 1518
583 23 237 764 1518
192 59 235 764 1518
6 24 236 764 1518
668 828 224 764 1518
495 811 222 764 1518
157 834 245 764 1518
476 283 232 765 1519
449 578 224 765 1519
112 809 233 765 1519
422 817 226 765 1519
687 834 228 765 1519
481 584 233 765 1519
490 760 221 765 1519
583 24 239 765 1519
192 60 232 765 1519
164 347 222 765 1519
6 25 237 765 1519
157 835 239 765 1519
476 284 235 766 1520
112 810 225 766 1520
449 579 221 766 1520
422 818 227 766 1520
687 835 226 766 1520
331 3 231 766 1520
481 585 224 766 1520
506 286 222 766 1520
583 25 242 766 1520
192 61 225 766 1520
164 348 222 766 1520
6 26 221 766 1520
476 285 231 767 1521
112 811 233 767 1521
583 26 244 767 1521
192 62 240 767 1521
6 27 241 767 1521
60 836 224 767 1521
476 286 221 768 1522
112 812 223 768 1522
422 820 223 768 1522
687 837 223 768 1522
583 27 235 768 1522
192 63 235 768 1522
6 28 239 768 1522
625 17 225 769 1523
476 287 221 769 1523
112 813 231 769 1523
422 821 222 769 1523
687 838 227 769 1523
331 6 224 769 1523
481 588 224 769 1523
490 764 221 769 1523
583 28 242 769 1523
602 809 223 769 1523
192 64 241 769 1523
6 29 241 769 1523
112 814 229 770 1524
426 22 221 770 1524
700 688 225 770 1524
583 29 247 770 1524
192 65 239 770 1524
6 30 246 770 1524
157 840 233 771 1525
476 289 223 771 1525
449 584 221 771 1525
700 689 223 771 1525
481 590 223 771 1525
583 30 246 771 1525
192 66 227 771 1525
6 31 246 771 1525
157 841 235 772 1526
625 20 221 772 1526
476 290 235 772 1526
192 67 231 772 1526
583 31 242 772 1526
6 32 243 773 1527
157 842 246 773 1527
476 291 232 773 1527
112 817 221 773 1527
185 12 224 773 1527
101 817 223 773 1527
192 68 241 773 1527
583 32 235 773 1527
157 843 241 773 1527
629 750 223 774 1528
476 292 233 774 1528
112 818 224 774 1528
185 13 223 774 1528
74 841 229 774 1528
481 593 224 774 1528
101 818 221 774 1528
692 771 224 774 1528
530 95 223 774 1528
160 827 221 774 1528
506 294 223 774 1528
192 69 223 774 1528
263 418 224 774 1528
583 33 225 774 1528
42 484 222 774 1528
365 498 230 774 1528
217 838 223 775 1529
510 88 224 775 1529
616 643 235 775 1529
735 468 229 775 1529
589 844 224 775 1529
463 32 227 775 1529
787 523 222 775 1529
432 35 227 775 1529
395 767 224 775 1529
325 833 222 775 1529
425 712 221 775 1529
757 279 227 776 1530
36 828 226 776 1530
756 156 223 776 1530
412 783 236 776 1530
394 832 229 777 1531
134 189 227 777 1531
167 472 222 777 1531
98 833 235 777 1531
626 127 222 777 1531
325 835 223 777 1531
657 837 223 777 1531
397 211 222 777 1531
532 41 222 778 1532
552 836 226 778 1532
331 15 222 778 1532
458 848 225 778 1532
393 586 223 778 1532
547 843 223 780 1534
72 292 225 781 1535
118 299 225 782 1536
538 828 230 783 1537
18 834 236 783 1537
547 846 232 783 1537
18 835 223 784 1538
428 47 222 784 1538
538 830 236 785 1539
428 48 236 785 1539
18 836 233 785 1539
618 194 239 785 1539
494 367 225 785 1539
538 831 224 786 1540
618 195 240 786 1540
655 100 224 787 1541
244 844 235 789 1543
244 845 225 790 1544
241 856 225 790 1544
241 857 233 791 1545
39 858 227 791 1545
241 858 252 792 1546
85 535 223 793 1547
241 859 245 793 1547
426 46 229 794 1548
241 860 226 794 1548
270 350 227 795 1549
241 861 245 795 1549
463 53 233 796 1550
495 843 225 797 1551
495 844 224 798 1552
463 55 225 798 1552
391 783 225 798 1552
106 319 233 798 1552
495 845 227 799 1553
463 56 224 799 1553
277 52 222 799 1553
367 533 221 800 1554
463 57 228 800 1554
495 847 233 801 1555
66 793 225 801 1555
463 58 225 801 1555
495 848 235 801 1555
463 59 223 802 1556
495 849 237 802 1556
463 60 232 803 1557
495 850 230 803 1557
288 39 222 804 1558
463 61 231 804 1558
495 851 221 805 1559
288 40 228 805 1559
171 116 223 805 1559
463 62 224 805 1559
247 865 226 805 1559
495 852 231 806 1560
288 41 228 806 1560
463 63 221 806 1560
495 853 227 807 1561
221 867 243 807 1561
288 42 229 807 1561
463 64 236 807 1561
250 863 225 807 1561
495 854 240 808 1562
463 65 239 808 1562
495 855 245 809 1563
463 66 235 809 1563
495 856 235 809 1563
463 67 237 810 1564
203 233 239 810 1564
83 307 223 810 1564
495 857 236 810 1564
288 46 237 811 1565
463 68 236 811 1565
495 858 242 811 1565
288 47 232 812 1566
463 69 237 812 1566
579 882 231 812 1566
495 859 239 812 1566
288 48 224 813 1567
106 334 223 813 1567
579 883 225 813 1567
495 860 244 813 1567
288 49 230 814 1568
463 71 238 814 1568
589 883 222 814 1568
579 884 231 814 1568
495 861 230 814 1568
288 50 226 815 1569
463 72 230 815 1569
579 885 224 815 1569
495 862 239 815 1569
288 51 225 816 1570
463 73 231 816 1570
203 239 226 816 1570
495 863 235 816 1570
288 52 226 817 1571
463 74 233 817 1571
495 864 235 817 1571
288 53 224 818 1572
101 862 231 818 1572
392 881 222 818 1572
495 865 237 818 1572
463 76 222 819 1573
101 863 233 819 1573
392 882 224 819 1573
495 866 224 819 1573
463 77 229 820 1574
700 738 230 820 1574
101 864 228 820 1574
392 883 224 820 1574
495 867 227 820 1574
101 865 231 821 1575
392 884 234 821 1575
495 868 236 821 1575
101 866 226 822 1576
495 869 223 823 1577
463 80 222 823 1577
101 867 223 823 1577
495 870 226 824 1578
288 59 231 824 1578
101 868 225 824 1578
495 871 224 825 1579
380 824 222 825 1579
101 869 222 825 1579
397 259 240 825 1579
495 872 226 826 1580
86 581 227 826 1580
288 61 223 826 1580
484 23 246 826 1580
101 870 226 826 1580
392 889 221 826 1580
495 873 230 827 1581
288 62 224 827 1581
101 871 224 827 1581
495 874 231 828 1582
101 872 221 828 1582
288 64 222 829 1583
380 828 223 829 1583
101 873 226 829 1583
250 885 237 829 1583
392 892 222 829 1583
288 65 225 830 1584
101 874 228 830 1584
495 877 229 830 1584
463 88 223 831 1585
101 875 237 831 1585
531 870 225 831 1585
495 878 235 831 1585
392 894 234 832 1586
380 831 231 832 1586
101 876 239 832 1586
531 871 224 832 1586
495 879 238 832 1586
392 895 224 833 1587
288 68 223 833 1587
380 832 227 833 1587
101 877 231 833 1587
531 872 237 833 1587
495 880 232 833 1587
392 896 228 834 1588
288 69 231 834 1588
463 91 223 834 1588
428 97 221 834 1588
380 833 221 834 1588
101 878 233 834 1588
495 881 230 835 1589
288 70 223 835 1589
380 834 221 835 1589
101 879 230 835 1589
531 874 223 835 1589
392 898 227 836 1590
495 882 237 836 1590
288 71 227 836 1590
463 93 229 836 1590
380 835 224 836 1590
531 875 226 836 1590
392 899 232 836 1590
495 883 233 837 1591
6 96 226 837 1591
288 72 224 837 1591
101 881 221 837 1591
531 876 227 837 1591
583 96 236 837 1591
157 907 224 837 1591
453 8 227 838 1592
6 97 239 838 1592
288 73 233 838 1592
380 837 232 838 1592
102 893 226 838 1592
101 882 231 838 1592
583 97 237 838 1592
157 908 221 839 1593
6 98 233 839 1593
629 815 225 839 1593
288 74 230 839 1593
101 883 230 839 1593
583 98 227 839 1593
494 421 232 839 1593
392 902 228 840 1594
157 909 221 840 1594
495 886 237 840 1594
6 99 235 840 1594
288 75 235 840 1594
547 903 237 840 1594
102 895 240 840 1594
422 70 221 840 1594
583 99 243 840 1594
494 422 224 840 1594
157 910 227 841 1595
495 887 230 841 1595
6 100 224 841 1595
288 76 227 841 1595
687 910 242 841 1595
547 904 228 841 1595
102 896 249 841 1595
583 100 241 841 1595
484 1 221 842 1596
23 378 233 842 1596
27 559 223 842 1596
687 911 229 842 1596
547 905 229 842 1596
102 897 242 842 1596
583 101 239 843 1597
587 895 231 843 1597
6 102 223 843 1597
687 912 231 843 1597
547 906 225 843 1597
102 898 245 843 1597
101 887 227 843 1597
583 102 244 844 1598
494 425 222 844 1598
6 103 244 844 1598
495 890 221 844 1598
288 79 233 844 1598
428 107 226 844 1598
687 913 223 844 1598
66 20 223 844 1598
102 899 247 844 1598
332 106 221 844 1598
101 888 246 844 1598
583 103 247 844 1598
157 914 231 845 1599
687 914 231 845 1599
102 900 243 845 1599
101 889 239 845 1599
583 104 236 846 1600
157 915 225 846 1600
6 105 237 846 1600
728 739 224 846 1600
547 909 222 846 1600
102 901 243 846 1600
101 890 221 846 1600
583 105 236 847 1601
397 280 225 847 1601
6 106 245 847 1601
687 916 233 847 1601
102 902 235 847 1601
186 172 233 847 1601
157 917 223 848 1602
583 106 239 848 1602
6 107 243 848 1602
687 917 235 848 1602
102 903 248 848 1602
223 347 223 848 1602
101 892 221 848 1602
186 173 232 848 1602
349 904 229 848 1602
583 107 246 849 1603
6 108 245 849 1603
687 918 239 849 1603
102 904 247 849 1603
101 893 224 849 1603
186 174 235 849 1603
157 919 237 850 1604
583 108 241 850 1604
6 109 246 850 1604
102 905 229 850 1604
186 175 226 850 1604
157 920 221 851 1605
583 109 235 851 1605
6 110 240 851 1605
56 331 231 851 1605
532 114 224 851 1605
687 920 221 851 1605
102 906 245 851 1605
277 104 226 851 1605
322 900 229 851 1605
101 895 226 851 1605
186 176 229 851 1605
157 921 235 852 1606
583 110 254 852 1606
6 111 229 852 1606
687 921 239 852 1606
102 907 228 852 1606
277 105 230 852 1606
186 177 239 852 1606
583 111 234 853 1607
157 922 222 853 1607
6 112 229 853 1607
687 922 241 853 1607
102 908 239 853 1607
277 106 237 853 1607
101 897 226 853 1607
186 178 237 853 1607
583 112 228 853 1607
157 923 224 853 1607
6 113 221 854 1608
102 909 242 854 1608
277 107 223 854 1608
186 179 233 854 1608
583 113 236 855 1609
687 924 238 855 1609
102 910 243 855 1609
277 108 222 855 1609
101 899 223 855 1609
186 180 228 855 1609
583 114 227 855 1609
687 925 242 856 1610
102 911 230 856 1610
287 617 227 856 1610
277 109 236 856 1610
101 900 231 856 1610
583 115 224 856 1610
6 116 237 857 1611
687 926 243 857 1611
102 912 239 857 1611
277 110 241 857 1611
583 116 244 858 1612
157 927 245 858 1612
6 117 237 858 1612
102 913 231 858 1612
287 619 224 858 1612
322 907 227 858 1612
277 111 242 858 1612
577 282 221 858 1612
583 117 239 859 1613
157 928 238 859 1613
6 118 227 859 1613
102 914 233 859 1613
277 112 242 859 1613
583 118 227 860 1614
6 119 231 860 1614
102 915 242 860 1614
687 929 229 860 1614
332 122 222 860 1614
277 113 239 860 1614
288 96 238 861 1615
102 916 229 861 1615
687 930 231 861 1615
277 114 232 861 1615
506 381 239 861 1615
101 905 241 861 1615
84 921 224 862 1616
685 45 226 862 1616
6 121 228 862 1616
288 97 233 862 1616
123 903 237 862 1616
762 207 228 862 1616
287 623 237 862 1616
416 58 223 862 1616
332 124 223 862 1616
322 911 221 862 1616
506 382 222 862 1616
227 848 233 862 1616
531 901 234 862 1616
489 864 226 862 1616
583 121 221 862 1616
765 2 221 862 1616
510 176 223 863 1617
75 42 222 863 1617
288 98 236 863 1617
459 906 231 863 1617
66 39 235 863 1617
287 624 237 863 1617
416 59 231 863 1617
332 125 222 863 1617
9 927 228 863 1617
227 849 224 863 1617
402 24 231 863 1617
531 902 231 863 1617
191 10 238 864 1618
67 860 224 864 1618
390 920 226 864 1618
587 917 228 864 1618
413 340 230 865 1619
66 41 225 865 1619
442 923 225 866 1620
324 285 238 866 1620
751 279 228 866 1620
459 909 221 866 1620
554 927 222 867 1621
459 910 221 867 1621
671 936 226 867 1621
66 43 224 867 1621
557 159 227 867 1621
382 921 245 867 1621
662 772 221 867 1621
703 912 233 867 1621
254 757 224 867 1621
510 181 226 868 1622
459 911 231 868 1622
278 933 222 868 1622
459 912 224 869 1623
278 934 240 869 1623
552 927 225 869 1623
37 586 226 869 1623
397 303 230 869 1623
510 183 223 870 1624
510 184 247 871 1625
658 933 231 871 1625
584 843 223 871 1625
506 391 239 871 1625
774 935 221 871 1625
658 934 225 872 1626
10 439 237 872 1626
18 923 222 872 1626
584 844 233 872 1626
350 937 223 872 1626
652 236 227 872 1626
506 392 251 872 1626
33 897 225 872 1626
774 936 231 872 1626
658 935 245 873 1627
10 440 229 873 1627
561 23 231 873 1627
584 845 230 873 1627
18 924 233 873 1627
439 857 221 873 1627
350 938 223 873 1627
652 237 226 873 1627
295 905 221 873 1627
506 393 241 873 1627
774 937 231 873 1627
658 936 246 874 1628
10 441 225 874 1628
584 846 234 874 1628
18 925 249 874 1628
350 939 235 874 1628
322 923 227 874 1628
652 238 236 874 1628
506 394 246 874 1628
774 938 245 874 1628
82 22 227 874 1628
584 847 247 875 1629
18 926 248 875 1629
295 907 226 875 1629
506 395 235 875 1629
774 939 222 875 1629
82 23 243 875 1629
453 46 225 876 1630
18 927 224 876 1630
350 941 232 876 1630
295 908 236 876 1630
652 240 226 876 1630
454 941 223 876 1630
774 940 222 876 1630
10 1 225 877 1631
453 47 233 877 1631
658 939 231 877 1631
582 932 239 877 1631
584 849 223 877 1631
18 928 232 877 1631
294 35 242 877 1631
350 942 233 877 1631
454 942 229 877 1631
10 1 241 878 1632
658 940 246 878 1632
582 933 230 878 1632
584 850 237 878 1632
18 929 224 878 1632
295 910 226 878 1632
652 242 221 878 1632
332 140 222 878 1632
10 2 222 879 1633
658 941 226 879 1633
350 944 234 879 1633
295 911 231 879 1633
652 243 237 879 1633
332 141 221 879 1633
82 27 238 879 1633
658 942 222 880 1634
584 852 233 880 1634
295 912 226 880 1634
652 244 222 880 1634
773 866 223 880 1634
506 400 233 880 1634
454 945 221 880 1634
658 943 223 881 1635
584 853 240 881 1635
18 932 237 881 1635
295 913 226 881 1635
332 143 221 881 1635
506 401 234 881 1635
33 906 223 881 1635
454 946 223 881 1635
294 1 224 881 1635
584 854 231 882 1636
506 402 221 882 1636
294 2 222 882 1636
658 945 231 883 1637
584 855 225 883 1637
773 869 223 883 1637
506 403 227 883 1637
33 908 227 883 1637
82 31 227 883 1637
294 3 228 883 1637
584 856 234 884 1638
506 404 233 884 1638
658 947 223 885 1639
584 857 224 885 1639
18 936 223 885 1639
652 249 227 885 1639
773 871 221 885 1639
506 405 237 885 1639
658 948 231 886 1640
584 858 228 886 1640
652 250 223 886 1640
454 951 222 886 1640
506 406 222 886 1640
33 911 223 886 1640
82 34 221 886 1640
774 950 221 886 1640
192 181 224 887 1641
658 949 233 887 1641
79 14 221 887 1641
584 859 227 887 1641
18 938 227 887 1641
350 952 224 887 1641
652 251 222 887 1641
295 919 223 887 1641
332 149 225 887 1641
773 873 227 887 1641
506 407 227 887 1641
33 912 230 887 1641
774 951 233 887 1641
658 950 232 888 1642
582 943 227 888 1642
18 939 231 888 1642
584 860 232 888 1642
350 953 226 888 1642
773 874 227 888 1642
294 8 225 888 1642
658 951 227 889 1643
584 861 230 889 1643
18 940 223 889 1643
192 184 222 890 1644
584 862 226 890 1644
18 941 223 890 1644
350 955 227 890 1644
658 953 227 891 1645
584 863 231 891 1645
454 956 223 891 1645
773 877 224 891 1645
33 916 230 891 1645
294 11 231 891 1645
658 954 223 892 1646
584 864 227 892 1646
18 943 234 892 1646
652 256 224 892 1646
506 412 221 892 1646
774 956 221 892 1646
294 12 225 892 1646
658 955 225 893 1647
18 944 232 893 1647
652 257 221 893 1647
295 925 226 893 1647
506 413 225 893 1647
294 13 229 893 1647
192 188 223 893 1647
658 956 224 894 1648
18 945 229 894 1648
652 258 222 894 1648
294 14 228 894 1648
658 957 222 895 1649
584 867 232 895 1649
18 946 230 895 1649
506 415 226 895 1649
294 15 223 896 1650
584 868 231 896 1650
506 416 222 896 1650
294 16 230 897 1651
294 17 230 898 1652
658 960 223 898 1652
584 870 226 898 1652
652 262 222 898 1652
506 418 226 898 1652
294 18 226 898 1652
658 961 222 899 1653
582 954 222 899 1653
652 263 221 899 1653
506 419 224 899 1653
584 872 233 900 1654
652 264 222 900 1654
658 963 223 901 1655
33 926 222 901 1655
434 954 221 901 1655
506 421 221 901 1655
658 964 224 902 1656
584 874 222 902 1656
18 953 229 902 1656
584 875 229 903 1657
18 954 223 903 1657
18 955 224 904 1658
773 890 223 904 1658
33 929 224 904 1658
506 424 223 904 1658
294 24 225 905 1659
658 967 222 905 1659
18 956 229 905 1659
33 930 226 905 1659
773 891 222 905 1659
332 167 222 905 1659
584 878 226 906 1660
18 957 230 906 1660
773 892 224 906 1660
332 168 223 906 1660
294 26 221 907 1661
658 969 221 907 1661
584 879 224 907 1661
18 958 228 907 1661
652 272 221 908 1662
33 933 221 908 1662
652 273 225 909 1663
82 57 224 909 1663
33 934 224 909 1663
658 972 224 910 1664
773 896 227 910 1664
584 883 222 911 1665
350 976 225 911 1665
332 173 222 911 1665
10 35 225 912 1666
294 31 225 912 1666
192 206 225 912 1666
658 974 221 912 1666
584 884 229 912 1666
652 276 222 912 1666
773 898 222 912 1666
82 60 224 912 1666
332 174 222 912 1666
584 885 226 913 1667
652 277 222 913 1667
82 61 225 913 1667
773 899 221 913 1667
506 433 226 913 1667
18 965 233 914 1668
350 979 221 914 1668
773 900 221 914 1668
506 434 225 914 1668
192 209 221 915 1669
658 977 224 915 1669
584 887 223 915 1669
18 966 221 915 1669
33 940 222 915 1669
294 35 223 916 1670
658 978 227 916 1670
584 888 223 916 1670
18 967 222 916 1670
332 178 221 916 1670
773 902 224 916 1670
506 436 225 916 1670
192 211 222 917 1671
294 36 222 917 1671
658 979 221 917 1671
584 889 224 917 1671
506 437 227 917 1671
294 37 223 918 1672
658 980 225 918 1672
584 890 222 918 1672
18 969 232 918 1672
652 282 224 918 1672
294 38 229 919 1673
584 891 224 919 1673
773 905 224 919 1673
506 439 222 919 1673
584 892 225 920 1674
773 906 227 920 1674
33 945 222 920 1674
294 40 224 921 1675
192 215 223 921 1675
584 893 229 921 1675
18 972 223 921 1675
652 285 221 921 1675
350 986 221 921 1675
773 907 222 921 1675
33 946 221 921 1675
294 41 223 922 1676
658 984 222 922 1676
584 894 227 922 1676
18 973 227 922 1676
773 908 222 922 1676
294 42 225 923 1677
192 217 222 923 1677
658 985 224 923 1677
584 895 223 923 1677
18 974 227 923 1677
773 909 226 923 1677
82 71 222 923 1677
294 43 224 924 1678
658 986 225 924 1678
773 910 221 924 1678
295 956 222 924 1678
774 988 222 924 1678
506 444 230 924 1678
294 44 226 924 1678
658 987 231 925 1679
584 897 238 925 1679
18 976 235 925 1679
454 990 221 925 1679
773 911 229 925 1679
295 957 224 925 1679
294 45 224 926 1680
658 988 236 926 1680
584 898 236 926 1680
18 977 237 926 1680
652 290 226 926 1680
773 912 223 926 1680
295 958 222 926 1680
506 446 223 927 1681
294 46 228 927 1681
192 221 224 927 1681
658 989 231 927 1681
584 899 237 927 1681
18 978 237 927 1681
652 291 222 927 1681
773 913 224 927 1681
332 189 221 927 1681
295 959 223 927 1681
294 47 226 928 1682
192 222 224 928 1682
658 990 221 928 1682
584 900 237 928 1682
18 979 230 928 1682
773 914 225 928 1682
295 960 223 928 1682
294 48 229 929 1683
506 448 236 929 1683
192 223 227 929 1683
658 991 235 929 1683
584 901 238 929 1683
18 980 229 929 1683
454 994 221 929 1683
652 293 222 929 1683
506 449 225 930 1684
192 224 225 930 1684
658 992 231 930 1684
582 985 222 930 1684
584 902 230 930 1684
18 981 231 930 1684
454 995 222 930 1684
652 294 221 930 1684
773 916 223 930 1684
506 450 227 931 1685
192 225 224 931 1685
658 993 226 931 1685
584 903 230 931 1685
18 982 233 931 1685
652 295 222 931 1685
773 917 225 931 1685
506 451 228 931 1685
192 226 221 932 1686
658 994 225 932 1686
582 987 226 932 1686
584 904 235 932 1686
18 983 232 932 1686
773 918 222 932 1686
33 957 222 932 1686
295 964 223 932 1686
192 227 226 933 1687
658 995 231 933 1687
584 905 238 933 1687
18 984 225 933 1687
773 919 224 933 1687
506 453 227 934 1688
192 228 222 934 1688
658 996 221 934 1688
584 906 235 934 1688
18 985 225 934 1688
773 920 226 934 1688
506 454 231 935 1689
658 997 224 935 1689
652 299 221 935 1689
773 921 223 935 1689
33 960 224 935 1689
294 55 223 936 1690
506 455 224 936 1690
584 908 225 936 1690
33 961 222 936 1690
294 56 225 937 1691
658 999 222 937 1691
584 909 226 937 1691
18 988 224 937 1691
454 1002 221 937 1691
506 457 227 938 1692
584 910 228 938 1692
18 989 232 938 1692
506 458 222 939 1693
18 990 228 939 1693
773 925 223 939 1693
295 971 221 939 1693
506 459 222 940 1694
454 1005 221 940 1694
658 1003 222 941 1695
773 927 225 941 1695
454 1006 223 941 1695
82 89 223 941 1695
506 461 223 942 1696
192 236 222 942 1696
658 1004 230 942 1696
584 914 224 942 1696
773 928 224 942 1696
652 306 223 942 1696
506 462 225 943 1697
658 1005 225 943 1697
584 915 223 943 1697
18 994 222 943 1697
773 929 230 943 1697
454 1008 229 943 1697
506 463 223 944 1698
658 1006 224 944 1698
18 995 233 944 1698
773 930 227 944 1698
82 92 226 944 1698
454 1009 227 944 1698
294 64 225 945 1699
506 464 223 945 1699
658 1007 223 945 1699
584 917 226 945 1699
18 996 222 945 1699
82 93 224 945 1699
33 970 222 945 1699
294 65 223 946 1700
658 1008 222 946 1700
18 997 224 946 1700
773 932 221 946 1700
82 94 223 946 1700
454 1011 225 946 1700
33 971 226 946 1700
294 66 224 947 1701
584 919 223 947 1701
82 95 222 947 1701
33 972 222 947 1701
294 67 221 948 1702
584 920 223 948 1702
18 999 221 948 1702
773 934 223 948 1702
82 96 225 948 1702
33 973 222 948 1702
295 980 221 948 1702
506 468 229 949 1703
584 921 222 949 1703
773 935 228 949 1703
82 97 223 949 1703
454 1014 221 949 1703
18 1 233 949 1703
10 73 222 950 1704
506 469 228 950 1704
582 1005 223 950 1704
584 922 230 950 1704
652 314 225 950 1704
18 2 227 950 1704
294 70 223 951 1705
192 245 225 951 1705
506 470 231 951 1705
584 923 225 951 1705
82 99 233 951 1705
350 1016 230 951 1705
18 3 224 951 1705
295 983 237 951 1705
774 1015 222 951 1705
506 471 222 952 1706
10 75 223 952 1706
584 924 227 952 1706
773 938 227 952 1706
652 316 244 952 1706
454 1017 250 952 1706
18 4 224 952 1706
434 1005 223 952 1706
506 472 227 953 1707
192 247 225 953 1707
773 939 221 953 1707
33 978 221 953 1707
18 5 228 953 1707
295 985 222 953 1707
506 473 222 954 1708
506 474 226 955 1709
584 927 228 955 1709
774 1024 224 961 1715
584 933 233 961 1715
773 947 225 961 1715
506 481 227 962 1716
294 81 225 962 1716
10 85 227 962 1716
658 1024 227 962 1716
584 934 221 962 1716
652 326 222 962 1716
773 948 227 962 1716
294 82 226 963 1717
506 482 231 963 1717
10 86 223 963 1717
658 1025 224 963 1717
584 935 233 963 1717
82 111 224 963 1717
506 483 231 964 1718
294 83 224 964 1718
658 1026 227 964 1718
584 936 226 964 1718
773 950 221 964 1718
82 112 221 964 1718
18 16 221 964 1718
506 484 230 965 1719
294 84 228 965 1719
10 88 221 965 1719
658 1027 228 965 1719
584 937 231 965 1719
652 329 223 965 1719
82 113 222 965 1719
192 260 227 966 1720
506 485 223 966 1720
294 85 236 966 1720
10 89 232 966 1720
658 1028 221 966 1720
584 938 233 966 1720
33 991 221 966 1720
350 1031 223 966 1720
295 998 222 966 1720
506 486 222 967 1721
294 86 227 967 1721
658 1029 235 967 1721
584 939 221 967 1721
652 331 221 967 1721
773 953 230 967 1721
82 115 232 967 1721
18 19 222 967 1721
350 1032 222 967 1721
774 1031 223 967 1721
294 87 221 968 1722
584 940 235 968 1722
332 230 222 968 1722
192 263 223 969 1723
294 88 230 969 1723
506 488 223 969 1723
658 1031 223 969 1723
584 941 234 969 1723
773 955 221 969 1723
33 994 221 969 1723
192 264 226 970 1724
506 489 227 970 1724
294 89 228 970 1724
658 1032 225 970 1724
584 942 233 970 1724
773 956 228 970 1724
10 94 222 971 1725
506 490 224 971 1725
294 90 230 971 1725
294 91 224 972 1726
584 944 226 972 1726
652 336 222 972 1726
33 997 222 972 1726
18 24 223 972 1726
192 267 224 973 1727
294 92 235 973 1727
584 945 226 973 1727
658 1036 232 974 1728
652 338 223 974 1728
82 122 224 974 1728
773 960 222 974 1728
506 494 222 975 1729
294 94 230 975 1729
658 1037 226 975 1729
582 1030 221 975 1729
584 947 232 975 1729
82 123 224 975 1729
773 961 223 975 1729
18 27 221 975 1729
506 495 234 976 1730
10 99 226 976 1730
582 1031 225 976 1730
652 340 226 976 1730
82 124 227 976 1730
773 962 221 976 1730
454 1041 224 976 1730
33 1001 225 976 1730
506 496 232 977 1731
192 271 230 977 1731
10 100 223 977 1731
294 96 241 977 1731
582 1032 244 977 1731
462 384 222 977 1731
18 29 221 977 1731
506 497 227 978 1732
192 272 223 978 1732
10 101 228 978 1732
582 1033 233 978 1732
18 30 222 978 1732
506 498 223 979 1733
294 98 226 979 1733
10 102 222 979 1733
582 1034 225 979 1733
18 31 226 979 1733
350 1044 221 980 1734
506 499 223 980 1734
582 1035 236 980 1734
773 966 221 980 1734
18 32 223 980 1734
294 100 225 981 1735
582 1036 238 981 1735
584 953 223 981 1735
652 345 223 981 1735
773 967 228 981 1735
506 501 223 982 1736
192 276 225 982 1736
294 101 223 982 1736
658 1044 223 982 1736
582 1037 245 982 1736
584 954 226 982 1736
18 35 223 983 1737
294 103 231 984 1738
582 1039 239 984 1738
584 956 225 984 1738
18 36 226 984 1738
773 1 225 984 1738
192 279 222 985 1739
294 104 225 985 1739
582 1040 231 985 1739
18 37 223 985 1739
295 1017 221 986 1740
294 105 230 986 1740
582 1041 236 986 1740
18 38 229 986 1740
582 1042 244 987 1741
658 1049 224 987 1741
18 39 225 987 1741
773 5 227 988 1742
584 961 230 989 1743
294 109 224 990 1744
582 1045 225 990 1744
658 1052 223 990 1744
584 962 222 990 1744
652 354 222 990 1744
294 110 225 991 1745
582 1046 227 991 1745
658 1053 225 991 1745
584 963 221 991 1745
506 511 222 992 1746
294 111 223 992 1746
582 1047 233 992 1746
658 1054 239 992 1746
584 964 223 992 1746
82 140 224 992 1746
10 116 221 993 1747
506 512 231 993 1747
294 112 231 993 1747
582 1048 233 993 1747
658 1055 231 993 1747
584 965 232 993 1747
652 357 223 993 1747
82 141 227 993 1747
773 10 221 993 1747
295 1025 221 994 1748
294 113 224 994 1748
582 1049 232 994 1748
658 1056 222 994 1748
584 966 231 994 1748
18 46 222 994 1748
773 11 221 994 1748
582 1050 231 995 1749
652 359 221 995 1749
584 967 225 995 1749
82 143 221 995 1749
295 1027 222 996 1750
506 515 226 996 1750
582 1051 237 996 1750
658 1058 225 996 1750
82 144 221 996 1750
18 48 224 996 1750
773 13 222 996 1750
294 116 238 997 1751
506 516 230 997 1751
658 1059 237 997 1751
652 361 227 997 1751
584 969 225 997 1751
18 49 221 997 1751
294 117 227 998 1752
506 517 224 998 1752
658 1060 233 998 1752
652 362 224 998 1752
584 970 235 998 1752
18 50 221 998 1752
773 15 225 998 1752
10 122 223 999 1753
192 293 223 999 1753
294 118 227 999 1753
658 1061 225 999 1753
584 971 236 999 1753
82 147 224 999 1753
294 119 224 1000 1754
582 1055 226 1000 1754
658 1062 226 1000 1754
652 364 226 1000 1754
584 972 221 1000 1754
10 124 221 1001 1755
294 120 224 1001 1755
582 1056 228 1001 1755
658 1063 223 1001 1755
773 18 222 1001 1755
192 296 224 1002 1756
582 1057 237 1002 1756
584 974 223 1002 1756
582 1058 237 1003 1757
658 1065 222 1003 1757
584 975 225 1003 1757
18 55 221 1003 1757
582 1059 237 1004 1758
658 1066 226 1004 1758
584 976 223 1004 1758
582 1060 233 1005 1759
658 1067 228 1005 1759
584 977 224 1005 1759
10 129 221 1006 1760
582 1061 232 1006 1760
658 1068 233 1006 1760
584 978 222 1006 1760
18 58 225 1006 1760
350 1071 223 1007 1761
10 130 221 1007 1761
582 1062 231 1007 1761
658 1069 227 1007 1761
466 563 221 1008 1762
506 527 224 1008 1762
193 1057 221 1009 1763
516 1070 224 1011 1765
608 497 221 1014 1768
498 208 223 1014 1768
27 733 221 1016 1770
608 500 223 1017 1771
711 255 221 1017 1771
350 1084 224 1020 1774
516 1079 221 1020 1774
295 1053 233 1022 1776
658 1084 224 1022 1776
584 994 221 1022 1776
295 1054 222 1023 1777
582 1078 222 1023 1777
658 1085 223 1023 1777
506 542 223 1023 1777
584 995 222 1023 1777
582 1079 222 1024 1778
658 1087 221 1025 1779
582 1081 223 1026 1780
582 1082 221 1027 1781
658 1089 230 1027 1781
584 999 228 1027 1781
658 1090 227 1028 1782
294 148 221 1029 1783
582 1084 223 1029 1783
658 1091 224 1029 1783
584 1001 227 1029 1783
658 1092 222 1030 1784
584 1002 226 1030 1784
658 1093 221 1031 1785
584 1003 227 1031 1785
582 1087 224 1032 1786
658 1094 232 1032 1786
584 1004 233 1032 1786
350 1097 221 1033 1787
582 1088 221 1033 1787
658 1095 226 1033 1787
454 1098 223 1033 1787
584 1005 231 1033 1787
582 1089 229 1034 1788
584 1006 233 1034 1788
582 1090 224 1035 1789
584 1007 232 1035 1789
582 1091 222 1036 1790
584 1008 237 1036 1790
18 88 221 1036 1790
658 1099 224 1037 1791
584 1009 236 1037 1791
582 1093 223 1038 1792
584 1010 229 1038 1792
582 1094 227 1039 1793
584 1011 226 1039 1793
773 56 221 1040 1794
658 1102 224 1040 1794
584 1012 229 1040 1794
582 1096 224 1041 1795
584 1013 235 1041 1795
658 1104 225 1042 1796
584 1014 231 1042 1796
658 1105 225 1043 1797
350 1108 221 1044 1798
658 1106 227 1044 1798
584 1016 230 1044 1798
658 1107 221 1045 1799
584 1017 231 1045 1799
294 165 221 1046 1800
584 1018 226 1046 1800
33 1071 225 1046 1800
658 1109 227 1047 1801
584 1019 225 1047 1801
658 1110 224 1048 1802
773 65 221 1049 1803
582 1104 221 1049 1803
658 1111 223 1049 1803
584 1021 222 1049 1803
18 101 222 1049 1803
658 1112 225 1050 1804
658 1113 234 1051 1805
582 1106 234 1051 1805
584 1023 223 1051 1805
658 1115 224 1053 1807
332 315 222 1053 1807
658 1116 227 1054 1808
584 1026 227 1054 1808
658 1117 233 1055 1809
658 1118 229 1056 1810
582 1111 226 1056 1810
506 575 221 1056 1810
658 1119 230 1057 1811
582 1112 226 1057 1811
658 1120 225 1058 1812
582 1113 227 1058 1812
652 422 222 1058 1812
506 577 222 1058 1812
658 1121 240 1059 1813
192 353 223 1059 1813
295 1090 222 1059 1813
582 1114 231 1059 1813
584 1031 223 1059 1813
350 1124 221 1060 1814
658 1122 232 1060 1814
18 112 225 1060 1814
658 1123 237 1061 1815
192 355 221 1061 1815
582 1116 225 1061 1815
506 580 226 1061 1815
82 209 221 1061 1815
192 356 221 1062 1816
294 181 222 1062 1816
582 1117 226 1062 1816
658 1125 223 1063 1817
582 1118 225 1063 1817
658 1126 231 1064 1818
582 1119 227 1064 1818
658 1127 223 1065 1819
192 359 221 1065 1819
582 1121 221 1066 1820
658 1129 228 1067 1821
582 1122 225 1067 1821
294 186 223 1067 1821
658 1130 227 1068 1822
658 1131 234 1069 1823
582 1124 230 1069 1823
506 588 221 1069 1823
658 1132 237 1070 1824
582 1125 225 1070 1824
658 1133 242 1071 1825
582 1126 235 1071 1825
652 435 225 1071 1825
506 590 224 1071 1825
658 1134 239 1072 1826
294 191 224 1072 1826
582 1127 229 1072 1826
652 436 224 1072 1826
506 591 224 1072 1826
658 1135 226 1073 1827
658 1136 224 1074 1828
582 1129 222 1074 1828
294 193 223 1074 1828
582 1130 221 1075 1829
294 194 223 1075 1829
658 1138 225 1076 1830
582 1132 221 1077 1831
294 197 221 1078 1832
652 445 224 1081 1835
192 376 222 1082 1836
584 18 223 1082 1836
506 601 221 1082 1836
582 1138 221 1083 1837
192 377 225 1083 1837
192 378 222 1084 1838
506 603 221 1084 1838
192 379 225 1085 1839
584 21 227 1085 1839
192 380 225 1086 1840
294 206 222 1087 1841
582 1143 221 1088 1842
294 207 223 1088 1842
582 1144 222 1089 1843
18 141 227 1089 1843
506 609 222 1090 1844
582 1147 223 1092 1846
506 611 222 1092 1846
18 144 229 1092 1846
582 1148 227 1093 1847
506 612 227 1093 1847
33 1118 221 1093 1847
582 1149 228 1094 1848
294 213 221 1094 1848
506 613 230 1094 1848
652 458 223 1094 1848
33 1119 223 1094 1848
506 614 237 1095 1849
584 31 239 1095 1849
652 459 224 1095 1849
33 1120 244 1095 1849
350 1160 221 1096 1850
294 215 231 1096 1850
774 1159 227 1096 1850
454 1161 223 1096 1850
728 989 225 1097 1851
252 207 226 1097 1851
507 343 237 1097 1851
363 583 222 1097 1851
95 14 237 1097 1851
72 223 221 1098 1852
646 1140 221 1098 1852
72 224 225 1099 1853
72 225 226 1100 1854
397 535 243 1101 1855
72 227 222 1102 1856
206 1130 230 1103 1857
281 357 222 1103 1857
646 1145 223 1103 1857
281 358 227 1104 1858
578 168 234 1104 1858
6 53 222 1104 1858
35 1111 233 1105 1859
687 1174 225 1105 1859
215 87 233 1105 1859
415 238 233 1105 1859
6 54 246 1105 1859
407 9 223 1106 1860
331 277 224 1106 1860
467 367 224 1106 1860
732 72 233 1106 1860
185 344 223 1106 1860
415 239 221 1106 1860
487 2 231 1106 1860
6 55 238 1106 1860
141 285 237 1107 1861
515 56 221 1107 1861
506 626 232 1107 1861
55 1165 233 1107 1861
102 1162 235 1108 1862
60 1176 237 1108 1862
756 488 227 1108 1862
102 1163 255 1109 1863
756 489 231 1109 1863
506 628 239 1109 1863
665 261 223 1109 1863
680 1108 233 1109 1863
102 1164 242 1110 1864
506 629 224 1110 1864
102 1165 236 1111 1865
567 1126 224 1111 1865
359 620 229 1111 1865
415 244 235 1111 1865
160 1164 229 1111 1865
102 1166 236 1112 1866
534 1176 224 1112 1866
168 13 227 1112 1866
160 1165 224 1112 1866
102 1167 224 1113 1867
359 622 223 1113 1867
534 1177 223 1113 1867
441 14 226 1113 1867
415 246 243 1113 1867
168 14 222 1113 1867
160 1166 221 1113 1867
102 1168 227 1113 1867
415 247 241 1114 1868
160 1167 225 1114 1868
654 1165 231 1114 1868
419 1159 223 1115 1869
415 248 245 1115 1869
680 1114 223 1115 1869
654 1166 223 1115 1869
415 249 237 1116 1870
680 1115 230 1116 1870
419 1161 230 1117 1871
415 250 237 1117 1871
160 1170 225 1117 1871
102 1172 231 1118 1872
419 1162 224 1118 1872
654 1169 223 1118 1872
419 1163 225 1119 1873
419 1164 223 1120 1874
680 1119 222 1120 1874
342 1182 222 1121 1875
419 1165 222 1121 1875
415 254 231 1121 1875
680 1120 221 1121 1875
654 1172 221 1121 1875
419 1166 229 1122 1876
415 255 236 1122 1876
680 1121 229 1122 1876
654 1173 224 1122 1876
419 1167 232 1123 1877
555 1175 222 1123 1877
415 256 235 1123 1877
680 1122 224 1123 1877
654 1174 225 1124 1878
419 1168 230 1124 1878
415 257 233 1124 1878
680 1123 225 1124 1878
654 1175 222 1124 1878
419 1169 221 1125 1879
415 258 223 1125 1879
654 1176 223 1125 1879
25 1153 224 1126 1880
419 1170 225 1126 1880
415 259 233 1126 1880
160 1179 225 1127 1881
415 260 240 1127 1881
654 1178 223 1127 1881
160 1180 226 1128 1882
415 261 240 1128 1882
419 1173 225 1129 1883
415 262 223 1129 1883
419 1174 229 1130 1884
415 263 239 1130 1884
168 31 224 1130 1884
654 1181 229 1131 1885
555 1183 222 1131 1885
419 1175 223 1131 1885
506 18 222 1131 1885
415 264 228 1131 1885
168 32 224 1131 1885
654 1182 231 1132 1886
415 265 230 1132 1886
168 33 225 1132 1886
654 1183 229 1132 1886
160 1185 221 1133 1887
359 642 223 1133 1887
419 1177 227 1133 1887
415 266 223 1133 1887
168 34 224 1133 1887
160 1186 222 1134 1888
126 840 224 1134 1888
419 1178 224 1134 1888
415 267 232 1134 1888
168 35 225 1135 1889
359 644 225 1135 1889
415 268 236 1135 1889
654 1186 224 1136 1890
126 842 225 1136 1890
359 645 222 1136 1890
419 1180 223 1136 1890
506 23 223 1136 1890
415 269 227 1136 1890
168 37 225 1136 1890
102 1191 221 1137 1891
415 270 230 1137 1891
102 1192 221 1138 1892
415 271 237 1138 1892
160 1191 224 1139 1893
102 1193 224 1139 1893
126 845 223 1139 1893
555 1191 222 1139 1893
415 272 233 1139 1893
160 1192 224 1140 1894
555 1192 221 1140 1894
419 1184 222 1140 1894
160 1193 225 1141 1895
102 1195 221 1141 1895
415 274 241 1141 1895
160 1194 225 1142 1896
419 1186 227 1142 1896
415 275 221 1142 1896
160 1195 221 1143 1897
102 1197 223 1143 1897
126 849 221 1143 1897
419 1187 227 1143 1897
415 276 226 1143 1897
168 44 222 1143 1897
102 1198 221 1144 1898
419 1188 228 1144 1898
415 277 222 1144 1898
419 1189 227 1145 1899
415 278 221 1145 1899
419 1190 221 1146 1900
415 279 222 1146 1900
419 1191 222 1147 1901
415 280 226 1147 1901
419 1192 222 1148 1902
415 281 230 1148 1902
160 1201 224 1148 1902
102 1203 221 1149 1903
555 1201 221 1149 1903
419 1193 227 1149 1903
415 282 230 1149 1903
160 1202 225 1149 1903
419 1194 224 1150 1904
415 283 226 1150 1904
160 1203 224 1150 1904
419 1195 229 1151 1905
415 284 223 1151 1905
160 1204 221 1151 1905
168 52 223 1152 1906
102 1206 229 1152 1906
415 285 228 1152 1906
160 1205 223 1152 1906
102 1207 225 1153 1907
126 859 222 1153 1907
415 286 225 1153 1907
160 1206 231 1153 1907
654 1204 222 1153 1907
102 1208 222 1154 1908
555 1206 222 1154 1908
415 287 222 1154 1908
160 1207 222 1154 1908
102 1209 222 1155 1909
126 861 224 1155 1909
419 1199 225 1155 1909
415 288 227 1155 1909
126 862 224 1156 1910
555 1208 222 1156 1910
419 1200 225 1156 1910
415 289 229 1156 1910
160 1209 224 1156 1910
654 1207 226 1156 1910
102 1211 233 1157 1911
126 863 222 1157 1911
419 1201 233 1157 1911
415 290 235 1157 1911
654 1208 224 1157 1911
102 1212 225 1158 1912
342 1219 223 1158 1912
555 1210 221 1158 1912
359 667 224 1158 1912
419 1202 231 1158 1912
506 45 223 1158 1912
415 291 234 1158 1912
160 1211 223 1158 1912
168 59 221 1159 1913
102 1213 227 1159 1913
126 865 221 1159 1913
555 1211 221 1159 1913
534 1223 223 1159 1913
419 1203 229 1159 1913
415 292 229 1159 1913
160 1212 221 1159 1913
654 1210 222 1159 1913
102 1214 224 1160 1914
555 1212 221 1160 1914
419 1204 232 1160 1914
160 1213 224 1160 1914
415 293 241 1160 1914
654 1211 224 1160 1914
168 61 221 1161 1915
102 1215 236 1161 1915
359 670 221 1161 1915
555 1213 226 1161 1915
534 1225 222 1161 1915
419 1205 227 1161 1915
160 1214 226 1161 1915
168 62 222 1162 1916
102 1216 231 1162 1916
126 868 223 1162 1916
555 1214 226 1162 1916
441 63 223 1162 1916
534 1226 221 1162 1916
419 1206 233 1162 1916
415 295 233 1162 1916
168 63 225 1163 1917
555 1215 222 1163 1917
441 64 222 1163 1917
419 1207 233 1163 1917
160 1216 222 1163 1917
654 1214 229 1163 1917
415 296 232 1163 1917
168 64 223 1164 1918
102 1218 225 1164 1918
419 1208 230 1164 1918
415 297 233 1164 1918
654 1215 222 1164 1918
102 1219 229 1165 1919
126 871 221 1165 1919
555 1217 225 1165 1919
419 1209 235 1165 1919
506 52 223 1165 1919
160 1218 227 1165 1919
415 298 225 1165 1919
654 1216 224 1165 1919
102 1220 223 1166 1920
555 1218 222 1166 1920
419 1210 233 1166 1920
160 1219 221 1166 1920
415 299 230 1166 1920
654 1217 225 1166 1920
102 1221 223 1167 1921
419 1211 233 1167 1921
534 1231 224 1167 1921
160 1220 221 1167 1921
415 300 237 1167 1921
102 1222 221 1168 1922
555 1220 224 1168 1922
419 1212 224 1168 1922
506 55 225 1168 1922
415 301 233 1168 1922
654 1219 227 1168 1922
168 69 222 1169 1923
102 1223 227 1169 1923
555 1221 221 1169 1923
419 1213 223 1169 1923
415 302 224 1169 1923
654 1220 223 1169 1923
126 876 224 1170 1924
164 298 224 1170 1924
555 1222 222 1170 1924
419 1214 224 1170 1924
160 1223 221 1170 1924
415 303 236 1170 1924
654 1221 227 1170 1924
168 71 223 1171 1925
506 58 226 1171 1925
415 304 231 1171 1925
102 1226 226 1172 1926
419 1216 224 1172 1926
506 59 226 1172 1926
654 1223 226 1172 1926
419 1217 224 1173 1927
506 60 228 1173 1927
415 306 229 1173 1927
160 1226 223 1173 1927
654 1224 221 1173 1927
102 1228 224 1174 1928
126 880 222 1174 1928
419 1218 222 1174 1928
506 61 227 1174 1928
415 307 233 1174 1928
654 1225 222 1174 1928
102 1229 226 1175 1929
555 1227 221 1175 1929
419 1219 231 1175 1929
415 308 224 1175 1929
126 882 229 1176 1930
102 1230 229 1176 1930
419 1220 233 1176 1930
415 309 223 1176 1930
102 1231 230 1177 1931
342 1238 223 1177 1931
419 1221 229 1177 1931
168 78 228 1178 1932
126 884 226 1178 1932
102 1232 227 1178 1932
555 1230 225 1178 1932
419 1222 232 1178 1932
534 1242 222 1178 1932
506 65 223 1178 1932
415 311 226 1178 1932
160 1231 222 1178 1932
102 1233 224 1179 1933
342 1240 222 1179 1933
555 1231 226 1179 1933
419 1223 233 1179 1933
534 1243 222 1179 1933
415 312 224 1179 1933
160 1232 221 1179 1933
102 1234 225 1180 1934
342 1241 223 1180 1934
555 1232 226 1180 1934
419 1224 221 1180 1934
506 67 222 1180 1934
415 313 222 1180 1934
126 887 222 1181 1935
102 1235 226 1181 1935
654 1232 223 1181 1935
126 888 222 1182 1936
419 1226 223 1182 1936
506 69 225 1182 1936
654 1233 224 1182 1936
415 315 230 1182 1936
126 889 223 1183 1937
419 1227 226 1183 1937
654 1234 222 1183 1937
415 316 225 1183 1937
126 890 222 1184 1938
419 1228 232 1184 1938
654 1235 224 1184 1938
126 891 222 1185 1939
102 1239 227 1185 1939
555 1237 226 1185 1939
419 1229 227 1185 1939
415 318 231 1185 1939
160 1238 227 1185 1939
654 1236 221 1185 1939
126 892 221 1186 1940
441 87 221 1186 1940
555 1238 228 1186 1940
415 319 228 1186 1940
160 1239 229 1186 1940
654 1237 221 1186 1940
126 893 223 1187 1941
555 1239 226 1187 1941
419 1231 222 1187 1941
534 1251 221 1187 1941
654 1238 222 1187 1941
160 1240 223 1187 1941
415 320 235 1187 1941
102 1242 223 1188 1942
342 1249 227 1188 1942
555 1240 225 1188 1942
359 697 224 1188 1942
534 1252 221 1188 1942
654 1239 221 1188 1942
415 321 223 1188 1942
102 1243 229 1189 1943
555 1241 224 1189 1943
419 1233 222 1189 1943
654 1240 224 1189 1943
415 322 226 1189 1943
102 1244 223 1190 1944
654 1241 224 1190 1944
415 323 227 1190 1944
555 1243 223 1191 1945
654 1242 223 1191 1945
415 324 231 1191 1945
160 1244 225 1191 1945
168 92 224 1191 1945
102 1246 231 1192 1946
555 1244 224 1192 1946
359 701 222 1192 1946
419 1236 224 1192 1946
534 1256 222 1192 1946
258 1 229 1192 1946
160 1245 225 1192 1946
126 899 223 1193 1947
102 1247 221 1193 1947
506 80 223 1193 1947
415 326 224 1193 1947
126 900 222 1194 1948
415 327 223 1194 1948
415 328 227 1195 1949
168 96 221 1195 1949
415 329 231 1196 1950
168 97 221 1196 1950
102 1251 223 1197 1951
506 84 221 1197 1951
415 330 227 1197 1951
102 1252 222 1198 1952
415 331 225 1198 1952
506 86 223 1199 1953
415 332 223 1199 1953
102 1254 222 1200 1954
415 333 224 1200 1954
258 5 221 1201 1955
168 102 224 1201 1955
415 334 223 1201 1955
126 908 226 1202 1956
506 89 224 1202 1956
654 1253 224 1202 1956
415 335 226 1202 1956
126 909 226 1203 1957
415 336 221 1203 1957
126 910 227 1204 1958
102 1258 231 1204 1958
506 91 227 1204 1958
168 105 225 1204 1958
415 337 226 1205 1959
102 1259 221 1205 1959
506 92 225 1205 1959
168 106 223 1206 1960
415 338 222 1206 1960
126 912 222 1206 1960
164 334 222 1206 1960
102 1260 232 1206 1960
555 1258 224 1206 1960
654 1257 221 1206 1960
506 93 227 1206 1960
168 107 227 1206 1960
415 339 227 1207 1961
164 335 221 1207 1961
102 1261 232 1207 1961
506 94 221 1207 1961
168 108 226 1207 1961
415 340 227 1208 1962
102 1262 237 1208 1962
419 1252 221 1208 1962
654 1259 222 1208 1962
506 95 222 1208 1962
168 109 226 1209 1963
415 341 223 1209 1963
102 1263 235 1209 1963
555 1261 223 1209 1963
419 1253 222 1209 1963
168 110 224 1209 1963
415 342 225 1210 1964
126 916 223 1210 1964
102 1264 236 1210 1964
654 1261 221 1210 1964
506 97 231 1210 1964
168 111 221 1210 1964
126 917 221 1211 1965
102 1265 235 1211 1965
506 98 234 1211 1965
168 112 230 1212 1966
415 344 222 1212 1966
102 1266 239 1212 1966
359 721 229 1212 1966
555 1264 225 1212 1966
419 1256 222 1212 1966
654 1263 225 1212 1966
506 99 225 1212 1966
168 113 229 1212 1966
102 1267 238 1213 1967
359 722 223 1213 1967
126 920 224 1214 1968
102 1268 231 1214 1968
126 921 223 1215 1969
102 1269 234 1215 1969
126 922 222 1216 1970
102 1270 231 1216 1970
126 923 221 1217 1971
102 1271 231 1217 1971
506 104 221 1217 1971
126 924 224 1218 1972
506 105 223 1218 1972
126 925 223 1219 1973
102 1273 231 1219 1973
506 106 222 1219 1973
126 926 224 1220 1974
506 107 222 1220 1974
126 927 223 1221 1975
102 1275 237 1221 1975
126 928 225 1222 1976
102 1276 225 1222 1976
126 929 224 1223 1977
102 1277 231 1223 1977
258 27 222 1223 1977
654 1274 221 1223 1977
506 110 225 1223 1977
168 124 223 1224 1978
415 356 223 1224 1978
126 930 225 1224 1978
102 1278 237 1224 1978
555 1276 222 1224 1978
359 733 225 1224 1978
506 111 229 1224 1978
168 125 233 1225 1979
102 1279 226 1225 1979
359 734 225 1225 1979
342 1286 222 1225 1979
506 112 225 1225 1979
168 126 225 1226 1980
415 358 221 1226 1980
102 1280 239 1226 1980
359 735 225 1226 1980
342 1287 227 1226 1980
258 30 221 1226 1980
506 113 227 1226 1980
168 127 227 1227 1981
415 359 224 1227 1981
126 933 222 1227 1981
102 1281 234 1227 1981
258 31 221 1227 1981
160 1280 221 1227 1981
168 128 230 1228 1982
126 934 221 1228 1982
102 1282 237 1228 1982
359 737 222 1228 1982
506 115 226 1228 1982
160 1281 224 1228 1982
415 361 222 1229 1983
102 1283 235 1229 1983
555 1281 222 1229 1983
506 116 227 1229 1983
102 1284 225 1230 1984
506 117 231 1230 1984
168 131 223 1231 1985
415 363 223 1231 1985
102 1285 233 1231 1985
102 1286 226 1232 1986
160 1285 222 1232 1986
415 365 231 1233 1987
168 133 221 1233 1987
126 939 226 1233 1987
102 1287 226 1233 1987
419 1277 222 1233 1987
506 120 227 1233 1987
126 940 228 1234 1988
102 1288 231 1234 1988
506 121 225 1234 1988
415 367 224 1235 1989
168 135 222 1235 1989
126 941 229 1235 1989
102 1289 223 1235 1989
506 122 222 1235 1989
415 368 229 1236 1990
126 942 226 1236 1990
415 369 229 1237 1991
102 1291 229 1237 1991
506 124 227 1237 1991
415 370 231 1238 1992
126 944 221 1238 1992
102 1292 231 1238 1992
506 125 223 1238 1992
415 371 233 1239 1993
126 945 222 1239 1993
102 1293 226 1239 1993
359 748 221 1239 1993
258 43 226 1239 1993
654 1290 227 1239 1993
160 1292 222 1239 1993
415 372 229 1240 1994
102 1294 224 1240 1994
359 749 224 1240 1994
555 1292 221 1240 1994
258 44 221 1240 1994
415 373 224 1241 1995
102 1295 228 1241 1995
359 750 225 1241 1995
258 45 224 1241 1995
102 1296 227 1242 1996
359 751 227 1242 1996
258 46 230 1242 1996
160 1295 223 1242 1996
415 375 225 1243 1997
126 949 222 1243 1997
164 371 223 1243 1997
102 1297 221 1243 1997
359 752 226 1243 1997
555 1295 224 1243 1997
258 47 231 1243 1997
506 130 222 1243 1997
160 1296 223 1243 1997
415 376 223 1244 1998
126 950 226 1244 1998
359 753 230 1244 1998
258 48 235 1244 1998
506 131 221 1244 1998
415 377 221 1245 1999
168 145 223 1245 1999
102 1299 230 1245 1999
359 754 225 1245 1999
258 49 233 1245 1999
160 1298 222 1245 1999
415 378 221 1246 2000
126 952 223 1246 2000
102 1300 230 1246 2000
359 755 221 1246 2000
258 50 224 1246 2000
160 1299 224 1246 2000
102 1301 228 1247 2001
359 756 227 1247 2001
555 1299 223 1247 2001
419 1291 225 1247 2001
258 51 226 1247 2001
506 134 223 1247 2001
160 1300 222 1247 2001
415 380 222 1248 2002
126 954 221 1248 2002
102 1302 231 1248 2002
419 1292 221 1248 2002
258 52 230 1248 2002
160 1301 221 1248 2002
415 381 223 1249 2003
168 149 224 1249 2003
164 377 221 1249 2003
102 1303 224 1249 2003
359 758 221 1249 2003
555 1301 223 1249 2003
419 1293 224 1249 2003
258 53 223 1249 2003
160 1302 222 1249 2003
415 382 227 1250 2004
168 150 224 1250 2004
126 956 221 1250 2004
102 1304 222 1250 2004
359 759 224 1250 2004
342 1311 222 1250 2004
555 1302 224 1250 2004
419 1294 221 1250 2004
258 54 229 1250 2004
415 383 223 1251 2005
168 151 224 1251 2005
164 379 224 1251 2005
359 760 221 1251 2005
342 1312 221 1251 2005
555 1303 226 1251 2005
419 1295 223 1251 2005
258 55 231 1251 2005
654 1302 221 1251 2005
415 384 230 1252 2006
168 152 225 1252 2006
164 380 224 1252 2006
419 1296 226 1252 2006
555 1304 224 1252 2006
506 139 225 1252 2006
102 1307 231 1253 2007
258 57 221 1253 2007
506 140 223 1253 2007
415 386 223 1254 2008
102 1308 222 1254 2008
415 387 228 1255 2009
415 388 223 1256 2010
506 143 224 1256 2010
415 389 230 1257 2011
258 61 223 1257 2011
126 964 228 1258 2012
258 62 223 1258 2012
415 391 229 1259 2013
126 965 229 1259 2013
506 146 229 1259 2013
415 392 231 1260 2014
126 966 231 1260 2014
258 64 223 1260 2014
506 147 222 1260 2014
415 393 236 1261 2015
126 967 231 1261 2015
164 389 221 1261 2015
342 1322 221 1261 2015
555 1313 226 1261 2015
258 65 246 1261 2015
126 968 225 1262 2016
164 390 224 1262 2016
359 771 228 1262 2016
555 1314 224 1262 2016
534 1326 246 1262 2016
468 1322 227 1262 2016
690 110 222 1263 2017
171 574 237 1263 2017
767 1323 239 1264 2018
112 421 222 1264 2018
710 1285 223 1264 2018
396 805 221 1265 2019
670 882 224 1267 2021
262 67 228 1268 2022
750 392 227 1268 2022
642 324 225 1270 2024
102 1324 226 1270 2024
175 1276 227 1270 2024
175 1277 231 1271 2025
175 1278 222 1272 2026
317 239 226 1273 2027
40 111 222 1273 2027
175 1279 232 1273 2027
175 1280 238 1274 2028
175 1281 235 1275 2029
