420 4 224 0 713
496 11 222 0 713
19 15 221 0 713
244 15 222 0 713
344 12 225 0 713
144 15 233 0 713
496 12 223 1 714
87 17 222 1 714
344 13 221 1 714
420 6 224 2 715
496 13 221 2 715
344 14 239 2 715
144 17 227 3 716
87 1 230 3 716
230 1 231 3 716
420 7 223 3 716
144 18 231 4 717
87 2 230 4 717
230 2 226 4 717
496 15 221 4 717
344 16 224 4 717
344 17 221 5 718
144 20 227 6 719
230 4 222 6 719
19 21 229 6 719
344 18 231 6 719
144 22 241 8 721
230 6 223 8 721
420 12 223 8 721
230 7 225 9 722
420 13 221 9 722
19 24 222 9 722
144 24 228 10 723
230 8 225 10 723
344 22 251 10 723
144 25 231 11 724
230 9 223 11 724
87 9 222 11 724
525 27 221 11 724
344 23 229 11 724
230 10 229 12 725
344 24 227 12 725
230 11 223 13 726
344 25 234 13 726
713 30 221 13 726
420 4 225 14 727
144 29 224 15 728
230 13 224 15 728
496 26 222 15 728
144 30 221 16 729
420 6 221 16 729
496 27 231 16 729
344 28 227 16 729
420 7 224 17 730
230 15 224 17 730
496 28 225 17 730
144 32 232 17 730
87 16 225 18 731
344 30 226 18 731
230 17 223 19 732
87 17 235 19 732
144 34 225 20 733
230 18 230 20 733
87 18 229 20 733
144 35 235 21 734
230 19 227 21 734
144 36 224 22 735
87 20 221 22 735
496 34 223 23 736
230 22 225 24 737
87 22 223 24 737
496 35 231 24 737
496 36 223 25 738
144 40 223 26 739
230 24 221 26 739
496 37 223 26 739
344 38 227 26 739
230 25 224 27 740
496 38 233 27 740
230 26 222 28 741
171 5 226 31 744
230 30 223 31 744
171 6 221 32 745
230 31 221 32 745
697 51 221 33 746
230 32 221 34 747
171 8 225 34 747
697 52 222 34 747
230 33 221 35 748
230 34 234 36 749
496 47 225 36 749
344 48 224 36 749
230 35 222 37 750
87 35 223 37 750
144 51 229 37 750
171 11 227 37 750
230 36 226 38 751
144 52 221 38 751
420 29 224 39 752
230 37 241 39 752
144 53 221 39 752
171 13 222 39 752
496 50 222 39 752
420 30 224 40 753
230 38 231 40 753
144 54 223 40 753
420 31 230 41 754
230 39 233 41 754
144 55 229 41 754
171 15 226 41 754
496 52 221 41 754
230 40 232 42 755
144 56 226 42 755
230 41 235 43 756
144 57 224 43 756
420 34 221 44 757
496 55 223 44 757
496 56 223 45 758
420 36 222 46 759
144 60 232 46 759
420 37 221 47 760
144 61 231 47 760
144 62 231 48 761
144 65 223 51 764
144 66 225 52 765
230 51 221 53 766
87 51 222 53 766
230 52 222 54 767
144 68 225 54 767
87 53 222 55 768
144 69 226 55 768
144 70 224 56 769
171 30 221 56 769
496 67 221 56 769
87 56 221 57 770
344 71 221 59 772
87 58 225 59 772
467 75 221 61 774
171 35 221 61 774
87 60 221 61 774
171 36 228 62 775
496 73 224 62 775
230 61 225 63 776
144 77 241 63 776
467 77 221 63 776
244 78 224 63 776
87 62 224 63 776
230 62 239 63 776
171 38 246 64 777
657 83 227 64 777
344 76 225 64 777
244 79 221 64 777
230 63 227 65 778
420 55 221 65 778
145 80 224 65 778
171 39 233 65 778
344 77 221 65 778
437 41 222 65 778
497 82 221 65 778
745 87 223 66 779
554 86 222 67 780
745 88 225 67 780
307 87 233 67 780
109 63 225 69 782
650 33 233 69 782
281 4 233 69 782
79 86 225 70 783
652 81 221 70 783
383 86 235 70 783
524 174 224 72 785
274 163 223 72 785
480 95 224 74 787
398 98 223 74 787
398 99 225 75 788
56 31 242 75 788
398 100 224 76 789
56 32 239 76 789
398 101 222 77 790
56 33 238 77 790
398 102 229 78 791
344 90 221 78 791
480 100 221 79 792
56 35 238 79 792
344 91 221 79 792
282 99 224 80 793
398 104 224 80 793
56 36 231 80 793
480 102 227 81 794
56 37 237 81 794
344 93 223 81 794
480 103 223 82 795
56 38 234 82 795
56 39 238 83 796
344 95 221 83 796
480 105 235 84 797
398 108 221 84 797
56 40 231 84 797
344 96 227 84 797
480 106 238 85 798
398 109 221 85 798
56 41 235 85 798
344 97 225 85 798
480 107 237 86 799
443 4 226 86 799
398 110 222 86 799
56 42 235 86 799
480 108 233 87 800
398 111 221 87 800
56 43 237 87 800
480 109 221 88 801
443 6 223 88 801
56 44 233 88 801
344 100 233 88 801
398 113 221 89 802
56 45 229 89 802
480 111 226 90 803
282 109 221 90 803
56 46 235 90 803
480 112 239 91 804
56 47 238 91 804
344 103 224 91 804
480 113 237 92 805
282 111 227 92 805
398 116 223 92 805
344 104 226 92 805
480 114 234 93 806
282 112 230 93 806
344 105 223 93 806
480 116 243 95 808
56 51 231 95 808
344 107 227 95 808
480 117 246 96 809
282 115 225 96 809
56 52 235 96 809
480 118 240 97 810
282 116 223 97 810
398 121 226 97 810
56 53 221 97 810
480 119 247 98 811
398 122 229 98 811
344 110 236 98 811
480 120 242 99 812
398 123 223 99 812
56 55 225 99 812
344 111 237 100 813
480 121 243 100 813
398 124 229 100 813
344 112 234 101 814
480 122 233 101 814
398 125 231 101 814
344 113 229 102 815
480 123 237 102 815
443 20 223 102 815
56 58 227 102 815
344 114 226 102 815
480 124 237 103 816
398 127 227 103 816
443 21 222 103 816
56 59 225 103 816
344 115 228 103 816
480 125 230 104 817
398 128 223 104 817
443 22 223 104 817
116 130 229 104 817
480 126 223 105 818
398 129 231 105 818
282 124 232 105 818
56 61 238 105 818
344 117 229 105 818
480 127 227 106 819
443 24 229 106 819
282 125 222 106 819
56 62 228 106 819
443 25 230 107 820
56 63 224 107 820
344 119 246 107 820
398 132 227 108 821
282 127 224 108 821
344 120 246 108 821
398 133 223 109 822
480 130 231 109 822
344 121 233 109 822
480 131 226 110 823
56 66 225 110 823
116 136 227 110 823
398 135 229 111 824
443 29 231 111 824
480 132 231 111 824
116 137 223 111 824
398 136 244 112 825
282 131 227 112 825
282 132 229 113 826
116 139 228 113 826
398 138 221 114 827
282 133 228 114 827
480 135 233 114 827
56 70 229 114 827
344 126 236 114 827
398 139 227 115 828
480 136 239 115 828
344 127 226 115 828
398 140 225 116 829
282 135 223 116 829
480 137 235 116 829
344 128 237 116 829
398 141 225 117 830
56 73 225 117 830
480 139 233 118 831
282 137 228 118 831
56 74 225 118 831
480 140 236 119 832
398 143 232 119 832
398 144 221 120 833
116 146 225 120 833
344 132 225 121 834
398 145 221 121 834
480 142 227 121 834
116 147 221 121 834
398 147 231 123 836
344 135 223 123 836
443 45 221 127 840
443 46 227 128 841
282 147 230 128 841
56 84 225 128 841
344 140 226 128 841
443 47 221 129 842
480 150 221 129 842
56 85 223 129 842
480 151 239 130 843
480 152 237 131 844
282 150 225 131 844
344 143 229 131 844
480 153 226 132 845
480 154 236 133 846
480 155 225 134 847
480 156 234 135 848
480 157 235 136 849
443 55 221 137 850
480 158 235 137 850
480 159 228 138 851
480 160 235 139 852
480 161 231 140 853
443 59 222 141 854
480 162 228 141 854
398 166 223 142 855
480 163 221 142 855
480 164 225 143 856
480 165 222 144 857
443 63 223 145 858
443 64 221 146 859
480 167 227 146 859
480 168 235 147 860
480 169 233 148 861
398 173 223 149 862
480 170 237 149 862
480 171 237 150 863
480 172 233 151 864
480 174 221 153 866
398 178 221 154 867
398 179 223 155 868
116 181 223 155 868
480 176 226 155 868
398 180 222 156 869
116 182 221 156 869
480 177 221 156 869
443 75 225 157 870
480 178 224 157 870
443 76 223 158 871
398 182 222 158 871
480 179 232 158 871
56 114 221 158 871
443 77 223 159 872
398 183 221 159 872
480 181 221 160 873
480 186 223 165 878
480 187 221 166 879
398 191 223 167 880
480 188 227 167 880
56 124 221 168 881
398 193 223 169 882
480 192 225 171 884
480 193 225 172 885
480 195 222 174 887
344 186 221 174 887
480 196 224 175 888
344 187 223 176 889
480 197 222 176 889
443 96 224 178 891
56 136 227 180 893
398 204 221 180 893
344 192 223 180 893
56 137 223 181 894
344 193 227 181 894
344 194 228 182 895
344 195 231 183 896
398 208 221 184 897
398 209 221 185 898
344 197 231 186 899
443 104 221 186 899
344 198 228 187 900
480 208 226 187 900
56 144 221 188 901
480 209 221 188 901
344 200 224 188 901
480 210 224 189 902
344 201 223 189 902
344 202 227 190 903
344 203 227 191 904
480 213 229 192 905
344 204 222 192 905
398 218 223 194 907
443 113 221 195 908
398 219 230 195 908
480 217 221 196 909
344 208 221 196 909
480 218 228 197 910
398 221 224 197 910
480 219 221 198 911
443 117 223 199 912
480 220 227 199 912
443 118 221 200 913
480 221 223 200 913
443 119 221 201 914
480 222 226 201 914
443 120 223 202 915
480 223 227 202 915
480 224 232 203 916
398 227 225 203 916
480 225 236 204 917
480 226 236 205 918
398 229 225 205 918
480 227 236 206 919
398 230 221 206 919
344 218 225 206 919
480 228 231 207 920
398 231 223 207 920
56 164 223 208 921
480 229 223 208 921
480 230 223 209 922
56 167 223 211 924
480 232 235 211 924
56 168 230 212 925
480 233 221 212 925
56 169 224 213 926
480 234 223 213 926
480 235 230 214 927
56 171 223 215 928
480 236 227 215 928
56 172 221 216 929
480 238 226 217 930
480 239 230 218 931
282 237 221 218 931
398 242 221 218 931
344 230 224 218 931
480 240 231 219 932
344 231 225 219 932
344 232 227 220 933
480 242 221 221 934
398 245 223 221 934
344 233 224 221 934
56 178 221 222 935
480 243 236 222 935
282 241 222 222 935
398 246 224 222 935
344 234 235 222 935
480 244 221 223 936
344 235 225 223 936
480 245 221 224 937
282 243 221 224 937
344 236 227 224 937
398 250 223 226 939
344 238 223 226 939
480 248 221 227 940
398 251 221 227 940
480 250 223 229 942
443 147 221 229 942
398 253 224 229 942
56 186 221 230 943
443 148 225 230 943
398 254 225 230 943
56 187 223 231 944
443 149 228 231 944
56 188 222 232 945
443 150 222 232 945
398 256 227 232 945
344 244 221 232 945
56 189 225 233 946
443 151 231 233 946
398 257 225 233 946
282 253 226 234 947
398 258 223 234 947
282 254 221 235 948
443 153 225 235 948
398 259 222 235 948
443 154 229 236 949
443 155 227 237 950
443 156 225 238 951
344 250 221 238 951
116 265 223 239 952
282 258 223 239 952
443 157 224 239 952
56 196 226 240 953
282 259 221 240 953
398 264 225 240 953
56 197 221 241 954
398 265 221 241 954
56 198 223 242 955
480 263 221 242 955
116 268 223 242 955
282 261 223 242 955
443 160 224 242 955
398 266 226 242 955
56 199 221 243 956
480 264 222 243 956
56 200 222 244 957
282 263 221 244 957
480 266 223 245 958
282 264 224 245 958
56 202 223 246 959
282 265 223 246 959
480 268 224 247 960
443 165 226 247 960
282 266 227 247 960
480 269 223 248 961
443 166 223 248 961
282 267 223 248 961
398 272 223 248 961
480 270 229 249 962
443 167 222 249 962
282 268 228 249 962
398 273 221 249 962
344 261 223 249 962
480 271 223 250 963
282 269 223 250 963
398 274 224 250 963
480 272 225 251 964
282 270 225 251 964
398 275 225 251 964
480 273 225 252 965
282 271 223 252 965
398 276 222 252 965
480 274 225 253 966
282 272 221 253 966
480 275 222 254 967
480 276 223 255 968
398 279 223 255 968
398 280 223 256 969
480 278 223 257 970
398 281 225 257 970
480 279 224 258 971
282 277 224 258 971
398 282 223 258 971
344 270 221 258 971
480 280 221 259 972
443 177 223 259 972
398 283 221 259 972
344 271 231 259 972
480 281 223 260 973
436 260 221 260 973
398 284 224 260 973
480 282 221 261 974
443 179 221 261 974
282 280 224 261 974
436 261 221 261 974
398 285 226 261 974
344 273 223 261 974
56 218 221 261 974
56 219 227 262 975
480 284 224 263 976
56 220 233 263 976
480 285 221 264 977
480 286 224 265 978
282 284 224 265 978
443 184 227 266 979
398 290 222 266 979
480 288 226 267 980
480 289 231 267 980
398 292 225 268 981
344 280 223 268 981
480 290 223 269 982
398 293 223 269 982
480 291 221 269 982
344 282 226 270 983
56 227 224 270 983
480 292 231 270 983
398 295 222 271 984
480 293 231 271 984
398 296 224 272 985
480 294 231 272 985
398 297 222 273 986
480 295 241 273 986
480 296 239 274 987
282 294 223 275 988
398 299 224 275 988
56 232 221 275 988
480 297 240 276 989
443 194 223 276 989
282 295 221 276 989
398 300 224 276 989
480 298 233 277 990
443 195 221 277 990
282 296 221 277 990
398 301 227 277 990
344 289 226 277 990
56 234 222 277 990
480 299 227 278 991
443 196 222 278 991
398 302 224 278 991
480 300 221 279 992
282 298 223 279 992
398 303 224 279 992
56 236 225 279 992
480 301 231 280 993
443 198 221 280 993
398 304 223 280 993
56 237 231 280 993
480 302 227 281 994
344 293 225 281 994
344 294 221 282 995
56 239 237 282 995
480 304 223 283 996
398 307 231 283 996
56 240 234 283 996
480 305 226 284 997
56 241 228 284 997
480 306 223 285 998
398 309 222 285 998
56 242 227 285 998
480 307 223 286 999
398 310 223 286 999
56 243 232 286 999
480 308 231 287 1000
56 244 234 287 1000
480 309 226 288 1001
398 312 224 288 1001
56 245 235 288 1001
480 310 228 289 1002
56 246 232 289 1002
480 311 226 290 1003
398 314 224 290 1003
56 247 236 290 1003
480 312 227 291 1004
56 248 236 291 1004
480 313 227 292 1005
398 316 221 292 1005
56 249 237 292 1005
480 314 229 293 1006
398 317 221 293 1006
56 250 226 293 1006
480 315 231 294 1007
398 318 225 294 1007
56 251 225 294 1007
480 316 233 295 1008
398 319 233 295 1008
56 252 227 295 1008
480 317 227 296 1009
398 320 229 296 1009
56 253 230 296 1009
480 318 231 297 1010
398 321 235 297 1010
56 254 241 297 1010
480 319 226 298 1011
56 255 221 298 1011
282 318 225 299 1012
398 323 223 299 1012
344 311 222 299 1012
56 257 227 300 1013
282 320 226 301 1014
398 325 231 301 1014
56 258 221 301 1014
480 323 221 302 1015
344 314 222 302 1015
480 324 223 303 1016
398 327 222 303 1016
322 314 226 306 1019
322 315 223 307 1020
529 203 229 308 1021
322 316 227 308 1021
217 332 228 309 1022
743 243 228 310 1023
288 328 231 310 1023
443 228 232 310 1023
527 330 226 310 1023
151 331 230 310 1023
776 184 222 311 1024
564 69 221 312 1025
421 333 223 312 1025
151 333 223 313 1026
112 316 222 313 1026
595 19 224 313 1026
374 332 243 315 1028
374 333 230 316 1029
611 324 223 316 1029
105 309 221 317 1030
227 270 221 326 1039
139 329 221 327 1040
450 346 222 327 1040
227 271 229 327 1040
335 347 223 328 1041
355 61 227 329 1042
414 349 225 329 1042
694 319 239 330 1043
451 354 221 331 1044
355 63 227 331 1044
394 345 223 331 1044
414 351 223 331 1044
414 352 223 332 1045
414 353 221 333 1046
355 66 221 334 1047
284 358 221 336 1049
569 350 223 336 1049
451 361 223 338 1051
402 356 223 338 1051
355 70 224 338 1051
450 357 221 338 1051
151 359 234 339 1052
227 283 236 339 1052
227 284 234 340 1053
299 28 221 346 1059
299 30 226 348 1061
299 31 228 349 1062
76 374 223 434 1147
76 375 237 435 1148
335 455 228 436 1149
76 376 231 436 1149
299 7 221 487 1200
299 8 237 488 1201
316 365 231 489 1202
603 503 227 489 1202
728 343 223 491 1204
531 489 221 491 1204
13 475 228 493 1206
535 459 224 493 1206
531 491 221 493 1206
151 39 221 494 1207
13 476 227 494 1207
151 40 222 495 1208
13 477 231 495 1208
151 41 225 496 1209
13 478 229 496 1209
468 516 221 496 1209
13 479 221 497 1210
13 480 229 498 1211
451 522 221 498 1211
495 504 237 498 1211
335 518 221 499 1212
420 373 226 499 1212
559 396 221 499 1212
13 482 222 500 1213
535 466 221 500 1213
13 483 231 501 1214
531 500 226 502 1215
13 485 221 503 1216
531 501 221 503 1216
13 486 223 504 1217
468 524 222 504 1217
13 487 224 505 1218
208 529 221 506 1219
13 488 237 506 1219
531 504 222 506 1219
559 403 223 506 1219
13 489 235 507 1220
299 27 236 507 1220
535 473 224 507 1220
531 505 225 507 1220
355 241 226 508 1221
499 475 222 509 1222
13 491 237 509 1222
468 529 231 509 1222
13 492 235 510 1223
227 454 229 510 1223
531 508 227 510 1223
13 493 237 511 1224
355 244 221 511 1224
531 509 221 511 1224
151 57 221 512 1225
355 245 225 512 1225
531 510 232 512 1225
468 532 221 513 1226
278 537 227 513 1226
13 495 222 513 1226
355 246 227 513 1226
13 496 231 514 1227
355 247 221 514 1227
531 512 224 514 1227
13 497 236 515 1228
13 498 246 516 1229
13 499 241 517 1230
531 515 231 517 1230
13 500 246 518 1231
13 501 243 519 1232
13 502 247 520 1233
13 503 241 521 1234
278 546 226 522 1235
13 504 243 522 1235
13 505 243 523 1236
13 506 241 524 1237
355 257 221 524 1237
151 70 221 525 1238
13 507 245 525 1238
531 523 225 525 1238
468 545 222 525 1238
13 508 239 526 1239
13 509 235 527 1240
531 525 221 527 1240
13 510 229 528 1241
13 511 242 529 1242
355 262 222 529 1242
603 543 221 529 1242
13 512 242 530 1243
13 513 242 531 1244
13 514 234 532 1245
151 78 235 533 1246
13 515 244 533 1246
559 430 221 533 1246
13 516 243 534 1247
13 517 247 535 1248
441 492 223 535 1248
13 518 242 536 1249
441 493 223 536 1249
93 472 221 536 1249
139 539 222 536 1249
559 433 227 536 1249
227 481 226 537 1250
191 349 241 540 1253
282 561 224 541 1254
665 362 231 542 1255
670 117 233 543 1256
671 572 221 544 1257
776 419 234 545 1258
578 116 225 546 1259
628 598 227 547 1260
719 236 232 548 1261
677 84 235 548 1261
439 491 226 548 1261
390 563 223 548 1261
331 548 235 549 1262
595 255 225 549 1262
772 573 229 549 1262
313 482 231 552 1265
626 544 227 552 1265
313 483 233 553 1266
663 571 221 553 1266
264 228 225 553 1266
411 465 222 553 1266
646 555 221 554 1267
313 484 233 554 1267
323 498 225 554 1267
619 544 226 555 1268
313 485 231 555 1268
567 530 221 555 1268
323 499 234 555 1268
547 578 221 556 1269
437 532 235 556 1269
453 13 222 556 1269
313 486 223 556 1269
323 500 223 556 1269
547 579 235 557 1270
453 14 223 557 1270
567 532 223 557 1270
725 18 225 557 1270
619 547 223 558 1271
547 580 224 558 1271
453 15 222 558 1271
313 488 223 558 1271
264 233 222 558 1271
323 502 225 558 1271
619 548 221 558 1271
453 16 222 559 1272
547 581 239 559 1272
313 489 234 559 1272
700 436 233 559 1272
323 503 227 559 1272
619 549 225 559 1272
453 17 222 560 1273
547 582 237 560 1273
313 490 222 560 1273
264 235 233 560 1273
700 437 221 560 1273
323 504 226 560 1273
453 18 225 561 1274
547 583 225 561 1274
313 491 229 561 1274
264 236 223 561 1274
725 22 221 561 1274
323 505 221 561 1274
652 573 222 561 1274
367 254 229 561 1274
453 19 222 562 1275
313 492 235 562 1275
264 237 223 562 1275
725 23 223 562 1275
25 550 222 563 1276
700 440 231 563 1276
323 507 221 563 1276
646 565 223 564 1277
453 21 223 564 1277
547 586 230 564 1277
264 239 223 564 1277
567 539 225 564 1277
700 441 227 564 1277
216 518 221 564 1277
646 566 221 565 1278
453 22 225 565 1278
547 587 227 565 1278
264 240 226 565 1278
700 442 221 565 1278
212 4 221 566 1279
646 567 222 566 1279
453 23 223 566 1279
25 553 221 566 1279
646 568 223 567 1280
453 24 223 567 1280
313 497 221 567 1280
264 242 222 567 1280
567 542 223 567 1280
453 25 231 568 1281
547 590 233 568 1281
700 445 223 568 1281
619 558 226 568 1281
646 570 221 569 1282
453 26 227 569 1282
547 591 233 569 1282
313 499 225 569 1282
264 244 228 569 1282
25 556 228 569 1282
700 446 221 569 1282
619 559 222 569 1282
646 571 222 570 1283
453 27 225 570 1283
313 500 232 570 1283
25 557 224 570 1283
700 447 232 570 1283
323 514 228 570 1283
547 593 227 571 1284
700 448 228 571 1284
567 546 221 571 1284
323 515 228 571 1284
700 449 227 572 1285
313 503 224 573 1286
323 517 222 573 1286
646 575 223 574 1287
264 249 221 574 1287
700 451 221 574 1287
323 518 223 574 1287
646 577 223 576 1289
264 251 223 576 1289
700 453 225 576 1289
547 599 224 577 1290
700 454 223 577 1290
547 600 221 578 1291
700 455 228 578 1291
547 601 222 579 1292
700 456 221 579 1292
547 602 221 580 1293
700 457 221 580 1293
547 603 227 581 1294
547 604 223 582 1295
619 572 221 582 1295
547 605 226 583 1296
700 460 223 583 1296
567 558 225 583 1296
700 462 223 585 1298
323 529 225 585 1298
646 587 221 586 1299
700 463 227 586 1299
567 561 223 586 1299
646 588 222 587 1300
547 609 221 587 1300
453 44 222 587 1300
700 464 225 587 1300
547 610 224 588 1301
700 465 221 588 1301
323 532 223 588 1301
547 611 223 589 1302
313 519 226 589 1302
700 466 223 589 1302
567 564 224 589 1302
619 579 221 590 1303
547 612 227 590 1303
567 565 222 590 1303
323 534 222 590 1303
547 613 225 591 1304
646 593 222 592 1305
547 614 221 592 1305
313 522 221 592 1305
700 469 223 592 1305
313 523 223 593 1306
547 615 221 593 1306
203 58 227 593 1306
700 470 221 593 1306
567 568 221 593 1306
323 537 223 593 1306
453 51 229 594 1307
547 616 225 594 1307
313 524 235 594 1307
25 581 221 594 1307
323 538 225 594 1307
313 525 242 595 1308
547 617 224 595 1308
25 582 225 595 1308
323 539 221 595 1308
313 526 239 596 1309
25 583 223 596 1309
313 527 235 597 1310
323 541 225 597 1310
547 620 231 598 1311
313 528 234 598 1311
323 542 222 598 1311
313 529 232 599 1312
547 621 228 599 1312
25 586 222 599 1312
313 530 225 600 1313
547 622 223 600 1313
323 544 223 600 1313
313 531 229 601 1314
547 623 224 601 1314
25 588 222 601 1314
547 624 227 602 1315
313 532 221 602 1315
25 589 221 602 1315
547 625 223 603 1316
313 533 233 603 1316
646 605 221 604 1317
547 626 226 604 1317
313 534 221 604 1317
313 535 234 605 1318
453 63 225 606 1319
313 536 225 606 1319
700 483 229 606 1319
567 581 221 606 1319
646 608 221 607 1320
453 64 225 607 1320
547 629 223 607 1320
313 537 226 607 1320
619 597 223 607 1320
453 65 224 608 1321
313 538 237 608 1321
547 630 229 608 1321
323 552 225 608 1321
547 631 228 609 1322
313 539 226 609 1322
700 486 223 609 1322
323 553 221 609 1322
453 67 224 610 1323
547 632 232 610 1323
313 540 223 610 1323
700 487 227 610 1323
323 554 225 610 1323
147 639 224 610 1323
547 633 227 611 1324
313 541 233 611 1324
700 488 227 611 1324
547 634 228 612 1325
313 542 239 612 1325
700 489 223 612 1325
547 635 229 613 1326
313 543 229 613 1326
700 490 222 613 1326
307 634 233 613 1326
453 71 221 614 1327
547 636 231 614 1327
313 544 230 614 1327
700 491 227 614 1327
323 558 224 614 1327
547 637 228 615 1328
313 545 240 615 1328
700 492 223 615 1328
547 638 229 616 1329
313 546 230 616 1329
323 560 221 616 1329
547 639 228 617 1330
313 547 232 617 1330
700 494 225 617 1330
547 640 224 618 1331
313 548 231 618 1331
547 641 223 619 1332
313 549 242 619 1332
700 496 221 619 1332
547 642 227 620 1333
313 550 223 620 1333
547 643 227 621 1334
700 498 223 621 1334
547 644 227 622 1335
313 552 245 622 1335
547 645 224 623 1336
313 553 239 623 1336
700 500 222 623 1336
547 646 222 624 1337
313 554 230 624 1337
700 501 222 624 1337
453 82 221 625 1338
547 647 227 625 1338
313 555 233 625 1338
700 502 225 625 1338
547 648 228 626 1339
313 556 226 626 1339
700 503 223 626 1339
547 649 227 627 1340
313 557 231 627 1340
700 504 223 627 1340
567 602 221 627 1340
547 650 229 628 1341
646 629 221 628 1341
313 558 235 628 1341
700 505 224 628 1341
547 651 225 629 1342
313 559 231 629 1342
700 506 221 629 1342
313 560 229 630 1343
700 507 224 630 1343
313 561 235 631 1344
25 618 221 631 1344
700 508 221 631 1344
547 654 229 632 1345
313 562 237 632 1345
323 576 221 632 1345
619 622 221 632 1345
547 655 225 633 1346
313 563 236 633 1346
567 608 221 633 1346
453 91 222 634 1347
547 656 225 634 1347
313 564 236 634 1347
700 511 225 634 1347
619 624 221 634 1347
547 657 229 635 1348
313 565 237 635 1348
700 512 225 635 1348
725 96 222 635 1348
326 660 224 635 1348
453 93 224 636 1349
547 658 227 636 1349
313 566 246 636 1349
547 659 227 637 1350
313 567 244 637 1350
567 612 222 637 1350
453 95 221 637 1350
547 660 227 638 1351
313 568 233 638 1351
700 515 222 638 1351
30 330 222 638 1351
547 661 227 639 1352
313 569 233 639 1352
547 662 225 640 1353
313 570 233 640 1353
619 630 221 640 1353
547 663 223 641 1354
313 571 234 641 1354
313 572 234 642 1355
547 665 223 643 1356
313 573 235 643 1356
547 666 224 644 1357
313 574 235 644 1357
547 667 229 645 1358
313 575 235 645 1358
547 668 225 646 1359
313 576 235 646 1359
700 523 222 646 1359
567 621 221 646 1359
547 669 233 647 1360
313 577 225 647 1360
700 524 225 647 1360
547 670 227 648 1361
313 578 233 648 1361
547 671 228 649 1362
313 579 232 649 1362
700 526 222 649 1362
547 672 224 650 1363
313 580 247 650 1363
453 108 221 650 1363
547 673 223 651 1364
313 581 246 651 1364
547 674 223 652 1365
313 582 245 652 1365
700 529 223 652 1365
323 596 224 652 1365
547 675 225 653 1366
313 583 242 653 1366
700 530 222 653 1366
547 676 224 654 1367
313 584 241 654 1367
700 531 229 654 1367
170 660 223 654 1367
567 629 223 654 1367
547 677 228 655 1368
313 585 237 655 1368
323 599 224 655 1368
619 645 221 655 1368
547 678 227 656 1369
313 586 239 656 1369
700 533 222 656 1369
547 679 223 657 1370
313 587 242 657 1370
547 680 227 658 1371
313 588 246 658 1371
700 535 223 658 1371
547 681 222 659 1372
313 589 247 659 1372
547 682 234 660 1373
313 590 245 660 1373
700 537 221 660 1373
313 591 245 661 1374
700 538 221 661 1374
725 122 221 661 1374
547 684 226 662 1375
313 592 246 662 1375
646 663 221 662 1375
25 649 221 662 1375
547 685 228 663 1376
313 593 243 663 1376
25 650 222 663 1376
313 594 245 664 1377
25 651 221 664 1377
547 687 224 665 1378
313 595 246 665 1378
646 666 227 665 1378
25 652 221 665 1378
313 596 243 666 1379
264 341 222 666 1379
323 610 224 666 1379
547 689 226 667 1380
313 597 241 667 1380
646 668 221 667 1380
264 342 221 667 1380
323 611 228 667 1380
725 128 222 667 1380
547 690 227 668 1381
313 598 226 668 1381
547 691 232 669 1382
313 599 225 669 1382
547 692 229 670 1383
313 600 221 670 1383
547 693 230 670 1383
313 601 221 671 1384
619 661 221 671 1384
547 694 236 671 1384
313 602 243 672 1385
323 616 221 672 1385
619 662 222 672 1385
547 695 236 673 1386
313 603 233 673 1386
323 617 221 673 1386
547 696 232 673 1386
313 604 232 674 1387
700 551 221 674 1387
619 664 221 674 1387
547 697 237 674 1387
313 605 239 675 1388
25 662 224 675 1388
619 665 225 675 1388
547 698 237 675 1388
313 606 241 676 1389
619 666 223 676 1389
547 699 237 676 1389
313 607 232 677 1390
547 700 234 677 1390
313 608 241 678 1391
700 555 225 678 1391
25 665 223 678 1391
323 622 221 678 1391
619 668 221 678 1391
547 701 234 678 1391
313 609 246 679 1392
619 669 225 679 1392
547 702 233 679 1392
313 610 243 680 1393
264 355 221 680 1393
619 670 222 680 1393
547 703 229 680 1393
313 611 243 681 1394
264 356 223 681 1394
547 704 237 681 1394
313 612 240 682 1395
264 357 222 682 1395
619 672 223 682 1395
547 705 237 682 1395
313 613 239 683 1396
567 658 223 683 1396
547 706 235 683 1396
313 614 240 684 1397
567 659 224 684 1397
323 628 221 684 1397
547 707 237 684 1397
313 615 241 685 1398
700 562 221 685 1398
323 629 223 685 1398
547 708 227 685 1398
313 616 239 686 1399
567 661 223 686 1399
619 676 222 686 1399
547 709 227 686 1399
313 617 237 687 1400
700 564 223 687 1400
25 674 226 687 1400
619 677 221 687 1400
313 618 237 688 1401
700 565 224 688 1401
25 675 227 688 1401
619 678 221 688 1401
313 619 236 689 1402
700 566 223 689 1402
25 676 226 689 1402
547 712 221 689 1402
313 620 235 690 1403
700 567 224 690 1403
25 677 223 690 1403
619 680 221 690 1403
547 713 225 690 1403
313 621 240 691 1404
700 568 225 691 1404
25 678 222 691 1404
567 666 223 691 1404
547 714 225 691 1404
313 622 233 692 1405
25 679 223 692 1405
547 715 225 692 1405
313 623 225 693 1406
725 154 221 693 1406
547 716 223 693 1406
646 695 221 694 1407
313 624 229 694 1407
700 571 221 694 1407
547 717 235 694 1407
453 152 222 694 1407
313 625 233 695 1408
700 572 223 695 1408
25 682 221 695 1408
547 718 231 695 1408
313 626 231 696 1409
700 573 222 696 1409
25 683 222 696 1409
619 686 221 696 1409
323 640 227 696 1409
547 719 233 696 1409
313 627 237 697 1410
700 574 222 697 1410
567 672 221 697 1410
547 720 226 697 1410
313 628 225 698 1411
264 373 222 698 1411
567 673 222 698 1411
25 685 228 698 1411
619 688 221 698 1411
547 721 231 698 1411
313 629 222 699 1412
264 374 221 699 1412
700 576 223 699 1412
25 686 227 699 1412
323 643 228 699 1412
453 157 222 699 1412
313 630 221 700 1413
264 375 226 700 1413
25 687 229 700 1413
547 723 225 700 1413
264 376 223 701 1414
700 578 223 701 1414
567 676 223 701 1414
25 688 229 701 1414
453 159 221 701 1414
547 724 234 701 1414
313 632 221 702 1415
264 377 223 702 1415
25 689 230 702 1415
547 725 231 702 1415
646 704 226 703 1416
313 633 222 703 1416
264 378 223 703 1416
25 690 229 703 1416
547 726 234 703 1416
646 705 226 704 1417
313 634 223 704 1417
264 379 223 704 1417
700 581 225 704 1417
547 727 235 704 1417
264 380 221 705 1418
700 582 223 705 1418
567 680 221 705 1418
725 166 224 705 1418
25 692 221 705 1418
348 403 225 705 1418
453 163 223 705 1418
547 728 238 705 1418
698 729 223 705 1418
264 381 222 706 1419
700 584 222 707 1420
547 730 228 707 1420
264 383 221 708 1421
700 585 225 708 1421
547 731 237 708 1421
313 639 226 709 1422
700 586 224 709 1422
264 384 224 709 1422
547 732 233 709 1422
264 385 221 710 1423
547 733 229 710 1423
313 641 228 711 1424
323 655 221 711 1424
547 734 233 711 1424
313 642 228 712 1425
323 656 221 712 1425
547 735 225 712 1425
313 643 224 713 1426
323 657 222 713 1426
547 736 238 713 1426
313 644 225 714 1427
264 389 223 714 1427
700 591 222 714 1427
547 737 237 714 1427
313 645 226 715 1428
700 592 225 715 1428
323 659 224 715 1428
547 738 237 715 1428
313 646 223 716 1429
264 391 222 716 1429
700 593 226 716 1429
25 703 223 716 1429
323 660 224 716 1429
547 739 239 716 1429
313 647 221 717 1430
646 718 221 717 1430
264 392 225 717 1430
700 594 227 717 1430
323 661 227 717 1430
547 740 237 717 1430
313 648 221 718 1431
323 662 227 718 1431
547 741 239 718 1431
313 649 235 719 1432
700 596 225 719 1432
547 742 239 719 1432
313 650 234 720 1433
700 597 224 720 1433
725 181 221 720 1433
547 743 221 720 1433
313 651 238 721 1434
264 396 221 721 1434
323 665 225 721 1434
313 652 243 722 1435
323 666 224 722 1435
547 745 229 722 1435
313 653 227 723 1436
323 667 224 723 1436
547 746 229 723 1436
313 654 227 724 1437
264 399 221 724 1437
323 668 223 724 1437
547 747 224 724 1437
313 655 233 725 1438
264 400 225 725 1438
313 656 233 726 1439
264 401 222 726 1439
313 657 231 727 1440
264 402 226 727 1440
323 671 224 727 1440
725 188 221 727 1440
313 658 233 728 1441
700 605 223 728 1441
264 403 228 728 1441
323 672 225 728 1441
635 507 221 728 1441
547 751 231 729 1442
313 659 225 729 1442
25 716 222 729 1442
323 673 221 729 1442
547 752 229 729 1442
313 660 223 730 1443
700 607 233 730 1443
547 753 231 730 1443
313 661 222 731 1444
700 608 236 731 1444
264 406 225 731 1444
547 754 227 731 1444
313 662 224 732 1445
700 609 233 732 1445
264 407 227 732 1445
313 663 227 732 1445
547 755 221 732 1445
700 610 227 733 1446
264 408 227 733 1446
547 756 223 733 1446
264 409 226 734 1447
547 757 223 735 1448
700 612 221 735 1448
264 410 227 735 1448
567 710 221 735 1448
646 737 221 735 1448
313 666 222 735 1448
547 758 227 735 1448
264 411 223 736 1449
313 667 221 736 1449
646 738 221 736 1449
700 614 222 737 1450
25 724 223 737 1450
725 198 223 737 1450
567 712 223 737 1450
212 176 222 737 1450
313 668 235 737 1450
700 615 221 738 1451
313 669 225 738 1451
547 761 223 739 1452
264 414 222 739 1452
313 670 226 740 1453
313 671 228 741 1454
725 202 224 741 1454
567 716 227 741 1454
619 731 227 741 1454
547 764 227 742 1455
700 619 221 742 1455
547 765 225 742 1455
313 673 221 742 1455
323 687 222 743 1456
567 719 224 744 1457
725 205 223 744 1457
313 675 232 744 1457
264 420 223 745 1458
323 689 223 745 1458
567 720 222 745 1458
313 676 225 745 1458
323 690 222 746 1459
313 677 222 746 1459
264 423 221 748 1461
25 735 225 748 1461
567 723 221 748 1461
547 771 227 748 1461
700 626 225 748 1461
25 736 227 749 1462
547 772 226 749 1462
313 680 221 749 1462
264 425 221 750 1463
25 737 224 750 1463
567 725 225 750 1463
725 211 223 750 1463
547 773 222 750 1463
313 681 224 750 1463
216 705 222 751 1464
547 774 221 751 1464
700 629 223 752 1465
25 739 225 752 1465
567 727 225 752 1465
725 213 223 752 1465
453 210 222 752 1465
313 683 222 752 1465
547 775 229 752 1465
700 630 228 753 1466
646 754 221 753 1466
264 428 222 753 1466
725 214 225 753 1466
619 743 221 753 1466
313 684 225 753 1466
700 631 225 754 1467
547 777 225 754 1467
700 632 225 755 1468
725 216 223 755 1468
453 213 221 755 1468
25 743 222 756 1469
243 16 221 756 1469
700 634 222 756 1469
700 635 221 757 1470
547 781 221 758 1471
216 713 222 759 1472
547 784 224 762 1475
646 763 224 762 1475
25 749 223 762 1475
700 640 225 763 1476
547 785 225 763 1476
725 225 221 764 1477
547 787 221 765 1478
700 643 231 766 1479
547 789 223 767 1480
453 225 225 767 1480
547 790 224 768 1481
725 229 221 768 1481
453 226 225 768 1481
547 791 227 769 1482
453 227 223 769 1482
547 792 224 770 1483
453 228 222 770 1483
264 446 221 771 1484
619 761 221 771 1484
216 725 222 771 1484
547 794 223 772 1485
313 703 221 773 1486
547 795 225 773 1486
547 796 223 774 1487
646 775 221 774 1487
264 449 221 774 1487
453 232 224 774 1487
547 797 221 775 1488
264 450 222 775 1488
453 233 226 775 1488
547 798 223 776 1489
646 777 227 776 1489
264 451 223 776 1489
567 751 222 776 1489
725 237 221 776 1489
453 234 224 776 1489
453 235 225 777 1490
216 731 225 777 1490
547 800 221 777 1490
264 453 224 778 1491
453 236 223 778 1491
313 711 231 781 1494
323 725 222 781 1494
272 806 223 781 1494
547 804 225 782 1495
313 712 239 782 1495
250 797 237 782 1495
264 457 221 782 1495
547 805 231 783 1496
167 438 227 783 1496
787 491 221 783 1496
319 806 221 783 1496
547 806 225 783 1496
167 439 229 784 1497
538 789 243 784 1497
616 612 222 784 1497
219 336 225 784 1497
173 17 225 784 1497
319 807 225 784 1497
538 790 234 785 1498
616 613 224 785 1498
724 806 225 785 1498
18 796 221 785 1498
447 710 240 785 1498
771 673 224 786 1499
56 226 221 786 1499
319 809 239 786 1499
201 974 229 786 1499
535 135 225 786 1499
481 565 221 787 1500
583 5 236 787 1500
27 464 224 787 1500
479 697 235 788 1501
318 804 225 788 1501
535 137 250 788 1501
250 804 225 789 1502
44 464 226 789 1502
444 817 227 789 1502
780 19 222 789 1502
309 242 229 789 1502
597 237 221 790 1503
103 818 245 790 1503
97 624 227 790 1503
250 806 239 791 1504
344 804 221 791 1504
547 814 226 791 1504
592 10 231 792 1505
485 225 224 792 1505
516 811 225 792 1505
344 805 232 792 1505
547 815 235 792 1505
161 304 223 793 1506
344 806 227 793 1506
309 246 222 793 1506
547 816 238 794 1507
450 813 221 794 1507
127 830 224 794 1507
64 794 223 794 1507
344 807 238 794 1507
547 817 239 795 1508
450 814 223 795 1508
344 808 231 795 1508
463 12 247 795 1508
547 818 244 795 1508
700 673 227 795 1508
38 279 223 796 1509
344 809 230 796 1509
463 13 244 796 1509
121 39 224 796 1509
547 819 246 796 1509
700 674 225 797 1510
402 296 224 797 1510
344 810 234 797 1510
463 14 246 797 1510
231 230 221 798 1511
114 610 226 798 1511
642 30 230 798 1511
463 15 240 798 1511
344 811 229 798 1511
354 709 223 798 1511
547 821 235 798 1511
659 54 223 799 1512
463 16 242 799 1512
547 822 238 799 1512
537 805 227 800 1513
463 17 243 800 1513
344 813 222 800 1513
547 823 235 800 1513
366 1 223 801 1514
512 801 221 801 1514
344 814 221 801 1514
463 18 243 801 1514
547 824 233 801 1514
278 826 228 801 1514
700 679 222 801 1514
190 3 222 802 1515
629 738 236 802 1515
370 821 222 802 1515
344 815 226 802 1515
463 19 244 802 1515
547 825 239 802 1515
129 831 221 803 1516
344 816 231 803 1516
463 20 243 803 1516
547 826 241 803 1516
235 386 222 804 1517
374 822 221 804 1517
190 5 229 804 1517
689 256 225 804 1517
284 827 225 804 1517
463 21 245 804 1517
344 817 237 804 1517
399 64 233 804 1517
785 815 221 804 1517
391 749 224 804 1517
547 827 233 804 1517
101 808 221 805 1518
444 833 227 805 1518
787 513 223 805 1518
187 817 233 805 1518
665 626 230 805 1518
732 779 225 807 1520
421 48 225 807 1520
95 510 232 808 1521
567 783 235 808 1521
651 828 223 808 1521
334 759 234 808 1521
738 763 231 808 1521
773 754 228 809 1522
538 814 224 809 1522
77 357 221 809 1522
756 149 231 809 1522
412 776 223 810 1523
46 822 241 810 1523
9 836 224 813 1526
494 354 231 813 1526
333 836 221 819 1532
494 361 227 820 1533
612 95 225 823 1536
494 365 230 824 1537
397 217 222 824 1537
397 220 231 827 1540
494 373 223 832 1545
494 374 221 833 1546
494 376 225 835 1548
494 377 223 836 1549
494 378 250 837 1550
266 47 225 838 1551
725 299 222 838 1551
494 379 221 838 1551
494 381 223 840 1553
397 233 221 840 1553
494 382 221 841 1554
244 856 221 841 1554
171 112 231 842 1555
494 384 222 843 1556
638 850 222 844 1557
404 829 221 844 1557
725 306 221 845 1558
244 860 221 845 1558
704 866 221 846 1559
494 388 225 847 1560
404 832 221 847 1560
72 318 223 848 1561
397 241 223 848 1561
223 309 229 851 1564
397 244 223 851 1564
484 8 225 852 1565
60 880 221 852 1565
658 874 221 852 1565
484 9 221 853 1566
319 876 222 854 1567
392 876 231 854 1567
494 395 221 854 1567
244 869 227 854 1567
46 867 227 855 1568
467 78 224 857 1570
601 881 223 857 1570
625 65 229 857 1570
756 198 228 859 1572
424 888 223 861 1574
485 294 221 861 1574
219 413 227 862 1575
81 871 222 863 1576
46 875 222 863 1576
196 873 230 863 1576
102 879 225 865 1578
281 79 221 865 1578
564 623 223 865 1578
564 624 221 866 1579
270 382 226 867 1580
127 904 232 868 1581
101 872 225 869 1582
452 715 231 869 1582
494 410 238 869 1582
495 875 224 869 1582
288 64 228 869 1582
380 828 245 870 1583
494 411 236 870 1583
288 65 236 870 1583
463 87 230 870 1583
380 829 245 871 1584
495 877 221 871 1584
159 604 221 871 1584
494 412 246 871 1584
288 66 232 871 1584
463 88 228 871 1584
380 830 235 872 1585
101 875 221 872 1585
495 878 224 872 1585
145 153 226 872 1585
390 889 227 874 1587
390 890 225 875 1588
661 747 221 875 1588
390 891 224 876 1589
661 748 221 876 1589
661 749 223 877 1590
740 822 222 877 1590
390 893 221 878 1591
661 750 223 878 1591
661 751 221 879 1592
443 801 225 883 1596
390 898 229 883 1596
587 896 223 884 1597
420 759 225 885 1598
661 757 225 885 1598
420 760 221 886 1599
390 901 222 886 1599
420 761 226 887 1600
390 902 223 887 1600
661 759 223 887 1600
740 832 225 887 1600
420 762 231 888 1601
390 903 221 888 1601
661 760 223 888 1601
587 900 231 888 1601
390 904 223 889 1602
31 913 230 891 1604
661 763 226 891 1604
390 907 224 892 1605
661 764 224 892 1605
587 904 226 892 1605
740 837 224 892 1605
27 569 241 893 1606
390 908 221 893 1606
661 765 223 893 1606
651 913 225 894 1607
740 839 221 894 1607
661 767 225 895 1608
587 907 224 895 1608
740 840 221 895 1608
480 354 227 896 1609
390 911 222 896 1609
587 908 223 896 1609
740 841 225 896 1609
27 573 238 897 1610
480 355 226 897 1610
661 769 221 897 1610
587 909 230 897 1610
27 574 229 898 1611
480 356 225 898 1611
740 843 224 898 1611
27 575 245 899 1612
390 914 222 899 1612
573 920 230 899 1612
661 771 225 899 1612
587 911 229 899 1612
43 919 222 899 1612
223 358 225 900 1613
288 95 230 900 1613
687 929 225 901 1614
287 621 225 901 1614
416 56 223 901 1614
332 122 225 901 1614
508 829 239 901 1614
101 904 225 901 1614
159 634 224 901 1614
157 930 222 901 1614
6 120 222 901 1614
102 916 227 902 1615
416 57 227 902 1615
287 622 227 902 1615
277 114 221 902 1615
506 381 224 902 1615
583 120 233 902 1615
489 863 231 902 1615
159 635 222 902 1615
84 921 231 902 1615
495 908 226 902 1615
288 97 225 902 1615
762 207 232 903 1616
42 12 221 903 1616
416 58 229 903 1616
332 124 232 903 1616
101 906 221 903 1616
74 23 221 903 1616
390 919 227 904 1617
506 383 222 904 1617
74 24 229 904 1617
221 924 230 905 1618
506 384 222 905 1618
156 341 229 905 1618
329 859 225 905 1618
74 25 239 905 1618
586 926 223 906 1619
777 916 224 906 1619
543 218 223 906 1619
74 26 246 906 1619
10 433 231 906 1619
461 893 234 907 1620
501 240 246 907 1620
737 915 242 907 1620
701 925 233 907 1620
418 927 241 907 1620
207 913 235 907 1620
74 27 243 907 1620
764 861 238 907 1620
10 434 222 907 1620
208 931 223 908 1621
74 28 243 908 1621
10 435 239 909 1622
37 585 227 909 1622
510 182 223 909 1622
74 29 237 909 1622
221 929 227 910 1623
74 30 240 910 1623
688 322 228 910 1623
278 935 239 911 1624
517 483 224 911 1624
652 234 221 911 1624
758 924 224 911 1624
149 287 221 911 1624
651 931 221 912 1625
299 13 226 912 1625
443 10 235 912 1625
149 288 233 912 1625
758 925 224 912 1625
725 32 223 912 1625
605 482 229 913 1626
11 381 222 913 1626
299 14 222 913 1626
443 11 232 913 1626
512 913 240 913 1626
443 12 222 914 1627
149 290 224 914 1627
605 484 225 915 1628
299 16 221 915 1628
443 13 223 915 1628
605 485 223 916 1629
11 384 221 916 1629
443 14 225 916 1629
758 929 223 916 1629
149 292 223 916 1629
517 489 224 917 1630
263 520 221 917 1630
299 18 225 917 1630
443 15 237 917 1630
149 293 223 918 1631
299 19 233 918 1631
443 16 223 918 1631
512 918 222 918 1631
263 522 221 919 1632
299 20 235 919 1632
443 17 223 919 1632
512 919 233 919 1632
149 295 221 920 1633
263 523 227 920 1633
299 21 234 920 1633
149 296 236 921 1634
721 359 225 921 1634
263 524 223 921 1634
299 22 224 921 1634
386 529 225 921 1634
443 19 227 921 1634
149 297 227 922 1635
299 23 225 922 1635
386 530 223 922 1635
512 922 221 922 1635
149 298 242 923 1636
721 361 222 923 1636
264 3 221 923 1636
386 531 233 923 1636
443 21 224 923 1636
386 533 225 925 1638
443 1 235 925 1638
512 925 221 925 1638
299 27 228 926 1639
443 2 235 926 1639
512 926 221 926 1639
149 302 227 927 1640
386 535 221 927 1640
443 3 245 927 1640
512 927 225 927 1640
725 47 221 928 1641
149 303 232 928 1641
721 366 223 928 1641
443 4 223 928 1641
758 941 221 928 1641
512 928 223 928 1641
299 30 223 929 1642
443 5 237 929 1642
149 305 226 930 1643
299 31 232 930 1643
443 1 229 930 1643
149 306 226 931 1644
299 32 227 931 1644
263 534 231 931 1644
443 2 235 931 1644
725 51 221 931 1644
149 307 234 932 1645
263 535 221 932 1645
598 60 221 932 1645
443 3 229 932 1645
725 52 224 932 1645
149 308 225 933 1646
299 34 224 933 1646
386 541 221 933 1646
443 4 223 933 1646
721 372 229 934 1647
299 35 230 934 1647
263 537 225 934 1647
598 62 221 934 1647
149 310 227 935 1648
299 36 232 935 1648
263 538 225 935 1648
443 6 222 935 1648
299 37 223 936 1649
264 17 221 937 1650
721 375 227 937 1650
386 545 234 937 1650
443 8 223 937 1650
299 39 231 938 1651
386 546 232 938 1651
263 541 233 938 1651
443 9 223 938 1651
386 547 233 939 1652
299 40 232 939 1652
263 542 224 939 1652
443 10 225 939 1652
386 548 233 940 1653
299 41 229 940 1653
263 543 230 940 1653
443 11 224 940 1653
386 549 231 941 1654
263 544 221 941 1654
721 380 231 942 1655
386 550 232 942 1655
725 62 221 942 1655
721 381 222 943 1656
386 551 231 943 1656
263 546 223 943 1656
299 44 223 943 1656
443 14 222 943 1656
386 552 230 944 1657
263 547 229 944 1657
299 45 225 944 1657
443 15 222 944 1657
721 383 225 945 1658
386 553 231 945 1658
263 548 225 945 1658
299 46 227 945 1658
443 16 225 945 1658
149 321 233 946 1659
386 554 231 946 1659
299 47 224 946 1659
443 17 227 946 1659
721 385 223 947 1660
386 555 236 947 1660
299 48 233 947 1660
443 18 229 947 1660
758 960 226 947 1660
721 386 223 948 1661
386 556 239 948 1661
299 49 227 948 1661
443 19 235 948 1661
758 961 223 948 1661
721 387 225 949 1662
386 557 233 949 1662
299 50 226 949 1662
443 20 224 949 1662
149 325 227 950 1663
386 558 232 950 1663
299 51 221 950 1663
443 21 240 950 1663
512 950 223 950 1663
149 326 225 951 1664
721 389 222 951 1664
386 559 222 951 1664
299 52 222 951 1664
443 22 229 951 1664
512 951 221 951 1664
721 390 228 952 1665
299 53 223 952 1665
386 560 222 952 1665
443 23 231 952 1665
512 952 221 952 1665
149 328 225 953 1666
386 561 227 953 1666
263 556 222 953 1666
443 24 232 953 1666
512 953 224 953 1666
149 329 221 954 1667
312 961 221 954 1667
721 392 221 954 1667
386 562 231 954 1667
299 55 224 954 1667
443 25 235 954 1667
512 954 221 954 1667
149 330 227 954 1667
386 563 230 955 1668
299 56 221 955 1668
443 26 236 955 1668
149 331 223 956 1669
386 564 233 956 1669
299 57 223 956 1669
443 27 233 956 1669
149 332 231 956 1669
721 395 225 957 1670
443 28 232 957 1670
758 970 225 957 1670
149 333 231 957 1670
386 566 236 958 1671
299 59 225 958 1671
263 561 224 958 1671
443 29 240 958 1671
758 971 222 958 1671
149 334 232 958 1671
721 397 236 959 1672
386 567 226 959 1672
263 562 222 959 1672
443 30 239 959 1672
758 972 221 959 1672
725 79 224 959 1672
149 335 232 960 1673
721 398 226 960 1673
263 563 221 960 1673
721 399 225 961 1674
386 569 234 961 1674
443 32 225 961 1674
721 400 223 962 1675
386 570 236 962 1675
263 565 227 962 1675
443 33 223 962 1675
149 338 229 962 1675
721 401 226 963 1676
386 571 236 963 1676
263 566 231 963 1676
758 976 225 963 1676
149 339 223 963 1676
721 402 229 964 1677
386 572 233 964 1677
299 65 223 964 1677
263 567 227 964 1677
758 977 225 964 1677
512 964 221 964 1677
149 340 223 965 1678
386 573 224 965 1678
443 36 222 965 1678
758 978 221 965 1678
386 574 223 966 1679
299 67 221 966 1679
263 569 226 966 1679
443 37 224 966 1679
149 342 224 967 1680
721 405 221 967 1680
386 575 225 967 1680
299 68 222 967 1680
443 38 225 967 1680
758 980 221 967 1680
149 343 230 968 1681
721 406 223 968 1681
386 576 227 968 1681
443 39 224 968 1681
721 407 228 969 1682
386 577 227 969 1682
299 70 227 969 1682
721 408 223 970 1683
386 578 233 970 1683
149 346 221 970 1683
386 579 227 971 1684
149 347 227 971 1684
386 580 231 972 1685
443 43 221 972 1685
386 581 226 973 1686
299 74 223 973 1686
443 44 233 973 1686
149 349 221 974 1687
721 412 224 974 1687
386 582 225 974 1687
299 75 227 974 1687
149 350 222 974 1687
721 413 230 975 1688
386 583 228 975 1688
299 76 221 975 1688
443 46 232 975 1688
512 975 221 975 1688
149 351 223 975 1688
386 584 224 976 1689
443 47 235 976 1689
149 352 221 976 1689
721 415 227 977 1690
386 585 223 977 1690
443 48 226 977 1690
149 353 227 977 1690
386 586 226 978 1691
758 991 223 978 1691
443 49 224 978 1691
721 417 223 979 1692
386 587 221 979 1692
299 80 225 979 1692
758 992 227 979 1692
443 50 227 979 1692
512 979 221 979 1692
721 418 241 980 1693
386 588 235 980 1693
263 583 230 980 1693
443 51 233 980 1693
149 356 224 980 1693
721 419 228 981 1694
386 589 234 981 1694
443 52 221 981 1694
721 420 221 982 1695
386 590 233 982 1695
263 585 235 982 1695
598 110 221 982 1695
758 995 223 982 1695
443 53 231 982 1695
512 982 223 982 1695
149 358 227 982 1695
721 421 225 983 1696
386 591 225 983 1696
299 84 223 983 1696
263 586 228 983 1696
721 422 222 984 1697
149 360 221 984 1697
721 423 227 985 1698
386 593 228 985 1698
299 86 221 985 1698
263 588 223 985 1698
721 424 223 986 1699
149 362 225 986 1699
721 425 222 987 1700
386 596 222 988 1701
263 591 227 988 1701
443 59 227 988 1701
149 364 225 988 1701
263 592 228 989 1702
299 90 223 989 1702
721 428 223 990 1703
263 593 222 990 1703
149 366 221 990 1703
721 429 221 991 1704
386 599 224 991 1704
263 594 227 991 1704
725 111 225 992 1705
721 430 229 992 1705
386 600 221 992 1705
299 93 226 992 1705
263 595 223 992 1705
605 13 221 992 1705
758 1005 221 992 1705
443 63 229 992 1705
512 992 225 992 1705
149 368 224 992 1705
725 112 221 993 1706
721 431 223 993 1706
386 601 229 993 1706
299 94 223 993 1706
443 64 225 993 1706
149 369 231 993 1706
721 432 221 994 1707
443 65 221 994 1707
512 994 225 994 1707
149 370 225 994 1707
721 433 227 995 1708
386 603 226 995 1708
312 1003 221 995 1708
149 371 233 995 1708
386 604 225 996 1709
263 599 225 996 1709
299 97 223 996 1709
758 1009 221 996 1709
443 67 230 996 1709
149 372 221 996 1709
721 435 227 997 1710
263 600 230 997 1710
299 98 224 997 1710
443 69 224 998 1711
149 374 225 998 1711
721 437 223 999 1712
386 607 234 999 1712
263 602 227 999 1712
443 70 225 999 1712
149 375 233 999 1712
721 438 223 1000 1713
386 608 231 1000 1713
443 71 224 1000 1713
386 609 233 1001 1714
443 72 226 1001 1714
386 610 227 1002 1715
299 103 227 1002 1715
443 73 221 1002 1715
149 378 228 1002 1715
721 441 225 1003 1716
386 611 232 1003 1716
299 104 222 1003 1716
443 74 223 1003 1716
512 1003 223 1003 1716
149 379 224 1003 1716
721 442 227 1004 1717
386 612 225 1004 1717
299 105 225 1004 1717
149 380 224 1004 1717
149 381 223 1005 1718
386 624 222 1016 1729
263 619 221 1016 1729
263 620 221 1017 1730
263 623 221 1020 1733
386 631 221 1023 1736
386 633 221 1025 1738
386 642 225 1034 1747
721 472 225 1034 1747
263 637 235 1034 1747
443 105 233 1034 1747
149 410 223 1034 1747
512 1034 223 1034 1747
386 643 233 1035 1748
263 638 221 1035 1748
512 1035 221 1035 1748
386 644 226 1036 1749
721 474 221 1036 1749
605 57 221 1036 1749
386 645 229 1037 1750
443 108 221 1037 1750
386 646 221 1038 1751
443 109 228 1038 1751
386 647 231 1039 1752
443 110 223 1039 1752
512 1039 223 1039 1752
386 648 231 1040 1753
299 141 223 1040 1753
721 478 227 1040 1753
443 111 227 1040 1753
512 1040 222 1040 1753
149 416 225 1040 1753
386 649 228 1041 1754
263 644 223 1041 1754
443 112 227 1041 1754
386 650 221 1042 1755
721 480 227 1042 1755
758 1055 225 1042 1755
386 651 227 1043 1756
721 481 225 1043 1756
443 114 221 1043 1756
149 419 228 1043 1756
386 652 233 1044 1757
721 482 227 1044 1757
299 145 230 1044 1757
605 65 224 1044 1757
263 647 231 1044 1757
443 115 221 1044 1757
149 420 237 1044 1757
386 653 233 1045 1758
721 483 233 1045 1758
299 146 224 1045 1758
263 648 222 1045 1758
443 116 226 1045 1758
149 421 224 1045 1758
512 1045 225 1045 1758
386 654 245 1046 1759
721 484 224 1046 1759
299 147 231 1046 1759
758 1059 221 1046 1759
149 422 225 1046 1759
386 655 236 1047 1760
721 485 228 1047 1760
299 148 231 1047 1760
443 118 234 1047 1760
758 1060 221 1047 1760
149 423 241 1047 1760
386 656 239 1048 1761
721 486 226 1048 1761
299 149 221 1048 1761
263 651 223 1048 1761
443 119 233 1048 1761
149 424 227 1048 1761
725 168 233 1048 1761
312 1056 221 1049 1762
386 657 235 1049 1762
721 487 221 1049 1762
299 150 225 1049 1762
758 1062 223 1049 1762
149 425 237 1050 1763
386 658 227 1050 1763
721 488 227 1050 1763
263 653 229 1050 1763
598 178 222 1050 1763
443 121 231 1050 1763
149 426 225 1051 1764
725 170 222 1051 1764
386 659 235 1051 1764
299 152 227 1051 1764
263 654 231 1051 1764
443 122 227 1051 1764
149 427 223 1052 1765
386 660 229 1052 1765
299 153 221 1052 1765
263 1 224 1052 1765
443 123 227 1052 1765
149 428 226 1053 1766
725 172 225 1053 1766
386 661 236 1053 1766
299 154 229 1053 1766
443 124 223 1053 1766
149 429 227 1054 1767
386 662 234 1054 1767
721 492 234 1054 1767
299 155 221 1054 1767
263 3 221 1054 1767
149 430 225 1055 1768
386 663 232 1055 1768
299 156 227 1055 1768
721 493 233 1055 1768
263 4 227 1055 1768
443 126 222 1055 1768
149 431 231 1056 1769
386 664 238 1056 1769
299 157 221 1056 1769
721 494 223 1056 1769
443 127 231 1056 1769
149 432 229 1057 1770
725 176 223 1057 1770
721 495 225 1057 1770
263 6 221 1057 1770
443 128 223 1057 1770
149 433 222 1057 1770
386 666 223 1058 1771
299 159 223 1058 1771
605 79 223 1058 1771
443 129 226 1058 1771
149 434 225 1058 1771
386 667 228 1059 1772
263 8 224 1059 1772
443 130 223 1059 1772
149 435 226 1059 1772
725 179 223 1060 1773
386 668 228 1060 1773
721 498 223 1060 1773
263 9 223 1060 1773
443 131 227 1060 1773
386 669 230 1061 1774
443 132 227 1061 1774
386 670 225 1062 1775
443 133 231 1062 1775
149 438 229 1062 1775
386 671 225 1063 1776
299 164 223 1063 1776
721 501 221 1063 1776
443 134 231 1063 1776
149 439 231 1063 1776
386 672 225 1064 1777
299 165 221 1064 1777
605 85 223 1064 1777
263 13 230 1064 1777
443 135 234 1064 1777
149 440 227 1064 1777
386 673 221 1065 1778
299 166 222 1065 1778
605 86 225 1065 1778
263 14 221 1065 1778
443 136 221 1065 1778
149 441 221 1065 1778
386 674 221 1066 1779
721 504 221 1066 1779
605 87 225 1066 1779
149 442 222 1066 1779
386 675 224 1067 1780
299 168 222 1067 1780
605 88 221 1067 1780
263 16 223 1067 1780
443 138 227 1067 1780
149 443 229 1067 1780
386 676 229 1068 1781
299 169 226 1068 1781
721 506 227 1068 1781
443 139 223 1068 1781
512 1068 223 1068 1781
149 444 226 1068 1781
299 170 225 1069 1782
263 18 226 1069 1782
512 1069 227 1069 1782
149 445 239 1069 1782
312 1077 223 1070 1783
725 189 221 1070 1783
386 678 240 1070 1783
299 171 221 1070 1783
721 508 226 1070 1783
605 91 221 1070 1783
263 19 227 1070 1783
443 141 223 1070 1783
512 1070 224 1070 1783
149 446 236 1070 1783
312 1078 222 1071 1784
386 679 242 1071 1784
299 172 229 1071 1784
605 92 225 1071 1784
263 20 236 1071 1784
149 447 229 1071 1784
512 1071 223 1071 1784
386 680 241 1072 1785
299 173 223 1072 1785
605 93 225 1072 1785
149 448 223 1072 1785
512 1072 225 1072 1785
725 192 229 1073 1786
386 681 238 1073 1786
299 174 241 1073 1786
605 94 225 1073 1786
263 22 223 1073 1786
149 449 228 1073 1786
512 1073 221 1073 1786
725 193 221 1074 1787
386 682 237 1074 1787
299 175 232 1074 1787
605 95 223 1074 1787
263 23 227 1074 1787
443 145 222 1074 1787
149 450 225 1074 1787
512 1074 229 1074 1787
725 194 221 1074 1787
312 1082 225 1075 1788
386 683 239 1075 1788
605 96 223 1075 1788
263 24 222 1075 1788
149 451 234 1075 1788
512 1075 223 1075 1788
386 684 241 1076 1789
299 177 234 1076 1789
605 97 223 1076 1789
149 452 237 1076 1789
386 685 233 1077 1790
299 178 230 1077 1790
605 98 221 1077 1790
263 26 227 1077 1790
149 453 234 1077 1790
312 1085 223 1077 1790
386 686 233 1078 1791
299 179 235 1078 1791
443 149 221 1078 1791
149 454 226 1078 1791
312 1086 223 1078 1791
386 687 231 1079 1792
299 180 233 1079 1792
605 100 225 1079 1792
715 334 221 1079 1792
149 455 237 1079 1792
725 199 221 1080 1793
386 688 233 1080 1793
299 181 229 1080 1793
263 29 227 1080 1793
149 456 221 1080 1793
715 335 221 1080 1793
725 200 223 1081 1794
721 519 224 1081 1794
605 102 221 1081 1794
263 30 235 1081 1794
149 457 231 1081 1794
725 201 223 1082 1795
386 690 237 1082 1795
721 520 221 1082 1795
605 103 224 1082 1795
299 183 225 1082 1795
263 31 227 1082 1795
149 458 231 1082 1795
715 337 222 1082 1795
512 1082 225 1082 1795
312 1090 223 1083 1796
386 691 232 1083 1796
721 521 222 1083 1796
263 32 229 1083 1796
149 459 235 1083 1796
512 1083 224 1083 1796
386 692 235 1084 1797
149 460 235 1084 1797
512 1084 225 1084 1797
605 106 221 1085 1798
299 186 241 1085 1798
263 34 233 1085 1798
149 461 229 1085 1798
312 1093 227 1085 1798
725 205 227 1086 1799
386 694 234 1086 1799
721 524 221 1086 1799
299 187 240 1086 1799
263 35 226 1086 1799
443 157 223 1086 1799
149 462 229 1086 1799
386 695 239 1087 1800
721 525 223 1087 1800
299 188 231 1087 1800
263 36 228 1087 1800
149 463 225 1087 1800
512 1087 223 1087 1800
312 1095 226 1088 1801
725 207 223 1088 1801
386 696 227 1088 1801
299 189 237 1088 1801
263 37 223 1088 1801
758 1101 228 1088 1801
386 697 239 1089 1802
721 527 225 1089 1802
299 190 232 1089 1802
263 38 231 1089 1802
758 1102 221 1089 1802
149 465 225 1089 1802
512 1089 227 1089 1802
312 1097 221 1090 1803
517 662 221 1090 1803
386 698 241 1090 1803
721 528 221 1090 1803
299 191 236 1090 1803
263 39 227 1090 1803
758 1103 227 1090 1803
598 218 223 1090 1803
715 345 221 1090 1803
149 466 228 1090 1803
512 1090 225 1090 1803
386 699 230 1091 1804
605 112 221 1091 1804
299 192 230 1091 1804
758 1104 227 1091 1804
263 40 233 1091 1804
149 467 232 1091 1804
512 1091 223 1091 1804
312 1099 225 1092 1805
386 700 242 1092 1805
721 530 233 1092 1805
299 193 235 1092 1805
758 1105 221 1092 1805
263 41 224 1092 1805
443 163 227 1092 1805
149 468 224 1092 1805
512 1092 225 1092 1805
611 1100 221 1092 1805
725 212 221 1093 1806
386 701 239 1093 1806
721 531 227 1093 1806
299 194 239 1093 1806
758 1106 229 1093 1806
263 42 228 1093 1806
443 164 221 1093 1806
149 469 233 1093 1806
512 1093 222 1093 1806
312 1101 221 1094 1807
725 213 223 1094 1807
386 702 241 1094 1807
721 532 224 1094 1807
299 195 239 1094 1807
758 1107 221 1094 1807
149 470 229 1094 1807
512 1094 222 1094 1807
725 214 227 1095 1808
386 703 240 1095 1808
721 533 222 1095 1808
299 196 237 1095 1808
758 1108 222 1095 1808
443 166 221 1095 1808
149 471 228 1095 1808
512 1095 225 1095 1808
386 704 237 1096 1809
721 534 223 1096 1809
299 197 235 1096 1809
758 1109 223 1096 1809
263 45 225 1096 1809
443 167 224 1096 1809
149 472 227 1096 1809
512 1096 223 1096 1809
312 1104 221 1097 1810
386 705 243 1097 1810
721 535 237 1097 1810
299 198 223 1097 1810
758 1110 225 1097 1810
263 46 224 1097 1810
443 168 221 1097 1810
149 473 224 1097 1810
312 1105 225 1098 1811
386 706 238 1098 1811
605 119 223 1098 1811
758 1111 225 1098 1811
299 199 237 1098 1811
149 474 231 1098 1811
512 1098 225 1098 1811
386 707 227 1099 1812
605 120 221 1099 1812
299 200 238 1099 1812
263 48 222 1099 1812
149 475 234 1099 1812
512 1099 225 1099 1812
312 1107 221 1100 1813
386 708 230 1100 1813
721 538 225 1100 1813
758 1113 222 1100 1813
299 201 234 1100 1813
263 49 223 1100 1813
149 476 235 1100 1813
386 709 227 1101 1814
721 539 226 1101 1814
299 202 235 1101 1814
758 1114 224 1101 1814
149 477 235 1101 1814
725 221 221 1102 1815
386 710 236 1102 1815
721 540 224 1102 1815
299 203 233 1102 1815
758 1115 226 1102 1815
149 478 224 1102 1815
386 711 235 1103 1816
605 124 221 1103 1816
721 541 225 1103 1816
299 204 234 1103 1816
758 1116 231 1103 1816
263 52 221 1103 1816
149 479 231 1103 1816
512 1103 221 1103 1816
386 712 231 1104 1817
605 125 224 1104 1817
299 205 233 1104 1817
758 1117 225 1104 1817
149 480 230 1104 1817
512 1104 225 1104 1817
386 713 225 1105 1818
725 224 222 1105 1818
721 543 224 1105 1818
299 206 241 1105 1818
758 1118 221 1105 1818
263 54 226 1105 1818
149 481 237 1105 1818
512 1105 224 1105 1818
386 714 233 1106 1819
299 207 233 1106 1819
758 1119 223 1106 1819
149 482 235 1106 1819
512 1106 223 1106 1819
386 715 239 1107 1820
725 226 221 1107 1820
721 545 223 1107 1820
299 208 239 1107 1820
758 1120 232 1107 1820
263 56 225 1107 1820
149 483 237 1107 1820
512 1107 222 1107 1820
386 716 235 1108 1821
725 227 222 1108 1821
721 546 221 1108 1821
299 209 237 1108 1821
715 363 221 1108 1821
263 57 227 1108 1821
149 484 233 1108 1821
386 717 239 1109 1822
299 210 239 1109 1822
758 1122 221 1109 1822
263 58 223 1109 1822
149 485 232 1109 1822
386 718 231 1110 1823
605 131 221 1110 1823
299 211 239 1110 1823
758 1123 227 1110 1823
263 59 232 1110 1823
149 486 237 1110 1823
312 1118 224 1111 1824
386 719 234 1111 1824
299 212 237 1111 1824
758 1124 229 1111 1824
263 60 223 1111 1824
149 487 236 1111 1824
512 1111 223 1111 1824
312 1119 221 1112 1825
386 720 235 1112 1825
721 550 224 1112 1825
299 213 223 1112 1825
263 61 221 1112 1825
512 1112 221 1112 1825
312 1120 227 1113 1826
386 721 231 1113 1826
299 214 241 1113 1826
149 489 231 1113 1826
512 1113 223 1113 1826
386 722 234 1114 1827
725 233 221 1114 1827
721 552 227 1114 1827
299 215 231 1114 1827
758 1127 227 1114 1827
149 490 235 1114 1827
312 1122 223 1114 1827
386 723 231 1115 1828
725 234 222 1115 1828
721 553 225 1115 1828
299 216 233 1115 1828
758 1128 225 1115 1828
149 491 237 1115 1828
386 724 224 1116 1829
725 235 221 1116 1829
721 554 225 1116 1829
299 217 237 1116 1829
758 1129 225 1116 1829
149 492 236 1116 1829
386 725 240 1116 1829
299 218 234 1117 1830
263 66 225 1117 1830
149 493 234 1117 1830
598 245 222 1117 1830
512 1117 225 1117 1830
386 726 236 1117 1830
299 219 239 1118 1831
263 67 224 1118 1831
758 1131 224 1118 1831
149 494 227 1118 1831
386 727 233 1118 1831
312 1126 222 1119 1832
721 557 225 1119 1832
149 495 229 1119 1832
512 1119 223 1119 1832
386 728 229 1119 1832
299 221 233 1120 1833
263 69 235 1120 1833
149 496 237 1120 1833
598 248 223 1120 1833
512 1120 225 1120 1833
386 729 233 1120 1833
312 1128 223 1121 1834
721 559 223 1121 1834
299 222 221 1121 1834
263 70 247 1121 1834
758 1134 227 1121 1834
149 497 236 1121 1834
512 1121 230 1121 1834
725 241 223 1121 1834
386 730 239 1121 1834
721 560 224 1122 1835
263 71 229 1122 1835
758 1135 227 1122 1835
149 498 237 1122 1835
598 250 222 1122 1835
386 731 231 1122 1835
312 1130 229 1122 1835
149 499 231 1123 1836
512 1123 221 1123 1836
386 732 235 1123 1836
312 1131 229 1124 1837
721 562 223 1124 1837
263 73 223 1124 1837
758 1137 222 1124 1837
149 500 221 1124 1837
312 1132 221 1125 1838
721 563 223 1125 1838
758 1138 222 1125 1838
149 501 233 1125 1838
512 1125 221 1125 1838
386 734 239 1125 1838
299 227 223 1126 1839
149 502 225 1126 1839
386 735 225 1126 1839
299 228 221 1127 1840
443 198 223 1127 1840
149 503 221 1127 1840
386 736 228 1127 1840
721 566 221 1128 1841
149 504 234 1128 1841
443 199 223 1128 1841
512 1128 225 1128 1841
386 737 237 1128 1841
299 230 225 1129 1842
149 505 227 1129 1842
386 738 234 1129 1842
386 739 234 1130 1843
149 507 235 1131 1844
386 740 227 1131 1844
721 570 221 1132 1845
299 233 226 1132 1845
598 260 221 1132 1845
149 508 231 1132 1845
725 252 223 1132 1845
386 741 235 1132 1845
299 234 229 1133 1846
149 509 223 1133 1846
386 742 245 1133 1846
721 572 221 1134 1847
299 235 231 1134 1847
149 510 227 1134 1847
443 205 229 1134 1847
386 743 242 1134 1847
312 1142 222 1135 1848
299 236 230 1135 1848
149 511 234 1135 1848
512 1135 223 1135 1848
725 255 221 1135 1848
386 744 237 1135 1848
312 1143 223 1136 1849
299 237 225 1136 1849
443 207 223 1136 1849
149 512 224 1136 1849
386 745 239 1136 1849
263 86 226 1137 1850
149 513 221 1137 1850
512 1137 222 1137 1850
386 746 237 1137 1850
299 239 233 1138 1851
263 87 221 1138 1851
443 209 232 1138 1851
149 514 222 1138 1851
386 747 230 1138 1851
517 711 225 1138 1851
443 210 222 1139 1852
149 515 222 1139 1852
386 749 231 1140 1853
721 579 221 1141 1854
299 242 222 1141 1854
758 1154 225 1141 1854
443 212 225 1141 1854
149 517 239 1141 1854
386 750 228 1141 1854
605 163 223 1141 1854
721 580 221 1142 1855
299 243 237 1142 1855
263 91 229 1142 1855
758 1155 229 1142 1855
149 518 237 1142 1855
725 262 225 1142 1855
512 1142 229 1142 1855
386 751 245 1142 1855
312 1150 224 1142 1855
721 581 227 1143 1856
299 244 230 1143 1856
263 92 231 1143 1856
443 214 223 1143 1856
149 519 226 1143 1856
512 1143 223 1143 1856
386 752 235 1143 1856
605 165 227 1143 1856
721 582 230 1144 1857
443 215 231 1144 1857
725 264 221 1144 1857
512 1144 231 1144 1857
721 583 227 1145 1858
299 246 223 1145 1858
725 265 225 1145 1858
552 1163 230 1145 1858
561 255 230 1145 1858
221 1165 229 1145 1858
517 1 227 1145 1858
299 247 242 1146 1859
598 274 221 1146 1859
278 123 222 1146 1859
27 823 233 1146 1859
263 3 221 1146 1859
561 256 226 1146 1859
605 168 224 1146 1859
213 204 221 1146 1859
299 248 238 1147 1860
144 41 221 1147 1860
598 275 225 1147 1860
758 1160 221 1147 1860
552 1165 236 1147 1860
561 257 222 1147 1860
605 169 221 1147 1860
299 249 223 1148 1861
525 1164 227 1148 1861
598 276 221 1148 1861
30 843 225 1151 1864
76 222 223 1160 1873
288 355 226 1160 1873
479 239 223 1160 1873
411 546 221 1160 1873
494 41 237 1160 1873
663 483 221 1160 1873
420 1036 221 1161 1874
494 42 229 1161 1874
479 241 221 1162 1875
76 225 227 1163 1876
389 1167 225 1163 1876
344 1176 221 1163 1876
411 549 222 1163 1876
494 44 238 1163 1876
76 226 228 1164 1877
420 1039 224 1164 1877
663 487 221 1164 1877
181 536 221 1165 1878
479 244 223 1165 1878
411 551 221 1165 1878
255 42 223 1165 1878
663 488 221 1165 1878
76 228 224 1166 1879
344 1179 228 1166 1879
288 361 223 1166 1879
479 245 222 1166 1879
494 47 221 1166 1879
255 43 223 1166 1879
181 538 222 1167 1880
344 1180 222 1167 1880
344 1181 221 1168 1881
494 49 221 1168 1881
76 231 222 1169 1882
411 555 224 1169 1882
494 50 231 1169 1882
255 46 223 1169 1882
663 492 221 1169 1882
76 232 221 1170 1883
389 1174 231 1170 1883
288 365 221 1170 1883
76 233 221 1170 1883
389 1175 227 1171 1884
344 1184 223 1171 1884
288 366 225 1171 1884
494 52 223 1171 1884
288 367 227 1172 1885
288 368 221 1173 1886
663 496 229 1173 1886
288 369 221 1174 1887
389 1179 229 1175 1888
344 1188 222 1175 1888
663 498 228 1175 1888
344 1189 225 1176 1889
288 371 223 1176 1889
344 1190 223 1177 1890
288 372 222 1177 1890
494 58 221 1177 1890
344 1191 224 1178 1891
494 59 221 1178 1891
344 1192 225 1179 1892
288 374 223 1179 1892
344 1193 222 1180 1893
288 375 223 1180 1893
344 1194 225 1181 1894
288 376 221 1181 1894
344 1195 223 1182 1895
288 377 221 1182 1895
344 1196 222 1183 1896
288 378 223 1183 1896
344 1197 222 1184 1897
288 379 221 1184 1897
288 380 222 1185 1898
288 381 221 1186 1899
344 1200 222 1187 1900
288 382 223 1187 1900
344 1201 223 1188 1901
494 70 224 1189 1902
494 71 224 1190 1903
494 72 222 1191 1904
255 68 222 1191 1904
494 73 227 1192 1905
76 255 221 1192 1905
494 74 222 1193 1906
494 75 221 1194 1907
288 390 221 1195 1908
494 77 222 1196 1909
288 394 221 1199 1912
288 395 221 1200 1913
288 396 221 1201 1914
494 83 221 1202 1915
288 398 223 1203 1916
288 399 222 1204 1917
494 86 224 1205 1918
255 83 221 1207 1920
344 1221 221 1208 1921
288 403 223 1208 1921
255 86 224 1210 1923
288 405 224 1210 1923
288 406 221 1211 1924
255 88 223 1212 1925
288 407 223 1212 1925
494 93 221 1213 1926
344 1228 223 1215 1928
76 278 221 1216 1929
76 280 221 1218 1931
494 99 225 1218 1931
76 281 221 1219 1932
494 100 221 1219 1932
76 282 223 1220 1933
255 96 221 1220 1933
494 101 221 1220 1933
494 102 223 1221 1934
76 284 222 1221 1934
288 417 221 1222 1935
494 103 227 1222 1935
255 99 223 1223 1936
255 101 225 1225 1938
288 420 221 1225 1938
255 105 222 1229 1942
255 106 224 1230 1943
288 425 224 1230 1943
255 107 223 1231 1944
494 112 221 1231 1944
255 108 223 1232 1945
494 113 223 1232 1945
255 109 225 1233 1946
344 1246 223 1233 1946
255 111 221 1235 1948
255 112 221 1236 1949
255 113 221 1237 1950
288 433 223 1238 1951
255 115 227 1239 1952
255 117 223 1241 1954
255 118 223 1242 1955
255 119 221 1243 1956
255 121 223 1245 1958
411 631 222 1245 1958
494 127 222 1246 1959
663 570 222 1247 1960
255 124 221 1248 1961
663 571 221 1248 1961
663 572 222 1249 1962
663 573 221 1250 1963
663 574 223 1251 1964
76 315 221 1252 1965
255 130 221 1253 1966
255 131 224 1254 1967
255 132 224 1255 1968
255 133 223 1256 1969
76 320 223 1257 1970
255 134 226 1257 1970
255 135 227 1259 1972
76 322 226 1259 1972
255 136 225 1260 1973
181 631 222 1260 1973
76 323 221 1260 1973
663 583 223 1260 1973
255 137 226 1260 1973
288 456 225 1261 1974
255 144 221 1268 1981
288 463 223 1268 1981
288 464 221 1269 1982
255 147 226 1271 1984
255 148 225 1272 1985
255 149 226 1273 1986
663 596 223 1273 1986
255 150 223 1274 1987
288 469 221 1274 1987
255 151 227 1275 1988
411 660 232 1275 1988
389 1279 235 1275 1988
288 470 221 1275 1988
255 152 226 1276 1989
494 157 223 1276 1989
663 599 227 1276 1989
76 339 223 1276 1989
288 472 225 1277 1990
494 158 225 1277 1990
255 154 223 1278 1991
76 341 225 1278 1991
494 160 242 1279 1992
494 161 247 1280 1993
494 162 241 1281 1994
494 163 221 1282 1995
663 605 227 1282 1995
255 159 221 1282 1995
76 345 222 1283 1996
411 668 221 1283 1996
494 164 239 1283 1996
494 165 239 1284 1997
76 347 236 1285 1998
494 166 242 1285 1998
76 348 231 1286 1999
288 481 221 1286 1999
494 167 236 1286 1999
76 349 225 1287 2000
494 168 239 1287 2000
288 483 221 1288 2001
494 169 225 1288 2001
76 351 227 1289 2002
181 660 221 1289 2002
344 1302 222 1289 2002
494 170 230 1289 2002
76 352 232 1290 2003
288 485 221 1290 2003
494 171 246 1290 2003
76 353 237 1291 2004
288 486 231 1291 2004
344 1304 221 1291 2004
494 172 239 1291 2004
76 354 225 1292 2005
494 173 234 1292 2005
181 664 223 1293 2006
494 174 237 1293 2006
181 665 221 1294 2007
494 175 254 1294 2007
411 680 224 1295 2008
479 374 221 1295 2008
181 667 223 1296 2009
288 491 222 1296 2009
344 1309 224 1296 2009
494 177 231 1296 2009
420 1171 225 1296 2009
76 359 235 1297 2010
181 668 222 1297 2010
344 1310 225 1297 2010
494 178 237 1297 2010
76 360 221 1298 2011
288 493 223 1298 2011
494 179 237 1298 2011
255 175 223 1298 2011
76 361 231 1299 2012
344 1312 226 1299 2012
494 180 233 1299 2012
479 378 225 1299 2012
76 362 239 1299 2012
344 1313 229 1300 2013
494 181 230 1300 2013
663 623 224 1300 2013
76 363 235 1300 2013
181 672 227 1301 2014
344 1314 233 1301 2014
494 182 222 1301 2014
76 364 241 1301 2014
288 497 234 1302 2015
344 1315 233 1302 2015
494 183 227 1302 2015
663 625 223 1302 2015
76 365 223 1302 2015
288 498 227 1303 2016
344 1316 235 1303 2016
494 184 249 1303 2016
255 180 225 1303 2016
76 366 245 1303 2016
344 1317 228 1304 2017
494 185 243 1304 2017
255 181 227 1304 2017
76 367 234 1305 2018
344 1318 229 1305 2018
494 186 231 1305 2018
479 384 221 1305 2018
663 628 222 1305 2018
76 368 241 1305 2018
288 501 222 1306 2019
494 187 240 1306 2019
479 385 227 1306 2019
76 369 227 1306 2019
344 1320 222 1307 2020
494 188 223 1307 2020
663 630 221 1307 2020
181 679 223 1308 2021
76 371 230 1308 2021
294 389 223 1310 2023
288 505 227 1310 2023
314 409 225 1310 2023
76 373 223 1310 2023
298 53 221 1311 2024
536 1336 222 1311 2024
76 374 221 1311 2024
475 856 221 1313 2026
268 8 226 1314 2027
