339 30 225 0 739
78 36 231 0 739
53 2 233 0 739
118 33 221 1 740
339 31 225 1 740
78 37 229 1 740
53 3 225 1 740
631 1 225 1 740
78 38 237 2 741
339 33 221 3 742
78 39 236 3 742
631 3 221 3 742
78 40 231 4 743
53 6 223 4 743
631 4 225 4 743
660 40 223 5 744
53 7 221 5 744
631 5 231 5 744
720 18 229 6 745
660 41 221 6 745
53 8 223 6 745
631 6 223 6 745
720 19 223 7 746
78 43 231 7 746
339 37 222 7 746
53 9 231 7 746
631 7 224 7 746
660 43 227 8 747
78 44 221 8 747
53 10 227 8 747
631 8 223 8 747
660 44 221 9 748
78 45 222 9 748
339 39 221 9 748
53 11 232 9 748
53 12 229 10 749
631 10 226 10 749
78 47 224 11 750
53 13 224 11 750
631 11 227 11 750
720 24 221 12 751
118 44 225 12 751
53 14 225 12 751
631 12 227 12 751
720 25 223 13 752
78 49 234 13 752
631 13 223 13 752
720 26 229 14 753
339 44 221 14 753
720 27 227 15 754
339 45 221 15 754
631 15 223 15 754
78 52 235 16 755
53 18 224 16 755
78 53 229 17 756
53 19 233 17 756
660 53 221 18 757
78 54 233 18 757
53 20 229 18 757
720 31 221 19 758
78 55 221 19 758
339 49 223 19 758
53 22 221 20 759
660 56 221 21 760
118 53 221 21 760
78 57 223 21 760
53 26 225 24 763
631 24 221 24 763
53 27 224 25 764
660 61 221 26 765
339 56 222 26 765
53 28 229 26 765
720 39 221 27 766
78 63 223 27 766
53 29 229 27 766
53 30 224 28 767
78 65 221 29 768
53 31 233 29 768
631 29 223 29 768
660 65 221 30 769
78 66 227 30 769
53 32 230 30 769
660 66 222 31 770
78 67 224 31 770
53 33 221 31 770
631 31 223 32 771
660 67 223 32 771
339 62 223 32 771
631 32 225 32 771
315 18 221 33 772
660 68 223 33 772
339 63 227 33 772
78 69 229 33 772
631 33 227 34 773
720 46 225 34 773
631 34 225 35 774
673 136 229 36 775
125 90 224 37 776
29 86 221 38 777
449 96 245 39 778
228 93 231 39 778
660 74 223 39 778
269 90 240 39 778
480 87 223 39 778
150 87 227 39 778
568 86 235 39 778
720 52 223 40 779
43 86 225 40 779
208 90 221 40 779
5 87 239 40 779
660 75 229 40 779
494 85 229 40 779
660 76 236 41 780
290 91 228 41 780
468 88 221 42 781
248 69 231 42 781
660 77 243 42 781
213 70 222 42 781
724 89 242 43 782
592 86 233 43 782
523 78 226 43 782
660 78 223 43 782
50 76 223 43 782
601 94 225 43 782
551 89 233 44 783
169 83 225 44 783
364 90 225 44 783
251 84 239 44 783
428 96 231 44 783
355 93 227 44 783
136 84 229 45 784
130 86 221 45 784
601 96 226 45 784
494 90 223 45 784
114 9 226 46 785
136 85 223 46 785
601 97 238 46 785
716 93 223 46 785
494 91 222 46 785
402 91 224 47 786
255 66 222 47 786
686 75 225 47 786
400 103 223 47 786
136 86 223 47 786
601 98 231 47 786
463 99 221 47 786
4 84 223 47 786
494 92 225 47 786
785 85 221 48 787
171 49 225 48 787
136 87 221 48 787
325 91 221 48 787
463 100 229 48 787
494 93 231 48 787
255 68 223 49 788
686 77 221 49 788
114 12 231 49 788
171 50 231 49 788
325 92 225 49 788
130 90 221 49 788
463 101 229 49 788
494 94 225 49 788
171 51 223 50 789
136 89 227 50 789
325 93 234 50 789
4 87 224 50 789
463 102 233 50 789
494 95 221 50 789
114 14 227 51 790
171 52 225 51 790
325 94 225 51 790
463 103 222 51 790
171 53 221 52 791
325 95 230 52 791
4 89 225 52 791
195 7 225 53 792
114 16 224 53 792
171 54 221 53 792
325 96 237 53 792
463 105 225 53 792
4 90 237 53 792
494 98 230 53 792
785 91 221 54 793
255 73 223 54 793
114 17 223 54 793
171 55 225 54 793
136 93 223 54 793
325 97 237 54 793
463 106 229 54 793
4 91 235 54 793
195 9 230 55 794
114 18 225 55 794
171 56 221 55 794
136 94 223 55 794
325 98 223 55 794
114 19 223 56 795
463 108 221 56 795
325 99 229 56 795
114 20 222 57 796
601 108 230 57 796
325 100 225 57 796
114 21 223 58 797
601 109 228 58 797
325 101 227 58 797
785 96 226 59 798
601 110 229 59 798
325 102 235 59 798
494 104 226 59 798
785 97 225 60 799
255 79 221 60 799
601 111 235 60 799
325 103 238 60 799
4 97 224 60 799
494 105 225 60 799
463 113 222 61 800
325 104 233 61 800
4 98 233 61 800
494 106 223 61 800
601 113 221 62 801
325 105 242 62 801
4 99 233 62 801
601 114 221 63 802
325 106 239 63 802
4 100 231 63 802
494 108 231 63 802
601 115 232 64 803
325 107 237 64 803
4 101 229 64 803
601 116 231 65 804
325 108 237 65 804
4 102 233 65 804
4 103 229 66 805
325 109 221 66 805
494 111 221 66 805
4 104 231 67 806
325 110 231 67 806
463 120 225 68 807
601 119 223 68 807
4 105 237 68 807
325 111 233 68 807
494 113 230 68 807
171 70 221 69 808
136 108 223 69 808
463 121 231 69 808
601 120 223 69 808
325 112 235 69 808
4 106 231 69 808
494 114 221 69 808
255 89 227 70 809
114 33 222 70 809
136 109 221 70 809
4 107 236 70 809
494 115 233 70 809
255 90 227 71 810
171 72 221 71 810
136 110 222 71 810
463 123 225 71 810
325 114 222 71 810
4 108 233 71 810
494 116 229 71 810
696 111 223 71 810
171 73 223 72 811
136 111 221 72 811
463 124 225 72 811
325 115 221 72 811
696 112 223 72 811
114 36 221 73 812
463 125 230 73 812
325 116 221 73 812
4 110 222 73 812
494 118 229 73 812
696 113 229 73 812
601 125 221 74 813
325 117 223 74 813
4 111 221 74 813
255 94 229 75 814
136 114 227 75 814
601 126 233 75 814
325 118 224 75 814
494 120 227 75 814
696 115 224 75 814
255 95 223 76 815
325 119 225 76 815
696 117 225 77 816
195 32 233 78 817
171 79 221 78 817
785 116 224 78 817
278 129 237 79 818
686 107 235 79 818
195 33 227 79 818
171 80 221 79 818
136 118 223 79 818
325 122 223 79 818
494 124 221 79 818
402 124 227 79 818
558 109 223 79 818
785 118 223 80 819
686 110 233 82 821
325 126 229 83 822
136 123 225 84 823
325 127 221 84 823
686 113 223 85 824
136 124 245 85 824
686 114 230 86 825
686 115 227 87 826
171 88 225 87 826
136 126 229 87 826
4 124 223 87 826
696 127 226 87 826
558 117 221 88 827
325 131 225 88 827
494 133 225 88 827
696 128 230 88 827
558 118 232 88 827
494 134 225 89 828
255 109 224 90 829
136 129 222 90 829
463 142 221 90 829
601 141 227 90 829
325 133 225 90 829
558 120 223 91 830
785 128 221 91 830
255 110 224 91 830
114 54 221 91 830
136 130 226 91 830
463 143 223 91 830
601 142 229 91 830
696 131 221 91 830
325 135 225 92 831
601 143 228 92 831
494 137 229 92 831
195 47 221 93 832
255 112 223 93 832
171 94 224 93 832
463 145 223 93 832
494 138 221 93 832
4 130 221 93 832
136 133 222 94 833
494 139 231 94 833
136 134 223 95 834
494 140 224 95 834
463 148 221 96 835
601 147 229 96 835
494 141 222 96 835
4 133 225 96 835
255 116 221 97 836
171 98 225 97 836
463 149 227 97 836
325 140 221 97 836
601 148 222 97 836
494 142 221 97 836
255 117 222 98 837
171 99 221 98 837
463 150 223 98 837
255 118 225 99 838
171 100 221 99 838
463 151 229 99 838
494 144 224 99 838
171 101 227 100 839
601 152 221 101 840
255 121 224 102 841
171 103 221 102 841
463 154 226 102 841
494 148 221 103 842
463 156 221 104 843
325 147 221 104 843
494 149 221 104 843
463 157 223 105 844
494 150 226 105 844
114 69 221 106 845
325 149 221 106 845
463 158 221 106 845
696 146 224 106 845
195 61 221 107 846
463 159 221 107 846
494 152 227 107 846
785 145 221 107 846
325 151 223 108 847
463 160 228 108 847
601 159 221 108 847
785 146 221 108 847
463 161 227 109 848
494 154 221 109 848
171 112 228 111 850
463 163 223 111 850
171 113 227 112 851
325 155 225 112 851
463 164 225 112 851
494 157 223 112 851
255 132 223 113 852
171 114 227 113 852
463 165 222 113 852
325 156 224 113 852
4 150 222 113 852
325 157 225 114 853
171 115 227 114 853
463 166 222 114 853
4 151 224 114 853
696 154 222 114 853
325 158 227 115 854
171 116 227 115 854
463 167 224 115 854
494 160 223 115 854
696 155 223 115 854
255 135 225 116 855
325 159 231 116 855
171 117 227 116 855
463 168 226 116 855
494 161 223 116 855
696 156 225 116 855
255 136 223 117 856
171 118 223 117 856
494 162 221 117 856
696 157 229 117 856
255 137 223 118 857
171 119 223 118 857
494 163 227 118 857
255 138 221 119 858
171 120 224 119 858
601 170 221 119 858
255 139 221 120 859
171 121 224 120 859
494 165 223 120 859
4 157 225 120 859
696 160 227 120 859
171 122 224 121 860
696 161 227 121 860
255 141 225 122 861
325 165 223 122 861
171 123 223 122 861
696 162 225 122 861
325 166 225 123 862
171 124 223 123 862
696 163 224 123 862
255 143 222 124 863
325 167 225 124 863
463 176 221 124 863
171 125 223 124 863
255 144 221 125 864
325 168 226 125 864
171 126 223 125 864
696 165 223 125 864
114 89 221 126 865
325 169 223 126 865
463 178 223 126 865
4 163 221 126 865
696 166 221 126 865
325 170 227 127 866
171 128 221 127 866
696 167 233 127 866
255 147 230 128 867
136 167 221 128 867
325 171 231 128 867
696 168 222 128 867
255 148 225 129 868
325 172 229 129 868
494 174 223 129 868
4 166 221 129 868
325 173 231 130 869
463 182 222 130 869
325 174 228 131 870
696 171 223 131 870
325 175 227 132 871
494 177 223 132 871
325 176 225 133 872
601 184 223 133 872
696 173 227 133 872
494 179 221 134 873
601 185 227 134 873
325 178 223 135 874
494 180 221 135 874
696 175 227 135 874
255 155 225 136 875
325 179 221 136 875
4 173 231 136 875
696 176 227 136 875
278 187 223 137 876
255 156 226 137 876
171 138 224 137 876
4 174 228 137 876
325 181 221 138 877
463 190 222 138 877
171 139 225 138 877
4 175 224 138 877
494 183 225 138 877
325 182 228 139 878
463 191 225 139 878
171 140 228 139 878
4 176 225 139 878
494 184 222 139 878
601 190 221 139 878
785 177 223 140 879
325 183 229 140 879
463 192 227 140 879
171 141 221 140 879
4 177 225 140 879
325 184 233 141 880
463 193 225 141 880
171 142 221 141 880
4 178 225 141 880
601 192 222 141 880
255 161 223 142 881
325 185 221 142 881
4 179 225 142 881
171 143 223 142 881
601 193 230 142 881
255 162 223 143 882
402 188 221 143 882
463 195 222 143 882
4 180 227 143 882
171 144 221 143 882
601 194 225 143 882
195 98 221 144 883
255 163 223 144 883
402 189 221 144 883
4 181 224 144 883
171 145 222 144 883
494 189 221 144 883
558 174 221 144 883
696 184 224 144 883
255 164 224 145 884
325 188 225 145 884
463 197 223 145 884
4 182 225 145 884
494 190 235 145 884
686 174 221 146 885
463 198 225 146 885
171 147 221 146 885
494 191 226 146 885
255 166 225 147 886
114 110 224 147 886
171 148 221 147 886
494 192 227 147 886
601 198 221 147 886
785 185 222 148 887
255 167 223 148 887
4 185 230 148 887
494 193 233 148 887
558 178 221 148 887
696 188 222 149 888
255 168 224 149 888
686 177 222 149 888
463 201 221 149 888
4 186 227 149 888
696 189 221 150 889
255 169 225 150 889
325 193 225 150 889
402 195 221 150 889
4 187 225 150 889
696 190 221 151 890
325 194 227 151 890
4 188 224 151 890
696 191 224 152 891
785 189 222 152 891
325 195 227 152 891
4 189 227 152 891
494 197 227 152 891
601 203 224 152 891
696 192 223 153 892
601 204 239 153 892
696 193 237 154 893
255 173 221 154 893
463 206 227 154 893
494 199 223 154 893
4 191 224 154 893
696 194 233 155 894
255 174 223 155 894
114 118 225 155 894
402 200 221 155 894
4 192 223 155 894
601 206 227 156 895
696 195 227 156 895
195 110 224 156 895
255 175 229 156 895
136 195 230 156 895
494 201 226 156 895
696 196 230 157 896
136 196 224 157 896
494 202 227 157 896
696 197 239 158 897
494 203 223 158 897
696 198 222 159 898
325 203 223 160 899
255 181 221 162 901
494 207 226 162 901
136 202 221 163 902
4 200 223 163 902
4 202 222 165 904
601 216 232 166 905
696 205 225 166 905
136 205 223 166 905
171 167 221 166 905
4 203 236 166 905
325 210 225 167 906
494 212 221 167 906
325 211 229 168 907
325 214 222 171 910
325 216 222 173 912
325 218 223 175 914
325 219 223 176 915
4 213 221 176 915
325 220 221 177 916
686 205 223 177 916
785 215 241 177 916
278 228 226 178 917
136 217 221 178 917
255 197 225 178 917
686 206 221 178 917
402 223 227 178 917
558 208 223 178 917
278 229 225 179 918
325 222 223 179 918
558 209 227 179 918
785 217 231 179 918
278 230 221 180 919
558 210 225 180 919
785 218 231 180 919
558 211 224 181 920
785 219 231 181 920
255 201 223 182 921
686 210 226 182 921
558 212 223 182 921
785 220 227 182 921
494 228 231 183 922
4 220 226 183 922
601 234 225 183 922
785 221 221 183 922
255 203 221 184 923
494 229 221 184 923
601 235 224 185 924
114 23 221 185 924
325 228 223 185 924
494 230 228 185 924
4 222 223 185 924
696 226 221 187 926
601 238 221 188 927
255 207 223 188 927
696 228 223 189 928
494 234 225 189 928
255 209 228 190 929
325 233 224 190 929
494 235 226 190 929
4 227 222 191 930
255 211 222 195 934
171 193 221 195 934
601 243 222 195 934
494 238 225 196 935
785 231 223 196 935
255 213 227 197 936
686 222 223 197 936
325 237 231 197 936
494 239 231 197 936
785 232 221 197 936
325 238 231 198 937
494 240 233 198 937
785 233 221 198 937
325 239 235 199 938
136 13 230 199 938
494 241 231 199 938
558 226 223 199 938
785 234 225 199 938
325 240 236 200 939
494 242 233 200 939
4 234 221 200 939
255 217 225 201 940
195 152 227 201 940
136 15 225 201 940
494 243 223 201 940
114 37 223 202 941
255 218 221 202 941
195 153 221 202 941
686 227 221 202 941
325 242 226 202 941
4 236 221 202 941
278 250 221 203 942
696 239 221 203 942
114 38 221 203 942
255 219 222 203 942
325 243 224 203 942
136 17 223 203 942
494 245 225 203 942
4 237 225 203 942
785 238 221 203 942
696 240 221 204 943
195 155 221 204 943
325 244 224 204 943
136 18 227 204 943
494 246 225 204 943
195 156 225 205 944
686 230 221 205 944
325 245 222 205 944
136 19 227 205 944
494 247 224 205 944
4 239 221 205 944
785 240 224 205 944
601 253 221 206 945
255 222 223 206 945
195 157 224 206 945
136 20 225 206 945
494 248 223 206 945
171 204 227 206 945
4 240 224 206 945
785 241 224 206 945
255 223 224 207 946
136 21 225 207 946
4 241 223 207 946
785 242 227 207 946
601 255 221 208 947
195 159 221 208 947
494 250 227 208 947
136 22 227 208 947
558 235 223 208 947
785 243 229 208 947
601 256 223 209 948
255 225 223 209 948
195 160 227 209 948
494 251 223 209 948
136 23 226 209 948
558 236 223 209 948
785 244 226 209 948
601 257 225 210 949
255 226 224 210 949
195 161 228 210 949
402 252 223 210 949
494 252 222 210 949
136 24 226 210 949
601 258 223 211 950
255 227 223 211 950
195 162 223 211 950
402 253 221 211 950
136 25 227 211 950
4 245 223 211 950
601 259 221 211 950
255 228 223 212 951
195 163 226 212 951
402 254 224 212 951
494 254 221 212 951
136 26 221 212 951
114 48 223 213 952
255 229 225 213 952
195 164 229 213 952
402 255 222 213 952
494 255 225 213 952
136 27 221 213 952
114 49 223 214 953
255 230 226 214 953
402 256 224 214 953
558 241 221 214 953
195 166 229 215 954
255 231 231 215 954
402 257 225 215 954
114 51 221 216 955
195 167 231 216 955
255 232 230 216 955
402 258 225 216 955
136 30 221 216 955
558 243 221 216 955
195 168 225 217 956
255 233 227 217 956
686 242 221 217 956
136 31 222 217 956
785 252 231 217 956
255 234 225 218 957
231 231 223 219 958
255 235 225 219 958
231 232 221 220 959
255 236 222 220 959
325 260 221 220 959
325 261 221 221 960
255 238 221 222 961
325 262 222 222 961
696 259 221 223 962
325 263 221 223 962
696 260 221 224 963
325 264 224 224 963
325 265 225 225 964
325 266 225 226 965
231 239 222 227 966
325 267 229 227 966
696 265 221 229 968
231 241 222 229 968
325 269 232 229 968
696 266 221 230 969
231 242 223 230 969
255 246 221 230 969
325 271 222 231 970
325 272 225 232 971
785 267 221 233 972
325 273 226 233 972
785 268 221 234 973
325 274 229 234 973
325 275 231 235 974
696 272 221 236 975
325 276 232 236 975
696 273 223 237 976
255 253 228 237 976
325 277 221 237 976
696 274 223 238 977
255 254 227 238 977
325 278 223 238 977
255 255 224 239 978
171 237 223 239 978
4 273 221 239 978
601 287 223 240 979
696 276 223 240 979
255 256 225 240 979
325 280 223 240 979
4 274 221 240 979
255 257 223 241 980
325 281 225 241 980
4 275 221 241 980
255 258 227 242 981
325 282 231 242 981
255 259 227 243 982
325 283 239 243 982
494 285 221 243 982
785 278 223 244 983
785 279 225 245 984
785 280 223 246 985
785 282 227 248 987
325 288 233 248 987
785 283 228 249 988
255 265 223 249 988
4 283 223 249 988
4 284 225 250 989
255 267 225 251 990
4 285 224 251 990
255 268 223 252 991
171 250 221 252 991
4 286 229 252 991
255 269 221 253 992
171 251 222 253 992
4 287 228 253 992
4 288 225 254 993
171 252 223 254 993
255 271 224 255 994
195 207 224 256 995
4 294 221 260 999
325 300 222 260 999
195 212 223 261 1000
494 303 231 261 1000
255 278 227 262 1001
494 304 223 262 1001
494 305 222 263 1002
325 303 221 263 1002
255 280 224 264 1003
494 306 231 264 1003
195 216 223 265 1004
114 100 221 265 1004
494 307 221 265 1004
325 305 239 265 1004
494 308 227 266 1005
325 306 231 266 1005
195 218 225 267 1006
494 309 221 267 1006
325 307 226 267 1006
195 219 225 268 1007
494 310 235 268 1007
325 308 227 268 1007
195 220 223 269 1008
4 303 223 269 1008
325 309 237 269 1008
463 318 221 269 1008
325 310 241 270 1009
601 318 223 270 1009
195 222 226 271 1010
4 305 227 271 1010
4 306 226 272 1011
325 312 237 272 1011
463 321 226 272 1011
4 307 226 273 1012
325 313 238 273 1012
463 322 226 273 1012
4 308 231 274 1013
325 314 237 274 1013
463 323 225 274 1013
325 315 240 275 1014
601 323 229 275 1014
4 310 221 276 1015
325 316 239 276 1015
601 324 232 276 1015
4 311 226 277 1016
325 317 225 277 1016
601 325 223 277 1016
494 320 222 278 1017
325 318 223 278 1017
171 276 229 278 1017
601 326 227 278 1017
785 313 231 279 1018
231 291 226 279 1018
558 306 227 279 1018
686 304 225 279 1018
136 93 225 279 1018
4 313 225 279 1018
114 115 221 280 1019
601 329 235 281 1020
676 326 233 282 1021
716 326 221 282 1021
601 330 221 282 1021
195 234 232 283 1022
251 320 222 283 1022
578 326 227 283 1022
148 323 225 283 1022
71 96 233 284 1023
114 119 233 284 1023
195 1 239 284 1023
196 317 231 284 1023
344 320 229 284 1023
587 320 225 285 1024
470 244 225 285 1024
147 337 228 285 1024
493 313 221 285 1024
210 316 235 285 1024
530 283 223 285 1024
415 320 232 286 1025
306 336 221 286 1025
587 321 230 286 1025
60 337 226 286 1025
21 317 231 286 1025
655 253 229 287 1026
455 332 225 287 1026
121 337 223 287 1026
531 308 235 287 1026
147 339 233 287 1026
532 16 223 287 1026
133 340 227 287 1026
574 322 229 287 1026
88 300 229 287 1026
571 317 225 288 1027
633 315 225 288 1027
397 301 223 288 1027
531 310 231 289 1028
147 341 240 289 1028
391 257 232 289 1028
494 331 222 289 1028
299 24 226 289 1028
774 336 226 289 1028
600 309 222 289 1028
531 311 239 290 1029
147 342 239 290 1029
91 275 227 290 1029
391 258 236 290 1029
762 207 231 290 1029
579 343 231 291 1030
531 312 224 291 1030
147 343 221 291 1030
680 273 237 291 1030
333 332 231 292 1031
36 326 232 292 1031
778 333 227 292 1031
195 9 225 292 1031
579 345 237 293 1032
536 341 228 293 1032
778 334 241 293 1032
333 334 236 293 1032
579 346 226 294 1033
551 233 242 294 1033
333 335 221 294 1033
536 343 231 295 1034
344 331 224 295 1034
551 234 224 295 1034
333 336 239 295 1034
778 337 226 296 1035
665 140 221 296 1035
78 329 227 296 1035
551 235 231 296 1035
333 337 231 296 1035
666 339 225 297 1036
551 236 236 297 1036
333 338 225 297 1036
666 340 225 298 1037
624 357 225 298 1037
551 237 225 298 1037
666 341 228 299 1038
195 16 231 299 1038
551 238 233 299 1038
624 358 224 299 1038
195 17 223 300 1039
551 239 230 300 1039
551 240 230 301 1040
195 19 223 302 1041
551 241 221 302 1041
195 20 224 303 1042
551 242 235 303 1042
551 244 228 305 1044
551 245 225 306 1045
551 248 223 309 1048
551 250 225 311 1050
551 251 225 312 1051
195 1 221 316 1055
195 2 231 317 1056
551 262 221 323 1062
333 365 221 324 1063
333 367 221 326 1065
666 372 224 330 1069
551 269 233 330 1069
333 371 222 330 1069
666 373 221 331 1070
551 270 229 331 1070
333 372 221 331 1070
666 374 225 332 1071
551 271 229 332 1071
333 373 224 332 1071
551 272 229 333 1072
333 374 221 333 1072
551 273 224 334 1073
333 375 235 334 1073
551 275 222 336 1075
551 276 229 337 1076
551 277 235 338 1077
195 24 221 339 1078
551 278 229 339 1078
536 388 222 340 1079
551 279 237 340 1079
536 389 222 341 1080
195 26 223 341 1080
551 280 226 341 1080
333 382 224 341 1080
195 27 223 342 1081
551 281 225 342 1081
195 28 225 343 1082
551 282 237 343 1082
195 29 222 344 1083
551 283 235 344 1083
536 393 222 345 1084
195 30 229 345 1084
551 284 223 345 1084
536 394 223 346 1085
551 285 225 346 1085
536 395 223 347 1086
551 286 229 347 1086
333 388 222 348 1087
536 396 221 348 1087
78 381 221 348 1087
551 287 222 348 1087
551 288 221 349 1088
551 289 225 350 1089
195 36 221 351 1090
551 290 223 351 1090
551 291 222 352 1091
333 394 225 354 1093
551 293 221 354 1093
333 395 227 355 1094
195 40 223 355 1094
195 41 226 356 1095
78 390 221 357 1096
778 398 225 357 1096
333 398 227 358 1097
536 406 223 358 1097
195 43 229 358 1097
78 391 221 358 1097
551 297 221 358 1097
333 399 227 359 1098
536 407 222 359 1098
624 53 227 359 1098
195 44 223 359 1098
551 298 223 359 1098
333 400 227 360 1099
666 402 225 360 1099
624 54 226 360 1099
40 65 223 360 1099
551 299 235 360 1099
333 401 228 361 1100
551 300 221 361 1100
333 402 228 362 1101
624 57 221 363 1102
195 49 221 364 1103
551 304 223 365 1104
333 408 221 368 1107
195 54 223 369 1108
195 56 223 371 1110
551 310 229 371 1110
195 58 225 373 1112
551 312 227 373 1112
333 414 227 374 1113
778 415 223 374 1113
551 313 225 374 1113
333 415 221 375 1114
551 314 235 375 1114
333 416 233 376 1115
536 424 222 376 1115
195 61 223 376 1115
551 315 226 376 1115
195 62 229 377 1116
551 316 225 377 1116
195 63 226 378 1117
551 317 231 378 1117
333 420 225 380 1119
195 65 227 380 1119
333 422 225 382 1121
551 321 232 382 1121
333 423 221 383 1122
195 68 239 383 1122
551 322 231 383 1122
195 69 243 384 1123
551 323 229 384 1123
195 70 243 385 1124
551 324 227 385 1124
195 71 237 386 1125
680 368 221 386 1125
551 325 229 386 1125
333 427 228 387 1126
536 435 224 387 1126
624 81 221 387 1126
195 72 224 387 1126
78 420 221 387 1126
333 428 227 388 1127
536 436 225 388 1127
624 82 224 388 1127
195 73 235 388 1127
551 327 231 389 1128
333 429 230 389 1128
536 437 224 389 1128
195 74 233 389 1128
551 328 238 390 1129
333 430 225 390 1129
195 75 239 390 1129
551 329 237 391 1130
333 431 227 391 1130
536 439 224 391 1130
195 76 225 391 1130
551 330 229 392 1131
333 432 230 392 1131
195 77 226 392 1131
551 331 226 393 1132
333 433 229 393 1132
195 78 222 393 1132
551 332 221 394 1133
333 434 225 394 1133
536 442 224 394 1133
195 79 221 394 1133
551 333 229 395 1134
333 435 233 395 1134
536 443 223 395 1134
195 80 222 395 1134
551 334 231 396 1135
333 436 233 396 1135
536 444 223 396 1135
778 437 221 396 1135
551 335 229 397 1136
333 437 231 397 1136
666 439 221 397 1136
536 445 225 397 1136
195 82 223 397 1136
551 336 223 398 1137
333 438 221 398 1137
536 446 227 398 1137
624 92 221 398 1137
551 337 225 399 1138
536 447 223 399 1138
624 93 221 399 1138
551 338 226 400 1139
536 448 221 400 1139
195 85 229 400 1139
665 244 221 400 1139
551 339 225 401 1140
333 441 222 401 1140
195 86 235 401 1140
333 442 224 402 1141
551 341 226 403 1142
195 88 226 403 1142
551 342 221 404 1143
333 444 222 404 1143
195 89 225 404 1143
333 445 225 405 1144
195 91 229 406 1145
536 456 225 408 1147
195 93 230 408 1147
551 347 227 409 1148
333 449 231 409 1148
536 457 222 409 1148
195 94 229 409 1148
551 348 225 410 1149
536 458 225 410 1149
195 95 222 410 1149
40 115 222 410 1149
551 349 223 411 1150
333 451 221 411 1150
536 459 222 411 1150
551 350 230 412 1151
333 452 226 412 1151
536 460 224 412 1151
551 351 231 413 1152
333 453 227 413 1152
536 461 225 413 1152
624 107 221 413 1152
551 352 227 414 1153
333 454 226 414 1153
536 462 224 414 1153
624 108 221 414 1153
195 99 229 414 1153
536 463 229 415 1154
333 455 224 415 1154
195 100 225 415 1154
551 354 222 416 1155
536 464 225 416 1155
333 456 224 416 1155
195 101 227 416 1155
536 465 228 417 1156
333 457 222 417 1156
195 102 229 417 1156
551 356 221 418 1157
536 466 225 418 1157
333 458 225 418 1157
195 103 227 418 1157
551 357 229 419 1158
536 467 221 419 1158
579 471 228 419 1158
333 459 231 419 1158
778 460 227 419 1158
195 104 225 419 1158
40 124 233 419 1158
665 263 221 419 1158
536 468 225 420 1159
333 460 229 420 1159
624 114 225 420 1159
778 461 221 420 1159
40 125 231 420 1159
195 105 221 420 1159
665 264 239 420 1159
551 359 223 421 1160
333 461 247 421 1160
40 126 242 421 1160
195 106 230 421 1160
665 265 225 421 1160
551 360 222 422 1161
579 474 221 422 1161
333 462 225 422 1161
40 127 226 422 1161
333 463 239 423 1162
536 471 225 423 1162
624 117 221 423 1162
40 128 232 423 1162
195 108 222 423 1162
579 476 224 424 1163
36 458 225 424 1163
333 464 235 424 1163
536 472 229 424 1163
40 129 231 424 1163
665 268 221 424 1163
624 119 223 425 1164
344 461 222 425 1164
551 364 226 425 1164
333 466 232 426 1165
536 474 237 426 1165
579 478 223 426 1165
536 475 235 427 1166
333 467 227 427 1166
666 469 226 427 1166
624 121 221 427 1166
551 366 227 427 1166
195 113 223 428 1167
333 469 221 429 1168
579 482 223 430 1169
195 115 235 430 1169
333 471 233 431 1170
536 479 227 431 1170
195 116 236 431 1170
536 480 226 432 1171
333 472 223 432 1171
195 117 232 432 1171
333 473 224 433 1172
536 481 230 433 1172
195 118 225 433 1172
40 138 222 433 1172
333 474 227 434 1173
195 119 221 434 1173
333 475 229 435 1174
195 120 223 435 1174
333 476 231 436 1175
40 141 225 436 1175
195 121 227 436 1175
778 477 225 436 1175
551 375 221 436 1175
536 485 223 437 1176
78 470 225 437 1176
40 142 221 437 1176
195 122 235 437 1176
778 478 221 437 1176
551 376 222 437 1176
333 478 231 438 1177
536 486 238 438 1177
40 143 223 438 1177
195 123 240 438 1177
551 377 221 438 1177
333 479 230 439 1178
536 487 227 439 1178
40 144 221 439 1178
551 378 231 439 1178
333 480 223 440 1179
536 488 229 440 1179
78 473 221 440 1179
195 125 239 440 1179
195 126 225 441 1180
195 1 229 443 1182
195 5 221 447 1186
551 386 221 447 1186
195 6 223 448 1187
195 7 222 449 1188
624 144 221 450 1189
551 389 221 451 1190
333 491 223 451 1190
551 390 227 452 1191
551 391 230 453 1192
195 12 237 454 1193
624 148 223 454 1193
333 495 223 455 1194
195 13 237 455 1194
624 149 225 455 1194
333 496 221 456 1195
195 14 235 456 1195
551 395 225 457 1196
333 497 225 457 1196
551 396 224 458 1197
195 16 223 458 1197
333 499 231 459 1198
195 17 224 459 1198
195 18 231 460 1199
551 399 223 461 1200
195 19 223 461 1200
551 400 221 462 1201
195 20 225 462 1201
551 401 223 463 1202
195 21 223 463 1202
536 512 221 464 1203
195 22 222 464 1203
551 403 225 465 1204
333 505 226 465 1204
778 506 223 465 1204
333 506 221 466 1205
551 406 225 468 1207
551 407 221 469 1208
551 408 225 470 1209
195 29 228 471 1210
195 30 229 472 1211
551 411 221 473 1212
551 412 223 474 1213
536 522 223 474 1213
195 32 223 474 1213
551 414 229 476 1215
536 524 229 476 1215
333 516 221 476 1215
665 320 223 476 1215
333 517 222 477 1216
536 525 226 477 1216
665 321 222 477 1216
551 416 227 478 1217
551 417 221 479 1218
551 418 225 480 1219
333 520 224 480 1219
195 38 221 480 1219
778 521 223 480 1219
551 419 228 481 1220
536 529 229 481 1220
551 420 227 482 1221
536 530 229 482 1221
551 421 225 483 1222
536 531 225 483 1222
551 422 221 484 1223
333 524 225 484 1223
536 532 229 484 1223
551 423 235 485 1224
536 533 227 485 1224
551 424 223 486 1225
536 534 223 486 1225
551 425 224 487 1226
536 535 224 487 1226
551 426 224 488 1227
536 536 224 488 1227
551 427 223 489 1228
333 529 225 489 1228
536 537 223 489 1228
778 530 227 489 1228
551 428 229 490 1229
333 530 222 490 1229
536 538 226 490 1229
778 531 224 490 1229
551 429 225 491 1230
333 531 225 491 1230
536 539 225 491 1230
778 532 223 491 1230
551 430 223 492 1231
536 540 227 492 1231
778 533 223 492 1231
551 431 231 493 1232
536 541 227 493 1232
333 533 221 493 1232
778 534 223 493 1232
551 432 228 494 1233
333 534 224 494 1233
536 542 226 494 1233
344 530 221 494 1233
778 535 225 494 1233
551 433 231 495 1234
536 543 225 495 1234
195 53 222 495 1234
551 434 222 496 1235
536 544 225 496 1235
195 54 227 496 1235
551 435 221 497 1236
536 545 226 497 1236
551 436 232 498 1237
536 546 224 498 1237
551 437 230 499 1238
536 547 229 499 1238
551 438 227 500 1239
536 548 225 500 1239
195 58 226 500 1239
551 439 229 501 1240
536 549 224 501 1240
624 195 221 501 1240
551 440 227 502 1241
536 550 225 502 1241
624 196 221 502 1241
551 441 232 503 1242
536 551 225 503 1242
551 442 231 504 1243
536 552 225 504 1243
195 62 221 504 1243
624 198 221 504 1243
551 443 223 505 1244
536 553 223 505 1244
195 63 223 505 1244
551 444 225 506 1245
536 554 225 506 1245
195 64 226 506 1245
551 445 233 507 1246
551 446 236 508 1247
195 66 224 508 1247
624 202 221 508 1247
551 447 227 509 1248
333 549 221 509 1248
666 551 225 509 1248
536 557 226 509 1248
195 67 223 509 1248
665 353 223 509 1248
551 448 245 510 1249
536 558 229 510 1249
195 68 225 510 1249
333 551 223 511 1250
551 449 223 511 1250
536 559 221 511 1250
195 69 242 511 1250
78 544 225 511 1250
40 219 235 514 1253
440 49 222 515 1254
263 141 227 515 1254
551 453 224 515 1254
778 556 239 515 1254
210 546 225 515 1254
40 220 237 515 1254
689 17 226 516 1255
778 557 227 516 1255
40 221 235 516 1255
40 222 240 517 1256
530 34 237 518 1257
402 41 226 519 1258
575 560 223 520 1259
719 232 222 520 1259
719 233 221 521 1260
96 541 225 521 1260
451 569 226 522 1261
778 563 229 522 1261
712 564 225 522 1261
12 141 223 522 1261
290 570 233 523 1262
759 555 222 524 1263
233 572 223 524 1263
77 95 223 524 1263
407 279 224 524 1263
210 560 223 529 1268
30 244 221 529 1268
696 566 234 529 1268
49 442 223 530 1269
605 123 222 530 1269
136 345 233 531 1270
407 286 225 531 1270
3 491 222 531 1270
3 492 223 532 1271
605 125 227 532 1271
3 494 230 534 1273
293 566 221 534 1273
3 495 230 535 1274
293 567 221 535 1274
3 496 225 536 1275
3 497 223 537 1276
136 352 223 538 1277
3 498 229 538 1277
3 499 226 539 1278
293 571 222 539 1278
3 500 231 540 1279
605 133 223 540 1279
3 501 227 541 1280
3 502 224 542 1281
136 357 222 543 1282
3 511 221 551 1290
3 512 226 552 1291
3 513 226 553 1292
3 514 223 554 1293
3 515 227 555 1294
605 149 221 556 1295
293 588 232 556 1295
719 268 225 556 1295
136 371 221 557 1296
3 517 229 557 1296
3 518 225 558 1297
3 520 232 560 1299
605 153 221 560 1299
293 592 221 560 1299
416 601 223 561 1300
3 521 230 561 1300
3 522 227 562 1301
3 525 223 565 1304
136 380 223 566 1305
3 526 227 566 1305
293 598 227 566 1305
136 381 227 567 1306
3 527 224 567 1306
30 282 223 567 1306
136 382 228 568 1307
3 532 222 572 1311
3 533 223 573 1312
3 537 246 577 1316
605 170 221 577 1316
30 292 225 577 1316
293 609 229 577 1316
136 392 227 578 1317
496 259 225 578 1317
181 126 225 578 1317
30 293 233 578 1317
293 610 223 578 1317
136 393 223 579 1318
496 260 225 579 1318
136 397 223 583 1322
30 298 224 583 1322
293 615 222 583 1322
3 2 228 583 1322
136 398 223 584 1323
3 3 223 584 1323
30 300 225 585 1324
293 617 221 585 1324
3 4 235 585 1324
136 400 221 586 1325
30 301 223 586 1325
3 5 223 586 1325
30 302 221 587 1326
3 6 227 588 1327
136 402 231 588 1327
416 630 222 590 1329
407 32 221 590 1329
43 634 222 591 1330
293 623 222 591 1330
360 76 223 591 1330
707 580 240 591 1330
520 637 221 594 1333
750 181 231 594 1333
527 637 223 594 1333
67 573 225 594 1333
293 626 223 594 1333
418 638 223 595 1334
8 585 224 596 1335
662 483 221 596 1335
418 639 221 596 1335
685 621 225 598 1337
670 197 229 601 1340
324 3 225 602 1341
324 4 223 603 1342
699 541 225 604 1343
324 7 221 606 1345
324 8 224 1207 1946
520 649 224 1207 1946
30 321 225 1207 1946
770 91 223 1208 1947
520 650 234 1208 1947
30 322 221 1208 1947
255 244 221 1208 1947
260 1 225 1209 1948
