79 2 239 0 698
281 1 223 1 699
104 1 230 1 699
425 1 221 1 699
250 2 221 1 699
79 3 233 1 699
644 1 233 2 700
104 2 228 2 700
425 2 227 2 700
503 1 221 2 700
79 4 231 2 700
644 2 232 3 701
104 3 227 3 701
655 2 231 3 701
425 3 223 3 701
79 5 231 3 701
250 4 226 3 701
261 4 223 3 701
104 4 221 4 702
655 3 225 4 702
425 4 223 4 702
503 3 222 4 702
655 4 225 5 703
425 5 227 5 703
503 4 232 5 703
79 7 223 5 703
104 6 221 6 704
655 5 224 6 704
503 5 233 6 704
425 6 221 6 704
644 6 238 7 705
104 7 227 7 705
303 3 225 7 705
655 6 224 7 705
503 6 229 7 705
79 9 225 7 705
644 7 233 8 706
382 6 221 8 706
644 8 236 9 707
104 9 221 9 707
425 9 226 9 707
503 8 226 9 707
79 11 221 9 707
382 7 223 9 707
644 9 239 10 708
644 10 227 11 709
281 12 221 12 710
104 12 222 12 710
655 11 231 12 710
425 12 225 12 710
79 14 221 12 710
281 13 221 13 711
104 13 225 13 711
503 12 225 13 711
644 13 240 14 712
104 14 225 14 712
303 10 227 14 712
503 13 227 14 712
425 14 222 14 712
79 16 223 14 712
303 11 227 15 713
503 14 223 15 713
79 17 224 15 713
655 1 222 15 713
644 15 234 16 714
104 16 223 16 714
303 12 227 16 714
503 15 232 16 714
644 16 238 17 715
104 17 227 17 715
503 16 226 17 715
79 19 221 17 715
281 18 221 17 715
644 17 235 18 716
303 14 225 18 716
503 17 231 18 716
281 19 221 18 716
644 18 234 19 717
104 19 223 19 717
14 14 227 19 717
503 18 227 19 717
303 16 230 20 718
503 19 228 20 718
79 22 221 20 718
644 20 236 21 719
303 17 223 21 719
503 20 231 21 719
425 21 222 21 719
79 23 231 21 719
644 21 224 22 720
303 18 223 22 720
503 21 225 22 720
250 23 221 22 720
425 22 225 22 720
79 24 227 22 720
644 22 221 23 721
14 18 223 23 721
425 23 223 23 721
644 23 233 24 722
14 19 225 24 722
303 20 226 24 722
250 25 223 24 722
425 24 227 24 722
261 25 221 24 722
79 26 226 24 722
644 24 239 25 723
104 25 221 25 723
14 20 223 25 723
303 21 224 25 723
503 24 235 25 723
250 26 225 25 723
425 25 223 25 723
261 26 223 25 723
79 27 221 25 723
281 26 226 25 723
644 25 239 26 724
104 26 226 26 724
303 22 231 26 724
503 25 232 26 724
250 27 224 26 724
281 27 221 26 724
79 28 230 26 724
644 26 242 27 725
14 22 221 27 725
503 26 239 27 725
425 27 223 27 725
644 27 231 28 726
104 28 227 28 726
14 23 221 28 726
303 24 223 28 726
503 27 231 28 726
79 30 231 28 726
644 28 239 29 727
104 29 221 29 727
503 28 235 29 727
79 31 223 29 727
644 29 244 30 728
104 30 227 30 728
303 26 224 30 728
503 29 225 30 728
425 30 223 30 728
644 30 241 31 729
104 31 221 31 729
503 30 223 31 729
425 31 225 31 729
382 29 221 31 729
79 33 221 31 729
644 31 239 32 730
503 31 223 32 730
425 32 227 32 730
382 30 221 32 730
644 32 231 33 731
303 29 223 33 731
425 33 221 33 731
644 33 233 34 732
303 30 222 34 732
503 33 231 34 732
644 34 243 35 733
303 31 222 35 733
503 34 226 35 733
425 35 221 35 733
79 37 221 35 733
382 33 221 35 733
644 35 237 36 734
104 36 225 36 734
303 32 221 36 734
79 38 226 36 734
382 34 227 36 734
644 36 227 37 735
303 33 222 37 735
503 36 224 37 735
644 37 225 38 736
303 34 221 38 736
425 38 227 38 736
79 40 225 38 736
644 38 243 39 737
104 39 222 39 737
503 38 224 39 737
425 39 222 39 737
79 41 225 39 737
644 39 233 40 738
503 39 225 40 738
79 42 228 40 738
382 38 223 40 738
655 25 227 41 739
644 40 237 41 739
104 41 221 41 739
503 40 227 41 739
425 41 223 41 739
281 42 221 41 739
382 39 223 41 739
655 26 225 42 740
644 41 235 42 740
104 42 223 42 740
303 38 223 42 740
503 41 229 42 740
644 42 230 43 741
14 38 221 43 741
303 39 223 43 741
425 43 228 43 741
79 45 227 43 741
655 28 229 44 742
644 43 235 44 742
261 45 221 44 742
79 46 225 44 742
382 42 222 45 743
655 29 221 45 743
644 44 236 45 743
14 40 223 45 743
303 41 221 45 743
503 44 222 45 743
425 45 221 45 743
261 46 221 45 743
79 47 227 45 743
281 46 221 46 744
655 30 223 46 744
644 45 232 46 744
104 46 221 46 744
655 31 232 47 745
644 46 225 47 745
104 47 227 47 745
503 46 227 47 745
303 43 229 47 745
250 48 223 47 745
425 47 223 47 745
382 45 223 48 746
655 32 227 48 746
644 47 231 48 746
104 48 227 48 746
503 47 224 48 746
425 48 223 48 746
79 50 235 49 747
655 33 221 49 747
644 48 239 49 747
104 49 223 49 747
250 50 221 49 747
79 51 239 50 748
655 34 223 50 748
644 49 231 50 748
503 49 227 50 748
425 50 222 50 748
261 51 221 51 749
79 52 243 51 749
644 50 239 51 749
104 51 221 51 749
503 50 229 51 749
303 47 224 51 749
425 51 225 51 749
79 53 223 52 750
655 36 234 52 750
644 51 237 52 750
14 47 223 52 750
104 52 224 52 750
503 51 226 52 750
303 48 230 52 750
425 52 225 52 750
79 54 250 53 751
655 37 235 53 751
644 52 244 53 751
104 53 227 53 751
503 52 225 53 751
303 49 223 53 751
79 55 241 54 752
655 38 233 54 752
644 53 228 54 752
303 50 223 54 752
79 56 245 55 753
655 39 223 55 753
644 54 223 55 753
503 54 231 55 753
425 55 222 55 753
382 53 227 56 754
79 57 243 56 754
281 56 221 56 754
655 40 235 56 754
644 55 223 56 754
303 52 223 56 754
425 56 225 56 754
382 54 224 57 755
79 58 243 57 755
281 57 226 57 755
655 41 231 57 755
644 56 239 57 755
104 57 225 57 755
503 56 221 57 755
382 55 226 58 756
79 59 240 58 756
281 58 223 58 756
655 42 224 58 756
644 57 237 58 756
104 58 223 58 756
503 57 225 58 756
382 56 225 58 756
79 60 228 59 757
655 43 226 59 757
644 58 241 59 757
104 59 223 59 757
503 58 227 59 757
303 55 224 59 757
79 61 237 60 758
281 60 222 60 758
655 44 223 60 758
644 59 229 60 758
503 59 226 60 758
382 58 221 60 758
79 62 235 61 759
655 45 226 61 759
644 60 233 61 759
503 60 226 61 759
425 61 221 61 759
79 63 231 61 759
281 62 227 62 760
655 46 241 62 760
503 61 224 62 760
303 58 231 62 760
382 60 221 62 760
79 64 229 62 760
655 47 221 63 761
644 62 226 63 761
104 63 224 63 761
14 58 221 63 761
303 59 224 63 761
425 63 221 63 761
79 65 233 63 761
655 48 223 64 762
644 63 231 64 762
104 64 229 64 762
14 59 221 64 762
503 63 232 64 762
303 60 227 64 762
79 66 243 64 762
655 49 233 65 763
644 64 234 65 763
104 65 228 65 763
503 64 221 65 763
303 61 227 65 763
79 67 237 65 763
644 65 238 66 764
104 66 222 66 764
503 65 222 66 764
303 62 226 66 764
79 68 235 66 764
382 64 223 66 764
281 67 222 67 765
655 51 227 67 765
644 66 247 67 765
14 62 223 67 765
503 66 225 67 765
303 63 225 67 765
79 69 235 67 765
281 68 225 68 766
655 52 223 68 766
644 67 235 68 766
303 64 221 68 766
503 67 229 68 766
79 70 237 68 766
655 53 230 69 767
644 68 237 69 767
14 64 221 69 767
79 71 247 69 767
382 67 221 70 768
644 69 242 70 768
104 70 231 70 768
425 70 222 70 768
79 72 247 70 768
644 70 236 71 769
104 71 223 71 769
303 67 230 71 769
503 70 225 71 769
79 73 232 71 769
655 1 225 72 770
644 71 227 72 770
503 71 221 72 770
250 73 223 72 770
382 70 221 72 770
644 72 222 73 771
655 1 229 73 771
104 73 221 73 771
14 68 225 73 771
503 72 232 73 771
425 73 223 73 771
79 75 221 73 771
644 73 241 74 772
104 74 221 74 772
655 2 225 74 772
503 73 239 74 772
250 75 221 74 772
425 74 227 74 772
79 76 235 74 772
644 74 224 75 773
655 3 227 75 773
303 71 221 75 773
503 74 233 75 773
425 75 225 75 773
644 75 229 76 774
104 76 223 76 774
503 75 232 76 774
425 76 221 76 774
14 72 227 77 775
655 5 223 77 775
503 76 232 77 775
644 77 226 78 776
14 73 221 78 776
655 6 225 78 776
303 74 223 78 776
503 77 237 78 776
425 78 225 78 776
644 78 237 79 777
104 79 225 79 777
14 74 223 79 777
655 7 223 79 777
503 78 221 79 777
303 75 226 79 777
79 81 221 79 777
14 75 223 80 778
503 79 229 80 778
250 81 229 80 778
425 80 221 80 778
79 82 227 80 778
261 81 247 80 778
281 1 228 81 779
14 76 225 81 779
273 63 221 81 779
79 83 227 81 779
261 82 226 81 779
281 2 225 82 780
281 3 223 83 781
273 65 222 83 781
445 77 227 85 783
625 64 225 87 785
515 42 221 88 786
381 91 224 88 786
360 87 223 88 786
264 97 226 88 786
35 39 221 88 786
758 86 226 89 787
682 96 225 89 787
360 88 225 89 787
264 98 227 89 787
276 75 221 89 787
168 79 224 89 787
67 30 227 89 787
32 72 226 90 788
360 89 222 90 788
445 82 221 90 788
264 99 222 90 788
359 30 222 90 788
134 88 223 90 788
538 79 223 90 788
276 76 244 90 788
758 88 224 91 789
682 98 222 91 789
227 20 223 91 789
32 73 224 91 789
360 90 222 91 789
381 94 221 91 789
445 83 225 91 789
534 99 222 91 789
134 89 229 91 789
276 77 233 91 789
758 89 222 92 790
682 99 229 92 790
515 46 223 92 790
421 98 225 92 790
360 91 223 92 790
381 95 225 92 790
498 28 222 92 790
135 94 221 92 790
538 81 224 92 790
276 78 234 92 790
134 90 229 92 790
354 125 231 93 791
758 90 223 93 791
682 100 222 93 791
32 75 223 93 791
464 99 221 93 791
360 92 223 93 791
264 102 230 93 791
276 79 239 93 791
554 98 221 94 792
682 101 224 94 792
421 100 225 94 792
515 48 223 94 792
35 45 221 94 792
135 96 221 94 792
265 107 229 94 792
134 92 223 94 792
276 80 229 94 792
554 99 222 95 793
758 92 226 95 793
29 101 221 95 793
464 101 221 95 793
391 24 223 95 793
47 93 221 95 793
264 104 221 95 793
134 93 223 95 793
276 81 229 95 793
487 84 226 95 793
67 36 221 96 794
45 95 224 96 794
47 94 223 96 794
360 95 222 96 794
134 94 227 96 794
276 82 239 96 794
538 85 221 96 794
487 85 226 96 794
84 100 223 96 794
355 104 221 96 794
354 129 221 97 795
682 104 228 97 795
29 103 222 97 795
547 104 240 97 795
45 96 224 97 795
370 100 221 97 795
663 100 221 97 795
414 102 222 97 795
276 83 227 97 795
84 101 222 97 795
547 105 235 98 796
227 27 221 98 796
360 97 225 98 796
264 107 225 98 796
359 38 223 98 796
35 49 224 98 796
134 96 221 98 796
276 84 221 98 796
355 106 224 98 796
354 131 224 99 797
758 96 222 99 797
89 108 221 99 797
360 98 223 99 797
359 39 222 99 797
276 85 237 99 797
354 132 223 100 798
29 106 225 100 798
360 99 221 100 798
355 108 227 101 799
682 108 221 101 799
29 107 225 101 799
547 108 239 101 799
89 110 223 101 799
264 110 223 101 799
219 76 223 101 799
354 134 225 102 800
758 99 223 102 800
29 108 221 102 800
547 109 241 102 800
89 111 221 102 800
264 111 221 102 800
359 42 225 102 800
100 52 233 102 800
276 88 245 102 800
682 110 228 103 801
391 32 221 103 801
593 99 222 103 801
360 102 221 103 801
370 106 224 103 801
534 111 223 103 801
629 24 225 103 801
445 95 222 103 801
264 112 222 103 801
135 105 222 103 801
100 53 224 103 801
35 54 222 103 801
276 89 235 103 801
355 111 225 103 801
354 136 224 104 802
682 111 235 104 802
547 111 233 104 802
593 100 226 104 802
130 103 224 104 802
370 107 223 104 802
629 25 222 104 802
264 113 223 104 802
100 54 232 104 802
276 90 233 104 802
355 112 231 104 802
682 112 232 105 803
547 112 233 105 803
515 59 227 105 803
370 108 222 105 803
445 97 224 105 803
264 114 235 105 803
403 108 222 105 803
219 80 223 105 803
100 55 226 105 803
276 91 237 105 803
682 113 227 106 804
547 113 239 106 804
354 1 221 106 804
89 115 226 106 804
100 56 222 106 804
35 57 222 106 804
276 92 242 106 804
682 114 233 107 805
547 114 231 107 805
354 2 223 107 805
264 116 231 107 805
100 57 223 107 805
35 58 221 107 805
276 93 227 107 805
547 115 227 108 806
682 115 227 108 806
370 111 221 108 806
264 117 225 108 806
100 58 223 108 806
276 94 225 108 806
682 116 226 109 807
264 118 223 109 807
219 84 221 109 807
355 117 232 109 807
29 116 221 110 808
354 5 223 110 808
547 117 228 110 808
464 116 221 110 808
370 113 225 110 808
264 119 234 110 808
35 61 223 110 808
355 118 224 110 808
682 118 225 111 809
354 6 227 111 809
89 120 224 111 809
547 118 223 111 809
370 114 229 111 809
629 32 222 111 809
264 120 221 111 809
403 114 225 111 809
134 109 226 111 809
100 61 226 111 809
35 62 221 111 809
682 119 226 112 810
354 7 236 112 810
89 121 228 112 810
547 119 245 112 810
32 94 221 112 810
370 115 224 112 810
629 33 221 112 810
487 101 223 112 810
355 120 221 113 811
354 8 233 113 811
45 112 222 113 811
547 120 227 113 811
264 122 222 113 811
100 63 227 113 811
265 126 221 113 811
355 121 222 114 812
682 121 221 114 812
354 9 223 114 812
534 122 223 114 812
100 64 227 114 812
355 122 223 115 813
354 10 223 115 813
89 124 224 115 813
547 122 223 115 813
264 124 221 115 813
487 104 221 115 813
134 113 221 115 813
100 65 228 115 813
265 128 221 115 813
355 123 221 116 814
682 123 233 116 814
547 123 224 116 814
264 125 224 116 814
219 91 222 116 814
100 66 225 116 814
354 12 227 117 815
547 124 224 117 815
360 116 221 117 815
100 67 226 117 815
682 125 225 118 816
89 127 229 118 816
547 125 227 118 816
515 72 227 118 816
421 124 221 118 816
135 120 223 118 816
487 107 221 118 816
134 116 224 118 816
100 68 221 118 816
355 126 225 118 816
682 126 224 119 817
354 14 224 119 817
29 125 223 119 817
547 126 222 119 817
264 128 223 119 817
682 127 221 120 818
354 15 225 120 818
29 126 223 120 818
547 127 223 120 818
421 126 223 120 818
32 102 221 120 818
682 128 221 121 819
354 16 227 121 819
29 127 221 121 819
89 130 228 121 819
547 128 223 121 819
520 126 222 121 819
100 71 222 121 819
134 119 229 121 819
354 17 234 122 820
29 128 223 122 820
47 120 221 122 820
89 131 222 122 820
547 129 222 122 820
354 18 228 123 821
682 130 225 123 821
89 132 227 123 821
547 130 225 123 821
32 105 224 123 821
264 132 223 123 821
35 74 221 123 821
276 109 242 123 821
355 131 224 124 822
354 19 222 124 822
547 131 227 124 822
75 24 223 124 822
629 45 221 124 822
360 123 223 124 822
264 133 222 124 822
100 74 226 124 822
134 122 222 124 822
276 110 227 124 822
67 65 221 124 822
682 132 229 125 823
547 132 225 125 823
421 131 221 125 823
264 134 225 125 823
134 123 223 125 823
276 111 235 125 823
47 124 223 126 824
421 132 221 126 824
32 108 222 126 824
264 135 221 126 824
100 76 223 126 824
134 124 222 126 824
276 112 235 126 824
682 134 222 127 825
547 134 235 127 825
520 132 223 127 825
32 109 223 127 825
276 113 227 127 825
758 125 221 128 826
682 135 221 128 826
89 137 223 128 826
547 135 225 128 826
219 1 222 128 826
32 110 226 128 826
370 131 221 128 826
264 137 222 128 826
134 126 223 128 826
276 114 238 128 826
219 2 221 129 827
134 127 229 129 827
276 115 239 129 827
360 129 223 130 828
498 66 221 130 828
100 80 228 130 828
276 116 247 131 829
682 138 226 131 829
89 140 232 131 829
547 138 225 131 829
219 4 224 131 829
520 136 225 131 829
370 134 221 131 829
360 130 225 131 829
100 81 227 131 829
276 117 235 131 829
355 139 223 132 830
219 5 224 132 830
534 140 221 132 830
264 141 223 132 830
276 118 237 132 830
29 139 222 133 831
547 140 235 133 831
487 122 232 133 831
100 83 222 133 831
276 119 237 134 832
682 141 221 134 832
89 143 224 134 832
354 29 223 134 832
32 116 222 134 832
100 84 222 134 832
134 132 223 134 832
276 120 241 134 832
354 30 225 135 833
547 142 230 135 833
520 140 221 135 833
360 134 222 135 833
487 124 221 135 833
100 85 223 135 833
134 133 225 135 833
276 121 246 135 833
758 133 225 136 834
682 143 227 136 834
89 145 226 136 834
219 9 222 136 834
547 143 229 136 834
32 118 228 136 834
629 57 221 136 834
534 144 225 136 834
370 139 223 136 834
264 145 221 136 834
100 86 221 136 834
276 122 239 136 834
89 146 223 137 835
547 144 225 137 835
32 119 224 137 835
534 145 225 137 835
370 140 221 137 835
264 146 229 137 835
35 88 221 137 835
100 87 225 137 835
276 123 245 137 835
47 136 224 138 836
682 145 224 138 836
89 147 227 138 836
520 143 221 138 836
45 137 229 138 836
487 127 225 138 836
100 88 223 138 836
265 151 223 138 836
276 124 239 138 836
682 146 235 139 837
89 148 223 139 837
547 146 235 139 837
515 93 222 139 837
520 144 221 139 837
32 121 223 139 837
264 148 226 139 837
487 128 224 139 837
35 90 226 139 837
134 137 224 139 837
276 125 235 139 837
355 147 221 140 838
554 144 221 140 838
758 137 223 140 838
682 147 237 140 838
89 149 231 140 838
593 136 221 140 838
547 147 227 140 838
534 148 226 140 838
487 129 226 140 838
35 91 227 140 838
100 90 226 140 838
276 126 245 140 838
134 138 224 140 838
355 148 227 141 839
554 145 224 141 839
682 148 235 141 839
89 150 226 141 839
547 148 227 141 839
354 36 221 141 839
32 123 222 141 839
264 150 223 141 839
360 140 223 141 839
534 149 225 141 839
403 144 224 141 839
487 130 229 141 839
35 92 223 141 839
100 91 231 141 839
276 127 248 141 839
134 139 227 141 839
355 149 225 142 840
554 146 221 142 840
89 151 227 142 840
682 149 231 142 840
547 149 223 142 840
421 148 221 142 840
370 145 223 142 840
487 131 224 142 840
100 92 221 142 840
276 128 247 142 840
682 150 231 143 841
89 152 221 143 841
547 150 229 143 841
520 148 223 143 841
32 125 222 143 841
130 142 223 143 841
264 152 232 143 841
487 132 226 143 841
276 129 230 143 841
265 156 225 143 841
134 141 223 143 841
355 151 223 144 842
554 148 223 144 842
682 151 226 144 842
29 150 221 144 842
89 153 225 144 842
547 151 227 144 842
32 126 227 144 842
354 39 225 144 842
130 143 223 144 842
264 153 231 144 842
403 147 221 144 842
535 95 221 144 842
276 130 229 144 842
265 157 222 145 843
554 149 221 145 843
29 151 225 145 843
547 152 221 145 843
264 154 223 145 843
682 152 227 145 843
35 96 223 145 843
89 155 227 146 844
547 153 231 146 844
487 135 225 146 844
100 96 223 146 844
276 132 223 147 845
682 154 226 147 845
547 154 231 147 845
264 156 222 147 845
487 136 226 147 845
100 97 223 147 845
276 133 225 148 846
355 155 221 148 846
758 145 221 148 846
682 155 232 148 846
89 157 221 148 846
547 155 229 148 846
100 98 222 148 846
276 134 225 149 847
355 156 221 149 847
682 156 231 149 847
547 156 231 149 847
32 131 221 149 847
45 148 224 149 847
520 154 222 149 847
370 152 224 149 847
403 152 228 149 847
35 100 226 149 847
100 99 223 149 847
134 147 227 149 847
276 135 238 150 848
355 157 221 150 848
219 23 223 150 848
547 157 233 150 848
45 149 224 150 848
354 45 225 150 848
370 153 222 150 848
682 157 234 150 848
403 153 225 150 848
100 100 221 150 848
134 148 225 150 848
276 136 235 151 849
758 148 221 151 849
682 158 233 151 849
89 160 226 151 849
547 158 227 151 849
370 154 223 151 849
487 140 223 151 849
276 137 225 152 850
682 159 233 152 850
89 161 224 152 850
547 159 227 152 850
354 47 221 152 850
370 155 225 152 850
264 161 221 152 850
487 141 223 152 850
682 160 233 153 851
547 160 229 153 851
32 135 223 153 851
354 48 221 153 851
370 156 227 153 851
264 162 221 153 851
682 161 221 154 852
547 161 225 154 852
45 153 223 154 852
35 105 231 154 852
100 104 229 154 852
134 152 232 154 852
276 140 243 154 852
355 162 221 155 853
547 162 235 155 853
45 154 225 155 853
32 137 221 155 853
682 162 233 155 853
35 106 229 155 853
100 105 225 155 853
276 141 241 155 853
134 153 235 155 853
355 163 227 156 854
547 163 233 156 854
45 155 222 156 854
520 161 221 156 854
100 106 227 156 854
35 107 227 156 854
276 142 246 156 854
134 154 234 156 854
682 163 227 157 855
355 164 223 157 855
682 164 229 157 855
547 164 234 157 855
487 146 223 157 855
100 107 229 157 855
35 108 224 157 855
134 155 232 157 855
276 143 247 157 855
682 165 233 158 856
547 165 235 158 856
354 53 223 158 856
100 108 223 158 856
276 144 235 158 856
758 156 223 159 857
682 166 227 159 857
89 168 223 159 857
547 166 225 159 857
520 164 221 159 857
264 168 225 159 857
100 109 222 159 857
276 145 230 159 857
134 157 225 159 857
682 167 233 160 858
29 166 221 160 858
89 169 224 160 858
547 167 229 160 858
32 142 224 160 858
520 165 222 160 858
370 163 223 160 858
100 110 229 160 858
35 111 231 160 858
276 146 246 160 858
134 158 225 160 858
682 168 227 161 859
89 170 223 161 859
32 143 227 161 859
354 56 221 161 859
100 111 221 161 859
276 147 247 161 859
682 169 223 162 860
29 168 221 162 860
89 171 225 162 860
547 169 233 162 860
264 171 222 162 860
32 144 221 162 860
487 151 222 162 860
100 112 228 162 860
276 148 235 162 860
134 160 225 162 860
682 170 221 163 861
547 170 225 163 861
354 58 223 163 861
487 152 225 163 861
100 113 221 163 861
276 149 230 163 861
134 161 221 163 861
682 171 221 164 862
32 146 225 164 862
547 171 232 164 862
354 59 226 164 862
370 167 225 164 862
29 171 221 165 863
682 172 221 165 863
547 172 233 165 863
32 147 224 165 863
354 60 227 165 863
370 168 221 165 863
487 154 223 165 863
276 151 232 165 863
355 173 221 166 864
682 173 225 166 864
547 173 231 166 864
32 148 225 166 864
219 39 223 166 864
354 61 225 166 864
264 175 221 166 864
130 165 223 166 864
359 106 222 166 864
487 155 223 166 864
276 152 232 166 864
134 164 222 166 864
265 179 223 167 865
682 174 226 167 865
547 174 229 167 865
411 64 221 167 865
32 149 224 167 865
370 170 223 167 865
403 170 223 167 865
359 107 222 167 865
663 170 223 167 865
100 117 231 167 865
276 153 237 167 865
134 165 224 167 865
265 180 222 168 866
355 175 225 168 866
682 175 224 168 866
29 174 224 168 866
547 175 225 168 866
32 150 221 168 866
354 63 223 168 866
520 173 221 168 866
403 171 224 168 866
100 118 235 168 866
276 154 233 168 866
35 119 221 168 866
134 166 228 168 866
682 176 224 169 867
47 167 227 169 867
464 175 221 169 867
547 176 223 169 867
219 42 223 169 867
264 178 225 169 867
629 90 221 169 867
403 172 223 169 867
625 146 222 169 867
276 155 239 169 867
35 120 226 169 867
464 176 227 170 868
547 177 226 170 868
421 176 221 170 868
354 65 223 170 868
219 43 222 170 868
264 179 225 170 868
445 162 222 170 868
276 156 239 170 868
100 120 230 170 868
35 121 222 170 868
355 178 221 171 869
682 178 223 171 869
464 177 223 171 869
547 178 223 171 869
219 44 224 171 869
264 180 223 171 869
625 148 221 171 869
445 163 222 171 869
100 121 233 171 869
276 157 241 171 869
35 122 221 171 869
32 153 221 172 870
547 179 226 172 870
354 67 225 172 870
264 181 224 172 870
360 171 222 172 870
100 122 225 172 870
276 158 233 172 870
32 154 223 172 870
682 180 225 173 871
547 180 227 173 871
47 171 223 173 871
464 179 221 173 871
219 46 222 173 871
32 155 224 173 871
360 172 221 173 871
276 159 233 173 871
29 180 222 174 872
355 181 221 174 872
682 181 223 174 872
45 173 221 174 872
547 181 225 174 872
47 172 221 174 872
354 69 222 174 872
264 183 222 174 872
100 124 221 174 872
276 160 241 174 872
538 163 223 174 872
682 182 225 175 873
89 184 225 175 873
547 182 221 175 873
534 183 222 175 873
370 178 221 175 873
122 118 223 175 873
487 164 221 175 873
100 125 225 175 873
276 161 231 175 873
538 164 221 175 873
682 183 229 176 874
29 182 223 176 874
547 183 226 176 874
32 158 223 176 874
47 174 225 176 874
360 175 225 176 874
625 153 222 176 874
487 165 221 176 874
276 162 236 176 874
682 184 226 177 875
355 184 225 177 875
89 186 225 177 875
547 184 229 177 875
391 106 222 177 875
264 186 223 177 875
360 176 222 177 875
487 166 223 177 875
35 128 227 177 875
276 163 233 177 875
100 127 235 177 875
29 184 222 178 876
682 185 229 178 876
89 187 224 178 876
421 184 223 178 876
354 73 225 178 876
32 160 223 178 876
264 187 225 178 876
370 181 224 178 876
534 186 221 178 876
360 177 223 178 876
487 167 223 178 876
276 164 229 178 876
265 191 225 179 877
355 186 222 179 877
29 185 222 179 877
682 186 225 179 877
547 186 226 179 877
32 161 222 179 877
370 182 226 179 877
360 178 221 179 877
487 168 226 179 877
276 165 233 179 877
100 129 232 179 877
355 187 222 180 878
682 187 224 180 878
89 189 221 180 878
547 187 221 180 878
391 109 223 180 878
219 53 224 180 878
32 162 226 180 878
370 183 223 180 878
130 179 221 180 878
360 179 223 180 878
487 169 224 180 878
276 166 223 180 878
100 130 236 180 878
265 193 223 181 879
29 187 221 181 879
682 188 223 181 879
89 190 223 181 879
547 188 226 181 879
32 163 225 181 879
264 190 221 181 879
487 170 221 181 879
100 131 222 181 879
134 179 221 181 879
355 189 223 182 880
682 189 222 182 880
547 189 231 182 880
219 55 221 182 880
32 164 223 182 880
276 168 233 182 880
100 132 229 182 880
265 195 221 183 881
355 190 230 183 881
29 189 226 183 881
89 192 223 183 881
370 186 223 183 881
264 192 225 183 881
227 112 222 183 881
534 191 222 183 881
32 165 227 183 881
445 175 221 183 881
276 169 239 183 881
100 133 236 183 881
355 191 222 184 882
89 193 221 184 882
32 166 221 184 882
264 193 224 184 882
276 170 225 184 882
100 134 225 184 882
547 192 222 185 883
32 167 221 185 883
370 188 221 185 883
264 194 223 185 883
276 171 223 185 883
100 135 227 185 883
29 192 226 186 884
682 193 223 186 884
547 193 228 186 884
354 81 221 186 884
520 191 222 186 884
276 172 235 186 884
487 175 225 186 884
100 136 225 186 884
355 194 223 187 885
682 194 224 187 885
547 194 229 187 885
391 116 223 187 885
421 193 221 187 885
130 186 221 187 885
276 173 232 187 885
487 176 224 187 885
100 137 222 187 885
32 168 228 187 885
265 200 221 188 886
355 195 221 188 886
682 195 227 188 886
547 195 228 188 886
219 61 221 188 886
32 170 229 188 886
354 83 223 188 886
264 197 225 188 886
534 196 222 188 886
487 177 223 188 886
100 138 221 188 886
134 186 222 188 886
265 201 221 189 887
355 196 221 189 887
682 196 227 189 887
29 195 224 189 887
89 198 223 189 887
547 196 231 189 887
219 62 225 189 887
520 194 223 189 887
130 188 221 189 887
403 192 221 189 887
276 175 229 189 887
487 178 225 189 887
100 139 225 189 887
32 171 227 189 887
355 197 224 190 888
682 197 223 190 888
89 199 223 190 888
547 197 231 190 888
32 172 223 190 888
354 85 222 190 888
130 189 221 190 888
264 199 223 190 888
276 176 236 190 888
487 179 225 190 888
100 140 225 190 888
134 188 227 190 888
355 198 225 191 889
682 198 227 191 889
547 198 232 191 889
219 64 224 191 889
32 173 223 191 889
130 190 221 191 889
264 200 223 191 889
276 177 229 191 889
487 180 226 191 889
100 141 227 191 889
464 197 222 191 889
547 199 223 192 890
276 178 221 192 890
487 181 223 192 890
100 142 230 192 890
29 199 223 193 891
547 200 225 193 891
32 175 225 193 891
354 88 227 193 891
47 191 221 193 891
534 201 221 193 891
276 179 233 193 891
29 200 221 194 892
89 203 221 194 892
547 201 223 194 892
32 176 225 194 892
264 203 226 194 892
276 180 247 194 892
134 192 222 194 892
75 94 222 195 893
682 202 221 195 893
547 202 225 195 893
370 198 223 195 893
276 181 231 195 893
487 184 226 195 893
355 203 223 195 893
265 208 221 196 894
29 202 225 196 894
89 205 225 196 894
219 69 223 196 894
547 203 231 196 894
354 91 225 196 894
32 178 223 196 894
264 205 222 196 894
276 182 239 196 894
100 146 225 196 894
134 194 225 196 894
682 204 221 197 895
89 206 221 197 895
219 70 221 197 895
547 204 228 197 895
264 206 223 197 895
520 202 221 197 895
35 148 225 197 895
276 183 230 197 895
487 186 223 197 895
100 147 224 197 895
219 71 224 198 896
547 205 227 198 896
32 180 227 198 896
534 206 226 198 896
487 187 221 198 896
276 184 227 198 896
100 148 227 198 896
134 196 222 198 896
29 205 225 199 897
682 206 221 199 897
89 208 223 199 897
354 94 222 199 897
32 181 225 199 897
276 185 227 199 897
487 188 227 199 897
100 149 229 199 897
134 197 221 199 897
29 206 222 200 898
682 207 223 200 898
547 207 223 200 898
32 182 225 200 898
227 129 223 200 898
487 189 225 200 898
100 150 225 200 898
134 198 221 201 899
29 207 221 201 899
682 208 225 201 899
219 74 221 201 899
421 207 221 201 899
32 183 224 201 899
264 210 221 201 899
487 190 227 201 899
100 151 225 201 899
29 208 222 202 900
682 209 229 202 900
547 209 222 202 900
421 208 221 202 900
32 184 223 202 900
534 210 221 202 900
276 188 224 202 900
487 191 225 202 900
100 152 221 202 900
134 200 221 203 901
758 200 223 203 901
682 210 224 203 901
554 207 222 203 901
547 210 233 203 901
421 209 227 203 901
520 208 222 203 901
32 185 225 203 901
625 180 223 203 901
359 143 221 203 901
276 189 232 203 901
100 153 233 203 901
487 192 226 203 901
682 211 225 204 902
45 203 221 204 902
547 211 233 204 902
421 210 224 204 902
520 209 221 204 902
276 190 233 204 902
487 193 224 204 902
134 202 223 205 903
355 212 222 205 903
682 212 226 205 903
89 214 221 205 903
547 212 225 205 903
421 211 222 205 903
276 191 235 205 903
100 155 232 205 903
487 194 221 205 903
535 156 224 205 903
29 212 221 206 904
89 215 221 206 904
354 101 221 206 904
276 192 233 206 904
100 156 221 206 904
487 195 223 206 904
355 214 221 207 905
89 216 221 207 905
219 80 221 207 905
354 102 225 207 905
547 214 227 207 905
264 216 221 207 905
276 193 243 207 905
134 205 225 208 906
682 215 223 208 906
29 214 223 208 906
547 215 224 208 906
354 103 223 208 906
276 194 232 208 906
682 216 221 209 907
89 218 221 209 907
354 104 225 209 907
276 195 235 209 907
35 160 227 209 907
487 198 221 209 907
134 207 223 210 908
219 83 221 210 908
547 217 225 210 908
354 105 228 210 908
264 219 225 210 908
276 196 243 210 908
35 161 221 210 908
100 160 225 210 908
682 218 227 211 909
355 218 223 211 909
29 217 222 211 909
354 106 227 211 909
547 218 234 211 909
264 220 222 211 909
534 219 221 211 909
276 197 237 211 909
100 161 225 211 909
487 200 226 211 909
682 219 225 212 910
134 209 226 212 910
547 219 233 212 910
354 107 227 212 910
130 211 221 212 910
276 198 240 212 910
359 152 223 212 910
100 162 221 212 910
487 201 225 212 910
134 210 221 213 911
355 220 222 213 911
354 108 227 213 911
547 220 230 213 911
47 211 223 213 911
421 219 222 213 911
403 216 221 213 911
276 199 225 213 911
547 221 230 214 912
47 212 221 214 912
520 219 223 214 912
403 217 221 214 912
276 200 239 214 912
100 164 226 214 912
360 213 223 214 912
682 222 224 215 913
29 221 221 215 913
547 222 231 215 913
89 224 221 215 913
520 220 227 215 913
264 224 233 215 913
276 201 239 215 913
32 197 225 215 913
360 214 222 215 913
682 223 222 216 914
29 222 224 216 914
265 228 222 216 914
547 223 224 216 914
354 111 228 216 914
89 225 225 216 914
32 198 222 216 914
276 202 234 216 914
100 166 226 216 914
682 224 221 217 915
29 223 225 217 915
219 90 221 217 915
265 229 223 217 915
547 224 224 217 915
89 226 221 217 915
354 112 223 217 915
47 215 223 217 915
520 222 223 217 915
264 226 222 217 915
227 146 221 217 915
276 203 237 217 915
100 167 224 217 915
32 199 224 217 915
547 225 221 218 916
359 158 223 218 916
276 204 225 218 916
403 221 221 218 916
100 168 221 218 916
682 226 233 219 917
354 114 223 219 917
520 224 224 219 917
534 227 232 219 917
276 205 237 219 917
35 170 227 219 917
100 169 229 219 917
134 217 226 220 918
682 227 226 220 918
547 227 239 220 918
534 228 221 220 918
264 229 221 220 918
276 206 239 220 918
100 170 225 220 918
360 219 221 220 918
682 228 231 221 919
547 228 221 221 919
354 116 225 221 919
520 226 224 221 919
276 207 241 221 919
100 171 231 221 919
487 210 223 221 919
682 229 228 222 920
547 229 224 222 920
520 227 223 222 920
276 208 238 222 920
403 225 223 222 920
100 172 229 222 920
445 214 222 222 920
360 221 221 222 920
682 230 224 223 921
265 235 221 223 921
354 118 225 223 921
370 226 223 223 921
534 231 221 223 921
276 209 231 223 921
682 231 229 224 922
32 203 225 224 922
547 231 225 224 922
89 233 221 224 922
276 210 241 224 922
100 174 223 224 922
35 175 225 224 922
445 216 223 224 922
682 232 233 225 923
45 224 221 225 923
547 232 236 225 923
520 230 223 225 923
276 211 245 225 923
135 227 227 225 923
487 214 223 225 923
682 233 229 226 924
547 233 233 226 924
276 212 243 226 924
35 177 221 226 924
100 176 226 226 924
682 234 232 227 925
45 226 222 227 925
547 234 231 227 925
276 213 242 227 925
100 177 230 227 925
134 225 227 228 926
682 235 233 228 926
547 235 231 228 926
515 182 221 228 926
32 209 221 228 926
276 214 239 228 926
32 210 225 228 926
35 179 221 228 926
75 128 223 228 926
100 178 230 228 926
682 236 227 229 927
547 236 225 229 927
221 233 221 229 927
32 211 223 229 927
403 232 222 229 927
276 215 247 229 927
35 180 223 229 927
100 179 232 229 927
75 129 222 229 927
682 237 232 230 928
29 236 222 230 928
547 237 221 230 928
370 233 223 230 928
32 212 222 230 928
276 216 237 230 928
100 180 223 230 928
134 228 222 231 929
682 238 232 231 929
265 243 222 231 929
29 237 225 231 929
45 230 221 231 929
547 238 227 231 929
89 240 224 231 929
421 237 221 231 929
276 217 241 231 929
32 213 223 231 929
100 181 229 231 929
355 239 221 232 930
265 244 221 232 930
134 229 223 232 930
682 239 229 232 930
515 186 221 232 930
547 239 225 232 930
276 218 244 232 930
403 235 225 232 930
32 214 222 232 930
35 183 221 232 930
100 182 223 232 930
219 106 222 233 931
29 239 221 233 931
682 240 233 233 931
89 242 222 233 931
547 240 225 233 931
47 231 221 233 931
534 241 221 233 931
276 219 247 233 931
520 238 222 233 931
403 236 223 233 931
487 222 221 233 931
682 241 230 234 932
354 129 225 234 932
534 242 225 234 932
276 220 247 234 932
32 216 222 234 932
403 237 223 234 932
264 243 224 234 932
35 185 230 234 932
445 226 223 234 932
682 242 230 235 933
89 244 227 235 933
547 242 231 235 933
354 130 223 235 933
276 221 245 235 933
403 238 227 235 933
264 244 221 235 933
35 186 222 235 933
100 185 223 235 933
219 109 225 236 934
134 233 221 236 934
682 243 230 236 934
89 245 222 236 934
547 243 233 236 934
354 131 223 236 934
534 244 223 236 934
276 222 247 236 934
370 239 225 236 934
520 241 223 236 934
130 235 221 236 934
403 239 226 236 934
100 186 223 236 934
265 249 221 237 935
134 234 221 237 935
89 246 221 237 935
547 244 221 237 935
421 243 221 237 935
276 223 233 237 935
682 245 224 238 936
547 245 229 238 936
515 192 223 238 936
534 246 221 238 936
276 224 239 238 936
370 241 223 238 936
32 220 221 238 936
134 236 225 239 937
682 246 221 239 937
276 225 235 239 937
403 242 222 239 937
32 221 223 240 938
134 237 229 240 938
45 239 223 240 938
682 247 231 240 938
89 249 224 240 938
276 226 229 240 938
264 249 222 240 938
100 190 225 240 938
355 248 221 240 938
682 248 231 241 939
547 248 231 241 939
354 136 225 241 939
276 227 239 241 939
370 244 221 241 939
403 244 223 241 939
663 244 221 241 939
264 250 224 241 939
100 191 223 241 939
219 115 221 242 940
682 249 229 242 940
547 249 231 242 940
89 251 224 242 940
354 137 225 242 940
276 228 246 242 940
403 245 223 242 940
520 247 223 242 940
100 192 223 242 940
682 250 233 243 941
134 240 224 243 941
547 250 229 243 941
89 252 225 243 941
354 138 222 243 941
276 229 245 243 941
403 246 224 243 941
35 194 221 243 941
100 193 221 243 941
355 251 223 244 942
682 251 227 244 942
547 251 223 244 942
89 253 224 244 942
276 230 244 244 942
403 247 225 244 942
520 249 222 244 942
32 226 222 244 942
360 243 222 244 942
35 195 223 244 942
134 242 223 245 943
682 252 226 245 943
547 252 227 245 943
89 254 221 245 943
276 231 244 245 943
403 248 225 245 943
520 250 221 245 943
370 248 224 245 943
264 254 223 245 943
35 196 221 245 943
355 253 221 246 944
134 243 223 246 944
29 252 221 246 944
547 253 224 246 944
682 253 233 246 944
89 255 221 246 944
276 232 246 246 944
403 249 223 246 944
370 249 222 246 944
663 249 221 246 944
35 197 221 246 944
100 196 225 246 944
547 254 233 247 945
45 246 221 247 945
682 254 228 247 945
89 256 227 247 945
276 233 244 247 945
403 250 224 247 945
520 252 221 247 945
35 198 222 247 945
264 256 224 247 945
100 197 221 247 945
547 255 230 248 946
134 245 225 248 946
682 255 229 248 946
391 177 224 248 946
534 256 221 248 946
354 143 224 248 946
276 234 247 248 946
403 251 225 248 946
32 230 221 248 946
264 257 222 248 946
100 198 224 248 946
547 256 229 249 947
134 246 224 249 947
45 248 221 249 947
29 255 221 249 947
682 256 225 249 947
354 144 221 249 947
276 235 247 249 947
100 199 221 249 947
547 257 231 250 948
45 249 225 250 948
682 257 232 250 948
276 236 245 250 948
487 239 221 250 948
370 253 221 250 948
264 259 221 250 948
100 200 229 250 948
134 248 222 251 949
547 258 228 251 949
758 248 223 251 949
29 257 221 251 949
45 250 222 251 949
682 258 231 251 949
276 237 246 251 949
354 146 224 251 949
100 201 226 251 949
547 259 227 252 950
134 249 225 252 950
682 259 224 252 950
391 181 221 252 950
276 238 244 252 950
403 255 225 252 950
32 234 223 252 950
520 257 223 252 950
227 181 221 252 950
547 260 225 253 951
134 250 227 253 951
682 260 231 253 951
276 239 244 253 951
403 256 223 253 951
520 258 221 253 951
370 256 223 253 951
35 204 222 253 951
100 203 221 253 951
547 261 222 254 952
682 261 231 254 952
276 240 244 254 952
403 257 221 254 952
354 149 221 254 952
32 236 221 254 952
265 267 221 255 953
134 252 231 255 953
682 262 229 255 953
276 241 244 255 953
534 263 222 255 953
403 258 222 255 953
354 150 221 255 953
32 237 221 255 953
547 263 224 256 954
682 263 226 256 954
134 253 222 256 954
45 255 222 256 954
276 242 244 256 954
264 265 226 256 954
547 264 222 257 955
134 254 221 257 955
682 264 226 257 955
276 243 241 257 955
35 208 221 257 955
134 255 223 258 956
682 265 225 258 956
276 244 243 258 956
354 153 222 258 956
360 257 221 258 956
547 266 225 259 957
682 266 221 259 957
276 245 221 259 957
100 209 221 259 957
134 257 223 260 958
682 267 221 260 958
515 214 222 260 958
89 269 221 260 958
276 246 233 260 958
487 249 224 260 958
134 258 223 261 959
276 247 237 261 959
354 156 221 261 959
276 248 222 262 960
487 251 222 262 960
100 212 221 262 960
276 249 223 263 961
354 158 221 263 961
487 252 222 263 961
547 271 230 264 962
134 261 225 264 962
758 261 221 264 962
45 263 221 264 962
29 270 221 264 962
682 271 227 264 962
89 273 225 264 962
534 272 221 264 962
276 250 241 264 962
32 246 222 264 962
487 253 223 264 962
445 256 221 264 962
35 215 225 264 962
100 214 227 264 962
134 262 233 265 963
29 271 222 265 963
45 264 222 265 963
682 272 225 265 963
89 274 224 265 963
276 251 241 265 963
32 247 223 265 963
354 160 221 265 963
487 254 222 265 963
35 216 222 265 963
100 215 221 265 963
134 263 231 266 964
547 273 223 266 964
682 273 230 266 964
276 252 243 266 964
32 248 221 266 964
354 161 223 266 964
35 217 222 266 964
134 264 229 267 965
219 140 222 267 965
682 274 227 267 965
276 253 241 267 965
32 249 223 267 965
487 256 223 267 965
520 272 221 267 965
35 218 222 267 965
100 217 223 267 965
547 275 221 268 966
134 265 227 268 966
682 275 229 268 966
276 254 239 268 966
354 163 223 268 966
520 273 221 268 966
264 277 221 268 966
35 219 222 268 966
100 218 223 268 966
134 266 227 269 967
219 142 221 269 967
682 276 229 269 967
276 255 241 269 967
354 164 225 269 967
487 258 225 269 967
264 278 221 269 967
35 220 221 269 967
100 219 223 269 967
134 267 229 270 968
682 277 227 270 968
276 256 239 270 968
520 275 223 270 968
264 279 223 270 968
35 221 222 270 968
355 278 221 270 968
134 268 231 271 969
219 144 224 271 969
682 278 228 271 969
89 280 221 271 969
276 257 238 271 969
32 253 222 271 969
264 280 221 271 969
35 222 222 271 969
547 279 224 272 970
89 281 223 272 970
47 270 222 272 970
276 258 231 272 970
32 254 222 272 970
520 277 221 272 970
547 280 227 273 971
45 272 221 273 971
276 259 227 273 971
547 281 225 274 972
45 273 221 274 972
276 260 232 274 972
520 279 222 274 972
487 263 221 274 972
276 261 235 275 973
100 225 225 275 973
547 283 223 276 974
219 149 221 276 974
276 262 223 276 974
264 285 224 276 974
100 226 229 276 974
276 263 235 277 975
264 286 227 277 975
100 227 224 277 975
547 285 223 278 976
276 264 227 278 976
264 287 229 278 976
547 286 221 279 977
45 278 222 279 977
682 286 221 279 977
276 265 229 279 977
264 288 226 279 977
100 229 222 279 977
547 287 222 280 978
682 287 222 280 978
276 266 236 280 978
264 289 222 280 978
100 230 221 280 978
355 288 222 281 979
682 288 231 281 979
276 267 233 281 979
100 231 222 281 979
355 289 225 281 979
547 289 227 282 980
276 268 227 282 980
534 290 224 282 980
360 281 223 282 980
538 271 221 282 980
265 295 222 282 980
355 290 221 282 980
547 290 232 283 981
682 290 223 283 981
276 269 235 283 981
354 178 223 283 981
32 265 221 283 981
264 292 233 283 981
520 288 222 283 981
100 233 225 283 981
782 234 228 283 981
355 1 225 284 982
547 291 233 284 982
682 291 224 284 982
354 179 223 284 982
629 205 221 284 982
135 286 221 284 982
264 293 238 284 982
520 289 221 284 982
75 184 221 284 982
67 225 221 284 982
355 2 221 285 983
84 288 221 285 983
547 292 233 285 983
391 214 225 285 983
682 292 221 285 983
354 180 223 285 983
276 271 232 285 983
629 206 225 285 983
414 290 221 285 983
264 294 233 285 983
227 214 226 285 983
67 226 221 285 983
547 293 239 286 984
354 181 223 286 984
276 272 225 286 984
264 295 233 286 984
520 291 229 286 984
547 294 236 287 985
515 241 225 287 985
682 294 221 287 985
276 273 233 287 985
264 296 221 287 985
520 292 225 287 985
265 300 221 287 985
29 294 221 288 986
547 295 225 288 986
45 287 221 288 986
682 295 225 288 986
276 274 233 288 986
354 183 221 288 986
520 293 221 288 986
75 188 227 288 986
265 301 222 288 986
29 295 231 289 987
47 8 225 289 987
682 296 229 289 987
32 271 223 289 987
264 298 227 289 987
75 189 226 289 987
67 230 245 289 987
782 240 233 290 988
381 3 223 290 988
276 276 229 290 988
414 295 231 290 988
629 211 226 290 988
122 233 225 290 988
403 293 226 290 988
663 293 224 290 988
360 289 223 290 988
538 279 223 290 988
520 295 229 290 988
75 190 229 290 988
168 280 224 290 988
535 241 222 290 988
758 288 226 291 989
391 220 221 291 989
534 299 238 291 989
276 277 227 291 989
625 268 225 291 989
629 212 231 291 989
520 296 224 291 989
479 185 225 292 990
381 5 233 292 990
134 289 225 292 990
276 278 243 292 990
122 235 226 292 990
445 284 221 292 990
520 297 232 292 990
265 305 227 292 990
411 189 221 292 990
498 228 230 292 990
593 289 225 292 990
84 296 236 292 990
381 6 230 293 991
479 186 233 293 991
276 279 225 293 991
159 10 227 293 991
100 5 229 293 991
403 296 231 293 991
219 167 221 294 992
276 280 229 294 992
354 189 223 294 992
487 283 226 294 992
47 14 231 295 993
89 304 225 295 993
554 299 221 295 993
581 306 233 295 993
276 281 239 295 993
538 284 221 295 993
381 9 233 296 994
479 189 222 296 994
682 304 225 297 995
276 283 231 297 995
370 300 221 297 995
265 310 221 297 995
691 78 223 298 996
381 11 223 298 996
264 6 224 298 996
134 295 222 298 996
479 191 229 298 996
29 304 223 298 996
89 307 235 298 996
682 305 226 298 996
276 284 221 298 996
421 304 225 298 996
86 267 221 298 996
35 249 223 298 996
538 287 231 298 996
355 16 240 299 997
534 307 222 299 997
629 220 221 299 997
35 250 233 299 997
520 304 221 299 997
168 289 221 299 997
355 17 223 300 998
682 307 221 300 998
276 286 223 300 998
421 306 231 300 998
360 299 225 300 998
663 303 223 300 998
520 305 230 300 998
535 251 230 300 998
498 236 229 300 998
355 18 225 300 998
219 174 225 301 999
554 305 223 301 999
86 1 221 301 999
479 195 233 302 1000
547 309 222 302 1000
29 308 221 302 1000
554 306 227 302 1000
32 284 225 302 1000
421 308 224 302 1000
35 253 223 302 1000
479 196 225 303 1001
75 10 230 303 1001
547 310 223 303 1001
29 309 221 303 1001
515 257 224 303 1001
445 295 237 303 1001
520 308 221 303 1001
593 300 221 303 1001
547 311 223 304 1002
29 310 232 304 1002
515 258 246 304 1002
32 286 221 304 1002
421 310 224 304 1002
445 296 223 304 1002
75 1 227 304 1002
515 259 237 305 1003
464 311 222 305 1003
100 17 241 305 1003
445 297 241 305 1003
29 312 222 306 1004
89 315 223 306 1004
682 313 235 306 1004
354 201 229 306 1004
421 312 222 306 1004
464 312 221 306 1004
100 18 221 306 1004
360 305 225 306 1004
445 298 226 306 1004
75 3 223 306 1004
381 20 224 307 1005
219 180 223 307 1005
89 316 221 307 1005
515 261 223 307 1005
32 289 227 307 1005
445 299 229 307 1005
100 19 229 307 1005
75 4 223 307 1005
29 314 230 308 1006
219 181 235 308 1006
515 262 227 308 1006
354 203 231 308 1006
32 290 222 308 1006
421 314 245 308 1006
360 307 231 308 1006
100 20 222 308 1006
464 314 221 308 1006
445 300 224 308 1006
691 89 224 308 1006
29 315 228 309 1007
89 318 221 309 1007
625 286 223 309 1007
360 308 227 309 1007
445 301 227 309 1007
29 316 225 310 1008
89 319 231 310 1008
629 231 221 310 1008
360 309 222 310 1008
520 315 222 310 1008
75 7 230 310 1008
381 24 237 311 1009
547 318 225 311 1009
276 297 237 311 1009
520 316 223 311 1009
547 319 221 312 1010
276 298 230 312 1010
625 289 223 312 1010
32 294 222 312 1010
421 318 221 312 1010
498 248 221 312 1010
75 9 228 312 1010
355 30 221 312 1010
593 309 233 312 1010
45 312 223 313 1011
84 316 223 313 1011
276 299 228 313 1011
32 295 224 313 1011
663 316 226 313 1011
487 12 221 313 1011
370 316 233 313 1011
168 303 225 313 1011
264 22 224 314 1012
219 187 225 314 1012
391 243 227 314 1012
29 320 233 314 1012
276 300 240 314 1012
32 296 226 314 1012
534 322 222 314 1012
359 254 221 314 1012
168 304 221 314 1012
75 11 221 314 1012
479 208 224 314 1012
29 321 239 315 1013
682 322 221 315 1013
663 318 226 315 1013
359 255 230 315 1013
370 318 221 315 1013
403 318 223 315 1013
682 323 225 316 1014
67 258 223 317 1015
130 317 225 318 1016
354 213 235 318 1016
445 310 221 318 1016
134 11 222 318 1016
32 301 223 319 1017
663 323 227 320 1018
370 323 222 320 1018
310 316 222 321 1019
254 155 233 322 1020
245 333 223 322 1020
254 156 223 323 1021
229 334 235 323 1021
646 309 235 323 1021
700 185 233 323 1021
782 274 222 323 1021
254 157 223 324 1022
229 335 233 324 1022
700 186 225 324 1022
254 158 225 325 1023
700 187 221 325 1023
254 159 225 326 1024
700 188 223 326 1024
682 334 225 327 1025
69 263 227 327 1025
682 335 221 328 1026
69 264 227 328 1026
265 341 223 328 1026
69 265 223 329 1027
682 337 223 330 1028
69 266 221 330 1028
467 329 222 330 1028
700 192 221 330 1028
265 343 221 330 1028
261 331 235 330 1028
782 281 221 331 1029
466 89 227 331 1029
69 267 227 331 1029
261 332 223 331 1029
466 90 223 332 1030
69 268 227 332 1030
279 338 221 333 1031
69 269 226 333 1031
700 195 225 333 1031
261 334 227 333 1031
69 270 223 334 1032
700 196 225 334 1032
261 335 221 334 1032
279 340 227 335 1033
254 168 221 335 1033
69 271 227 335 1033
261 336 223 335 1033
782 286 223 336 1034
279 341 224 336 1034
292 1 221 336 1034
254 169 225 336 1034
682 343 225 336 1034
69 272 225 336 1034
261 337 221 337 1035
279 342 223 337 1035
119 308 223 337 1035
69 273 233 337 1035
261 338 230 338 1036
279 343 225 338 1036
292 3 222 338 1036
261 339 233 339 1037
279 344 227 339 1037
254 172 223 339 1037
69 275 221 339 1037
467 338 239 339 1037
453 336 221 339 1037
261 340 237 340 1038
782 290 221 340 1038
119 311 223 340 1038
682 347 224 340 1038
69 276 229 340 1038
621 342 223 340 1038
261 341 229 341 1039
782 291 234 341 1039
292 6 225 341 1039
254 174 225 341 1039
466 99 231 341 1039
682 348 223 341 1039
265 354 227 342 1040
279 347 222 342 1040
292 7 225 342 1040
254 175 225 342 1040
119 313 227 342 1040
682 349 225 342 1040
69 278 228 342 1040
467 341 241 342 1040
261 343 233 343 1041
292 8 222 343 1041
682 350 225 343 1041
467 342 237 343 1041
621 345 225 343 1041
782 294 221 344 1042
279 349 222 344 1042
292 9 226 344 1042
119 315 223 344 1042
682 351 227 344 1042
265 357 224 345 1043
261 345 228 345 1043
782 295 225 345 1043
279 350 225 345 1043
292 10 232 345 1043
254 178 224 345 1043
119 316 230 345 1043
682 352 239 345 1043
466 103 221 345 1043
453 342 221 345 1043
621 347 229 345 1043
265 358 221 346 1044
279 351 221 346 1044
119 317 227 346 1044
466 104 222 346 1044
69 282 232 346 1044
621 348 224 346 1044
279 352 238 347 1045
69 283 225 347 1045
261 349 221 349 1047
292 14 223 349 1047
279 354 224 349 1047
69 285 221 349 1047
292 15 230 350 1048
119 321 223 350 1048
466 108 222 350 1048
621 352 224 350 1048
453 347 223 350 1048
254 184 223 351 1049
69 287 226 351 1049
467 350 223 351 1049
621 353 232 351 1049
292 17 224 352 1050
69 288 223 352 1050
621 354 227 352 1050
453 349 223 352 1050
279 358 221 353 1051
292 19 223 354 1052
119 325 221 354 1052
261 355 239 355 1053
292 20 224 355 1053
254 188 221 355 1053
621 357 223 355 1053
453 352 224 355 1053
279 361 221 356 1054
69 292 226 356 1054
453 353 221 356 1054
782 307 221 356 1054
292 22 227 357 1055
453 354 223 357 1055
261 358 221 358 1056
292 23 223 358 1056
119 329 222 358 1056
254 191 223 358 1056
69 294 221 358 1056
621 360 225 358 1056
279 364 223 359 1057
254 192 223 359 1057
261 360 241 360 1058
279 366 224 361 1059
254 194 221 361 1059
621 363 221 361 1059
453 358 228 361 1059
69 298 221 362 1060
261 363 244 362 1060
782 313 221 363 1061
69 299 231 363 1061
261 364 239 363 1061
279 369 221 364 1062
254 197 231 364 1062
69 300 221 364 1062
261 365 237 364 1062
782 315 223 365 1063
292 30 221 365 1063
254 198 227 365 1063
261 366 235 365 1063
782 316 221 366 1064
279 371 223 366 1064
453 363 221 366 1064
261 368 237 367 1065
279 373 226 368 1066
261 369 233 368 1066
782 319 221 369 1067
261 370 225 370 1068
279 375 221 370 1068
69 306 221 370 1068
261 371 222 370 1068
292 36 223 371 1069
279 376 221 371 1069
782 321 227 371 1069
466 129 229 371 1069
254 204 223 371 1069
261 372 241 371 1069
782 322 227 372 1070
69 308 233 372 1070
261 373 237 372 1070
782 323 233 373 1071
69 309 221 373 1071
261 374 237 373 1071
782 324 237 374 1072
261 375 244 374 1072
782 325 234 375 1073
261 376 254 375 1073
782 326 242 376 1074
69 312 225 376 1074
682 383 223 376 1074
261 377 246 376 1074
292 42 221 377 1075
782 327 235 377 1075
69 313 233 377 1075
682 384 221 377 1075
782 328 226 378 1076
265 391 229 379 1077
279 384 229 379 1077
467 378 223 379 1077
261 380 235 379 1077
292 45 227 380 1078
466 138 223 380 1078
254 213 228 380 1078
621 382 227 380 1078
261 381 222 380 1078
69 317 225 381 1079
254 214 223 381 1079
261 382 235 381 1079
292 47 223 382 1080
782 332 221 382 1080
69 318 227 382 1080
254 215 221 382 1080
261 383 231 382 1080
292 48 223 383 1081
69 319 221 383 1081
621 385 225 383 1081
261 384 236 383 1081
254 217 225 384 1082
261 385 241 384 1082
261 386 230 385 1083
265 398 225 386 1084
261 387 223 386 1084
292 52 223 387 1085
265 399 226 387 1085
69 323 233 387 1085
254 220 221 387 1085
292 53 221 388 1086
467 387 225 388 1086
261 389 221 388 1086
292 54 223 389 1087
69 325 221 389 1087
621 391 226 389 1087
265 402 221 390 1088
279 395 227 390 1088
682 397 221 390 1088
265 403 228 391 1089
254 224 225 391 1089
621 393 222 391 1089
69 328 222 392 1090
265 404 227 392 1090
621 394 223 392 1090
261 393 230 393 1091
265 405 221 393 1091
69 329 225 393 1091
261 394 231 393 1091
265 406 223 394 1092
69 330 229 394 1092
261 395 221 394 1092
279 400 223 395 1093
69 331 225 395 1093
261 396 221 395 1093
279 401 227 396 1094
265 408 221 396 1094
69 332 224 396 1094
254 230 222 397 1095
261 398 225 397 1095
621 400 225 398 1096
261 399 222 398 1096
69 335 223 399 1097
265 411 225 399 1097
453 396 221 399 1097
265 412 235 400 1098
254 233 222 400 1098
621 402 227 400 1098
279 406 222 401 1099
254 234 224 401 1099
621 403 225 401 1099
279 407 233 402 1100
682 409 221 402 1100
621 404 225 402 1100
261 403 221 402 1100
265 415 237 403 1101
682 410 221 403 1101
621 405 223 403 1101
292 69 225 404 1102
466 162 227 404 1102
292 70 223 405 1103
279 410 221 405 1103
265 417 233 405 1103
254 238 221 405 1103
466 163 227 405 1103
292 71 225 406 1104
279 411 227 406 1104
265 418 223 406 1104
466 164 223 406 1104
621 408 227 406 1104
265 419 229 407 1105
467 406 221 407 1105
700 269 221 408 1106
279 413 223 408 1106
292 73 223 408 1106
265 420 233 408 1106
69 344 233 408 1106
254 241 227 408 1106
700 270 223 409 1107
292 74 227 409 1107
254 242 225 409 1107
621 411 221 409 1107
700 271 223 410 1108
292 75 222 410 1108
265 422 235 410 1108
69 346 223 410 1108
119 381 221 410 1108
621 412 221 410 1108
621 413 223 411 1109
261 413 225 412 1110
700 274 221 413 1111
292 78 225 413 1111
261 414 237 414 1112
700 275 221 414 1112
279 419 223 414 1112
621 416 225 414 1112
261 415 240 415 1113
261 416 225 416 1114
700 277 221 416 1114
261 417 228 417 1115
261 418 226 417 1115
261 419 225 419 1117
261 420 223 420 1118
700 281 223 420 1118
279 426 221 421 1119
261 423 225 423 1121
700 286 221 425 1123
261 428 224 428 1126
279 433 223 428 1126
700 290 221 429 1127
261 430 221 430 1128
261 431 222 431 1129
261 432 222 432 1130
69 368 221 432 1130
700 294 221 433 1131
700 295 221 433 1131
261 434 221 434 1132
261 435 227 435 1133
700 297 221 436 1134
261 436 223 436 1134
700 298 221 437 1135
261 437 229 437 1135
261 438 225 438 1136
700 300 223 439 1137
261 439 226 439 1137
69 375 221 439 1137
261 440 227 440 1138
261 441 226 441 1139
261 442 227 442 1140
261 443 229 443 1141
261 444 229 444 1142
261 445 227 445 1143
69 381 221 445 1143
261 446 223 446 1144
69 382 223 446 1144
69 383 221 447 1145
69 384 223 448 1146
69 385 221 449 1147
261 450 226 450 1148
261 451 223 451 1149
261 452 231 452 1150
261 453 227 453 1151
261 454 226 454 1152
261 455 223 455 1153
261 459 225 459 1157
279 464 223 459 1157
261 460 223 460 1158
261 461 222 461 1159
279 466 223 461 1159
261 462 232 462 1160
700 323 221 462 1160
261 463 228 463 1161
261 464 225 464 1162
261 465 223 465 1163
261 466 231 466 1164
261 467 229 467 1165
261 468 233 468 1166
261 469 229 469 1167
261 470 227 470 1168
261 471 227 471 1169
261 472 227 472 1170
261 473 227 473 1171
261 474 225 474 1172
261 475 225 475 1173
261 476 223 476 1174
261 477 225 477 1175
261 478 231 478 1176
261 479 234 479 1177
261 480 225 480 1178
261 482 221 482 1180
261 483 223 483 1181
261 484 228 484 1182
261 485 223 485 1183
279 490 221 485 1183
261 487 230 487 1185
261 488 229 488 1186
279 493 223 488 1186
261 489 233 489 1187
279 494 225 489 1187
292 10 224 489 1187
254 322 221 489 1187
261 490 239 490 1188
279 495 225 490 1188
261 491 239 490 1188
700 352 223 491 1189
279 496 225 491 1189
621 493 221 491 1189
261 492 239 491 1189
700 353 221 492 1190
69 428 225 492 1190
261 493 237 492 1190
69 429 224 493 1191
261 494 245 493 1191
621 496 221 494 1192
261 495 243 494 1192
279 500 223 495 1193
621 497 221 495 1193
261 496 242 495 1193
279 501 221 496 1194
621 498 221 496 1194
261 497 241 496 1194
261 498 244 497 1195
261 499 239 498 1196
279 504 221 499 1197
261 500 230 500 1198
261 501 229 501 1199
279 506 221 501 1199
69 437 221 501 1199
261 502 229 502 1200
700 363 221 502 1200
261 503 233 503 1201
265 515 221 503 1201
69 439 221 503 1201
261 504 234 504 1202
69 440 223 504 1202
261 505 231 505 1203
261 506 237 506 1204
261 507 230 507 1205
261 508 227 508 1206
261 509 233 509 1207
261 510 229 510 1208
621 512 223 510 1208
261 511 228 511 1209
621 513 227 511 1209
261 512 229 512 1210
292 34 222 513 1211
69 449 221 513 1211
261 514 235 514 1212
69 450 221 514 1212
621 516 225 514 1212
261 515 235 515 1213
261 516 235 516 1214
279 521 221 516 1214
261 517 234 517 1215
279 522 223 517 1215
261 518 229 518 1216
700 379 223 518 1216
453 515 221 518 1216
265 531 223 519 1217
261 519 233 519 1217
700 380 223 519 1217
254 352 221 519 1217
279 524 223 519 1217
621 521 222 519 1217
261 520 241 520 1218
265 532 223 520 1218
254 353 222 520 1218
279 525 222 520 1218
621 522 223 520 1218
261 521 235 521 1219
265 533 221 521 1219
254 354 221 521 1219
279 526 223 521 1219
621 523 223 521 1219
261 522 232 522 1220
700 383 221 522 1220
467 521 223 522 1220
279 527 222 522 1220
621 524 221 522 1220
261 523 237 523 1221
265 535 221 523 1221
119 494 221 523 1221
261 524 239 524 1222
279 529 223 524 1222
621 526 221 524 1222
261 525 242 525 1223
700 386 223 525 1223
621 527 221 525 1223
261 526 241 526 1224
279 531 221 526 1224
621 528 223 526 1224
261 527 235 527 1225
254 360 221 527 1225
700 388 223 527 1225
279 532 221 527 1225
261 528 237 528 1226
292 49 221 528 1226
700 389 223 528 1226
279 533 224 528 1226
621 530 221 528 1226
261 529 239 529 1227
621 531 221 529 1227
261 530 236 530 1228
292 51 223 530 1228
279 535 223 530 1228
261 531 233 531 1229
292 52 224 531 1229
254 364 225 531 1229
261 532 235 532 1230
254 365 223 532 1230
292 53 223 532 1230
69 468 222 532 1230
621 534 222 532 1230
261 533 235 533 1231
621 535 221 533 1231
261 534 227 534 1232
261 535 233 535 1233
700 396 225 535 1233
69 471 223 535 1233
261 536 235 536 1234
254 369 226 536 1234
700 397 225 536 1234
261 537 237 537 1235
254 370 223 537 1235
261 538 239 538 1236
69 474 221 538 1236
261 539 233 539 1237
254 372 222 539 1237
279 544 221 539 1237
261 540 229 540 1238
279 545 223 540 1238
119 511 221 540 1238
261 541 231 541 1239
261 542 231 542 1240
292 64 221 543 1241
254 376 221 543 1241
682 550 225 543 1241
261 544 231 544 1242
700 405 222 544 1242
261 545 224 545 1243
700 406 221 545 1243
621 548 223 546 1244
254 381 221 548 1246
119 519 223 548 1246
453 545 227 548 1246
700 410 235 549 1247
261 549 243 549 1247
265 561 221 549 1247
279 554 227 549 1247
467 548 221 549 1247
682 556 222 549 1247
261 550 224 550 1248
700 411 223 550 1248
279 555 221 550 1248
261 551 223 551 1249
700 412 229 551 1249
279 556 225 551 1249
261 552 228 552 1250
700 413 225 552 1250
261 553 232 552 1250
700 414 226 553 1251
265 565 221 553 1251
292 74 223 553 1251
261 554 225 553 1251
265 566 223 554 1252
279 559 227 554 1252
261 555 243 555 1253
700 416 229 555 1253
279 560 223 555 1253
119 526 221 555 1253
261 556 237 556 1254
254 389 221 556 1254
261 557 241 557 1255
292 78 221 557 1255
69 493 221 557 1255
682 564 223 557 1255
265 570 223 558 1256
69 494 224 558 1256
279 563 221 558 1256
467 557 223 558 1256
119 529 227 558 1256
292 80 223 559 1257
279 564 221 559 1257
782 510 226 559 1257
700 421 226 560 1258
265 572 221 560 1258
292 81 229 560 1258
279 565 225 560 1258
265 576 225 564 1262
391 493 229 564 1262
119 535 222 564 1262
167 204 222 564 1262
401 555 225 564 1262
733 570 239 564 1262
770 10 221 564 1262
402 48 236 564 1262
279 570 233 565 1263
265 577 235 565 1263
581 576 227 565 1263
117 477 241 565 1263
398 574 221 565 1263
717 569 235 565 1263
151 95 226 565 1263
770 11 223 565 1263
287 270 221 565 1263
279 571 229 566 1264
265 578 225 566 1264
581 577 239 566 1264
87 549 231 566 1264
717 570 225 566 1264
504 561 225 566 1264
160 564 225 567 1265
747 371 229 568 1266
574 564 234 568 1266
634 8 224 569 1267
268 461 231 570 1268
249 191 226 638 1336
249 192 225 639 1337
249 194 223 641 1339
249 1 229 644 1342
249 4 221 647 1345
249 8 222 651 1349
249 9 223 652 1350
249 11 225 654 1352
249 16 221 659 1357
215 575 227 659 1357
606 627 224 663 1361
493 652 221 663 1361
418 668 223 664 1362
493 653 221 664 1362
8 615 221 664 1362
737 658 225 665 1363
419 654 225 666 1364
737 659 221 666 1364
606 630 223 666 1364
654 661 227 667 1365
713 669 221 668 1366
737 661 222 668 1366
606 632 226 668 1366
475 196 225 669 1367
737 662 222 669 1367
475 198 225 671 1369
434 668 230 671 1369
701 674 225 672 1370
434 669 223 672 1370
770 119 227 673 1371
324 37 224 673 1371
475 201 221 674 1372
654 669 223 675 1373
475 202 221 675 1373
654 671 225 677 1375
662 526 221 677 1375
475 205 225 678 1376
286 678 221 678 1376
737 671 223 678 1376
249 36 230 679 1377
286 679 221 679 1377
419 668 223 680 1378
228 3 229 680 1378
228 5 227 682 1380
493 671 221 682 1380
249 40 227 683 1381
398 692 221 683 1381
286 685 223 685 1383
408 692 223 686 1384
286 686 222 686 1384
254 522 221 689 1387
595 380 223 689 1387
713 692 222 691 1389
434 688 223 691 1389
229 703 221 692 1390
382 690 231 692 1390
111 674 222 693 1391
434 690 223 693 1391
254 527 223 694 1392
713 695 221 694 1392
671 707 221 694 1392
382 692 227 694 1392
382 694 223 696 1394
581 75 225 697 1395
671 710 221 697 1395
382 695 223 697 1395
382 697 221 699 1397
671 713 221 700 1398
382 698 222 700 1398
713 702 227 701 1399
286 701 221 701 1399
382 700 229 702 1400
111 685 223 704 1402
286 704 227 704 1402
713 706 226 705 1403
111 686 225 705 1403
581 83 221 705 1403
382 703 229 705 1403
713 707 229 706 1404
111 687 225 706 1404
581 84 221 706 1404
229 717 226 706 1404
382 704 225 706 1404
713 708 221 707 1405
111 688 222 707 1405
229 718 223 707 1405
671 720 223 707 1405
286 710 221 710 1408
671 723 224 710 1408
382 708 230 710 1408
286 711 225 711 1409
581 89 224 711 1409
286 712 226 712 1410
434 709 221 712 1410
581 90 221 712 1410
671 725 223 712 1410
286 713 221 713 1411
713 714 221 713 1411
254 547 225 714 1412
286 714 226 714 1412
713 715 225 714 1412
111 695 221 714 1412
434 711 221 714 1412
581 92 221 714 1412
621 716 221 714 1412
382 712 229 715 1413
33 683 221 715 1413
286 715 223 715 1413
581 93 225 715 1413
382 713 225 716 1414
33 684 221 716 1414
286 716 223 716 1414
581 94 225 716 1414
286 717 225 717 1415
581 95 225 717 1415
286 719 229 719 1417
671 732 223 719 1417
229 730 222 719 1417
124 711 221 720 1418
671 733 223 720 1418
229 731 221 720 1418
595 411 225 720 1418
286 721 224 721 1419
713 722 223 721 1419
671 734 223 721 1419
229 732 221 721 1419
286 722 223 722 1420
713 723 223 722 1420
671 735 221 722 1420
229 733 222 722 1420
286 723 224 723 1421
713 724 223 723 1421
124 714 221 723 1421
671 736 223 723 1421
229 734 221 723 1421
286 724 224 724 1422
124 715 222 724 1422
713 725 223 724 1422
671 737 225 724 1422
229 735 221 724 1422
286 725 223 725 1423
713 726 222 725 1423
671 738 225 725 1423
286 726 221 726 1424
713 727 231 726 1424
671 739 224 726 1424
595 417 222 726 1424
286 727 227 727 1425
713 728 229 727 1425
124 718 221 727 1425
671 740 222 727 1425
286 728 227 728 1426
713 729 228 728 1426
671 741 221 728 1426
286 729 227 729 1427
124 720 223 729 1427
713 730 228 729 1427
286 730 227 730 1428
713 731 227 730 1428
286 731 227 731 1429
124 722 221 731 1429
713 732 227 731 1429
671 744 221 731 1429
286 732 227 732 1430
111 713 223 732 1430
124 723 221 732 1430
713 733 227 732 1430
671 745 221 732 1430
286 733 227 733 1431
713 734 227 733 1431
111 716 221 735 1433
382 733 221 736 1434
111 717 221 736 1434
382 734 221 737 1435
713 754 222 753 1451
382 751 221 754 1452
286 754 225 754 1452
581 133 221 755 1453
382 753 223 756 1454
286 756 226 756 1454
581 134 222 756 1454
286 757 221 757 1455
124 772 221 781 1479
581 159 221 781 1479
671 794 225 781 1479
581 161 224 783 1481
229 800 223 790 1488
286 790 221 790 1488
382 788 221 790 1488
671 805 221 792 1490
382 790 226 792 1490
671 806 231 793 1491
382 791 221 793 1491
671 807 224 794 1492
382 792 227 794 1492
382 793 227 795 1493
671 809 225 796 1494
382 794 227 796 1494
229 807 222 797 1495
671 810 229 797 1495
229 808 221 798 1496
671 811 223 798 1496
671 812 230 799 1497
581 177 223 799 1497
382 797 227 799 1497
249 157 221 800 1498
671 813 229 800 1498
581 178 223 800 1498
382 798 227 800 1498
229 811 227 801 1499
671 814 227 801 1499
581 179 229 801 1499
671 815 222 802 1500
671 817 221 804 1502
382 803 225 805 1503
581 196 221 818 1516
382 823 221 825 1523
382 824 221 826 1524
382 828 221 830 1528
382 829 221 831 1529
671 847 226 834 1532
671 848 235 835 1533
671 849 225 836 1534
382 849 221 851 1549
249 215 223 857 1555
382 857 221 859 1557
229 870 226 859 1557
249 217 225 859 1557
286 860 222 860 1558
382 858 221 860 1558
229 871 227 860 1558
249 218 226 860 1558
713 862 221 861 1559
229 872 227 861 1559
229 873 227 862 1560
671 876 221 863 1561
254 697 221 863 1561
229 874 223 863 1561
249 221 223 863 1561
713 865 221 864 1562
286 864 230 864 1562
286 865 223 865 1563
581 243 221 865 1563
286 866 225 866 1564
581 244 221 866 1564
286 867 221 867 1565
581 245 221 867 1565
254 701 226 867 1565
382 865 225 867 1565
229 878 231 867 1565
254 702 226 868 1566
382 866 223 868 1566
229 879 232 868 1566
249 226 223 868 1566
713 870 221 869 1567
254 703 225 869 1567
229 880 231 869 1567
249 227 223 869 1567
713 871 222 870 1568
254 704 225 870 1568
249 228 223 871 1569
229 881 231 871 1569
713 872 227 871 1569
254 705 227 871 1569
249 229 223 872 1570
229 882 229 872 1570
713 873 222 872 1570
434 869 221 872 1570
229 883 225 872 1570
713 874 227 873 1571
671 886 221 873 1571
229 884 222 874 1572
713 875 223 874 1572
229 885 221 875 1573
713 876 222 875 1573
229 886 221 876 1574
713 877 222 876 1574
434 873 221 876 1574
229 887 221 877 1575
713 878 224 877 1575
713 879 225 878 1576
254 712 221 878 1576
229 889 222 879 1577
713 880 225 879 1577
434 876 221 879 1577
254 713 221 879 1577
229 890 223 880 1578
713 881 223 880 1578
229 891 223 880 1578
713 882 222 881 1579
229 893 223 882 1580
382 881 221 883 1581
382 882 227 884 1582
382 883 226 885 1583
111 870 223 889 1587
671 902 221 889 1587
382 887 225 889 1587
229 900 222 889 1587
382 888 226 890 1588
229 901 225 890 1588
382 889 225 891 1589
229 902 221 892 1590
382 893 223 895 1593
229 906 227 895 1593
382 894 221 896 1594
434 894 231 897 1595
671 914 221 901 1599
581 280 221 902 1600
434 899 223 902 1600
229 917 221 906 1604
434 906 222 909 1607
382 911 225 913 1611
286 914 222 914 1612
382 912 221 914 1612
286 915 223 915 1613
671 928 222 915 1613
286 916 221 916 1614
621 919 226 917 1615
382 915 222 917 1615
286 918 221 918 1616
50 39 223 918 1616
671 931 236 918 1616
434 915 225 918 1616
249 276 231 918 1616
382 916 224 918 1616
286 919 221 919 1617
606 883 223 919 1617
502 226 231 920 1618
496 562 229 920 1618
315 266 241 920 1618
600 901 227 920 1618
527 925 247 920 1618
660 913 225 920 1618
144 105 221 920 1618
27 582 223 921 1619
496 563 227 921 1619
600 902 222 921 1619
434 918 226 921 1619
315 267 221 921 1619
527 926 226 921 1619
660 914 227 921 1619
37 584 233 923 1621
382 921 234 923 1621
466 423 233 924 1622
322 917 233 924 1622
350 933 233 924 1622
382 922 235 924 1622
639 935 224 926 1624
416 66 225 926 1624
619 901 233 927 1625
664 39 221 927 1625
750 476 225 927 1625
619 902 223 928 1626
664 40 221 928 1626
664 41 221 929 1627
750 478 223 929 1627
750 479 233 931 1629
43 938 227 934 1632
43 939 221 935 1633
43 942 223 938 1636
43 943 224 939 1637
619 914 221 940 1638
43 950 224 946 1644
619 920 223 946 1644
43 951 227 947 1645
664 59 231 947 1645
43 952 233 948 1646
43 953 222 949 1647
43 954 229 950 1648
43 956 225 952 1650
43 957 225 953 1651
43 958 225 954 1652
43 959 223 955 1653
664 68 227 956 1654
619 931 225 957 1655
664 69 223 957 1655
43 962 226 958 1656
664 70 221 958 1656
43 963 224 959 1657
43 964 226 960 1658
43 968 225 964 1662
43 969 229 965 1663
619 939 225 965 1663
43 970 222 966 1664
43 971 221 967 1665
43 973 225 969 1667
619 944 221 970 1668
619 945 221 971 1669
43 976 225 972 1670
43 977 225 973 1671
43 979 223 975 1673
43 980 224 976 1674
664 88 229 976 1674
43 981 222 977 1675
619 952 225 978 1676
664 90 221 978 1676
619 956 223 982 1680
43 989 225 985 1683
43 994 223 990 1688
619 964 221 990 1688
619 968 221 994 1692
43 1001 225 997 1695
43 1003 222 999 1697
619 976 222 1002 1700
43 1010 221 1006 1704
619 992 223 1018 1716
43 1023 222 1019 1717
619 993 225 1019 1717
619 995 222 1021 1719
43 1026 223 1022 1720
43 1028 229 1024 1722
619 998 231 1024 1722
43 1029 226 1025 1723
619 999 225 1025 1723
619 1008 227 1034 1732
43 1039 221 1035 1733
619 1009 225 1035 1733
114 89 223 1035 1733
43 1053 226 1049 1747
619 1023 231 1049 1747
43 1054 225 1050 1748
619 1024 225 1050 1748
43 1055 225 1051 1749
619 1025 224 1051 1749
114 105 223 1051 1749
43 1056 223 1052 1750
43 1057 230 1053 1751
619 1027 225 1053 1751
43 1058 223 1054 1752
43 1059 225 1055 1753
43 1060 222 1056 1754
43 1062 221 1058 1756
664 170 225 1058 1756
43 1063 233 1059 1757
619 1033 221 1059 1757
43 1064 237 1060 1758
43 1065 227 1061 1759
43 1066 225 1062 1760
43 1068 221 1064 1762
43 1069 229 1065 1763
43 1070 223 1066 1764
43 1072 225 1068 1766
43 1073 227 1069 1767
619 1043 222 1069 1767
664 184 231 1072 1770
750 140 223 1072 1770
43 1078 221 1074 1772
43 1079 222 1075 1773
43 1081 222 1077 1775
664 191 221 1079 1777
750 147 229 1079 1777
664 192 227 1080 1778
750 148 226 1080 1778
664 193 221 1081 1779
750 149 223 1081 1779
43 1086 225 1082 1780
43 1088 223 1084 1782
43 1089 227 1085 1783
750 153 221 1085 1783
43 1092 221 1088 1786
43 1097 225 1093 1791
43 1101 231 1097 1795
750 165 222 1097 1795
43 1102 225 1098 1796
750 166 223 1098 1796
43 1104 223 1100 1798
43 1105 223 1101 1799
750 170 221 1102 1800
43 1108 221 1104 1802
619 1078 221 1104 1802
43 1110 225 1106 1804
750 174 221 1106 1804
43 1114 222 1110 1808
43 1115 221 1111 1809
43 1116 230 1112 1810
619 1086 223 1112 1810
750 180 221 1112 1810
43 1117 223 1113 1811
750 181 225 1113 1811
750 182 225 1114 1812
114 168 223 1114 1812
750 183 222 1115 1813
114 1 224 1116 1814
750 184 225 1116 1814
750 185 221 1117 1815
114 3 227 1118 1816
43 1124 224 1120 1818
114 9 227 1124 1822
750 192 237 1124 1822
43 1129 228 1125 1823
43 1130 227 1126 1824
43 1131 227 1127 1825
43 1132 225 1128 1826
43 1133 221 1129 1827
43 1134 223 1130 1828
43 1136 222 1132 1830
43 1137 222 1133 1831
43 1138 227 1134 1832
43 1139 225 1135 1833
43 1140 227 1136 1834
43 1141 225 1137 1835
43 1142 223 1138 1836
43 1143 225 1139 1837
114 27 225 1142 1840
664 254 229 1142 1840
750 210 225 1142 1840
664 256 227 1144 1842
750 212 223 1144 1842
43 1149 231 1145 1843
114 30 224 1145 1843
43 1150 222 1146 1844
664 258 221 1146 1844
43 1151 231 1147 1845
114 32 222 1147 1845
43 1152 223 1148 1846
619 1125 223 1151 1849
114 36 222 1151 1849
114 37 223 1152 1850
750 220 221 1152 1850
750 221 222 1153 1851
619 1128 223 1154 1852
43 1159 232 1155 1853
619 1129 227 1155 1853
114 40 227 1155 1853
750 223 227 1155 1853
43 1160 222 1156 1854
750 224 233 1156 1854
43 1161 223 1157 1855
619 1131 222 1157 1855
114 43 227 1158 1856
750 226 221 1158 1856
537 1148 221 1159 1857
226 279 223 1159 1857
397 537 229 1159 1857
191 254 225 1164 1862
114 50 224 1165 1863
564 233 226 1166 1864
370 1171 221 1168 1866
285 67 221 1168 1866
564 235 221 1168 1866
504 1163 223 1168 1866
638 1159 223 1169 1867
564 236 227 1169 1867
343 1158 229 1169 1867
497 1172 230 1170 1868
518 235 231 1170 1868
563 18 223 1171 1869
497 1173 222 1171 1869
99 4 238 1171 1869
741 1151 221 1171 1869
518 236 241 1171 1869
564 238 237 1171 1869
497 1174 221 1172 1870
99 5 240 1172 1870
518 237 241 1172 1870
564 239 234 1172 1870
218 244 229 1172 1870
257 1095 221 1173 1871
497 1175 221 1173 1871
99 6 223 1173 1871
74 277 223 1173 1871
518 238 239 1173 1871
564 240 230 1173 1871
218 245 221 1173 1871
257 1096 225 1174 1872
497 1176 231 1174 1872
99 7 225 1174 1872
726 744 223 1174 1872
518 239 227 1174 1872
226 294 222 1174 1872
564 241 229 1174 1872
218 246 223 1174 1872
257 1097 223 1175 1873
497 1177 235 1175 1873
99 8 223 1175 1873
257 1098 225 1176 1874
170 1166 225 1176 1874
497 1178 228 1176 1874
153 7 221 1176 1874
99 9 222 1176 1874
99 10 223 1177 1875
611 1169 224 1177 1875
257 1100 229 1178 1876
170 1168 223 1178 1876
497 1180 221 1178 1876
518 243 231 1178 1876
564 245 227 1178 1876
170 1169 221 1179 1877
99 12 225 1179 1877
74 283 221 1179 1877
611 1171 223 1179 1877
518 244 228 1179 1877
563 27 225 1180 1878
257 1102 225 1180 1878
497 1182 222 1180 1878
611 1172 232 1180 1878
518 245 225 1180 1878
218 252 225 1180 1878
170 1171 223 1181 1879
497 1183 228 1181 1879
756 505 225 1181 1879
611 1173 222 1181 1879
518 246 234 1181 1879
563 29 225 1182 1880
257 1104 221 1182 1880
170 1172 227 1182 1880
497 1184 225 1182 1880
74 286 225 1182 1880
611 1174 223 1182 1880
518 247 231 1182 1880
564 249 223 1182 1880
518 248 221 1183 1881
726 7 224 1184 1882
170 1174 221 1184 1882
497 1186 223 1184 1882
611 1176 239 1184 1882
57 290 227 1184 1882
518 249 227 1184 1882
569 1183 221 1184 1882
563 32 230 1185 1883
611 1177 237 1185 1883
57 291 233 1185 1883
563 33 222 1186 1884
99 19 225 1186 1884
57 292 226 1186 1884
611 1178 229 1186 1884
518 251 221 1186 1884
74 291 221 1187 1885
99 20 226 1187 1885
611 1179 231 1187 1885
57 293 221 1187 1885
497 1190 223 1188 1886
99 21 223 1188 1886
611 1180 237 1188 1886
57 294 224 1188 1886
518 253 232 1188 1886
218 260 221 1188 1886
564 255 233 1188 1886
726 12 228 1189 1887
756 513 223 1189 1887
563 37 223 1190 1888
726 13 253 1190 1888
170 1180 221 1190 1888
756 514 225 1190 1888
497 1192 223 1190 1888
74 294 221 1190 1888
99 23 229 1190 1888
518 255 227 1190 1888
364 1194 221 1190 1888
218 262 225 1190 1888
564 257 222 1190 1888
563 38 229 1190 1888
726 14 254 1191 1889
756 515 221 1191 1889
497 1193 221 1191 1889
518 256 231 1191 1889
364 1195 234 1191 1889
218 263 227 1191 1889
564 258 221 1191 1889
563 39 227 1191 1889
257 1114 221 1192 1890
74 296 227 1192 1890
99 25 223 1192 1890
57 298 222 1192 1890
564 259 225 1192 1890
170 1183 221 1193 1891
497 1195 224 1193 1891
74 297 228 1193 1891
518 258 229 1193 1891
57 299 240 1193 1891
564 260 237 1193 1891
726 17 221 1193 1891
170 1184 223 1194 1892
497 1196 225 1194 1892
74 298 221 1194 1892
518 259 238 1194 1892
57 300 237 1194 1892
564 261 229 1194 1892
726 18 227 1194 1892
563 42 223 1194 1892
170 1185 221 1195 1893
497 1197 225 1195 1893
756 519 221 1195 1893
99 28 225 1195 1893
74 299 225 1195 1893
611 1187 221 1195 1893
57 301 237 1195 1893
518 260 233 1195 1893
564 262 236 1195 1893
563 43 225 1195 1893
497 1198 237 1196 1894
170 1186 229 1196 1894
74 300 227 1196 1894
99 29 227 1196 1894
611 1188 227 1196 1894
518 261 227 1196 1894
57 302 235 1196 1894
564 263 245 1196 1894
726 20 226 1196 1894
563 44 225 1196 1894
170 1187 235 1197 1895
497 1199 224 1197 1895
756 521 221 1197 1895
99 30 223 1197 1895
611 1189 227 1197 1895
57 303 237 1197 1895
564 264 235 1197 1895
726 21 222 1197 1895
563 45 225 1197 1895
170 1188 229 1198 1896
497 1200 232 1198 1896
756 522 222 1198 1896
74 302 225 1198 1896
57 304 236 1198 1896
611 1190 221 1198 1896
518 263 229 1198 1896
218 270 223 1198 1896
564 265 239 1198 1896
563 46 226 1198 1896
170 1189 231 1199 1897
497 1201 231 1199 1897
74 303 225 1199 1897
518 264 227 1199 1897
57 305 239 1199 1897
364 1203 221 1199 1897
218 271 225 1199 1897
564 266 227 1199 1897
563 47 235 1199 1897
726 23 221 1199 1897
170 1190 233 1200 1898
497 1202 224 1200 1898
756 524 231 1200 1898
74 304 225 1200 1898
57 306 233 1200 1898
99 33 229 1200 1898
518 265 242 1200 1898
364 1204 225 1200 1898
218 272 223 1200 1898
564 267 238 1200 1898
563 48 231 1200 1898
170 1191 221 1201 1899
497 1203 240 1201 1899
756 525 223 1201 1899
74 305 230 1201 1899
57 307 235 1201 1899
99 34 225 1201 1899
564 268 231 1201 1899
563 49 223 1201 1899
726 25 224 1201 1899
257 1124 221 1202 1900
170 1192 231 1202 1900
497 1204 231 1202 1900
756 526 230 1202 1900
99 35 222 1202 1900
57 308 241 1202 1900
518 267 235 1202 1900
218 274 225 1202 1900
564 269 230 1202 1900
563 50 244 1202 1900
726 26 239 1202 1900
257 1125 224 1203 1901
170 1193 222 1203 1901
497 1205 234 1203 1901
756 527 223 1203 1901
74 307 226 1203 1901
611 1195 221 1203 1901
99 36 224 1203 1901
57 309 247 1203 1901
518 268 239 1203 1901
218 275 227 1203 1901
564 270 250 1203 1901
563 51 227 1203 1901
726 27 223 1203 1901
170 1194 223 1204 1902
497 1206 227 1204 1902
74 308 225 1204 1902
57 310 235 1204 1902
99 37 231 1204 1902
518 269 227 1204 1902
218 276 228 1204 1902
564 271 243 1204 1902
563 52 240 1204 1902
726 28 231 1204 1902
170 1195 223 1205 1903
497 1207 237 1205 1903
99 38 227 1205 1903
57 311 243 1205 1903
518 270 237 1205 1903
364 1209 221 1205 1903
218 277 229 1205 1903
564 272 235 1205 1903
563 53 235 1205 1903
726 29 226 1205 1903
257 1128 225 1206 1904
170 1196 235 1206 1904
497 1208 227 1206 1904
756 530 223 1206 1904
74 310 227 1206 1904
99 39 230 1206 1904
518 271 237 1206 1904
57 312 227 1206 1904
218 278 231 1206 1904
564 273 247 1206 1904
726 30 224 1206 1904
257 1129 225 1207 1905
170 1197 221 1207 1905
756 531 221 1207 1905
99 40 225 1207 1905
57 313 233 1207 1905
518 272 235 1207 1905
218 279 225 1207 1905
564 274 239 1207 1905
563 55 225 1207 1905
726 31 223 1207 1905
170 1198 231 1208 1906
497 1210 237 1208 1906
74 312 229 1208 1906
99 41 221 1208 1906
57 314 247 1208 1906
518 273 231 1208 1906
564 275 247 1208 1906
726 32 221 1208 1906
170 1199 230 1209 1907
497 1211 225 1209 1907
57 315 238 1209 1907
99 42 222 1209 1907
518 274 227 1209 1907
218 281 224 1209 1907
564 276 235 1209 1907
563 57 224 1209 1907
726 33 225 1209 1907
257 1132 223 1210 1908
170 1200 227 1210 1908
497 1212 229 1210 1908
74 314 225 1210 1908
57 316 223 1210 1908
218 282 221 1210 1908
563 58 226 1210 1908
564 277 240 1210 1908
726 34 233 1210 1908
497 1213 235 1211 1909
611 1203 221 1211 1909
57 317 239 1211 1909
518 276 230 1211 1909
564 278 235 1211 1909
563 59 223 1211 1909
726 35 227 1211 1909
170 1202 223 1212 1910
497 1214 233 1212 1910
99 45 229 1212 1910
57 318 230 1212 1910
518 277 233 1212 1910
218 284 225 1212 1910
564 279 248 1212 1910
563 60 233 1212 1910
497 1215 233 1213 1911
74 317 221 1213 1911
57 319 240 1213 1911
518 278 238 1213 1911
364 1217 227 1213 1911
564 280 236 1213 1911
563 61 224 1213 1911
170 1204 227 1214 1912
497 1216 235 1214 1912
57 320 237 1214 1912
74 318 230 1214 1912
518 279 229 1214 1912
564 281 245 1214 1912
563 62 225 1214 1912
170 1205 227 1215 1913
756 539 229 1215 1913
497 1217 245 1215 1913
74 319 222 1215 1913
57 321 247 1215 1913
99 48 225 1215 1913
611 1207 221 1215 1913
518 280 240 1215 1913
564 282 244 1215 1913
563 63 221 1215 1913
170 1206 225 1216 1914
497 1218 239 1216 1914
57 322 240 1216 1914
74 320 233 1216 1914
99 49 228 1216 1914
518 281 234 1216 1914
564 283 237 1216 1914
726 40 227 1216 1914
563 64 221 1216 1914
57 323 237 1217 1915
99 50 223 1217 1915
518 282 235 1217 1915
564 284 235 1217 1915
170 1208 231 1218 1916
57 324 239 1218 1916
74 322 241 1218 1916
99 51 227 1218 1916
518 283 222 1218 1916
564 285 223 1218 1916
726 42 229 1218 1916
170 1209 236 1219 1917
497 1221 231 1219 1917
756 543 225 1219 1917
57 325 223 1219 1917
74 323 232 1219 1917
99 52 228 1219 1917
364 1223 229 1219 1917
564 286 233 1219 1917
726 43 228 1219 1917
563 67 240 1219 1917
170 1210 225 1220 1918
74 324 225 1220 1918
518 285 225 1220 1918
364 1224 231 1220 1918
218 292 221 1220 1918
726 44 222 1220 1918
170 1211 230 1221 1919
497 1223 223 1221 1919
756 545 223 1221 1919
518 286 224 1221 1919
564 288 227 1221 1919
726 45 233 1221 1919
563 69 229 1221 1919
170 1212 229 1222 1920
257 1144 225 1222 1920
756 546 223 1222 1920
74 326 225 1222 1920
99 55 246 1222 1920
364 1226 223 1222 1920
218 294 233 1222 1920
564 289 226 1222 1920
756 547 223 1223 1921
57 329 223 1223 1921
74 327 227 1223 1921
99 56 247 1223 1921
364 1227 239 1223 1921
564 290 227 1223 1921
170 1214 221 1224 1922
497 1226 225 1224 1922
99 57 221 1224 1922
518 289 225 1224 1922
564 291 229 1224 1922
611 1217 233 1225 1923
518 290 227 1225 1923
364 1229 225 1225 1923
170 1216 223 1226 1924
756 550 221 1226 1924
57 332 233 1226 1924
518 291 224 1226 1924
563 74 233 1226 1924
170 1217 225 1227 1925
756 551 226 1227 1925
518 292 236 1227 1925
364 1231 221 1227 1925
563 75 226 1227 1925
170 1218 225 1228 1926
756 552 227 1228 1926
497 1230 223 1228 1926
57 334 227 1228 1926
518 293 235 1228 1926
756 553 223 1229 1927
497 1231 223 1229 1927
518 294 233 1229 1927
726 53 223 1229 1927
99 63 222 1230 1928
611 1222 224 1230 1928
518 295 231 1230 1928
563 78 223 1230 1928
170 1221 223 1231 1929
756 555 223 1231 1929
611 1223 225 1231 1929
518 296 231 1231 1929
563 79 224 1231 1929
497 1234 223 1232 1930
57 338 231 1232 1930
611 1224 225 1232 1930
563 80 227 1232 1930
497 1235 225 1233 1931
170 1223 221 1233 1931
57 339 227 1233 1931
74 337 221 1233 1931
611 1225 221 1233 1931
518 298 231 1233 1931
57 340 228 1234 1932
74 338 221 1234 1932
611 1226 226 1234 1932
518 299 226 1234 1932
563 82 223 1234 1932
611 1227 229 1235 1933
57 342 231 1236 1934
611 1228 231 1236 1934
518 301 228 1236 1934
563 84 233 1236 1934
57 343 232 1237 1935
74 341 221 1237 1935
611 1229 221 1237 1935
518 302 233 1237 1935
563 85 227 1237 1935
57 344 223 1238 1936
611 1230 223 1238 1936
518 303 227 1238 1936
563 86 232 1238 1936
57 345 226 1239 1937
74 343 225 1239 1937
611 1231 229 1239 1937
726 63 223 1239 1937
563 87 221 1239 1937
497 1242 223 1240 1938
611 1232 227 1240 1938
518 305 237 1240 1938
218 312 221 1240 1938
726 64 223 1240 1938
563 88 231 1240 1938
611 1233 224 1241 1939
518 306 235 1241 1939
518 308 222 1243 1941
99 77 221 1244 1942
611 1236 221 1244 1942
518 309 223 1244 1942
518 310 226 1245 1943
563 93 223 1245 1943
611 1238 222 1246 1944
518 311 225 1246 1944
563 94 222 1246 1944
756 571 225 1247 1945
99 80 225 1247 1945
74 351 223 1247 1945
57 353 235 1247 1945
518 312 237 1247 1945
484 348 221 1247 1945
726 71 221 1247 1945
74 352 227 1248 1946
518 313 231 1248 1946
563 96 221 1248 1946
497 1251 224 1249 1947
74 353 227 1249 1947
218 321 221 1249 1947
563 97 221 1249 1947
497 1252 225 1250 1948
756 574 222 1250 1948
74 354 227 1250 1948
57 356 223 1250 1948
611 1242 221 1250 1948
518 315 234 1250 1948
218 322 223 1250 1948
497 1253 224 1251 1949
756 575 223 1251 1949
99 84 221 1251 1949
611 1243 223 1251 1949
518 316 231 1251 1949
497 1254 221 1252 1950
74 356 227 1252 1950
57 358 226 1252 1950
611 1244 223 1252 1950
518 317 229 1252 1950
497 1255 225 1253 1951
170 1243 221 1253 1951
74 357 229 1253 1951
57 359 221 1253 1951
518 318 234 1253 1951
726 77 221 1254 1952
497 1256 225 1254 1952
756 578 222 1254 1952
74 358 229 1254 1952
99 87 222 1254 1952
57 360 223 1254 1952
518 319 236 1254 1952
563 102 223 1254 1952
497 1257 229 1255 1953
170 1245 225 1255 1953
756 579 224 1255 1953
74 359 229 1255 1953
518 320 239 1255 1953
726 79 225 1255 1953
497 1258 225 1256 1954
74 360 227 1256 1954
99 89 223 1256 1954
611 1248 221 1256 1954
518 321 239 1256 1954
497 1259 222 1257 1955
170 1247 223 1257 1955
218 1 225 1257 1955
74 361 226 1257 1955
99 90 222 1257 1955
611 1249 222 1257 1955
518 322 240 1257 1955
563 105 223 1257 1955
726 81 227 1258 1956
170 1248 222 1258 1956
218 2 225 1258 1956
756 582 225 1258 1956
99 91 227 1258 1956
611 1250 223 1258 1956
518 323 226 1258 1956
170 1249 225 1259 1957
756 583 223 1259 1957
218 3 223 1259 1957
74 363 223 1259 1957
99 92 225 1259 1957
611 1251 226 1259 1957
57 365 235 1259 1957
518 324 223 1259 1957
726 83 225 1260 1958
170 1250 222 1260 1958
708 277 221 1260 1958
99 93 223 1260 1958
611 1252 223 1260 1958
518 325 230 1260 1958
294 324 221 1260 1958
726 84 221 1260 1958
756 585 227 1261 1959
57 367 233 1261 1959
518 326 231 1261 1959
726 85 221 1262 1960
497 1264 223 1262 1960
74 366 221 1262 1960
611 1254 225 1262 1960
57 368 233 1262 1960
364 1266 221 1262 1960
99 96 223 1263 1961
74 367 221 1263 1961
518 328 233 1263 1961
756 588 223 1264 1962
170 1254 229 1264 1962
218 8 225 1264 1962
257 1186 224 1264 1962
74 368 221 1264 1962
611 1256 225 1264 1962
57 370 235 1264 1962
518 329 226 1264 1962
726 88 223 1264 1962
497 1267 231 1265 1963
170 1255 223 1265 1963
99 98 225 1265 1963
57 371 229 1265 1963
611 1257 225 1265 1963
518 330 227 1265 1963
726 89 223 1266 1964
170 1256 221 1266 1964
518 331 235 1266 1964
563 114 227 1266 1964
497 1269 223 1267 1965
170 1257 224 1267 1965
57 373 225 1267 1965
611 1259 221 1267 1965
518 332 235 1267 1965
497 1270 228 1268 1966
170 1258 223 1268 1966
57 374 224 1268 1966
518 333 227 1268 1966
484 369 223 1268 1966
726 92 233 1268 1966
563 116 223 1268 1966
497 1271 227 1269 1967
170 1259 225 1269 1967
74 373 221 1269 1967
518 334 233 1269 1967
726 93 228 1269 1967
563 117 223 1270 1968
497 1272 226 1270 1968
518 335 221 1270 1968
726 94 231 1270 1968
563 118 222 1271 1969
57 377 227 1271 1969
611 1263 226 1271 1969
518 336 229 1271 1969
726 95 231 1271 1969
563 119 226 1272 1970
497 1274 225 1272 1970
611 1264 223 1272 1970
518 337 235 1272 1970
726 96 225 1272 1970
170 1263 223 1273 1971
218 17 221 1273 1971
497 1275 228 1273 1971
57 379 233 1273 1971
74 377 229 1273 1971
518 338 227 1273 1971
726 97 222 1273 1971
170 1264 224 1274 1972
497 1276 223 1274 1972
57 380 221 1274 1972
518 339 221 1274 1972
726 98 229 1274 1972
563 122 233 1275 1973
57 381 235 1275 1973
518 340 235 1275 1973
726 99 229 1275 1973
563 123 230 1276 1974
170 1266 221 1276 1974
57 382 221 1276 1974
611 1268 223 1276 1974
518 341 231 1276 1974
726 100 230 1276 1974
294 340 223 1277 1975
563 124 230 1277 1975
170 1267 222 1277 1975
497 1279 224 1277 1975
57 383 223 1277 1975
611 1269 223 1277 1975
518 342 231 1277 1975
726 101 235 1278 1976
563 125 227 1278 1976
611 1270 229 1278 1976
518 343 231 1278 1976
726 102 227 1278 1976
294 342 221 1279 1977
563 126 229 1279 1977
57 385 229 1279 1977
611 1271 230 1279 1977
518 344 222 1279 1977
726 103 231 1279 1977
294 343 221 1280 1978
563 127 233 1280 1978
170 1270 229 1280 1978
57 386 229 1280 1978
611 1272 227 1280 1978
518 345 230 1280 1978
726 104 231 1280 1978
294 344 223 1281 1979
563 128 235 1281 1979
99 114 224 1281 1979
170 1271 225 1281 1979
57 387 225 1281 1979
549 1276 221 1281 1979
611 1273 227 1281 1979
518 346 241 1281 1979
726 105 227 1281 1979
294 345 221 1282 1980
563 129 227 1282 1980
170 1272 223 1282 1980
497 1284 225 1282 1980
57 388 224 1282 1980
611 1274 225 1282 1980
294 346 221 1283 1981
563 130 232 1283 1981
756 607 221 1283 1981
218 27 221 1283 1981
497 1285 225 1283 1981
257 1205 221 1283 1981
57 389 226 1283 1981
611 1275 229 1283 1981
518 348 222 1283 1981
364 1287 223 1283 1981
726 107 221 1283 1981
170 1274 222 1284 1982
497 1286 223 1284 1982
57 390 223 1284 1982
611 1276 227 1284 1982
518 349 237 1284 1982
364 1288 222 1284 1982
726 108 229 1284 1982
294 348 222 1285 1983
563 132 229 1285 1983
218 29 223 1285 1983
99 118 223 1285 1983
170 1275 224 1285 1983
497 1287 223 1285 1983
57 391 223 1285 1983
611 1277 233 1285 1983
518 350 237 1285 1983
726 109 227 1286 1984
294 349 221 1286 1984
218 30 221 1286 1984
99 119 226 1286 1984
497 1288 221 1286 1984
611 1278 233 1286 1984
518 351 239 1286 1984
726 110 221 1287 1985
294 350 224 1287 1985
563 134 231 1287 1985
170 1277 225 1287 1985
218 31 227 1287 1985
518 352 222 1287 1985
726 111 224 1288 1986
563 135 233 1288 1986
518 353 242 1288 1986
569 1287 225 1288 1986
726 112 227 1288 1986
563 136 232 1289 1987
218 33 221 1289 1987
497 1291 222 1289 1987
569 1288 224 1289 1987
518 354 231 1289 1987
726 113 225 1290 1988
563 137 229 1290 1988
497 1292 225 1290 1988
57 396 224 1290 1988
569 1289 224 1290 1988
518 355 239 1290 1988
726 114 227 1291 1989
563 138 225 1291 1989
218 35 223 1291 1989
99 124 224 1291 1989
57 397 223 1291 1989
569 1290 225 1291 1989
611 1283 221 1291 1989
518 356 239 1291 1989
564 358 223 1291 1989
726 115 225 1291 1989
563 139 227 1292 1990
218 36 223 1292 1990
569 1291 225 1292 1990
518 357 239 1292 1990
564 359 227 1292 1990
726 116 224 1292 1990
497 1295 223 1293 1991
57 399 227 1293 1991
569 1292 226 1293 1991
518 358 241 1293 1991
564 360 223 1293 1991
726 117 224 1293 1991
497 1296 225 1294 1992
57 400 222 1294 1992
611 1286 225 1294 1992
518 359 239 1294 1992
569 1293 226 1294 1992
364 1298 222 1294 1992
564 361 230 1294 1992
726 118 229 1294 1992
563 142 231 1295 1993
57 401 227 1295 1993
497 1297 227 1295 1993
518 360 245 1295 1993
611 1287 225 1295 1993
569 1294 226 1295 1993
564 362 226 1295 1993
364 1299 221 1295 1993
563 143 223 1296 1994
57 402 221 1296 1994
497 1298 227 1296 1994
518 361 247 1296 1994
569 1295 225 1296 1994
364 1300 223 1296 1994
726 120 227 1296 1994
99 130 221 1297 1995
518 362 237 1297 1995
611 1289 224 1297 1995
569 1296 221 1297 1995
564 364 227 1297 1995
726 121 221 1297 1995
170 1288 225 1298 1996
99 131 224 1298 1996
518 363 231 1298 1996
564 365 223 1298 1996
726 122 224 1298 1996
170 1289 221 1299 1997
99 132 223 1299 1997
218 1 223 1299 1997
611 1291 224 1299 1997
563 147 226 1299 1997
170 1290 221 1300 1998
99 133 225 1300 1998
74 404 221 1300 1998
518 365 230 1300 1998
611 1292 223 1300 1998
564 367 223 1300 1998
726 124 223 1300 1998
563 148 223 1300 1998
99 134 224 1301 1999
57 407 223 1301 1999
518 366 221 1301 1999
518 367 225 1302 2000
611 1294 221 1302 2000
564 369 225 1302 2000
726 126 221 1302 2000
563 150 227 1302 2000
294 366 223 1302 2000
518 368 221 1303 2001
611 1295 228 1303 2001
563 151 230 1303 2001
57 410 227 1304 2002
257 1226 221 1304 2002
518 369 221 1304 2002
611 1296 227 1304 2002
564 371 223 1304 2002
726 128 224 1304 2002
57 411 226 1305 2003
99 138 223 1305 2003
518 370 229 1305 2003
611 1297 225 1305 2003
57 412 228 1306 2004
99 139 221 1306 2004
518 371 237 1306 2004
564 373 225 1306 2004
364 1310 222 1306 2004
726 130 227 1306 2004
57 413 226 1307 2005
518 372 236 1307 2005
364 1311 223 1307 2005
726 131 223 1307 2005
563 155 223 1307 2005
57 414 225 1308 2006
99 141 221 1308 2006
518 373 236 1308 2006
611 1300 227 1308 2006
564 375 228 1308 2006
364 1312 222 1308 2006
726 132 231 1308 2006
563 156 223 1308 2006
57 415 221 1309 2007
99 142 221 1309 2007
518 374 235 1309 2007
564 376 235 1309 2007
364 1313 223 1309 2007
563 157 223 1309 2007
57 416 222 1310 2008
518 375 236 1310 2008
549 1305 231 1310 2008
564 377 226 1310 2008
364 1314 223 1310 2008
726 134 227 1310 2008
563 158 225 1310 2008
518 376 235 1311 2009
549 1306 229 1311 2009
726 135 230 1311 2009
170 1302 221 1312 2010
57 418 225 1312 2010
518 377 235 1312 2010
549 1307 227 1312 2010
564 379 225 1312 2010
726 136 229 1312 2010
170 1303 221 1313 2011
57 419 231 1313 2011
497 1315 224 1313 2011
549 1308 230 1313 2011
518 378 234 1313 2011
218 15 221 1313 2011
726 137 227 1313 2011
563 161 223 1313 2011
57 420 229 1314 2012
549 1309 221 1314 2012
518 379 237 1314 2012
611 1306 226 1314 2012
564 381 229 1314 2012
726 138 228 1314 2012
563 162 225 1314 2012
57 421 226 1315 2013
518 380 229 1315 2013
564 382 227 1315 2013
170 1306 223 1316 2014
518 381 229 1316 2014
611 1308 227 1316 2014
170 1307 224 1317 2015
153 148 221 1317 2015
518 382 237 1317 2015
549 1312 221 1317 2015
726 141 225 1317 2015
57 424 223 1318 2016
497 1320 221 1318 2016
518 383 223 1318 2016
549 1313 227 1318 2016
564 385 221 1318 2016
563 166 224 1318 2016
57 425 229 1319 2017
518 384 235 1319 2017
74 423 227 1319 2017
564 386 224 1319 2017
57 426 229 1320 2018
74 424 226 1320 2018
549 1315 225 1320 2018
518 385 239 1320 2018
364 1324 221 1320 2018
294 384 223 1320 2018
563 168 221 1321 2019
57 427 221 1321 2019
518 386 239 1321 2019
611 1313 227 1321 2019
563 169 225 1322 2020
518 387 236 1322 2020
611 1314 223 1322 2020
726 146 227 1322 2020
563 170 223 1322 2020
549 1318 223 1323 2021
518 388 233 1323 2021
218 25 221 1323 2021
611 1315 233 1323 2021
564 390 221 1323 2021
726 147 226 1323 2021
563 171 224 1324 2022
170 1314 221 1324 2022
518 389 238 1324 2022
726 148 225 1324 2022
57 431 223 1325 2023
218 27 223 1325 2023
518 390 229 1325 2023
99 158 221 1325 2023
563 173 225 1326 2024
257 1248 221 1326 2024
170 1316 221 1326 2024
218 28 224 1326 2024
611 1318 227 1326 2024
364 1330 221 1326 2024
726 150 224 1326 2024
563 174 222 1327 2025
170 1317 227 1327 2025
57 433 224 1327 2025
518 392 227 1327 2025
74 431 223 1327 2025
364 1331 221 1327 2025
726 151 221 1327 2025
563 175 227 1327 2025
257 1250 235 1328 2026
170 1318 225 1328 2026
57 434 221 1328 2026
497 1330 224 1328 2026
518 393 235 1328 2026
218 30 225 1328 2026
74 432 221 1328 2026
611 1320 221 1328 2026
170 1319 222 1329 2027
57 435 230 1329 2027
497 1331 229 1329 2027
497 1332 221 1330 2028
497 1333 221 1331 2029
74 435 222 1331 2029
708 350 230 1333 2031
144 43 221 1335 2033
