373 1 227 0 707
737 1 225 0 707
365 1 237 1 708
723 1 223 1 708
322 1 223 1 708
153 1 227 1 708
365 2 245 1 708
723 2 222 1 708
737 2 226 1 708
153 2 226 2 709
413 3 227 2 709
373 3 228 2 709
322 3 225 2 709
153 3 231 2 709
413 4 227 3 710
737 4 237 3 710
365 4 241 3 710
373 4 231 3 710
322 4 227 3 710
153 4 225 4 711
413 5 222 4 711
723 5 227 4 711
737 5 241 4 711
365 5 230 4 711
373 5 240 4 711
322 5 223 5 712
153 5 233 5 712
413 6 223 5 712
737 6 239 5 712
373 6 233 5 712
153 6 231 6 713
365 7 226 6 713
737 7 247 6 713
723 7 230 6 713
373 7 230 6 713
322 7 223 7 714
153 7 227 7 714
365 8 225 7 714
737 8 235 7 714
723 8 237 7 714
413 8 225 7 714
373 8 229 8 715
322 8 229 8 715
153 8 228 8 715
184 16 221 8 715
737 9 227 8 715
365 9 239 8 715
413 9 227 8 715
723 9 223 8 715
373 9 221 8 715
153 9 227 9 716
737 10 233 9 716
365 10 233 9 716
413 10 233 9 716
723 10 227 9 716
373 10 222 10 717
153 10 232 10 717
322 10 221 10 717
365 11 235 10 717
413 11 225 10 717
737 11 235 10 717
723 11 225 10 717
153 11 232 11 718
322 11 223 11 718
365 12 235 11 718
737 12 231 11 718
413 12 233 11 718
723 12 231 11 718
373 12 221 12 719
153 12 225 12 719
322 12 231 12 719
723 13 223 12 719
737 13 237 12 719
604 16 221 12 719
365 13 233 12 719
413 13 229 12 719
373 13 226 13 720
153 13 230 13 720
322 13 227 13 720
737 14 239 13 720
723 14 227 13 720
413 14 233 13 720
365 14 230 14 721
373 14 226 14 721
153 14 231 14 721
322 14 225 14 721
737 15 239 14 721
723 15 223 14 721
373 15 225 14 721
413 15 234 15 722
365 15 224 15 722
153 15 235 15 722
322 18 221 18 725
413 19 229 18 725
737 19 235 18 725
373 19 241 18 725
153 19 230 18 725
322 19 222 19 726
365 20 229 19 726
413 20 224 19 726
737 20 223 19 726
373 20 230 19 726
723 20 229 20 727
322 20 223 20 727
321 27 223 20 727
365 21 226 20 727
413 21 225 20 727
737 21 227 20 727
153 21 223 20 727
373 21 239 20 727
184 29 221 21 728
365 22 231 21 728
737 22 223 21 728
153 22 234 21 728
723 22 227 21 728
373 22 238 21 728
365 23 237 22 729
737 23 222 22 729
723 23 226 22 729
373 23 237 22 729
153 23 225 22 729
365 24 235 23 730
737 24 227 23 730
723 24 235 23 730
373 24 239 23 730
604 27 222 23 730
365 25 231 24 731
373 25 227 24 731
153 25 227 24 731
366 13 222 25 732
365 26 237 25 732
723 26 225 25 732
373 26 239 25 732
365 27 235 26 733
723 27 221 26 733
737 27 230 26 733
373 27 225 26 733
322 27 224 27 734
184 35 222 27 734
365 28 233 27 734
737 28 231 27 734
723 28 231 27 734
153 28 226 27 734
365 29 233 28 735
153 29 233 28 735
373 29 241 28 735
737 29 224 28 735
723 29 223 28 735
322 29 225 29 736
365 30 226 29 736
723 30 225 29 736
737 30 224 29 736
373 30 237 29 736
153 30 229 29 736
322 30 230 29 736
413 31 223 30 737
723 31 226 30 737
365 31 222 30 737
737 31 229 30 737
153 31 229 30 737
373 31 231 30 737
321 8 221 31 738
413 32 221 31 738
723 32 232 31 738
737 32 226 31 738
373 32 236 31 738
322 32 223 31 738
723 33 233 32 739
373 33 225 32 739
365 33 223 32 739
737 33 233 32 739
153 33 235 32 739
322 33 225 32 739
413 34 227 33 740
723 34 226 33 740
373 34 231 33 740
153 34 228 33 740
365 34 222 33 740
737 34 234 33 740
413 35 225 34 741
723 35 237 34 741
373 35 223 34 741
153 35 227 34 741
322 35 224 34 741
413 36 225 35 742
723 36 227 35 742
737 36 221 35 742
373 36 223 35 742
153 36 227 35 742
322 36 225 35 742
413 37 230 36 743
723 37 239 36 743
737 37 230 36 743
365 37 226 36 743
373 37 225 36 743
322 37 225 36 743
604 40 222 36 743
413 38 231 37 744
723 38 235 37 744
737 38 233 37 744
153 38 221 37 744
365 38 230 37 744
322 38 225 37 744
723 39 225 38 745
737 39 221 38 745
723 40 221 39 746
737 41 225 40 747
373 41 231 40 747
413 42 224 41 748
723 42 232 41 748
373 42 239 41 748
365 42 235 41 748
153 42 226 41 748
322 42 221 41 748
723 43 233 42 749
373 43 233 42 749
737 43 222 42 749
365 43 221 42 749
153 43 225 42 749
322 43 233 42 749
413 44 231 43 750
373 44 233 43 750
153 44 226 43 750
737 44 233 43 750
365 44 226 43 750
322 44 223 43 750
723 45 227 44 751
153 45 225 44 751
373 45 225 44 751
737 45 225 44 751
322 45 225 44 751
723 46 228 45 752
373 46 235 45 752
365 46 230 45 752
322 46 233 45 752
723 47 235 46 753
153 47 227 46 753
365 47 223 46 753
373 47 235 46 753
322 47 222 46 753
153 48 225 47 754
373 48 243 47 754
737 48 234 47 754
723 49 233 48 755
737 49 240 48 755
365 49 231 48 755
322 49 221 48 755
413 50 224 49 756
723 50 227 49 756
153 50 225 49 756
737 50 230 49 756
365 50 223 49 756
322 50 223 49 756
413 51 226 50 757
723 51 231 50 757
373 51 221 50 757
737 51 233 50 757
322 51 231 50 757
413 52 223 51 758
723 52 227 51 758
373 52 227 51 758
153 52 229 51 758
365 52 232 51 758
322 52 227 51 758
184 60 221 52 759
239 60 225 52 759
723 53 234 52 759
413 53 224 52 759
373 53 223 52 759
153 53 233 52 759
737 53 225 52 759
365 53 221 52 759
604 56 221 52 759
239 61 223 53 760
373 54 228 53 760
153 54 232 53 760
737 54 247 53 760
365 54 229 53 760
322 54 225 53 760
604 57 222 53 760
360 61 221 54 761
413 55 225 54 761
723 55 235 54 761
153 55 227 54 761
737 55 223 54 761
365 55 221 54 761
604 58 221 54 761
413 56 221 55 762
723 56 236 55 762
373 56 229 55 762
153 56 222 55 762
737 56 227 55 762
365 56 223 55 762
723 57 229 56 763
373 57 236 56 763
153 57 223 56 763
737 57 225 56 763
365 57 241 56 763
322 57 221 56 763
239 65 224 57 764
723 58 233 57 764
373 58 243 57 764
365 58 247 57 764
322 58 222 57 764
321 35 223 58 765
184 66 222 58 765
723 59 232 58 765
373 59 247 58 765
737 59 226 58 765
365 59 239 58 765
322 59 221 58 765
239 67 225 59 766
723 60 231 59 766
413 60 221 59 766
153 60 223 59 766
373 60 227 59 766
737 60 237 59 766
365 60 229 59 766
322 60 223 59 766
604 63 221 59 766
239 68 226 60 767
413 61 221 60 767
373 61 239 60 767
737 61 221 60 767
365 61 235 60 767
239 69 227 61 768
723 62 223 61 768
413 62 222 61 768
373 62 240 61 768
737 62 226 61 768
365 62 233 61 768
604 65 221 61 768
723 63 227 62 769
153 63 223 62 769
373 63 236 62 769
737 63 222 62 769
365 63 238 62 769
239 71 223 63 770
723 64 222 63 770
413 64 224 63 770
153 64 229 63 770
373 64 238 63 770
365 64 236 63 770
723 65 223 64 771
373 65 231 64 771
322 65 223 64 771
365 65 235 64 771
413 66 225 65 772
153 66 221 65 772
373 66 227 65 772
365 66 247 65 772
360 73 222 66 773
153 67 221 66 773
365 67 253 66 773
413 68 224 67 774
723 68 225 67 774
153 68 223 67 774
322 68 229 67 774
365 68 233 67 774
153 69 223 68 775
737 69 224 68 775
365 69 234 68 775
322 69 222 68 775
413 70 227 69 776
723 70 221 69 776
373 70 221 69 776
365 70 239 69 776
251 76 223 69 776
723 71 241 70 777
153 71 226 70 777
737 71 227 70 777
440 78 223 71 778
360 78 221 71 778
723 72 238 71 778
737 72 233 71 778
373 72 223 71 778
365 72 221 71 778
440 79 225 72 779
366 20 225 72 779
66 17 235 72 779
723 73 238 72 779
737 73 225 72 779
144 80 224 73 780
155 78 222 73 780
145 81 227 73 780
38 79 222 73 780
453 78 221 73 780
713 83 241 73 780
481 90 221 73 780
467 81 224 74 781
546 7 225 74 781
534 91 223 75 782
185 90 247 75 782
319 90 231 75 782
497 86 239 77 784
683 35 227 77 784
424 97 221 77 784
148 86 222 77 784
769 60 224 77 784
779 55 221 78 785
564 69 231 78 785
372 67 225 78 785
280 89 221 79 786
504 84 229 81 788
345 29 221 82 789
246 83 224 82 789
345 30 223 83 790
22 42 227 83 790
689 105 221 83 790
399 93 233 84 791
6 35 231 84 791
780 106 225 84 791
395 28 222 84 791
427 109 231 84 791
364 97 223 84 791
689 1 233 84 791
399 94 225 85 792
6 36 231 85 792
160 89 232 85 792
780 107 227 85 792
395 29 229 85 792
241 103 226 85 792
103 106 227 85 792
427 110 221 85 792
117 6 225 85 792
689 2 244 85 792
399 95 235 86 793
6 37 227 86 793
780 108 227 86 793
160 90 223 86 793
395 30 224 86 793
241 104 221 86 793
300 83 223 86 793
427 111 237 86 793
117 7 225 86 793
364 99 225 86 793
689 3 236 86 793
399 96 238 87 794
6 38 225 87 794
160 91 227 87 794
395 31 225 87 794
300 84 221 87 794
103 108 223 87 794
117 8 221 87 794
427 112 231 87 794
689 4 239 87 794
399 97 241 88 795
6 39 224 88 795
2 95 225 88 795
780 110 221 88 795
241 106 223 88 795
300 85 225 88 795
364 101 223 88 795
117 9 223 88 795
427 113 221 88 795
689 5 229 88 795
6 40 229 89 796
780 111 221 89 796
160 93 221 89 796
395 33 225 89 796
300 86 227 89 796
364 102 225 89 796
117 10 221 89 796
689 6 231 89 796
399 99 233 90 797
6 41 232 90 797
2 97 225 90 797
780 112 223 90 797
160 94 227 90 797
395 34 225 90 797
300 87 226 90 797
364 103 223 90 797
117 11 223 90 797
689 7 235 90 797
664 92 223 90 797
399 100 232 91 798
6 42 233 91 798
2 98 221 91 798
395 35 224 91 798
300 88 225 91 798
364 104 225 91 798
117 12 223 91 798
427 116 229 91 798
689 8 241 91 798
664 93 226 91 798
399 101 227 92 799
2 99 233 92 799
6 43 226 92 799
241 110 221 92 799
300 89 231 92 799
427 117 222 92 799
689 9 245 92 799
664 94 227 92 799
399 102 233 93 800
6 44 230 93 800
160 97 227 93 800
780 115 221 93 800
395 37 221 93 800
364 106 227 93 800
117 14 222 93 800
427 118 223 93 800
689 10 237 93 800
664 95 221 93 800
399 103 226 94 801
6 45 227 94 801
160 98 225 94 801
780 116 223 94 801
395 38 223 94 801
300 91 221 94 801
364 107 228 94 801
427 119 223 94 801
689 11 242 94 801
399 104 232 95 802
2 102 225 95 802
6 46 231 95 802
364 108 233 95 802
689 12 233 95 802
664 97 233 95 802
399 105 239 96 803
2 103 225 96 803
6 47 225 96 803
780 118 221 96 803
395 40 230 96 803
241 114 223 96 803
364 109 232 96 803
117 17 227 96 803
664 98 231 96 803
689 13 237 96 803
399 106 227 97 804
160 101 227 97 804
395 41 221 97 804
300 94 227 97 804
364 110 231 97 804
427 122 225 97 804
689 14 223 97 804
613 16 221 98 805
399 107 235 98 805
6 49 228 98 805
160 102 221 98 805
780 120 227 98 805
395 42 221 98 805
300 95 223 98 805
364 111 233 98 805
117 19 223 98 805
427 123 223 98 805
689 15 235 98 805
664 100 227 98 805
399 108 235 99 806
6 50 233 99 806
2 106 227 99 806
780 121 225 99 806
300 96 221 99 806
364 112 231 99 806
103 120 221 99 806
427 124 225 99 806
689 16 241 99 806
664 101 223 99 806
6 51 227 100 807
160 104 224 100 807
780 122 229 100 807
300 97 225 100 807
117 21 228 100 807
427 125 223 100 807
689 17 242 100 807
399 110 222 101 808
160 105 221 101 808
689 18 223 101 808
6 53 225 102 809
160 106 226 102 809
2 109 224 102 809
780 124 222 102 809
300 99 225 102 809
103 123 222 102 809
427 127 224 102 809
689 19 223 102 809
664 104 226 103 810
6 54 223 103 810
2 110 221 103 810
364 116 221 103 810
103 124 221 103 810
689 20 237 104 811
664 105 229 104 811
6 55 224 104 811
2 111 221 104 811
427 129 223 104 811
689 21 231 105 812
399 114 221 105 812
6 56 239 105 812
160 109 226 105 812
780 127 227 105 812
300 102 221 105 812
395 49 223 105 812
364 118 229 105 812
427 130 223 105 812
117 26 221 105 812
664 107 227 106 813
689 22 232 106 813
399 115 225 106 813
6 57 234 106 813
160 110 224 106 813
780 128 235 106 813
395 50 224 106 813
300 103 229 106 813
103 127 225 106 813
427 131 221 106 813
117 27 231 106 813
664 108 225 107 814
689 23 231 107 814
6 58 231 107 814
2 114 235 107 814
780 129 222 107 814
395 51 229 107 814
117 28 226 107 814
689 24 229 108 815
399 117 226 108 815
6 59 241 108 815
300 105 227 108 815
241 126 221 108 815
427 133 225 108 815
117 29 221 108 815
664 110 225 109 816
689 25 240 109 816
6 60 235 109 816
160 113 223 109 816
2 116 231 109 816
780 131 221 109 816
300 106 221 109 816
103 130 225 109 816
117 30 225 109 816
664 111 225 110 817
689 26 223 110 817
613 28 224 110 817
399 119 232 110 817
6 61 229 110 817
160 114 227 110 817
2 117 231 110 817
364 123 234 110 817
103 131 225 110 817
427 135 227 110 817
117 31 224 110 817
664 112 223 111 818
689 27 249 111 818
613 29 221 111 818
399 120 225 111 818
2 118 221 111 818
780 133 227 111 818
241 129 225 111 818
364 124 221 111 818
117 32 225 111 818
664 113 221 112 819
689 28 245 112 819
399 121 221 112 819
6 63 241 112 819
2 119 225 112 819
780 134 225 112 819
103 133 223 112 819
117 33 229 112 819
664 114 232 112 819
689 29 239 113 820
613 31 225 113 820
399 122 247 113 820
6 64 223 113 820
780 135 231 113 820
103 134 221 113 820
689 30 239 114 821
613 32 229 114 821
399 123 234 114 821
6 65 225 114 821
689 31 223 115 822
399 124 241 115 822
6 66 227 115 822
2 122 237 115 822
689 32 223 116 823
399 125 237 116 823
160 120 223 116 823
6 67 225 116 823
2 123 237 116 823
780 138 224 116 823
395 60 225 116 823
103 137 224 116 823
664 118 225 117 824
689 33 232 117 824
689 34 227 118 825
399 127 227 118 825
6 69 233 118 825
664 120 234 119 826
689 35 231 119 826
399 128 225 119 826
2 126 222 119 826
6 70 227 119 826
780 141 227 119 826
395 63 223 119 826
103 140 229 119 826
427 144 221 119 826
664 121 223 120 827
117 40 234 120 827
689 36 245 120 827
399 129 227 120 827
2 127 222 120 827
6 71 237 120 827
780 142 228 120 827
427 145 221 120 827
664 122 231 121 828
689 37 228 121 828
160 125 225 121 828
2 128 223 121 828
780 143 221 121 828
103 142 222 121 828
364 134 230 121 828
427 146 228 121 828
117 42 225 122 829
664 123 221 122 829
689 38 248 122 829
160 126 233 122 829
780 144 223 122 829
427 147 223 122 829
664 124 236 123 830
689 39 231 123 830
613 41 221 123 830
2 130 221 123 830
780 145 223 123 830
6 74 231 123 830
364 136 225 123 830
664 125 233 124 831
689 40 246 124 831
6 75 247 124 831
364 137 226 124 831
427 149 225 124 831
664 126 224 124 831
689 41 223 125 832
399 134 221 125 832
780 147 226 125 832
6 76 233 125 832
364 138 221 125 832
664 127 229 125 832
689 42 237 126 833
2 133 235 126 833
6 77 237 126 833
241 144 223 126 833
364 139 226 126 833
689 43 229 127 834
160 131 221 127 834
2 134 221 127 834
780 149 233 127 834
300 124 222 127 834
664 129 241 127 834
117 48 227 128 835
689 44 235 128 835
399 137 235 128 835
780 150 221 128 835
6 79 221 128 835
300 125 221 128 835
103 149 232 128 835
664 130 233 128 835
117 49 221 129 836
689 45 222 129 836
160 133 223 129 836
6 80 248 129 836
395 73 225 129 836
664 131 231 129 836
689 46 237 130 837
117 50 223 130 837
160 134 225 130 837
780 152 231 130 837
6 81 221 130 837
241 148 221 130 837
427 155 222 130 837
664 132 240 130 837
689 47 245 131 838
399 140 224 131 838
241 149 229 131 838
689 48 254 132 839
613 50 221 132 839
160 136 222 132 839
241 150 226 132 839
103 153 229 132 839
689 49 234 133 840
160 137 225 133 840
780 155 227 133 840
6 84 229 133 840
427 158 223 133 840
689 50 227 134 841
399 143 225 134 841
6 85 223 134 841
241 152 223 134 841
103 155 221 134 841
689 51 236 135 842
160 139 233 135 842
399 144 231 135 842
2 142 225 135 842
780 157 227 135 842
6 86 237 135 842
395 79 225 135 842
427 160 229 135 842
689 52 222 136 843
399 145 241 136 843
6 87 224 136 843
395 80 221 136 843
664 138 221 136 843
689 53 226 137 844
399 146 236 137 844
780 159 227 137 844
241 155 221 137 844
364 150 227 137 844
103 158 228 137 844
427 162 224 137 844
689 54 254 138 845
613 56 223 138 845
399 147 237 138 845
160 142 223 138 845
780 160 225 138 845
6 89 241 138 845
103 159 222 138 845
364 151 225 138 845
427 163 223 138 845
689 55 223 139 846
399 148 231 139 846
103 160 222 139 846
427 164 223 139 846
689 56 223 140 847
399 149 221 140 847
780 162 224 140 847
6 91 239 140 847
399 150 225 141 848
6 92 230 141 848
364 154 222 141 848
103 162 227 141 848
427 166 223 141 848
689 58 235 142 849
613 60 231 142 849
399 151 237 142 849
160 146 223 142 849
2 149 231 142 849
780 164 224 142 849
6 93 233 142 849
117 63 221 143 850
689 59 224 143 850
613 61 226 143 850
160 147 225 143 850
2 150 221 143 850
6 94 231 143 850
689 60 236 144 851
399 153 227 144 851
160 148 221 144 851
2 151 223 144 851
6 95 235 144 851
395 88 222 144 851
427 169 227 144 851
689 61 237 145 852
399 154 235 145 852
2 152 225 145 852
6 96 238 145 852
689 62 235 146 853
399 155 228 146 853
2 153 229 146 853
6 97 229 146 853
395 90 221 146 853
364 159 221 146 853
103 167 223 146 853
689 63 238 147 854
399 156 240 147 854
2 154 237 147 854
780 169 225 147 854
6 98 233 147 854
395 91 225 147 854
103 168 227 147 854
364 160 221 147 854
689 64 246 148 855
613 66 221 148 855
117 68 223 148 855
399 157 246 148 855
160 152 221 148 855
2 155 223 148 855
6 99 239 148 855
689 65 233 149 856
399 158 247 149 856
117 69 225 149 856
160 153 225 149 856
2 156 222 149 856
6 100 223 149 856
689 66 237 150 857
399 159 227 150 857
160 154 221 150 857
6 101 223 150 857
364 163 223 150 857
427 175 221 150 857
689 67 248 151 858
613 69 223 151 858
399 160 221 151 858
117 71 222 151 858
6 102 225 151 858
780 173 223 151 858
300 148 221 151 858
395 95 227 151 858
689 68 247 152 859
399 161 231 152 859
6 103 227 152 859
103 173 223 152 859
689 69 243 153 860
399 162 227 153 860
117 73 222 153 860
2 160 223 153 860
395 97 227 153 860
689 70 239 153 860
399 163 235 154 861
117 74 221 154 861
2 161 223 154 861
395 98 225 154 861
103 175 223 154 861
689 71 239 155 862
399 164 226 155 862
780 177 221 155 862
395 99 228 155 862
689 72 226 155 862
613 74 225 156 863
399 165 226 156 863
160 160 221 156 863
2 163 221 156 863
780 178 222 156 863
395 100 225 156 863
689 73 235 156 863
399 166 242 157 864
160 161 226 157 864
2 164 223 157 864
689 74 221 157 864
613 76 227 158 865
399 167 235 158 865
160 162 224 158 865
2 165 233 158 865
395 102 223 158 865
103 179 221 158 865
689 75 240 158 865
399 168 227 159 866
780 181 235 159 866
427 184 225 159 866
613 78 222 159 866
689 76 231 159 866
399 169 227 160 867
160 164 223 160 867
2 167 231 160 867
6 111 225 160 867
780 182 231 160 867
395 104 231 160 867
103 181 231 160 867
689 77 232 160 867
399 170 225 161 868
117 81 225 161 868
2 168 231 161 868
6 112 221 161 868
103 182 226 161 868
364 174 221 161 868
689 78 233 161 868
613 80 223 161 868
160 166 223 162 869
2 169 225 162 869
780 184 226 162 869
6 113 227 162 869
664 164 221 162 869
613 81 225 162 869
689 79 231 162 869
399 172 225 163 870
117 83 221 163 870
2 170 223 163 870
6 114 233 163 870
780 185 232 163 870
395 107 221 163 870
689 80 239 163 870
399 173 241 164 871
160 168 225 164 871
6 115 223 164 871
780 186 226 164 871
689 81 237 164 871
2 172 230 165 872
780 187 223 165 872
399 175 227 166 873
2 173 231 166 873
6 117 225 166 873
664 168 221 166 873
689 83 250 167 874
2 174 232 167 874
780 189 222 167 874
395 111 221 167 874
241 185 223 167 874
399 177 223 168 875
689 84 239 168 875
2 175 232 168 875
780 190 223 168 875
689 85 247 169 876
399 178 225 169 876
689 86 254 170 877
399 179 228 170 877
160 174 223 170 877
6 121 223 170 877
689 87 250 171 878
2 178 225 171 878
780 193 221 171 878
6 122 224 171 878
395 115 221 171 878
103 192 226 171 878
399 181 230 172 879
689 88 237 172 879
2 179 223 172 879
6 123 227 172 879
103 193 229 172 879
364 185 221 172 879
427 197 221 172 879
399 182 221 173 880
689 89 225 173 880
160 177 228 173 880
399 183 223 174 881
689 90 227 174 881
2 181 223 174 881
780 196 222 174 881
395 118 221 174 881
689 91 224 175 882
6 126 224 175 882
117 96 221 176 883
689 93 221 177 884
689 94 222 178 885
2 185 225 178 885
689 96 221 180 887
2 187 223 180 887
689 97 221 181 888
399 190 221 181 888
2 190 224 183 890
689 101 221 185 892
689 103 221 187 894
6 138 221 187 894
689 104 221 188 895
399 199 221 190 897
689 107 225 191 898
2 198 221 191 898
689 108 221 192 899
689 109 221 193 900
2 200 221 193 900
780 216 226 194 901
399 204 227 195 902
780 217 224 195 902
2 202 224 195 902
399 205 225 196 903
689 112 223 196 903
160 200 221 196 903
399 206 222 197 904
689 114 221 198 905
399 208 223 199 906
160 203 221 199 906
2 206 221 199 906
399 209 223 200 907
103 221 223 201 908
399 210 223 201 908
427 226 225 202 909
689 118 227 202 909
399 211 227 202 909
2 209 221 202 909
427 227 224 203 910
689 119 224 203 910
780 225 227 203 910
2 210 225 203 910
689 120 231 204 911
2 211 222 204 911
2 212 221 205 912
780 228 226 206 913
2 213 223 206 913
664 208 222 206 913
427 231 221 207 914
613 125 229 207 914
399 216 223 207 914
117 127 222 207 914
2 214 226 207 914
395 151 221 207 914
241 225 221 207 914
664 209 224 207 914
613 126 228 208 915
399 217 225 208 915
780 230 225 208 915
117 128 223 208 915
6 159 227 208 915
689 125 237 209 916
780 231 223 209 916
160 213 221 209 916
117 129 223 209 916
241 227 221 209 916
103 230 222 209 916
689 126 224 210 917
399 219 222 210 917
160 214 227 210 917
117 130 225 210 917
2 217 221 210 917
395 154 221 210 917
241 228 225 210 917
664 212 221 210 917
103 231 225 210 917
689 127 223 211 918
780 233 221 211 918
241 229 223 211 918
117 132 225 212 919
395 156 222 212 919
103 233 225 212 919
624 240 221 213 920
689 129 227 213 920
399 222 225 213 920
649 217 225 213 920
780 235 221 213 920
160 217 222 213 920
117 133 223 213 920
2 220 225 213 920
6 164 223 213 920
241 231 222 213 920
103 234 226 213 920
689 130 227 214 921
649 218 226 214 921
399 223 225 214 921
780 236 225 214 921
117 134 225 214 921
2 221 223 214 921
6 165 223 214 921
689 131 229 215 922
399 224 221 215 922
780 237 221 215 922
160 219 225 215 922
2 222 228 215 922
6 166 222 215 922
689 132 224 216 923
6 167 225 216 923
103 237 226 216 923
364 229 223 216 923
427 241 223 217 924
689 133 223 217 924
399 226 233 217 924
160 221 241 217 924
6 168 223 217 924
395 161 221 217 924
241 235 222 217 924
364 230 225 217 924
689 134 223 218 925
117 138 228 218 925
160 222 225 218 925
6 169 221 218 925
395 162 225 218 925
241 236 233 218 925
364 231 229 218 925
427 243 233 219 926
689 135 235 219 926
780 241 223 219 926
117 139 223 219 926
427 244 221 220 927
689 136 224 220 927
780 242 227 220 927
117 140 239 220 927
6 171 229 220 927
664 222 225 220 927
364 233 226 220 927
689 137 227 221 928
117 141 229 221 928
6 172 231 221 928
364 234 223 222 929
689 138 241 222 929
2 229 235 222 929
689 139 249 223 930
2 230 241 223 930
395 167 226 223 930
103 244 221 223 930
689 140 235 224 931
399 233 231 224 931
117 144 222 224 931
2 231 225 224 931
300 221 221 224 931
6 175 221 224 931
241 242 233 224 931
103 245 227 224 931
364 237 225 225 932
427 249 222 225 932
689 141 245 225 932
399 234 225 225 932
780 247 233 225 932
160 229 231 225 932
2 232 225 225 932
6 176 227 225 932
664 227 221 225 932
241 243 227 225 932
103 246 225 225 932
364 238 223 226 933
780 248 233 226 933
117 146 221 226 933
300 223 221 226 933
6 177 221 226 933
103 247 221 226 933
689 143 239 227 934
399 236 223 227 934
780 249 230 227 934
664 229 223 227 934
241 245 223 227 934
103 248 223 227 934
364 240 222 227 934
427 252 225 228 935
689 144 240 228 935
780 250 225 228 935
160 232 221 228 935
241 246 223 228 935
364 241 222 229 936
689 145 227 229 936
399 238 225 229 936
160 233 223 229 936
2 236 233 229 936
6 180 221 229 936
689 146 240 230 937
399 239 223 230 937
427 255 223 231 938
399 240 222 231 938
780 253 221 231 938
160 235 221 231 938
103 252 221 231 938
689 148 233 232 939
780 254 225 232 939
2 240 225 233 940
427 258 223 234 941
689 150 229 234 941
399 243 221 234 941
160 238 221 234 941
689 151 233 235 942
780 257 229 235 942
2 242 231 235 942
689 152 245 236 943
780 258 228 236 943
241 254 223 236 943
427 261 223 237 944
689 153 231 237 944
399 246 221 237 944
780 259 223 237 944
689 154 237 238 945
103 259 221 238 945
689 155 221 239 946
6 190 223 239 946
241 257 221 239 946
103 260 221 239 946
427 264 222 240 947
780 262 221 240 947
103 261 221 240 947
689 157 224 241 948
780 263 221 241 948
117 161 223 241 948
2 248 221 241 948
300 238 221 241 948
6 192 221 241 948
689 158 229 242 949
780 264 225 242 949
117 162 221 242 949
2 249 226 242 949
6 193 222 242 949
689 159 225 243 950
780 265 225 243 950
117 163 223 243 950
2 250 226 243 950
395 187 221 243 950
364 256 223 243 950
427 268 222 243 950
689 160 226 244 951
780 266 225 244 951
117 164 225 244 951
2 251 227 244 951
300 241 221 244 951
689 161 225 245 952
117 165 225 245 952
2 252 229 245 952
241 263 221 245 952
689 162 233 246 953
399 255 222 246 953
2 253 227 246 953
241 264 224 246 953
364 259 222 246 953
689 163 235 247 954
399 256 221 247 954
117 167 222 247 954
2 254 223 247 954
241 265 223 247 954
395 191 221 247 954
689 164 247 248 955
399 257 225 248 955
117 168 222 248 955
689 165 239 249 956
689 166 230 250 957
103 271 221 250 957
689 167 240 251 958
780 273 222 251 958
689 168 224 252 959
689 169 229 253 960
780 275 223 253 960
427 278 223 253 960
689 170 226 254 961
689 171 231 255 962
300 252 224 255 962
427 280 221 255 962
689 172 221 256 963
689 173 221 257 964
780 279 221 257 964
427 282 223 257 964
103 279 221 258 965
689 175 227 259 966
160 263 221 259 966
689 176 221 260 967
395 204 221 260 967
689 177 233 261 968
2 268 226 261 968
427 286 224 261 968
689 178 245 262 969
399 271 225 262 969
2 269 224 262 969
395 206 223 262 969
689 179 224 263 970
427 288 221 263 970
689 180 240 264 971
399 273 221 264 971
689 181 224 265 972
2 272 221 265 972
6 216 223 265 972
427 290 225 265 972
689 182 227 266 973
780 288 224 266 973
427 291 229 266 973
689 183 238 267 974
2 274 223 267 974
103 288 221 267 974
689 184 231 268 975
399 277 227 268 975
117 188 221 268 975
395 212 221 268 975
689 185 232 269 976
399 278 226 269 976
117 189 222 269 976
160 273 221 269 976
300 266 221 269 976
395 213 222 269 976
689 186 231 270 977
399 279 224 270 977
2 277 225 270 977
689 187 237 271 978
399 280 226 271 978
427 296 225 271 978
364 284 223 271 978
689 188 239 272 979
780 294 221 272 979
2 279 225 272 979
427 297 223 272 979
689 189 223 273 980
2 280 222 273 980
689 190 225 274 981
399 283 233 274 981
689 191 225 275 982
399 284 237 275 982
689 192 232 276 983
399 285 227 276 983
117 196 221 276 983
689 193 227 277 984
399 286 224 277 984
117 198 221 278 985
6 229 223 278 985
395 222 223 278 985
689 195 223 278 985
2 286 223 279 986
300 276 226 279 986
395 223 227 279 986
103 300 225 279 986
364 292 221 279 986
689 196 225 279 986
399 289 229 280 987
2 287 222 280 987
6 231 223 280 987
241 298 223 280 987
103 301 223 280 987
689 197 225 280 987
780 303 221 281 988
2 288 227 281 988
241 299 221 281 988
103 302 224 281 988
689 198 225 281 988
2 289 225 282 989
395 226 225 282 989
103 303 223 282 989
689 199 227 282 989
780 305 222 283 990
689 200 237 283 990
780 306 227 284 991
689 201 234 285 992
241 303 222 285 992
427 310 221 285 992
689 202 229 285 992
117 206 223 286 993
300 283 221 286 993
241 304 222 286 993
395 230 221 286 993
689 203 223 286 993
399 296 221 287 994
117 207 223 287 994
300 284 221 287 994
241 305 221 287 994
395 231 221 287 994
399 297 221 288 995
780 310 225 288 995
160 292 221 288 995
117 208 223 288 995
241 306 225 288 995
427 313 221 288 995
689 205 227 289 996
399 298 221 289 996
780 311 224 289 996
160 293 221 289 996
117 209 224 289 996
241 307 221 289 996
395 233 221 289 996
689 206 224 290 997
399 299 223 290 997
160 294 221 290 997
117 210 225 290 997
2 297 221 290 997
300 287 221 290 997
6 241 221 290 997
241 308 221 290 997
427 315 221 290 997
689 207 229 290 997
780 313 223 291 998
300 288 225 291 998
6 242 221 291 998
395 235 221 291 998
780 314 223 292 999
2 299 223 292 999
300 289 221 292 999
689 209 231 292 999
399 302 228 292 999
780 315 223 293 1000
300 290 225 293 1000
427 318 221 293 1000
399 303 225 293 1000
689 210 234 293 1000
780 316 226 294 1001
300 291 227 294 1001
427 319 221 294 1001
399 304 223 294 1001
689 211 229 294 1001
300 292 231 295 1002
399 305 225 295 1002
689 212 238 295 1002
780 318 225 296 1003
300 293 227 296 1003
399 306 238 296 1003
689 213 235 297 1004
780 319 229 297 1004
300 294 224 297 1004
399 307 229 297 1004
689 214 233 297 1004
780 320 227 298 1005
117 218 221 298 1005
689 215 236 298 1005
780 321 223 299 1006
399 309 223 299 1006
780 322 225 300 1007
6 251 221 300 1007
427 325 223 300 1007
399 310 224 300 1007
780 323 225 301 1008
427 326 225 301 1008
399 311 221 301 1008
689 218 237 301 1008
780 324 225 302 1009
300 299 221 302 1009
689 219 225 302 1009
780 325 225 303 1010
300 300 221 303 1010
689 220 235 303 1010
780 326 221 304 1011
300 301 221 304 1011
6 255 222 304 1011
103 325 225 304 1011
427 329 221 304 1011
689 221 235 305 1012
6 256 221 305 1012
689 222 241 306 1013
780 328 231 306 1013
300 303 221 306 1013
6 257 223 306 1013
780 329 225 307 1014
117 227 223 307 1014
2 314 227 307 1014
241 325 221 307 1014
103 328 247 307 1014
364 320 222 307 1014
399 317 224 307 1014
689 224 247 308 1015
780 330 225 308 1015
241 326 229 308 1015
399 318 223 308 1015
689 225 231 309 1016
368 260 235 310 1017
509 278 221 311 1018
470 239 231 311 1018
415 315 223 311 1018
284 328 223 313 1020
531 303 225 313 1020
707 271 227 313 1020
74 332 221 313 1020
717 326 237 314 1021
33 292 223 315 1022
33 293 223 316 1023
607 296 229 317 1024
692 267 230 318 1025
607 297 229 318 1025
319 333 231 318 1025
692 268 239 319 1026
607 298 230 319 1026
319 334 229 319 1026
692 269 227 320 1027
607 299 230 320 1027
33 297 222 320 1027
319 335 232 320 1027
692 270 227 321 1028
607 300 228 321 1028
319 336 228 321 1028
692 271 231 322 1029
607 301 223 322 1029
319 337 228 322 1029
692 272 235 323 1030
607 302 230 323 1030
319 338 230 323 1030
504 327 228 324 1031
692 273 243 324 1031
668 339 245 324 1031
529 212 225 324 1031
607 303 227 324 1031
319 339 226 324 1031
504 328 228 325 1032
342 339 225 325 1032
692 274 239 325 1032
668 340 231 325 1032
529 213 223 325 1032
319 340 227 325 1032
692 275 225 326 1033
668 341 221 326 1033
607 305 230 326 1033
319 341 226 326 1033
33 303 221 326 1033
202 341 221 327 1034
747 138 221 327 1034
692 276 229 327 1034
668 342 224 327 1034
342 342 226 328 1035
692 277 221 328 1035
413 329 223 328 1035
574 332 230 328 1035
523 330 241 328 1035
529 216 226 328 1035
607 307 224 328 1035
75 11 224 328 1035
319 343 227 328 1035
33 305 223 328 1035
202 343 245 328 1035
747 140 227 328 1035
692 278 227 329 1036
413 330 235 329 1036
523 331 235 329 1036
668 344 223 329 1036
607 308 228 329 1036
319 344 235 329 1036
75 12 221 329 1036
202 344 221 329 1036
747 141 225 329 1036
342 344 227 330 1037
413 331 225 330 1037
692 279 235 330 1037
574 334 228 330 1037
523 332 239 330 1037
668 345 227 330 1037
319 345 225 330 1037
607 309 225 330 1037
33 307 231 330 1037
115 113 225 330 1037
200 214 223 330 1037
202 345 224 330 1037
504 334 221 330 1037
692 280 235 331 1038
574 335 221 331 1038
523 333 231 331 1038
668 346 227 331 1038
529 219 222 331 1038
319 346 226 331 1038
33 308 221 331 1038
692 281 221 332 1039
574 336 221 332 1039
668 347 227 332 1039
523 334 227 332 1039
529 220 221 332 1039
319 347 227 332 1039
607 311 225 332 1039
33 309 226 332 1039
202 347 226 332 1039
692 282 238 333 1040
668 348 235 333 1040
529 221 226 333 1040
607 312 228 333 1040
33 310 221 333 1040
504 337 233 333 1040
747 145 227 333 1040
342 348 222 334 1041
692 283 228 334 1041
574 338 221 334 1041
668 349 231 334 1041
529 222 231 334 1041
607 313 223 334 1041
33 311 222 334 1041
504 338 225 334 1041
747 146 223 334 1041
692 284 233 335 1042
574 339 223 335 1042
668 350 232 335 1042
523 337 228 335 1042
319 350 225 335 1042
33 312 225 335 1042
202 350 223 335 1042
504 339 226 335 1042
692 285 233 336 1043
668 351 225 336 1043
523 338 229 336 1043
33 313 223 336 1043
200 220 226 336 1043
202 351 223 336 1043
504 340 223 336 1043
747 148 227 336 1043
692 286 225 337 1044
523 339 229 337 1044
319 352 221 337 1044
607 316 223 337 1044
33 314 225 337 1044
202 352 225 337 1044
747 149 230 337 1044
574 342 224 338 1045
668 353 229 338 1045
523 340 225 338 1045
529 226 221 338 1045
607 317 223 338 1045
33 315 223 338 1045
202 353 222 338 1045
504 342 223 338 1045
747 150 225 338 1045
668 354 233 339 1046
523 341 233 339 1046
529 227 227 339 1046
319 354 232 339 1046
607 318 223 339 1046
33 316 228 339 1046
413 341 223 340 1047
574 344 226 340 1047
692 289 221 340 1047
668 355 231 340 1047
529 228 224 340 1047
607 319 226 340 1047
33 317 221 340 1047
202 355 231 340 1047
668 356 229 341 1048
692 290 230 341 1048
529 229 221 341 1048
523 343 233 341 1048
607 320 226 341 1048
33 318 227 341 1048
200 225 222 341 1048
202 356 229 341 1048
747 153 225 341 1048
668 357 229 342 1049
692 291 229 342 1049
523 344 229 342 1049
319 357 221 342 1049
607 321 233 342 1049
574 347 221 343 1050
668 358 236 343 1050
692 292 225 343 1050
523 345 227 343 1050
319 358 224 343 1050
607 322 227 343 1050
33 320 233 343 1050
504 347 224 343 1050
747 155 225 343 1050
668 359 237 344 1051
692 293 235 344 1051
523 346 229 344 1051
319 359 227 344 1051
607 323 224 344 1051
33 321 231 344 1051
202 359 223 344 1051
747 156 223 344 1051
574 349 223 344 1051
668 360 233 345 1052
692 294 233 345 1052
523 347 227 345 1052
319 360 221 345 1052
607 324 224 345 1052
747 157 223 345 1052
574 350 223 345 1052
668 361 229 346 1053
692 295 229 346 1053
523 348 229 346 1053
319 361 223 346 1053
747 158 222 346 1053
574 351 221 346 1053
668 362 232 347 1054
692 296 227 347 1054
523 349 226 347 1054
607 326 222 347 1054
319 362 221 347 1054
574 352 221 347 1054
668 363 231 348 1055
692 297 223 348 1055
523 350 227 348 1055
607 327 223 348 1055
319 363 221 348 1055
692 298 225 349 1056
668 364 232 349 1056
523 351 223 349 1056
607 328 224 349 1056
319 364 221 349 1056
747 161 222 349 1056
504 353 224 349 1056
668 365 237 350 1057
523 352 223 350 1057
607 329 231 350 1057
319 365 223 350 1057
504 354 225 350 1057
692 300 223 351 1058
668 366 231 351 1058
607 330 229 351 1058
319 366 224 351 1058
574 356 221 351 1058
692 301 225 352 1059
668 367 227 352 1059
523 354 221 352 1059
33 329 221 352 1059
607 331 224 352 1059
75 35 221 352 1059
202 367 225 352 1059
668 368 227 353 1060
692 302 228 353 1060
523 355 226 353 1060
607 332 231 353 1060
319 368 224 353 1060
202 368 227 353 1060
747 165 221 353 1060
574 358 221 353 1060
668 369 231 354 1061
692 303 227 354 1061
523 356 225 354 1061
202 369 227 354 1061
747 166 221 354 1061
668 370 226 355 1062
692 304 221 355 1062
523 357 224 355 1062
319 370 227 355 1062
202 370 226 355 1062
747 167 223 355 1062
668 371 227 355 1062
692 305 221 356 1063
668 372 227 356 1063
319 372 223 357 1064
202 372 223 357 1064
747 169 221 357 1064
668 373 226 357 1064
692 307 224 358 1065
523 360 227 358 1065
607 337 221 358 1065
319 373 227 358 1065
202 373 221 358 1065
668 374 225 358 1065
692 308 226 359 1066
529 247 221 359 1066
523 361 238 359 1066
33 336 221 359 1066
319 374 235 359 1066
504 363 221 359 1066
668 375 233 359 1066
523 362 231 360 1067
607 339 226 360 1067
75 43 221 360 1067
319 375 235 360 1067
747 172 225 360 1067
504 364 223 360 1067
668 376 231 360 1067
692 310 223 361 1068
523 363 235 361 1068
33 338 223 361 1068
607 340 222 361 1068
319 376 222 361 1068
747 173 223 361 1068
668 377 233 361 1068
692 311 221 362 1069
523 364 231 362 1069
607 341 225 362 1069
33 339 227 362 1069
319 377 229 362 1069
200 246 221 362 1069
504 366 221 362 1069
747 174 221 362 1069
574 367 221 362 1069
668 378 233 362 1069
523 365 231 363 1070
607 342 223 363 1070
33 340 221 363 1070
319 378 235 363 1070
504 367 223 363 1070
747 175 225 363 1070
668 379 231 363 1070
523 366 231 364 1071
319 379 233 364 1071
607 343 226 364 1071
33 341 223 364 1071
202 379 222 364 1071
747 176 226 364 1071
504 368 224 364 1071
574 369 221 364 1071
668 380 231 364 1071
692 314 225 365 1072
523 367 239 365 1072
319 380 231 365 1072
33 342 225 365 1072
607 344 225 365 1072
574 370 221 365 1072
692 315 222 366 1073
413 367 221 366 1073
523 368 230 366 1073
319 381 233 366 1073
607 345 223 366 1073
202 381 223 366 1073
574 371 221 366 1073
668 382 225 366 1073
692 316 221 367 1074
523 369 235 367 1074
319 382 225 367 1074
33 344 225 367 1074
607 346 222 367 1074
504 371 223 367 1074
574 372 224 367 1074
668 383 235 367 1074
692 317 228 367 1074
523 370 233 368 1075
319 383 223 368 1075
607 347 233 368 1075
202 383 223 368 1075
574 373 222 368 1075
668 384 235 368 1075
523 371 231 369 1076
319 384 231 369 1076
607 348 231 369 1076
75 52 227 369 1076
202 384 225 369 1076
747 181 223 369 1076
504 373 223 369 1076
574 374 223 369 1076
342 384 221 369 1076
692 319 230 369 1076
523 372 223 370 1077
319 385 225 370 1077
342 385 221 370 1077
668 386 225 370 1077
692 320 229 370 1077
523 373 227 371 1078
319 386 225 371 1078
342 386 221 371 1078
692 321 227 371 1078
607 351 223 372 1079
692 322 227 372 1079
319 388 223 373 1080
523 375 227 373 1080
33 350 227 373 1080
607 352 223 373 1080
504 377 226 373 1080
342 388 241 373 1080
692 323 230 373 1080
529 262 223 374 1081
319 389 230 374 1081
33 351 225 374 1081
75 57 223 374 1081
607 353 222 374 1081
202 389 221 374 1081
668 390 229 374 1081
692 324 230 374 1081
523 377 223 375 1082
319 390 235 375 1082
200 259 221 375 1082
33 352 224 375 1082
607 354 221 375 1082
342 390 222 375 1082
692 325 231 375 1082
413 377 221 375 1082
529 264 225 376 1083
523 378 225 376 1083
319 391 242 376 1083
200 260 225 376 1083
607 355 231 376 1083
202 391 221 376 1083
342 391 223 376 1083
668 392 235 376 1083
523 379 235 377 1084
319 392 223 377 1084
668 393 235 377 1084
692 327 233 377 1084
523 380 221 378 1085
529 266 221 378 1085
607 357 225 378 1085
202 393 221 378 1085
574 383 233 378 1085
668 394 233 378 1085
692 328 233 378 1085
529 267 223 379 1086
319 394 222 379 1086
202 394 227 379 1086
504 383 223 379 1086
668 395 233 379 1086
692 329 233 379 1086
523 382 237 380 1087
319 395 221 380 1087
607 359 225 380 1087
202 395 221 380 1087
574 385 231 380 1087
692 330 231 380 1087
523 383 230 381 1088
529 269 225 381 1088
319 396 227 381 1088
607 360 228 381 1088
214 274 221 381 1088
342 396 221 381 1088
504 385 225 381 1088
668 397 224 381 1088
692 331 237 381 1088
523 384 229 382 1089
319 397 233 382 1089
607 361 232 382 1089
574 387 223 382 1089
504 386 225 382 1089
342 397 226 382 1089
692 332 233 382 1089
523 385 232 383 1090
319 398 228 383 1090
607 362 230 383 1090
574 388 224 383 1090
504 387 226 383 1090
692 333 240 383 1090
529 272 223 384 1091
523 386 231 384 1091
319 399 221 384 1091
607 363 231 384 1091
574 389 224 384 1091
342 399 221 384 1091
692 334 239 384 1091
413 386 223 385 1092
529 273 223 385 1092
523 387 233 385 1092
607 364 233 385 1092
574 390 227 385 1092
692 335 238 385 1092
523 388 233 386 1093
529 274 221 386 1093
200 270 221 386 1093
607 365 230 386 1093
574 391 227 386 1093
692 336 235 386 1093
413 388 221 386 1093
523 389 232 387 1094
607 366 233 387 1094
202 402 223 387 1094
574 392 231 387 1094
342 402 221 387 1094
692 337 223 387 1094
413 389 223 387 1094
523 390 227 388 1095
607 367 230 388 1095
574 393 231 388 1095
342 403 221 388 1095
692 338 225 388 1095
413 390 222 388 1095
529 277 222 389 1096
523 391 231 389 1096
75 72 221 389 1096
607 368 225 389 1096
574 394 228 389 1096
692 339 225 389 1096
523 392 233 390 1097
75 73 221 390 1097
33 367 221 390 1097
574 395 224 390 1097
692 340 223 390 1097
413 392 221 390 1097
523 393 229 391 1098
75 74 221 391 1098
33 368 223 391 1098
607 370 225 391 1098
202 406 223 391 1098
574 396 229 391 1098
692 341 233 391 1098
413 393 221 391 1098
523 394 231 392 1099
607 371 232 392 1099
692 342 233 392 1099
413 394 222 392 1099
523 395 233 393 1100
200 277 227 393 1100
607 372 223 393 1100
202 408 223 393 1100
574 398 229 393 1100
692 343 235 393 1100
413 395 223 393 1100
523 396 230 394 1101
202 409 229 394 1101
504 398 222 394 1101
342 409 221 394 1101
692 344 229 394 1101
413 396 223 394 1101
523 397 226 395 1102
200 279 226 395 1102
607 374 221 395 1102
202 410 230 395 1102
504 399 226 395 1102
574 400 230 395 1102
692 345 231 395 1102
413 397 221 395 1102
523 398 229 396 1103
607 375 226 396 1103
202 411 227 396 1103
504 400 227 396 1103
574 401 233 396 1103
319 412 223 397 1104
523 399 233 397 1104
607 376 221 397 1104
202 412 224 397 1104
574 402 227 397 1104
692 347 236 397 1104
523 400 234 398 1105
200 282 223 398 1105
202 413 227 398 1105
574 403 224 398 1105
319 414 224 398 1105
523 401 233 399 1106
607 378 225 399 1106
202 414 226 399 1106
692 349 229 399 1106
75 83 221 399 1106
523 402 233 400 1107
607 379 223 400 1107
202 415 229 400 1107
504 404 221 400 1107
692 350 227 400 1107
319 416 231 400 1107
33 378 222 401 1108
523 403 228 401 1108
607 380 229 401 1108
202 416 223 401 1108
504 405 226 401 1108
413 403 223 401 1108
692 351 227 401 1108
319 417 227 401 1108
523 404 225 402 1109
607 381 221 402 1109
202 417 231 402 1109
504 406 224 402 1109
574 407 221 402 1109
668 418 222 402 1109
413 404 223 402 1109
692 352 233 402 1109
319 418 231 402 1109
529 291 221 402 1109
33 380 222 403 1110
607 382 229 403 1110
202 418 230 403 1110
504 407 224 403 1110
574 408 226 403 1110
692 353 221 403 1110
319 419 228 403 1110
33 381 221 404 1111
523 406 232 404 1111
747 216 221 404 1111
504 408 221 404 1111
574 409 232 404 1111
342 419 223 404 1111
692 354 234 404 1111
529 293 221 404 1111
33 382 225 405 1112
523 407 221 405 1112
607 384 224 405 1112
202 420 221 405 1112
692 355 229 405 1112
413 407 221 405 1112
33 383 225 406 1113
523 408 237 406 1113
202 421 221 406 1113
574 411 227 406 1113
504 410 223 406 1113
692 356 225 406 1113
319 422 227 406 1113
413 408 221 406 1113
523 409 233 407 1114
202 422 221 407 1114
504 411 222 407 1114
319 423 222 407 1114
413 409 224 407 1114
523 410 225 408 1115
202 423 227 408 1115
574 413 223 408 1115
504 412 223 408 1115
342 423 221 408 1115
413 410 221 408 1115
523 411 223 409 1116
33 386 234 409 1116
202 424 223 409 1116
574 414 223 409 1116
319 425 221 409 1116
692 359 222 409 1116
413 411 221 409 1116
523 412 227 410 1117
33 387 228 410 1117
607 389 225 410 1117
202 425 225 410 1117
574 415 221 410 1117
319 426 222 410 1117
413 412 223 410 1117
523 413 233 411 1118
33 388 227 411 1118
607 390 235 411 1118
692 361 221 411 1118
319 427 225 411 1118
200 296 221 411 1118
33 389 225 412 1119
523 414 231 412 1119
607 391 225 412 1119
692 362 229 412 1119
523 415 233 413 1120
33 390 229 413 1120
607 392 232 413 1120
202 428 223 413 1120
574 418 230 413 1120
692 363 222 413 1120
523 416 233 414 1121
607 393 225 414 1121
574 419 223 414 1121
523 417 235 415 1122
202 430 221 415 1122
574 420 221 415 1122
319 431 225 415 1122
692 365 221 415 1122
413 417 224 415 1122
523 418 232 416 1123
33 393 221 416 1123
202 431 229 416 1123
692 366 223 416 1123
319 432 227 416 1123
529 305 226 416 1123
71 7 221 416 1123
607 396 221 417 1124
33 394 225 417 1124
202 432 223 417 1124
504 421 225 417 1124
529 306 225 417 1124
33 395 223 418 1125
523 420 223 418 1125
202 433 223 418 1125
342 433 221 418 1125
504 422 223 418 1125
668 434 224 418 1125
529 307 222 418 1125
33 396 225 419 1126
202 434 227 419 1126
747 231 223 419 1126
574 424 225 419 1126
692 369 221 419 1126
319 435 225 419 1126
607 399 225 420 1127
33 397 223 420 1127
202 435 231 420 1127
747 232 222 420 1127
692 371 221 421 1128
319 437 222 421 1128
529 310 223 421 1128
319 438 221 422 1129
75 106 221 422 1129
529 311 222 422 1129
607 402 221 422 1129
202 438 221 422 1129
319 439 221 423 1130
529 312 223 423 1130
607 403 226 423 1130
202 439 223 423 1130
319 440 223 424 1131
75 108 222 424 1131
607 404 223 424 1131
529 313 221 424 1131
202 440 224 424 1131
319 441 223 425 1132
607 405 221 425 1132
529 314 221 425 1132
319 442 223 426 1133
607 406 223 426 1133
529 315 221 426 1133
523 429 225 426 1133
202 442 225 426 1133
607 407 223 427 1134
529 316 221 427 1134
202 443 223 427 1134
529 317 221 428 1135
523 431 222 428 1135
202 444 223 428 1135
504 433 221 429 1136
523 432 221 429 1136
504 434 221 430 1137
529 319 221 430 1137
202 446 223 430 1137
747 243 223 431 1138
692 381 225 431 1138
413 433 222 431 1138
607 411 236 431 1138
33 409 225 431 1138
523 434 227 431 1138
202 447 235 431 1138
342 447 223 432 1139
504 436 235 432 1139
692 382 222 432 1139
319 448 232 432 1139
71 23 221 432 1139
607 412 235 432 1139
33 410 224 432 1139
523 435 225 432 1139
202 448 227 432 1139
692 383 225 433 1140
504 437 237 433 1140
319 449 227 433 1140
607 413 226 433 1140
33 411 223 433 1140
202 449 235 433 1140
747 246 221 434 1141
692 384 223 434 1141
319 450 223 434 1141
504 438 228 434 1141
607 414 230 434 1141
529 323 223 434 1141
33 412 225 434 1141
202 450 239 434 1141
574 440 221 435 1142
319 451 229 435 1142
504 439 233 435 1142
33 413 224 435 1142
529 324 223 435 1142
523 438 223 435 1142
319 452 221 436 1143
504 440 232 436 1143
529 325 223 436 1143
607 416 231 436 1143
33 414 227 436 1143
202 452 246 436 1143
574 442 227 437 1144
668 453 223 437 1144
342 452 221 437 1144
319 453 223 437 1144
504 441 231 437 1144
607 417 225 437 1144
33 415 223 437 1144
202 453 235 437 1144
574 443 223 438 1145
668 454 229 438 1145
319 454 221 438 1145
692 388 223 438 1145
504 442 235 438 1145
607 418 227 438 1145
33 416 228 438 1145
523 441 227 438 1145
668 455 221 439 1146
319 455 229 439 1146
692 389 221 439 1146
504 443 231 439 1146
33 417 227 439 1146
523 442 225 439 1146
202 455 237 439 1146
574 445 223 440 1147
319 456 227 440 1147
342 455 225 440 1147
504 444 233 440 1147
33 418 225 440 1147
607 420 231 440 1147
523 443 225 440 1147
202 456 237 440 1147
668 457 223 441 1148
319 457 223 441 1148
692 391 222 441 1148
504 445 233 441 1148
33 419 221 441 1148
607 421 225 441 1148
202 457 237 441 1148
319 458 231 442 1149
668 458 224 442 1149
504 446 230 442 1149
71 33 222 442 1149
33 420 223 442 1149
529 331 221 442 1149
607 422 233 442 1149
523 445 223 442 1149
202 458 237 442 1149
574 448 221 443 1150
668 459 233 443 1150
319 459 226 443 1150
504 447 228 443 1150
33 421 223 443 1150
523 446 223 443 1150
607 423 235 443 1150
202 459 235 443 1150
668 460 230 444 1151
319 460 227 444 1151
504 448 231 444 1151
33 422 223 444 1151
529 333 227 444 1151
523 447 229 444 1151
607 424 233 444 1151
202 460 232 444 1151
319 461 226 445 1152
668 461 228 445 1152
504 449 230 445 1152
33 423 222 445 1152
529 334 228 445 1152
523 448 231 445 1152
607 425 233 445 1152
202 461 227 445 1152
574 451 222 446 1153
692 396 224 446 1153
668 462 224 446 1153
319 462 228 446 1153
504 450 227 446 1153
33 424 225 446 1153
523 449 233 446 1153
607 426 230 446 1153
202 462 233 446 1153
319 463 226 447 1154
529 336 225 447 1154
33 425 221 447 1154
523 450 226 447 1154
607 427 230 447 1154
202 463 223 447 1154
692 398 223 448 1155
504 452 228 448 1155
319 464 229 448 1155
529 337 226 448 1155
523 451 233 448 1155
607 428 233 448 1155
202 464 225 448 1155
504 453 226 449 1156
319 465 225 449 1156
33 427 221 449 1156
523 452 233 449 1156
607 429 229 449 1156
202 465 225 449 1156
668 466 224 450 1157
504 454 231 450 1157
319 466 222 450 1157
33 428 225 450 1157
607 430 232 450 1157
523 453 230 450 1157
202 466 225 450 1157
668 467 225 451 1158
504 455 221 451 1158
319 467 221 451 1158
529 340 225 451 1158
33 429 225 451 1158
523 454 233 451 1158
202 467 229 451 1158
692 402 222 452 1159
574 457 223 452 1159
668 468 223 452 1159
504 456 222 452 1159
319 468 222 452 1159
529 341 224 452 1159
33 430 227 452 1159
607 432 230 452 1159
523 455 224 452 1159
202 468 237 452 1159
692 403 228 453 1160
668 469 225 453 1160
504 457 233 453 1160
319 469 223 453 1160
529 342 231 453 1160
33 431 223 453 1160
523 456 227 453 1160
202 469 232 453 1160
692 404 229 454 1161
668 470 227 454 1161
504 458 221 454 1161
342 469 225 454 1161
319 470 224 454 1161
529 343 233 454 1161
607 434 222 454 1161
202 470 226 454 1161
692 405 227 455 1162
668 471 231 455 1162
504 459 225 455 1162
529 344 233 455 1162
202 471 227 455 1162
574 461 224 456 1163
692 406 225 456 1163
668 472 230 456 1163
319 472 224 456 1163
342 471 222 456 1163
529 345 235 456 1163
607 436 223 456 1163
523 459 227 456 1163
692 407 223 457 1164
319 473 223 457 1164
529 346 221 457 1164
607 437 226 457 1164
692 408 233 458 1165
504 462 223 458 1165
668 474 226 458 1165
319 474 224 458 1165
607 438 228 458 1165
574 464 221 459 1166
692 409 233 459 1166
342 474 222 459 1166
668 475 227 459 1166
319 475 229 459 1166
529 348 223 459 1166
607 439 226 459 1166
692 410 227 460 1167
342 475 224 460 1167
668 476 223 460 1167
319 476 233 460 1167
529 349 227 460 1167
607 440 229 460 1167
342 476 222 461 1168
668 477 226 461 1168
319 477 227 461 1168
607 441 234 461 1168
523 464 222 461 1168
202 477 223 461 1168
574 467 223 462 1169
692 412 230 462 1169
668 478 227 462 1169
319 478 224 462 1169
33 440 223 462 1169
529 351 225 462 1169
607 442 229 462 1169
523 465 224 462 1169
202 478 227 462 1169
668 479 227 463 1170
319 479 229 463 1170
529 352 227 463 1170
607 443 229 463 1170
523 466 223 463 1170
202 479 223 463 1170
692 414 223 464 1171
342 479 221 464 1171
668 480 225 464 1171
319 480 225 464 1171
33 442 223 464 1171
529 353 229 464 1171
607 444 229 464 1171
202 480 222 464 1171
692 415 223 465 1172
342 480 221 465 1172
668 481 229 465 1172
504 469 223 465 1172
33 443 221 465 1172
529 354 228 465 1172
607 445 229 465 1172
342 481 222 466 1173
319 482 223 466 1173
668 482 227 466 1173
607 446 229 466 1173
529 355 229 466 1173
202 482 225 466 1173
574 472 227 467 1174
319 483 225 467 1174
668 483 225 467 1174
607 447 222 467 1174
529 356 223 467 1174
202 483 221 467 1174
574 473 225 468 1175
319 484 223 468 1175
668 484 223 468 1175
504 472 225 468 1175
529 357 225 468 1175
607 448 225 468 1175
202 484 223 468 1175
574 474 224 469 1176
319 485 225 469 1176
504 473 224 469 1176
529 358 227 469 1176
607 449 224 469 1176
523 472 221 469 1176
202 485 225 469 1176
574 475 223 470 1177
319 486 225 470 1177
668 486 221 470 1177
504 474 223 470 1177
607 450 227 470 1177
202 486 226 470 1177
574 476 225 471 1178
668 487 229 471 1178
504 475 223 471 1178
529 360 229 471 1178
33 449 225 471 1178
607 451 223 471 1178
202 487 223 471 1178
574 477 223 472 1179
342 487 221 472 1179
504 476 221 472 1179
33 450 223 472 1179
529 361 222 472 1179
607 452 233 472 1179
202 488 229 472 1179
668 489 231 473 1180
342 488 224 473 1180
504 477 223 473 1180
33 451 225 473 1180
529 362 221 473 1180
607 453 231 473 1180
202 489 229 473 1180
668 490 227 474 1181
319 490 221 474 1181
342 489 221 474 1181
504 478 225 474 1181
529 363 225 474 1181
607 454 222 474 1181
202 490 229 474 1181
668 491 229 475 1182
504 479 221 475 1182
529 364 221 475 1182
607 455 226 475 1182
202 491 222 475 1182
668 492 226 476 1183
342 491 221 476 1183
504 480 223 476 1183
529 365 225 476 1183
607 456 225 476 1183
202 492 230 476 1183
668 493 226 477 1184
319 493 221 477 1184
342 492 221 477 1184
75 161 223 477 1184
607 457 227 477 1184
202 493 227 477 1184
668 494 228 478 1185
319 494 221 478 1185
607 458 223 478 1185
202 494 228 478 1185
692 429 223 479 1186
319 495 221 479 1186
668 495 233 479 1186
33 457 225 479 1186
607 459 225 479 1186
202 495 230 479 1186
668 496 232 480 1187
33 458 227 480 1187
529 369 226 480 1187
607 460 225 480 1187
202 496 225 480 1187
692 431 223 481 1188
529 370 221 481 1188
607 461 229 481 1188
202 497 225 481 1188
574 487 222 482 1189
692 432 221 482 1189
668 498 223 482 1189
71 73 221 482 1189
413 484 222 482 1189
33 460 231 482 1189
607 462 229 482 1189
202 498 225 482 1189
574 488 221 483 1190
692 433 223 483 1190
529 372 223 483 1190
607 463 223 483 1190
692 434 222 484 1191
668 500 227 484 1191
319 500 224 484 1191
33 462 223 484 1191
692 435 222 485 1192
668 501 224 485 1192
319 501 221 485 1192
342 500 222 485 1192
71 76 225 485 1192
607 465 225 485 1192
747 298 221 486 1193
574 491 221 486 1193
668 502 233 486 1193
71 77 221 486 1193
504 490 223 486 1193
319 503 227 487 1194
71 78 227 487 1194
504 491 223 487 1194
33 465 222 487 1194
607 467 223 487 1194
668 504 231 488 1195
342 503 221 488 1195
504 492 221 488 1195
668 505 229 489 1196
342 504 221 489 1196
607 469 225 489 1196
529 378 221 489 1196
319 506 225 490 1197
668 506 229 490 1197
33 468 221 490 1197
607 470 226 490 1197
319 507 223 491 1198
342 506 221 491 1198
504 495 229 491 1198
33 469 221 491 1198
607 471 233 491 1198
668 508 228 492 1199
504 496 228 492 1199
607 472 233 492 1199
668 509 231 493 1200
504 497 230 493 1200
607 473 231 493 1200
434 500 221 493 1200
319 510 225 494 1201
668 510 233 494 1201
692 444 224 494 1201
342 509 221 494 1201
607 474 230 494 1201
202 510 221 494 1201
319 511 223 495 1202
668 511 221 495 1202
692 445 226 495 1202
504 499 229 495 1202
202 511 221 495 1202
319 512 226 496 1203
668 512 239 496 1203
692 446 221 496 1203
504 500 233 496 1203
607 476 221 496 1203
202 512 221 496 1203
319 513 227 497 1204
668 513 239 497 1204
692 447 224 497 1204
504 501 234 497 1204
607 477 223 497 1204
319 514 222 498 1205
668 514 233 498 1205
692 448 225 498 1205
504 502 233 498 1205
668 515 225 499 1206
319 515 225 499 1206
692 449 221 499 1206
504 503 231 499 1206
33 477 223 499 1206
319 516 231 500 1207
668 516 230 500 1207
504 504 232 500 1207
33 478 225 500 1207
607 480 223 500 1207
319 517 227 501 1208
574 506 221 501 1208
668 517 231 501 1208
342 516 223 501 1208
504 505 231 501 1208
607 481 224 501 1208
319 518 231 502 1209
574 507 225 502 1209
668 518 233 502 1209
504 506 233 502 1209
33 480 223 502 1209
202 518 226 502 1209
668 519 221 503 1210
692 453 223 503 1210
504 507 229 503 1210
202 519 223 503 1210
200 20 222 503 1210
747 316 221 503 1210
668 520 227 504 1211
692 454 227 504 1211
504 508 223 504 1211
413 506 221 504 1211
523 507 223 504 1211
668 521 225 505 1212
692 455 225 505 1212
33 483 223 505 1212
523 508 224 505 1212
747 318 222 505 1212
574 511 223 506 1213
668 522 229 506 1213
692 456 223 506 1213
342 521 221 506 1213
33 484 222 506 1213
523 509 225 506 1213
668 523 221 507 1214
747 320 221 507 1214
692 458 223 508 1215
668 524 225 508 1215
75 192 223 508 1215
504 512 221 508 1215
523 511 223 508 1215
607 488 221 508 1215
747 321 221 508 1215
574 514 221 509 1216
668 525 223 509 1216
342 524 221 509 1216
523 512 225 509 1216
319 526 225 510 1217
574 515 221 510 1217
692 460 222 510 1217
668 526 226 510 1217
607 490 221 510 1217
523 513 221 510 1217
319 527 235 511 1218
413 513 222 511 1218
523 514 221 511 1218
574 517 223 512 1219
692 462 221 512 1219
319 528 237 512 1219
668 528 231 512 1219
523 515 226 512 1219
202 528 221 512 1219
692 463 225 513 1220
574 518 226 513 1220
319 529 237 513 1220
668 529 224 513 1220
523 516 227 513 1220
202 529 225 513 1220
319 530 236 514 1221
692 464 227 514 1221
574 519 225 514 1221
668 530 227 514 1221
523 517 222 514 1221
202 530 223 514 1221
319 531 239 515 1222
574 520 226 515 1222
692 465 226 515 1222
668 531 223 515 1222
342 530 221 515 1222
607 495 223 515 1222
523 518 224 515 1222
202 531 222 515 1222
319 532 239 516 1223
692 466 231 516 1223
574 521 225 516 1223
668 532 221 516 1223
342 531 222 516 1223
373 518 221 516 1223
33 494 221 516 1223
607 496 221 516 1223
523 519 225 516 1223
202 532 225 516 1223
319 533 241 517 1224
668 533 227 517 1224
692 467 225 517 1224
574 522 226 517 1224
523 520 225 517 1224
202 533 224 517 1224
319 534 240 518 1225
668 534 231 518 1225
574 523 221 518 1225
202 534 222 518 1225
319 535 241 519 1226
692 469 227 519 1226
668 535 227 519 1226
413 521 223 519 1226
342 534 222 519 1226
607 499 222 519 1226
202 535 221 519 1226
319 536 247 520 1227
200 37 223 520 1227
319 537 247 521 1228
692 471 223 521 1228
342 536 223 521 1228
504 525 221 521 1228
319 538 244 522 1229
668 538 223 522 1229
413 524 221 522 1229
342 537 223 522 1229
504 526 221 522 1229
200 39 221 522 1229
319 539 241 523 1230
342 538 221 523 1230
523 526 221 523 1230
607 503 221 523 1230
202 539 221 523 1230
319 540 231 524 1231
692 474 221 524 1231
504 528 221 524 1231
607 504 222 524 1231
523 527 221 524 1231
319 541 225 525 1232
529 414 221 525 1232
692 477 223 527 1234
319 543 222 527 1234
668 543 229 527 1234
413 529 221 527 1234
523 530 221 527 1234
668 544 221 528 1235
75 20 221 528 1235
668 545 225 529 1236
523 532 223 529 1236
692 480 227 530 1237
574 535 225 530 1237
200 47 223 530 1237
668 547 225 531 1238
574 536 221 531 1238
504 535 224 531 1238
607 511 227 531 1238
574 537 231 532 1239
413 534 226 532 1239
504 536 221 532 1239
523 535 231 532 1239
747 345 221 532 1239
574 538 224 533 1240
413 535 223 533 1240
607 513 227 533 1240
523 536 231 533 1240
202 549 225 533 1240
200 50 221 533 1240
574 539 223 534 1241
504 538 221 534 1241
607 514 231 534 1241
523 537 225 534 1241
668 551 223 535 1242
692 485 224 535 1242
574 540 221 535 1242
523 538 223 535 1242
523 539 227 536 1243
607 516 230 536 1243
692 487 224 537 1244
607 517 226 537 1244
523 540 231 537 1244
668 554 229 538 1245
504 542 223 538 1245
607 518 229 538 1245
200 55 221 538 1245
747 351 225 538 1245
668 555 226 539 1246
574 544 226 539 1246
413 541 221 539 1246
504 543 221 539 1246
607 519 227 539 1246
523 542 223 539 1246
202 555 221 539 1246
747 352 221 539 1246
668 556 231 540 1247
574 545 225 540 1247
607 520 223 540 1247
668 557 225 541 1248
319 557 233 541 1248
692 491 229 541 1248
33 519 225 541 1248
523 544 226 541 1248
607 521 226 541 1248
202 557 229 541 1248
200 58 231 541 1248
574 547 224 542 1249
319 558 225 542 1249
342 557 223 542 1249
33 520 225 542 1249
607 522 237 542 1249
202 558 223 542 1249
668 559 225 543 1250
319 559 223 543 1250
692 493 221 543 1250
342 558 229 543 1250
33 521 225 543 1250
504 547 233 543 1250
529 432 221 543 1250
607 523 231 543 1250
202 559 221 543 1250
668 560 231 544 1251
319 560 227 544 1251
574 549 235 544 1251
692 494 236 544 1251
413 546 226 544 1251
504 548 221 544 1251
75 36 222 544 1251
523 547 239 544 1251
202 560 223 544 1251
405 490 223 544 1251
200 61 227 544 1251
319 561 225 545 1252
692 495 221 545 1252
75 37 224 545 1252
202 561 229 545 1252
405 491 229 545 1252
200 62 228 545 1252
747 358 241 545 1252
319 562 221 546 1253
373 548 221 546 1253
747 359 221 546 1253
157 569 233 547 1254
668 563 221 547 1254
319 563 222 547 1254
523 550 222 547 1254
202 563 226 547 1254
336 554 225 547 1254
529 4 226 547 1254
490 496 221 547 1254
157 570 221 548 1255
319 564 221 548 1255
463 567 224 548 1255
405 494 223 548 1255
711 229 221 549 1256
550 423 221 549 1256
529 6 231 549 1256
785 554 221 549 1256
195 1 230 549 1256
704 563 233 549 1256
42 212 231 549 1256
633 548 223 550 1257
704 564 234 550 1257
45 225 225 551 1258
785 556 225 551 1258
704 566 231 552 1259
785 559 221 554 1261
704 568 223 554 1261
209 416 221 555 1262
607 537 233 557 1264
311 108 237 558 1265
689 4 227 558 1265
565 572 239 558 1265
103 583 223 561 1268
191 365 235 561 1268
363 1 221 561 1268
534 580 225 562 1269
191 367 227 563 1270
363 3 226 563 1270
458 587 227 564 1271
458 588 235 565 1272
7 568 226 566 1273
491 436 227 566 1273
458 589 225 566 1273
491 437 225 567 1274
458 590 227 567 1274
491 438 227 568 1275
458 591 229 568 1275
242 66 222 568 1275
533 261 230 568 1275
534 586 223 568 1275
191 372 221 568 1275
363 8 222 568 1275
458 592 239 569 1276
491 439 221 569 1276
533 262 233 569 1276
103 591 222 569 1276
491 440 224 570 1277
458 593 229 570 1277
533 263 225 570 1277
534 588 231 570 1277
458 594 227 571 1278
103 593 225 571 1278
534 589 227 571 1278
7 574 225 572 1279
458 595 227 572 1279
242 70 227 572 1279
533 265 230 572 1279
191 376 222 572 1279
458 596 227 573 1280
491 443 227 573 1280
458 597 225 574 1281
242 72 225 574 1281
533 267 222 574 1281
7 577 221 575 1282
458 598 221 575 1282
242 73 231 575 1282
533 268 227 575 1282
242 74 221 576 1283
533 269 221 576 1283
191 380 223 576 1283
363 16 226 576 1283
7 579 221 577 1284
242 75 227 577 1284
533 270 222 577 1284
533 271 221 578 1285
191 382 225 578 1285
533 272 229 579 1286
242 78 221 580 1287
533 273 233 580 1287
191 384 228 580 1287
7 583 225 581 1288
458 604 224 581 1288
242 79 225 581 1288
103 603 225 581 1288
533 274 233 581 1288
534 599 223 581 1288
491 452 235 582 1289
242 80 223 582 1289
533 275 227 582 1289
458 606 221 583 1290
491 453 227 583 1290
533 276 226 583 1290
458 607 229 584 1291
7 586 223 584 1291
242 82 221 584 1291
533 277 221 584 1291
191 388 221 584 1291
458 608 231 585 1292
103 607 225 585 1292
533 278 227 585 1292
191 389 225 585 1292
458 609 233 586 1293
7 588 221 586 1293
103 608 227 586 1293
533 279 233 586 1293
491 457 222 587 1294
458 610 230 587 1294
7 589 223 587 1294
103 609 222 587 1294
533 280 233 587 1294
191 391 225 587 1294
363 27 221 588 1295
458 611 222 588 1295
103 610 225 588 1295
533 281 233 588 1295
458 612 222 589 1296
242 87 221 589 1296
103 611 225 589 1296
533 282 226 589 1296
491 460 224 590 1297
7 592 221 590 1297
103 612 225 590 1297
533 283 227 590 1297
491 461 224 591 1298
103 613 223 591 1298
533 284 225 591 1298
491 462 227 592 1299
7 594 222 592 1299
103 614 225 592 1299
534 610 223 592 1299
491 463 221 593 1300
7 595 224 593 1300
242 91 221 593 1300
534 611 227 593 1300
363 33 225 594 1301
491 464 228 594 1301
103 616 221 594 1301
191 398 221 594 1301
534 612 221 594 1301
458 618 223 595 1302
7 597 232 595 1302
533 288 224 595 1302
363 35 229 596 1303
458 619 237 596 1303
191 400 222 596 1303
363 36 227 597 1304
458 620 241 597 1304
242 96 225 599 1306
533 291 221 599 1306
491 469 222 599 1306
458 622 223 599 1306
491 470 233 600 1307
458 623 235 600 1307
7 602 222 600 1307
191 3 224 600 1307
103 622 227 601 1308
242 98 223 601 1308
103 624 233 603 1310
533 295 221 603 1310
103 625 222 604 1311
242 101 227 604 1311
533 296 221 604 1311
534 621 223 604 1311
363 43 227 604 1311
242 102 224 605 1312
534 622 223 605 1312
242 103 221 606 1313
533 298 225 606 1313
363 45 222 606 1313
191 9 223 606 1313
534 624 233 607 1314
458 630 233 607 1314
242 105 225 608 1315
103 629 223 608 1315
533 300 223 608 1315
534 625 226 608 1315
491 478 227 608 1315
7 610 221 608 1315
458 631 221 608 1315
534 626 225 609 1316
363 48 221 609 1316
458 632 225 609 1316
7 612 223 610 1317
242 108 232 611 1318
458 634 221 611 1318
534 629 224 612 1319
363 51 227 612 1319
491 482 223 612 1319
191 15 225 612 1319
533 305 223 613 1320
534 630 221 613 1320
363 52 221 613 1320
491 483 229 613 1320
458 636 223 613 1320
7 615 225 613 1320
533 307 221 615 1322
533 308 221 616 1323
491 487 222 617 1324
191 20 221 617 1324
242 116 222 619 1326
533 311 227 619 1326
491 489 223 619 1326
242 117 227 620 1327
533 312 227 620 1327
491 490 223 620 1327
242 118 221 621 1328
533 313 235 621 1328
363 60 222 621 1328
491 491 223 621 1328
458 644 221 621 1328
7 623 223 621 1328
533 314 223 622 1329
534 639 221 622 1329
363 61 230 622 1329
7 624 233 622 1329
533 315 232 623 1330
363 62 227 623 1330
7 625 235 623 1330
242 121 222 624 1331
533 316 233 624 1331
363 63 227 624 1331
491 494 225 624 1331
7 626 223 624 1331
533 317 221 625 1332
491 495 224 625 1332
191 28 223 625 1332
7 627 231 625 1332
363 65 221 626 1333
491 496 221 626 1333
458 649 228 626 1333
191 29 225 626 1333
533 319 241 627 1334
363 66 225 627 1334
491 497 230 627 1334
458 650 230 627 1334
7 629 226 627 1334
533 320 240 628 1335
363 67 221 628 1335
458 651 227 628 1335
533 321 239 629 1336
458 652 225 629 1336
533 322 226 630 1337
458 653 221 630 1337
533 323 235 631 1338
458 654 231 631 1338
533 324 237 632 1339
363 71 229 632 1339
491 502 231 632 1339
242 130 222 633 1340
533 325 233 633 1340
534 650 235 633 1340
363 72 231 633 1340
491 503 223 633 1340
7 635 233 633 1340
533 326 237 634 1341
363 73 231 634 1341
533 327 247 635 1342
534 652 223 635 1342
363 74 227 635 1342
191 38 221 635 1342
242 133 235 635 1342
533 328 237 636 1343
363 75 226 636 1343
7 638 223 636 1343
191 39 231 636 1343
242 134 237 636 1343
533 329 232 637 1344
363 76 229 637 1344
191 40 227 637 1344
7 639 241 637 1344
242 135 235 638 1345
363 77 223 638 1345
191 41 225 638 1345
363 78 221 639 1346
191 42 223 639 1346
363 79 227 640 1347
491 510 223 640 1347
191 43 222 640 1347
533 333 247 641 1348
363 80 227 641 1348
191 44 221 641 1348
242 139 224 642 1349
533 334 241 642 1349
191 45 226 642 1349
533 335 240 643 1350
363 82 230 643 1350
458 666 231 643 1350
191 46 226 643 1350
533 336 237 644 1351
491 514 225 644 1351
458 667 235 644 1351
7 646 230 644 1351
191 47 225 644 1351
533 337 239 645 1352
534 662 221 645 1352
363 84 221 645 1352
491 515 223 645 1352
458 668 236 645 1352
191 48 232 645 1352
533 338 241 646 1353
534 663 224 646 1353
491 516 223 646 1353
458 669 235 646 1353
533 339 223 647 1354
534 664 225 647 1354
491 517 225 647 1354
458 670 223 647 1354
191 50 226 647 1354
533 340 233 648 1355
534 665 227 648 1355
458 671 229 648 1355
7 650 221 648 1355
191 51 223 648 1355
103 670 239 648 1355
533 341 239 649 1356
534 666 225 649 1356
363 88 229 649 1356
458 672 221 649 1356
533 342 235 649 1356
363 89 227 650 1357
491 520 234 650 1357
458 673 239 650 1357
7 652 225 650 1357
191 53 221 650 1357
533 343 239 650 1357
491 521 238 651 1358
191 54 227 651 1358
533 344 240 651 1358
363 91 223 652 1359
491 522 225 652 1359
533 345 222 653 1360
491 523 225 653 1360
533 346 235 653 1360
242 151 225 654 1361
534 671 225 654 1361
533 347 235 654 1361
242 152 231 655 1362
534 672 221 655 1362
491 525 221 655 1362
458 679 229 656 1363
191 59 221 656 1363
533 349 232 656 1363
363 96 230 657 1364
491 527 228 657 1364
533 350 231 657 1364
242 155 221 657 1364
534 675 227 658 1365
363 97 227 658 1365
491 528 227 658 1365
533 351 227 658 1365
534 676 222 659 1366
458 682 230 659 1366
7 661 225 659 1366
533 352 235 659 1366
242 157 225 659 1366
363 99 225 660 1367
458 683 225 660 1367
7 662 221 660 1367
533 353 233 660 1367
242 158 221 661 1368
458 684 228 661 1368
191 64 221 661 1368
363 101 225 662 1369
458 685 225 662 1369
7 664 221 662 1369
191 65 221 662 1369
533 355 221 662 1369
363 102 225 663 1370
458 686 221 663 1370
7 665 221 663 1370
103 685 222 663 1370
363 103 223 664 1371
458 687 221 664 1371
7 666 224 664 1371
191 67 222 664 1371
534 683 221 666 1373
363 105 225 666 1373
458 689 225 666 1373
7 668 225 666 1373
170 666 221 666 1373
191 69 228 666 1373
534 684 226 667 1374
363 106 224 667 1374
491 537 237 667 1374
458 690 221 667 1374
7 669 221 667 1374
191 70 237 667 1374
533 360 226 667 1374
534 685 221 668 1375
491 538 237 668 1375
458 691 221 668 1375
103 690 223 668 1375
533 361 225 668 1375
363 108 223 669 1376
458 692 223 669 1376
533 362 221 669 1376
491 540 226 670 1377
458 693 222 670 1377
533 363 225 670 1377
363 110 221 671 1378
491 541 221 671 1378
7 673 226 671 1378
103 693 221 671 1378
363 111 225 672 1379
533 365 225 672 1379
242 170 227 672 1379
533 367 222 674 1381
103 696 222 674 1381
191 78 221 675 1382
533 368 222 675 1382
103 697 221 675 1382
103 698 227 676 1383
363 116 221 677 1384
7 679 223 677 1384
534 695 233 678 1385
7 680 221 678 1385
191 81 223 678 1385
533 371 235 678 1385
242 176 221 678 1385
534 696 236 679 1386
458 702 221 679 1386
533 372 227 679 1386
103 701 223 679 1386
534 697 227 680 1387
458 703 225 680 1387
363 119 221 680 1387
458 704 225 681 1388
363 120 224 681 1388
7 683 225 681 1388
534 699 225 682 1389
458 705 225 682 1389
491 552 221 682 1389
7 684 232 682 1389
533 375 227 682 1389
534 700 233 683 1390
363 122 221 683 1390
458 706 223 683 1390
491 553 226 683 1390
7 685 227 683 1390
533 376 225 683 1390
242 181 221 683 1390
534 701 229 684 1391
363 123 230 684 1391
491 554 225 684 1391
7 686 227 684 1391
533 377 225 684 1391
534 702 229 685 1392
363 124 225 685 1392
491 555 227 685 1392
533 378 230 685 1392
242 183 221 685 1392
7 688 223 686 1393
533 379 226 686 1393
534 704 223 687 1394
458 710 224 687 1394
533 380 225 687 1394
534 705 231 688 1395
458 711 223 688 1395
191 91 221 688 1395
533 381 227 688 1395
103 710 221 688 1395
534 706 233 689 1396
458 712 221 689 1396
191 92 230 689 1396
7 691 231 689 1396
533 382 227 689 1396
103 711 225 689 1396
534 707 225 690 1397
7 692 230 690 1397
533 383 227 690 1397
534 708 222 691 1398
458 714 223 691 1398
491 561 221 691 1398
103 713 221 691 1398
533 384 229 691 1398
242 189 221 691 1398
534 709 223 692 1399
491 562 222 692 1399
7 694 223 692 1399
242 190 235 692 1399
534 710 223 693 1400
458 716 225 693 1400
491 563 228 693 1400
7 695 226 693 1400
533 386 222 693 1400
242 191 221 693 1400
103 716 221 694 1401
533 387 241 694 1401
242 1 224 695 1402
7 697 223 695 1402
43 709 227 695 1402
103 717 229 695 1402
717 709 221 696 1403
7 698 239 696 1403
43 710 237 696 1403
533 389 225 696 1403
363 136 221 697 1404
7 699 227 697 1404
533 390 232 697 1404
363 137 227 698 1405
7 700 237 698 1405
103 720 241 698 1405
533 391 231 698 1405
7 701 237 699 1406
135 711 225 700 1407
7 702 221 700 1407
585 62 224 700 1407
533 394 227 701 1408
7 705 226 703 1410
533 396 235 703 1410
533 398 223 705 1412
103 727 223 705 1412
7 708 231 706 1413
533 399 223 706 1413
7 709 232 707 1414
533 400 245 707 1414
7 710 238 708 1415
630 90 226 708 1415
533 401 236 708 1415
7 711 225 709 1416
171 158 223 709 1416
533 402 222 709 1416
428 729 224 709 1416
533 403 223 710 1417
242 17 221 711 1418
7 713 225 711 1418
7 714 227 712 1419
533 1 227 712 1419
458 736 222 713 1420
191 116 225 713 1420
7 715 237 713 1420
533 2 221 713 1420
534 731 230 714 1421
458 737 233 714 1421
7 716 224 714 1421
533 3 237 714 1421
363 154 223 715 1422
491 585 223 715 1422
242 21 234 715 1422
533 4 239 715 1422
103 737 225 715 1422
534 733 229 716 1423
533 5 227 716 1423
363 156 224 717 1424
533 6 235 717 1424
533 7 229 718 1425
533 8 233 719 1426
533 9 229 720 1427
534 738 223 721 1428
191 124 225 721 1428
7 723 223 721 1428
533 10 221 721 1428
534 739 225 722 1429
458 745 231 722 1429
191 125 227 722 1429
533 11 223 722 1429
534 740 226 723 1430
242 29 226 723 1430
533 12 237 723 1430
458 747 230 724 1431
7 726 223 724 1431
242 30 225 724 1431
533 13 229 724 1431
103 746 221 724 1431
534 742 221 724 1431
458 748 227 725 1432
242 31 223 725 1432
533 14 229 725 1432
534 743 225 725 1432
458 749 229 726 1433
242 32 225 726 1433
533 15 240 726 1433
534 744 223 727 1434
458 750 233 727 1434
242 33 224 727 1434
533 16 228 727 1434
103 749 223 727 1434
533 17 226 728 1435
534 746 222 729 1436
242 35 230 729 1436
533 18 235 729 1436
534 747 221 730 1437
242 36 229 730 1437
533 19 239 730 1437
534 748 226 731 1438
242 37 223 731 1438
533 20 232 731 1438
458 755 225 732 1439
7 734 225 732 1439
242 38 223 732 1439
533 21 227 732 1439
534 750 225 732 1439
491 603 222 733 1440
458 756 229 733 1440
533 22 222 733 1440
103 755 221 733 1440
534 751 222 733 1440
458 757 230 734 1441
7 736 225 734 1441
242 40 225 734 1441
533 23 222 734 1441
534 752 223 734 1441
458 758 233 735 1442
7 737 228 735 1442
242 41 223 735 1442
458 759 231 736 1443
191 139 221 736 1443
7 738 229 736 1443
242 42 225 736 1443
491 607 221 737 1444
458 760 233 737 1444
7 739 223 737 1444
533 26 221 737 1444
103 759 223 737 1444
534 755 222 737 1444
491 608 225 738 1445
458 761 222 738 1445
242 44 223 738 1445
533 27 225 738 1445
491 609 228 739 1446
458 762 232 739 1446
191 142 223 739 1446
242 45 225 739 1446
533 28 233 739 1446
458 763 222 740 1447
491 610 225 740 1447
7 742 231 740 1447
242 46 223 740 1447
533 29 229 740 1447
534 758 221 740 1447
458 764 229 741 1448
242 47 221 741 1448
533 30 233 741 1448
534 759 223 741 1448
363 181 223 742 1449
191 145 229 742 1449
491 612 227 742 1449
533 31 227 742 1449
103 764 222 742 1449
458 766 230 743 1450
191 146 223 743 1450
363 182 223 743 1450
491 613 226 743 1450
242 49 225 743 1450
533 32 221 743 1450
242 50 225 744 1451
533 34 223 745 1452
534 763 221 745 1452
191 149 222 746 1453
458 769 227 746 1453
491 616 223 746 1453
242 52 223 746 1453
533 35 230 746 1453
534 764 223 746 1453
491 617 222 747 1454
191 150 221 747 1454
458 770 237 747 1454
242 53 233 747 1454
7 749 222 747 1454
534 765 223 747 1454
491 618 227 748 1455
458 771 237 748 1455
533 37 241 748 1455
458 772 240 749 1456
491 619 228 749 1456
533 38 223 749 1456
534 767 223 749 1456
491 620 232 750 1457
458 773 231 750 1457
533 39 235 750 1457
191 154 222 751 1458
491 621 224 751 1458
458 774 225 751 1458
7 753 233 751 1458
533 40 247 751 1458
191 155 223 752 1459
491 622 225 752 1459
458 775 223 752 1459
533 41 241 752 1459
191 156 227 753 1460
458 776 226 753 1460
7 755 225 753 1460
533 42 243 753 1460
191 157 223 754 1461
491 624 226 754 1461
458 777 227 754 1461
7 756 221 754 1461
533 43 239 754 1461
491 625 237 755 1462
458 778 228 755 1462
363 194 221 755 1462
533 44 235 755 1462
191 159 223 756 1463
491 626 221 756 1463
458 779 225 756 1463
363 195 223 756 1463
242 62 232 756 1463
533 45 235 756 1463
191 160 221 757 1464
363 196 221 757 1464
7 759 221 757 1464
533 46 239 757 1464
458 781 226 758 1465
7 760 221 758 1465
533 47 235 758 1465
103 780 233 758 1465
458 782 234 759 1466
533 48 237 759 1466
491 630 221 760 1467
458 783 239 760 1467
533 49 227 760 1467
191 164 222 761 1468
491 631 221 761 1468
458 784 233 761 1468
363 200 221 761 1468
242 67 222 761 1468
533 50 239 761 1468
191 165 225 762 1469
458 785 232 762 1469
491 632 221 762 1469
363 201 227 762 1469
533 51 236 762 1469
191 166 221 763 1470
363 202 224 763 1470
533 52 233 763 1470
534 781 223 763 1470
191 167 223 764 1471
458 787 234 764 1471
242 70 223 764 1471
533 53 235 764 1471
103 786 221 764 1471
191 168 225 765 1472
458 788 235 765 1472
242 71 221 765 1472
533 54 245 765 1472
191 169 225 766 1473
363 205 221 766 1473
458 789 231 766 1473
533 55 239 766 1473
191 170 225 767 1474
458 790 223 767 1474
363 206 225 767 1474
491 637 221 767 1474
533 56 235 767 1474
363 207 226 768 1475
458 791 225 768 1475
533 57 235 768 1475
534 786 222 769 1476
363 208 223 769 1476
533 58 237 769 1476
458 793 224 770 1477
363 209 221 770 1477
533 59 239 770 1477
103 792 223 770 1477
458 794 223 771 1478
7 773 221 771 1478
533 60 239 771 1478
363 211 223 772 1479
458 795 233 772 1479
491 642 225 772 1479
533 61 238 772 1479
534 790 221 773 1480
363 212 223 773 1480
458 796 237 773 1480
491 643 222 773 1480
7 775 221 773 1480
533 62 233 773 1480
458 797 225 774 1481
491 644 225 774 1481
533 63 235 774 1481
491 645 227 775 1482
533 64 226 775 1482
7 778 223 776 1483
533 65 235 776 1483
491 647 224 777 1484
533 66 245 777 1484
491 648 226 778 1485
533 67 245 778 1485
491 649 225 779 1486
533 68 245 779 1486
534 797 223 780 1487
242 86 221 780 1487
533 69 245 780 1487
103 802 221 780 1487
533 70 231 781 1488
458 805 230 782 1489
491 652 224 782 1489
533 71 229 782 1489
191 186 221 783 1490
458 806 226 783 1490
491 653 227 783 1490
533 72 229 783 1490
458 807 223 784 1491
491 654 223 784 1491
533 73 224 784 1491
491 655 222 785 1492
533 74 223 785 1492
242 92 225 786 1493
491 656 225 786 1493
533 75 235 786 1493
458 810 227 787 1494
491 657 224 787 1494
7 789 225 787 1494
533 76 235 787 1494
103 809 227 787 1494
534 805 221 787 1494
191 192 225 789 1496
630 172 236 790 1497
653 428 227 790 1497
552 802 231 791 1498
277 43 226 793 1500
725 248 231 793 1500
134 159 221 793 1500
729 220 230 793 1500
404 772 240 793 1500
438 128 227 793 1500
596 802 225 794 1501
178 812 221 794 1501
309 240 221 794 1501
458 817 223 794 1501
768 866 227 795 1502
309 241 221 795 1502
682 811 221 795 1502
280 806 233 795 1502
7 797 225 795 1502
506 268 222 795 1502
530 69 221 795 1502
601 813 223 795 1502
233 814 231 795 1502
463 6 228 796 1503
497 807 223 796 1503
447 714 239 796 1503
189 756 221 796 1503
233 815 221 796 1503
601 814 224 796 1503
511 798 221 797 1504
447 715 235 797 1504
45 471 228 797 1504
114 603 224 797 1504
601 815 241 797 1504
121 34 221 798 1505
646 793 224 798 1505
189 758 231 798 1505
716 812 239 798 1505
60 820 225 798 1505
482 954 229 798 1505
284 815 233 798 1505
480 251 236 798 1505
420 667 227 799 1506
182 17 223 799 1506
253 558 221 799 1506
336 95 224 799 1506
280 810 222 799 1506
190 587 221 799 1506
133 822 231 799 1506
192 47 231 799 1506
587 805 227 799 1506
668 816 245 799 1506
415 804 223 799 1506
480 252 223 799 1506
284 816 222 799 1506
420 668 225 800 1507
336 96 239 800 1507
280 811 227 800 1507
133 823 221 800 1507
192 48 239 800 1507
70 21 221 800 1507
668 817 229 800 1507
415 805 225 800 1507
625 2 227 800 1507
480 253 227 800 1507
684 535 223 801 1508
160 807 227 801 1508
192 49 245 801 1508
40 477 226 801 1508
521 82 223 801 1508
415 806 241 801 1508
625 3 252 801 1508
366 2 225 801 1508
422 807 231 802 1509
532 18 233 802 1509
445 803 225 802 1509
16 491 241 802 1509
231 228 221 802 1509
431 523 241 802 1509
200 15 222 802 1509
582 811 221 802 1509
415 807 239 802 1509
735 449 225 802 1509
651 816 221 802 1509
399 56 227 802 1509
573 818 221 803 1510
383 813 221 803 1510
320 69 221 803 1510
578 367 224 803 1510
358 478 223 803 1510
233 822 225 803 1510
161 308 221 803 1510
638 803 231 803 1510
284 820 227 803 1510
642 29 229 803 1510
380 756 221 804 1511
256 598 222 804 1511
447 722 225 804 1511
212 236 223 804 1511
121 40 223 804 1511
573 819 223 804 1511
483 248 228 804 1511
692 754 231 804 1511
35 764 227 804 1511
610 519 224 804 1511
394 813 223 804 1511
516 817 223 804 1511
405 750 221 805 1512
74 825 248 805 1512
7 807 221 805 1512
392 821 226 805 1512
594 14 221 805 1512
60 827 221 805 1512
25 786 235 805 1512
200 18 227 805 1512
157 828 230 805 1512
776 673 226 805 1512
438 140 225 805 1512
370 818 227 805 1512
399 59 225 806 1513
212 238 222 806 1513
455 166 227 806 1513
332 21 228 806 1513
512 800 221 806 1513
358 481 221 806 1513
157 829 222 806 1513
644 815 225 806 1513
88 790 235 807 1514
266 10 229 807 1514
383 817 235 807 1514
716 821 224 807 1514
358 482 221 807 1514
423 812 231 807 1514
221 821 233 807 1514
399 61 226 808 1515
455 168 221 808 1515
340 233 233 808 1515
592 20 231 808 1515
689 254 248 808 1515
567 777 231 808 1515
564 560 235 808 1515
789 814 226 808 1515
311 26 226 808 1515
87 235 226 809 1516
57 815 221 809 1516
373 811 223 809 1516
332 24 227 809 1516
602 802 223 809 1516
200 22 225 809 1516
476 281 226 809 1516
444 831 229 809 1516
335 823 222 809 1516
426 15 224 809 1516
311 27 227 809 1516
785 814 231 810 1517
272 828 223 810 1517
190 5 221 810 1517
642 36 221 810 1517
311 28 223 810 1517
190 6 233 811 1518
415 816 239 811 1518
190 7 234 812 1519
689 258 233 812 1519
415 817 224 812 1519
642 38 228 813 1520
311 30 225 813 1520
190 8 228 813 1520
689 259 241 813 1520
415 818 237 813 1520
642 39 226 813 1520
311 31 233 813 1520
190 9 221 814 1521
689 260 226 814 1521
415 819 221 814 1521
642 40 230 814 1521
311 32 239 814 1521
190 10 221 815 1522
415 820 229 815 1522
311 33 231 816 1523
190 11 227 816 1523
689 262 235 816 1523
415 821 247 816 1523
311 34 236 817 1524
700 688 221 817 1524
190 12 229 817 1524
689 263 241 817 1524
415 822 228 817 1524
311 35 232 817 1524
642 43 229 818 1525
700 689 223 818 1525
190 13 227 818 1525
689 264 241 818 1525
415 823 222 818 1525
311 36 232 819 1526
642 44 227 819 1526
190 14 226 819 1526
689 265 240 819 1526
415 824 230 819 1526
642 45 231 820 1527
311 1 231 820 1527
773 759 223 820 1527
190 15 226 820 1527
689 266 231 820 1527
415 825 228 820 1527
642 46 223 821 1528
311 2 241 821 1528
773 760 227 821 1528
190 16 235 821 1528
689 267 237 821 1528
415 826 231 821 1528
311 3 235 822 1529
773 761 225 822 1529
190 17 227 822 1529
689 268 237 822 1529
415 827 227 822 1529
55 834 225 822 1529
642 48 225 823 1530
280 834 226 823 1530
773 762 236 823 1530
190 18 225 823 1530
689 269 223 823 1530
415 828 229 823 1530
55 835 221 823 1530
642 49 223 824 1531
700 695 221 824 1531
280 835 222 824 1531
190 19 229 824 1531
689 270 235 824 1531
415 829 228 824 1531
55 836 227 824 1531
280 836 223 825 1532
311 6 237 825 1532
38 302 221 825 1532
689 271 235 825 1532
415 830 221 825 1532
311 7 233 826 1533
192 74 223 826 1533
365 503 224 826 1533
689 272 233 826 1533
157 849 224 826 1533
659 75 221 827 1534
565 840 230 827 1534
700 698 222 827 1534
235 403 236 827 1534
574 832 221 827 1534
450 840 222 827 1534
322 829 227 827 1534
242 133 227 827 1534
210 208 225 827 1534
393 588 225 827 1534
672 828 223 827 1534
346 637 221 827 1534
523 830 225 827 1534
733 842 221 827 1534
741 817 226 827 1534
161 332 224 827 1534
137 834 231 828 1535
332 43 233 828 1535
670 396 221 828 1535
716 842 221 828 1535
42 491 227 828 1535
266 32 229 829 1536
379 25 225 829 1536
759 831 223 829 1536
670 397 223 829 1536
95 527 227 831 1538
425 721 235 831 1538
716 845 222 831 1538
29 847 231 831 1538
453 14 225 831 1538
77 373 225 831 1538
201 1013 226 832 1539
476 304 224 832 1539
516 845 231 832 1539
212 11 227 833 1540
562 133 221 833 1540
659 81 227 833 1540
779 811 223 833 1540
700 704 223 833 1540
311 14 241 833 1540
689 279 235 833 1540
415 838 225 833 1540
192 82 225 834 1541
415 839 223 834 1541
55 846 227 834 1541
634 177 222 835 1542
689 281 235 835 1542
415 840 233 835 1542
81 837 227 835 1542
46 841 221 835 1542
55 847 222 835 1542
317 28 221 836 1543
365 513 229 836 1543
689 282 229 836 1543
55 848 229 836 1543
101 834 221 837 1544
773 776 221 837 1544
192 85 233 837 1544
365 514 239 837 1544
6 50 221 837 1544
688 243 230 838 1545
445 839 221 838 1545
89 856 221 838 1545
322 840 225 838 1545
597 279 226 838 1545
556 51 221 838 1545
672 839 226 838 1545
608 275 223 838 1545
415 843 232 838 1545
358 513 240 838 1545
592 21 221 839 1546
185 31 223 839 1546
667 207 223 839 1546
742 739 227 839 1546
126 498 221 839 1546
482 995 221 839 1546
148 849 223 839 1546
273 414 227 840 1547
593 535 229 840 1547
323 778 225 840 1547
415 845 251 840 1547
468 854 237 841 1548
592 23 221 841 1548
779 819 224 841 1548
16 530 221 841 1548
584 766 223 841 1548
323 779 222 841 1548
415 846 233 841 1548
148 851 225 841 1548
724 856 225 842 1549
782 801 221 842 1549
415 847 222 842 1549
468 856 230 843 1550
358 518 225 843 1550
510 110 223 844 1551
415 1 233 844 1551
211 287 225 844 1551
335 858 221 845 1552
642 70 243 845 1552
268 745 239 845 1552
211 288 225 845 1552
590 860 233 845 1552
642 71 223 846 1553
688 253 232 848 1555
336 144 227 848 1555
722 74 221 848 1555
225 783 230 848 1555
689 294 233 848 1555
129 871 222 849 1556
689 295 250 849 1556
551 56 225 850 1557
689 296 235 850 1557
689 314 225 868 1575
689 315 222 869 1576
415 27 247 869 1576
55 882 240 870 1577
689 316 240 870 1577
415 28 248 870 1577
55 883 240 871 1578
689 317 239 871 1578
415 29 248 871 1578
55 884 240 872 1579
689 318 239 872 1579
415 30 248 872 1579
55 885 240 873 1580
689 319 240 873 1580
415 31 251 873 1580
55 886 240 874 1581
689 320 240 874 1581
415 32 249 874 1581
55 887 239 875 1582
689 321 237 875 1582
415 33 246 875 1582
689 322 237 876 1583
55 888 239 876 1583
415 34 249 876 1583
55 889 239 877 1584
689 323 237 877 1584
415 35 246 877 1584
689 324 237 878 1585
55 890 240 878 1585
415 36 246 878 1585
55 891 239 879 1586
689 325 237 879 1586
415 37 249 880 1587
55 892 239 880 1587
689 326 237 880 1587
415 38 246 881 1588
55 893 239 881 1588
689 327 237 881 1588
415 39 246 882 1589
55 894 240 882 1589
689 328 237 882 1589
415 40 246 882 1589
689 329 237 883 1590
55 895 239 883 1590
415 41 246 883 1590
55 896 239 884 1591
689 330 237 884 1591
415 42 246 884 1591
55 897 239 885 1592
689 331 237 885 1592
415 43 249 885 1592
55 898 239 886 1593
689 332 237 886 1593
415 44 246 886 1593
55 899 239 887 1594
689 333 237 887 1594
415 45 246 887 1594
55 900 239 888 1595
689 334 237 888 1595
415 46 246 888 1595
55 901 239 889 1596
689 335 237 889 1596
415 47 246 889 1596
55 902 239 890 1597
689 336 237 890 1597
415 48 246 890 1597
689 337 237 891 1598
55 903 239 891 1598
415 49 246 891 1598
689 338 237 892 1599
55 904 239 892 1599
415 50 248 892 1599
55 905 239 893 1600
689 339 237 893 1600
415 51 246 893 1600
55 906 239 894 1601
689 340 240 894 1601
415 52 248 894 1601
55 907 241 895 1602
689 341 237 895 1602
415 53 250 895 1602
55 908 241 896 1603
689 342 237 896 1603
415 54 248 896 1603
55 909 241 897 1604
689 343 237 897 1604
415 55 248 897 1604
55 910 240 898 1605
689 344 237 898 1605
415 56 250 898 1605
55 911 240 899 1606
689 345 237 899 1606
415 57 250 899 1606
55 912 240 900 1607
689 346 237 900 1607
415 58 250 900 1607
55 913 241 901 1608
689 347 237 901 1608
415 59 248 901 1608
55 914 240 902 1609
689 348 237 902 1609
415 60 250 902 1609
55 915 241 903 1610
689 349 237 903 1610
415 61 250 903 1610
55 916 241 904 1611
689 350 237 904 1611
415 62 247 904 1611
55 917 241 905 1612
689 351 237 905 1612
415 63 247 905 1612
55 918 240 906 1613
689 352 237 906 1613
415 64 248 906 1613
689 353 237 907 1614
55 919 241 907 1614
415 65 250 907 1614
55 920 241 908 1615
689 354 237 908 1615
415 66 248 908 1615
55 921 241 909 1616
689 355 237 909 1616
415 67 248 909 1616
55 922 241 910 1617
689 356 237 910 1617
415 68 250 910 1617
689 357 237 911 1618
55 923 241 911 1618
415 69 232 911 1618
689 358 227 912 1619
311 48 239 912 1619
298 857 225 912 1619
232 445 222 912 1619
563 281 223 913 1620
763 18 225 913 1620
689 359 221 913 1620
55 925 226 913 1620
658 929 221 913 1620
178 933 233 914 1621
689 361 223 915 1622
751 282 225 915 1622
55 928 240 916 1623
654 921 225 916 1623
55 929 221 917 1624
302 936 226 917 1624
55 930 230 918 1625
602 65 223 918 1625
117 243 222 918 1625
109 13 235 918 1625
291 143 223 918 1625
310 923 231 919 1626
515 62 225 919 1626
764 867 229 919 1626
481 692 227 919 1626
185 112 226 919 1626
256 714 225 919 1626
764 868 224 920 1627
481 693 233 920 1627
703 919 227 921 1628
481 696 223 923 1630
185 116 225 923 1630
481 697 224 924 1631
185 117 225 924 1631
487 376 221 926 1633
538 925 221 926 1633
185 119 228 926 1633
331 52 223 927 1634
680 880 221 927 1634
764 875 224 927 1634
481 700 228 927 1634
680 881 227 928 1635
764 876 223 928 1635
481 701 231 928 1635
703 927 222 929 1636
764 877 221 929 1636
481 702 232 929 1636
703 928 223 930 1637
764 878 221 930 1637
481 703 221 930 1637
703 929 221 931 1638
764 879 225 931 1638
481 704 224 931 1638
764 880 229 932 1639
481 705 227 932 1639
185 125 225 932 1639
481 707 222 934 1641
481 708 225 935 1642
764 885 221 937 1644
703 936 221 938 1645
680 891 223 938 1645
764 886 221 938 1645
764 887 221 939 1646
185 133 223 940 1647
764 889 227 941 1648
481 714 223 941 1648
487 392 221 941 1648
680 895 221 942 1649
481 715 224 942 1649
703 941 224 942 1649
764 891 221 943 1650
481 716 225 943 1650
185 136 223 943 1650
481 717 225 944 1651
185 137 223 944 1651
481 718 225 945 1652
703 944 223 946 1653
481 719 229 946 1653
481 720 233 947 1654
764 896 222 948 1655
680 902 223 949 1656
764 897 225 949 1656
481 722 223 949 1656
680 904 223 951 1658
481 724 221 951 1658
680 905 221 952 1659
481 725 223 952 1659
764 901 222 953 1660
680 907 221 954 1661
481 727 221 954 1661
481 728 224 955 1662
680 909 227 956 1663
703 955 223 956 1663
515 100 221 957 1664
764 905 221 957 1664
680 910 227 957 1664
185 150 221 957 1664
515 101 225 958 1665
481 731 224 958 1665
515 103 225 960 1667
764 908 222 960 1667
481 733 221 960 1667
703 959 223 960 1667
515 104 223 961 1668
481 734 226 961 1668
481 735 225 962 1669
703 961 221 962 1669
481 736 227 963 1670
185 156 221 963 1670
680 917 221 964 1671
481 737 229 964 1671
185 157 223 964 1671
481 738 226 965 1672
185 158 223 965 1672
481 739 223 966 1673
185 159 221 966 1673
481 740 225 967 1674
487 419 221 968 1675
764 917 229 969 1676
487 420 221 969 1676
764 918 227 970 1677
487 421 221 970 1677
764 919 227 971 1678
680 924 222 971 1678
481 744 222 971 1678
487 422 221 971 1678
764 920 225 972 1679
481 745 223 972 1679
764 921 225 973 1680
481 746 227 973 1680
680 927 221 974 1681
481 747 221 974 1681
680 928 221 975 1682
481 748 223 975 1682
481 749 221 976 1683
764 925 221 977 1684
481 754 221 981 1688
764 930 223 982 1689
481 755 221 982 1689
764 931 223 983 1690
481 757 223 984 1691
481 758 224 985 1692
481 761 222 988 1695
703 989 221 991 1698
481 764 221 991 1698
481 765 227 992 1699
481 766 229 993 1700
185 186 223 993 1700
481 767 227 994 1701
481 768 223 995 1702
185 188 221 995 1702
185 189 223 996 1703
481 770 225 997 1704
475 535 223 998 1705
481 771 228 998 1705
481 772 231 999 1706
475 537 221 1000 1707
481 774 226 1001 1708
475 539 223 1002 1709
538 1001 221 1002 1709
680 955 223 1002 1709
185 195 221 1002 1709
331 128 223 1002 1709
764 951 223 1003 1710
481 776 223 1003 1710
331 129 223 1003 1710
487 454 221 1003 1710
481 777 221 1004 1711
185 197 221 1004 1711
487 455 223 1004 1711
764 953 221 1005 1712
185 198 221 1005 1712
703 1004 224 1005 1712
481 779 232 1006 1713
538 1005 221 1006 1713
764 954 221 1006 1713
703 1005 221 1006 1713
481 780 229 1007 1714
703 1006 221 1007 1714
481 781 221 1008 1715
703 1007 221 1008 1715
481 782 225 1009 1716
185 202 224 1009 1716
475 548 221 1010 1717
680 966 221 1013 1720
185 206 221 1013 1720
764 965 222 1017 1724
481 790 224 1017 1724
487 468 221 1017 1724
475 555 221 1018 1725
185 211 222 1018 1725
185 212 221 1019 1726
481 815 224 1042 1749
481 1 221 1045 1752
680 1002 222 1049 1756
764 998 225 1050 1757
680 1003 221 1050 1757
185 243 224 1050 1757
481 6 227 1050 1757
764 999 221 1051 1758
680 1004 230 1051 1758
185 244 223 1051 1758
481 7 223 1051 1758
764 1000 223 1052 1759
331 178 223 1052 1759
703 1051 221 1053 1760
764 1002 222 1054 1761
680 1007 225 1054 1761
481 10 221 1054 1761
680 1008 223 1055 1762
481 11 221 1055 1762
764 1004 221 1056 1763
481 12 223 1056 1763
680 1011 221 1058 1765
680 1013 222 1060 1767
680 1014 223 1061 1768
185 254 221 1061 1768
680 1015 223 1062 1769
185 255 221 1062 1769
703 1061 225 1063 1770
680 1016 221 1063 1770
256 858 223 1063 1770
680 1019 223 1066 1773
185 264 223 1071 1778
331 198 221 1072 1779
481 28 221 1072 1779
481 29 221 1073 1780
60 1096 221 1073 1780
764 1030 221 1082 1789
680 1041 225 1088 1795
680 1042 227 1089 1796
680 1043 225 1090 1797
680 1044 223 1091 1798
481 48 223 1092 1799
481 49 223 1093 1800
680 1051 221 1098 1805
764 1047 221 1099 1806
680 1053 222 1100 1807
680 1054 223 1101 1808
764 1059 222 1111 1818
764 1060 223 1112 1819
680 1065 226 1112 1819
764 1061 222 1113 1820
764 1062 222 1114 1821
764 1063 225 1115 1822
680 1068 221 1115 1822
764 1064 223 1116 1823
764 1065 221 1117 1824
481 75 221 1119 1826
515 23 227 1120 1827
185 313 222 1120 1827
185 315 223 1122 1829
703 1121 225 1122 1829
481 78 225 1122 1829
703 1122 225 1123 1830
185 316 221 1123 1830
185 317 223 1124 1831
703 1123 221 1124 1831
764 1073 227 1125 1832
764 1074 224 1126 1833
481 82 223 1126 1833
481 83 223 1127 1834
703 1126 224 1127 1834
481 84 221 1128 1835
481 85 221 1129 1836
703 1128 221 1129 1836
764 1078 227 1130 1837
481 86 222 1130 1837
680 1084 221 1131 1838
764 1080 227 1132 1839
481 88 221 1132 1839
764 1082 221 1134 1841
680 1087 221 1134 1841
680 1091 228 1138 1845
703 1137 221 1138 1845
680 1092 223 1139 1846
680 1093 225 1140 1847
152 1155 221 1141 1848
680 1094 229 1141 1848
680 1095 225 1142 1849
680 1096 223 1143 1850
764 1093 221 1145 1852
680 1099 223 1146 1853
680 1100 223 1147 1854
703 1148 229 1149 1856
487 600 223 1149 1856
6 53 221 1150 1857
703 1149 229 1150 1857
487 1 223 1151 1858
102 1160 237 1151 1858
256 946 227 1151 1858
388 318 227 1151 1858
365 2 225 1151 1858
475 689 225 1151 1858
538 1151 238 1152 1859
515 55 221 1152 1859
55 1164 230 1152 1859
6 55 229 1152 1859
159 880 223 1152 1859
506 626 225 1153 1860
55 1165 245 1153 1860
39 1174 222 1153 1860
415 240 225 1153 1860
6 56 221 1153 1860
658 1170 225 1153 1860
608 591 240 1153 1860
55 1166 239 1154 1861
320 421 225 1154 1861
639 1173 229 1154 1861
380 1107 232 1154 1861
573 1170 221 1154 1861
669 1168 221 1154 1861
9 1172 221 1154 1861
55 1167 232 1155 1862
625 227 231 1156 1863
55 1168 243 1156 1863
510 423 223 1156 1863
82 258 227 1156 1863
210 234 225 1156 1863
365 7 231 1156 1863
463 368 226 1157 1864
561 261 223 1157 1864
637 247 229 1157 1864
55 1170 237 1158 1865
55 1171 234 1159 1866
55 1172 226 1160 1867
55 1173 225 1161 1868
55 1174 223 1162 1869
55 1175 233 1163 1870
689 610 221 1163 1870
55 1176 229 1164 1871
642 173 223 1164 1871
689 611 231 1164 1871
642 174 225 1165 1872
689 613 239 1166 1873
642 179 227 1170 1877
689 618 238 1171 1878
689 627 226 1180 1887
