627 4 229 0 701
374 5 222 0 701
173 7 223 0 701
627 5 236 1 702
374 6 222 1 702
173 8 221 1 702
627 6 237 2 703
173 9 223 2 703
627 7 246 3 704
52 1 225 3 704
374 8 233 3 704
46 2 241 3 704
627 8 244 4 705
374 9 231 4 705
46 3 237 4 705
627 9 247 5 706
196 2 222 5 706
374 10 235 5 706
52 3 229 5 706
173 12 225 5 706
46 4 243 5 706
627 10 238 6 707
196 3 231 6 707
52 4 234 6 707
374 11 226 6 707
173 13 225 6 707
46 5 233 6 707
196 4 228 7 708
627 11 245 7 708
52 5 234 7 708
46 6 239 7 708
52 6 222 8 709
46 7 223 8 709
627 13 221 9 710
52 7 227 9 710
374 14 223 9 710
46 8 235 9 710
196 7 239 10 711
627 14 227 10 711
52 8 237 10 711
374 15 221 10 711
526 3 223 10 711
46 9 227 10 711
196 8 224 11 712
627 15 230 11 712
52 9 231 11 712
374 16 221 11 712
526 4 225 11 712
46 10 225 11 712
173 18 221 11 712
627 16 227 12 713
196 9 232 12 713
52 10 235 12 713
374 17 228 12 713
526 5 224 12 713
46 11 228 12 713
627 17 229 13 714
196 10 227 13 714
52 11 233 13 714
374 18 227 13 714
526 6 233 13 714
46 12 233 13 714
627 18 225 14 715
196 11 235 14 715
52 12 237 14 715
374 19 233 14 715
173 21 225 14 715
627 19 226 15 716
196 12 235 15 716
52 13 231 15 716
374 20 228 15 716
46 14 236 15 716
173 22 221 15 716
627 20 227 16 717
196 13 235 16 717
52 14 235 16 717
374 21 233 16 717
46 15 237 16 717
173 23 221 16 717
627 21 225 17 718
196 14 237 17 718
52 15 231 17 718
374 22 238 17 718
526 10 224 17 718
46 16 236 17 718
627 22 221 18 719
196 15 229 18 719
52 16 233 18 719
374 23 235 18 719
46 17 237 18 719
173 25 223 18 719
627 23 223 19 720
196 16 233 19 720
52 17 227 19 720
374 24 235 19 720
46 18 232 19 720
173 26 233 19 720
196 17 231 20 721
627 24 221 20 721
374 25 239 20 721
52 18 227 20 721
46 19 237 20 721
196 18 231 21 722
627 25 225 21 722
52 19 233 21 722
374 26 236 21 722
46 20 235 21 722
196 19 229 22 723
374 27 233 22 723
46 21 237 22 723
173 29 229 22 723
196 20 231 23 724
627 27 235 23 724
52 21 231 23 724
46 22 239 23 724
173 30 232 23 724
627 28 227 24 725
374 29 231 24 725
46 23 233 24 725
173 31 223 24 725
196 22 223 25 726
627 29 227 25 726
52 23 229 25 726
374 30 233 25 726
46 24 240 25 726
173 32 227 25 726
196 23 227 26 727
627 30 222 26 727
52 24 233 26 727
374 31 229 26 727
173 33 223 26 727
46 25 221 26 727
627 31 231 27 728
52 25 229 27 728
374 32 232 27 728
173 34 227 27 728
46 26 225 27 728
196 25 221 28 729
52 26 234 28 729
374 33 225 28 729
46 27 239 28 729
173 35 226 28 729
196 26 225 29 730
627 33 231 29 730
52 27 221 29 730
374 34 229 29 730
173 36 227 29 730
46 28 238 29 730
196 27 229 30 731
627 34 227 30 731
52 28 227 30 731
173 37 223 30 731
46 29 223 30 731
627 35 232 31 732
52 29 241 31 732
374 36 230 31 732
173 38 229 31 732
46 30 235 31 732
196 29 227 32 733
627 36 229 32 733
52 30 234 32 733
374 37 227 32 733
46 31 235 32 733
173 39 227 32 733
196 30 239 33 734
627 37 223 33 734
52 31 235 33 734
374 38 231 33 734
46 32 240 33 734
173 40 228 33 734
196 31 229 34 735
627 38 227 34 735
52 32 227 34 735
374 39 227 34 735
46 33 235 34 735
173 41 223 34 735
196 32 233 35 736
52 33 231 35 736
46 34 229 35 736
173 42 224 35 736
374 41 236 36 737
46 35 225 36 737
173 43 231 36 737
52 35 226 37 738
374 42 233 37 738
46 36 235 37 738
196 35 232 38 739
52 36 230 38 739
374 43 234 38 739
526 3 221 38 739
173 45 221 38 739
46 37 234 38 739
196 36 235 39 740
52 37 229 39 740
374 44 226 39 740
46 38 237 39 740
173 46 221 39 740
196 37 231 40 741
52 38 233 40 741
46 39 238 40 741
196 38 235 41 742
627 45 223 41 742
52 39 241 41 742
374 46 221 41 742
526 6 231 41 742
46 40 231 41 742
196 39 223 42 743
627 46 229 42 743
52 40 233 42 743
526 7 226 42 743
46 41 231 42 743
627 47 223 43 744
52 41 235 43 744
526 8 224 43 744
46 42 224 43 744
173 50 225 43 744
196 41 227 44 745
627 48 223 44 745
52 42 245 44 745
526 9 229 44 745
46 43 243 44 745
196 42 235 45 746
627 49 227 45 746
52 43 233 45 746
374 50 229 45 746
526 10 231 45 746
173 52 224 45 746
46 44 225 45 746
196 43 225 46 747
627 50 222 46 747
52 44 239 46 747
526 11 221 46 747
46 45 237 46 747
173 53 223 46 747
196 44 233 47 748
52 45 237 47 748
374 52 233 47 748
46 46 233 47 748
173 54 229 47 748
196 45 235 48 749
52 46 221 48 749
374 53 231 48 749
46 47 238 48 749
196 46 226 49 750
627 53 223 49 750
52 47 233 49 750
374 54 225 49 750
46 48 227 49 750
173 56 226 49 750
196 47 223 50 751
52 48 229 50 751
173 57 223 50 751
196 48 237 51 752
627 55 233 51 752
52 49 237 51 752
46 50 233 51 752
196 49 227 52 753
627 56 229 52 753
374 57 231 52 753
52 50 223 52 753
46 51 228 52 753
173 59 229 52 753
196 50 230 53 754
627 57 227 53 754
374 58 237 53 754
52 51 229 53 754
46 52 237 53 754
173 60 233 53 754
196 51 221 54 755
374 59 231 54 755
52 52 235 54 755
46 53 238 54 755
173 61 226 54 755
627 59 224 55 756
374 60 229 55 756
52 53 235 55 756
46 54 222 55 756
173 62 223 55 756
52 54 223 56 757
46 55 227 56 757
52 55 221 57 758
173 64 222 57 758
627 62 227 58 759
374 63 223 58 759
46 57 227 58 759
627 63 223 59 760
374 64 225 59 760
46 58 223 59 760
196 57 222 60 761
627 64 231 60 761
46 59 235 60 761
52 59 226 61 762
46 60 238 61 762
173 68 224 61 762
196 59 226 62 763
374 67 233 62 763
52 60 233 62 763
46 61 235 62 763
627 67 227 63 764
374 68 227 63 764
52 61 231 63 764
46 62 241 63 764
627 68 225 64 765
196 61 227 64 765
374 69 229 64 765
52 62 227 64 765
526 29 227 64 765
46 63 235 64 765
627 69 229 65 766
196 62 223 65 766
52 63 227 65 766
526 30 234 65 766
46 64 237 65 766
173 72 231 65 766
374 71 225 66 767
52 64 229 66 767
46 65 236 66 767
627 71 229 67 768
196 64 223 67 768
52 65 224 67 768
46 66 233 67 768
173 74 242 67 768
196 65 221 68 769
374 73 230 68 769
52 66 233 68 769
46 67 221 68 769
173 75 225 68 769
627 73 224 69 770
196 66 229 69 770
374 74 236 69 770
52 67 231 69 770
46 68 226 69 770
173 76 227 69 770
196 67 235 70 771
374 75 231 70 771
52 68 221 70 771
46 69 235 70 771
196 68 233 71 772
374 76 226 71 772
52 69 223 71 772
526 36 227 71 772
46 70 227 71 772
196 69 227 72 773
52 70 232 72 773
46 71 227 72 773
196 70 227 73 774
780 93 229 76 777
165 55 227 76 777
276 65 221 77 778
528 55 226 77 778
453 77 227 77 778
344 77 222 78 779
268 83 223 78 779
453 78 221 79 780
408 88 242 79 780
202 89 223 80 781
352 65 229 82 783
456 89 230 83 784
144 86 227 84 785
456 90 226 84 785
456 91 221 85 786
700 75 241 86 787
144 88 228 86 787
700 76 225 87 788
602 73 241 87 788
700 77 231 88 789
602 74 221 88 789
700 78 246 89 790
602 75 239 89 790
144 91 223 89 790
700 79 247 90 791
602 76 227 90 791
700 80 237 91 792
144 93 223 91 792
700 81 223 92 793
602 78 223 92 793
144 94 227 92 793
700 82 233 93 794
144 95 221 93 794
700 83 221 94 795
700 84 235 95 796
700 85 230 96 797
144 98 223 96 797
700 86 229 97 798
700 87 241 98 799
144 100 225 98 799
700 88 221 99 800
144 101 226 99 800
700 89 223 100 801
144 102 229 100 801
700 90 221 101 802
144 103 227 101 802
144 104 225 102 803
700 92 226 103 804
700 94 224 105 806
602 92 229 106 807
700 96 227 107 808
700 97 221 108 809
700 98 229 109 810
144 111 225 109 810
700 99 221 110 811
144 112 221 110 811
700 100 235 111 812
144 113 221 111 812
700 101 227 112 813
602 98 235 112 813
144 114 226 112 813
352 96 227 113 814
700 103 229 114 815
144 116 221 114 815
352 98 231 115 816
700 105 226 116 817
352 99 231 116 817
700 106 227 117 818
352 101 221 118 819
700 108 225 119 820
352 102 222 119 820
700 109 223 120 821
352 104 230 121 822
700 111 224 122 823
602 108 223 122 823
352 105 226 122 823
352 106 229 123 824
700 113 226 124 825
144 126 225 124 825
144 128 225 126 827
700 117 225 128 829
602 114 233 128 829
144 130 233 128 829
700 118 226 129 830
602 115 225 129 830
144 131 229 129 830
700 119 225 130 831
700 120 233 131 832
700 121 233 132 833
700 122 229 133 834
700 123 231 134 835
700 125 224 136 837
144 138 227 136 837
700 2 221 138 839
144 140 226 138 839
700 3 235 139 840
602 125 221 139 840
700 4 231 140 841
700 5 235 141 842
352 124 221 141 842
144 143 222 141 842
700 6 237 142 843
602 128 223 142 843
700 7 237 143 844
144 145 221 143 844
700 8 241 144 845
602 130 221 144 845
700 9 237 145 846
144 147 225 145 846
700 10 229 146 847
144 148 221 146 847
700 11 240 147 848
144 149 223 147 848
700 12 235 148 849
602 134 221 148 849
700 13 235 149 850
144 151 228 149 850
700 14 225 150 851
602 136 226 150 851
144 152 221 150 851
700 15 233 151 852
700 16 225 152 853
700 18 228 154 855
700 19 226 155 856
700 20 223 156 857
700 21 229 157 858
602 143 225 157 858
144 159 224 157 858
700 22 227 158 859
700 23 228 159 860
144 161 223 159 860
700 24 237 160 861
602 146 222 160 861
144 162 224 160 861
700 25 231 161 862
700 26 225 162 863
144 164 223 162 863
700 27 238 163 864
144 165 227 163 864
700 28 239 164 865
602 150 221 164 865
144 166 227 164 865
700 29 240 165 866
144 167 221 165 866
700 30 238 166 867
602 152 223 166 867
144 168 223 166 867
700 31 239 167 868
602 153 223 167 868
144 169 224 167 868
700 32 239 168 869
700 33 239 169 870
602 155 221 169 870
144 171 223 169 870
700 34 239 170 871
144 172 225 170 871
700 35 235 171 872
144 173 227 171 872
700 36 235 172 873
602 158 222 172 873
144 174 227 172 873
700 37 229 173 874
144 175 227 173 874
700 38 230 174 875
700 39 236 175 876
144 177 224 175 876
700 40 241 176 877
144 178 221 176 877
700 41 237 177 878
700 42 239 178 879
602 164 221 178 879
700 43 240 179 880
602 165 223 179 880
144 181 227 179 880
700 44 223 180 881
144 183 225 181 882
700 46 229 182 883
602 168 231 182 883
144 184 223 182 883
700 47 225 183 884
700 48 239 184 885
602 170 221 184 885
144 186 223 184 885
700 49 235 185 886
700 50 233 186 887
700 51 230 187 888
144 189 227 187 888
700 52 230 188 889
144 191 221 189 890
700 54 230 190 891
700 55 225 191 892
602 178 223 192 893
700 56 228 192 893
144 194 221 192 893
700 57 233 193 894
144 195 221 193 894
700 59 229 195 896
456 201 224 195 896
700 60 227 196 897
144 198 222 196 897
700 61 223 197 898
700 62 224 198 899
144 200 223 198 899
602 185 222 199 900
700 63 229 199 900
144 201 223 199 900
144 202 224 200 901
700 65 226 201 902
144 203 222 201 902
700 66 221 202 903
700 67 223 203 904
700 69 239 205 906
700 70 226 206 907
700 71 226 207 908
144 210 221 208 909
700 73 231 209 910
144 211 222 209 910
700 74 228 210 911
700 75 235 211 912
352 13 221 211 912
700 76 225 212 913
144 214 222 212 913
700 78 223 214 915
144 216 221 214 915
700 79 226 215 916
144 217 225 215 916
700 80 231 216 917
700 81 229 217 918
144 220 224 218 919
700 83 221 219 920
144 221 227 219 920
700 84 235 220 921
144 222 227 220 921
700 85 223 221 922
700 87 230 223 924
144 225 225 223 924
700 88 227 224 925
700 89 232 225 926
144 227 225 225 926
700 90 226 226 927
144 228 223 226 927
700 92 233 228 929
144 230 225 228 929
700 94 223 230 931
144 233 225 231 932
700 96 227 232 933
700 97 221 233 934
700 98 231 234 935
144 237 227 235 936
144 241 223 239 940
144 242 222 240 941
144 245 225 243 944
144 246 231 244 945
144 247 223 245 946
144 248 234 246 947
144 249 229 248 949
144 250 231 249 950
144 251 223 249 950
602 236 222 250 951
144 253 227 251 952
144 254 226 253 954
144 255 222 254 955
144 256 225 255 956
144 259 232 258 959
602 244 221 258 959
144 262 233 261 962
700 126 229 262 963
144 264 225 263 964
700 127 237 263 964
700 128 227 264 965
700 129 222 265 966
144 267 224 266 967
700 130 227 266 967
700 131 225 267 968
700 133 227 269 970
700 134 233 270 971
700 135 233 271 972
700 136 227 272 973
700 137 222 273 974
144 275 227 274 975
700 138 227 274 975
144 276 224 275 976
700 139 227 275 976
700 140 221 276 977
700 141 231 277 978
144 279 223 278 979
352 79 223 278 979
700 142 231 278 979
144 280 223 279 980
700 143 233 279 980
700 144 235 280 981
602 267 221 281 982
700 145 229 281 982
700 146 230 282 983
602 269 230 283 984
700 147 233 283 984
700 148 234 284 985
700 149 221 285 986
602 272 228 286 987
700 150 235 286 987
144 288 225 287 988
602 273 224 287 988
700 151 237 287 988
144 289 223 288 989
602 274 225 288 989
700 152 237 288 989
602 275 224 289 990
700 153 235 289 990
602 276 221 290 991
700 154 236 290 991
700 155 225 291 992
700 156 221 292 993
144 294 222 293 994
700 157 235 293 994
700 158 238 294 995
144 296 221 295 996
700 159 239 295 996
602 282 221 296 997
700 160 227 296 997
602 283 221 297 998
700 161 233 297 998
144 299 221 298 999
602 284 221 298 999
144 303 221 302 1003
144 305 221 304 1005
700 169 227 305 1006
602 292 221 306 1007
700 170 230 306 1007
144 308 221 307 1008
700 171 223 307 1008
700 172 223 308 1009
144 310 229 309 1010
700 173 235 309 1010
144 311 227 310 1011
352 111 223 310 1011
700 174 242 310 1011
352 112 221 311 1012
700 175 237 311 1012
700 176 229 312 1013
144 314 227 313 1014
700 178 225 314 1015
144 316 225 315 1016
144 318 223 317 1018
557 333 227 320 1021
565 327 233 320 1021
597 332 223 321 1022
523 318 221 322 1023
487 23 221 322 1023
520 329 226 322 1023
236 327 227 324 1025
363 275 222 325 1026
330 279 223 327 1028
437 292 224 329 1030
523 325 230 329 1030
235 14 223 330 1031
235 15 222 330 1031
393 85 222 331 1032
248 320 225 332 1033
72 191 225 332 1033
318 335 222 332 1033
67 275 221 332 1033
711 6 221 333 1034
248 321 225 333 1034
67 276 225 333 1034
691 22 221 333 1034
46 332 224 333 1034
237 338 224 334 1035
248 322 229 334 1035
318 337 232 334 1035
67 277 239 334 1035
46 333 231 334 1035
81 329 222 334 1035
237 339 221 335 1036
248 323 242 335 1036
318 338 230 335 1036
67 278 236 335 1036
237 340 221 336 1037
283 33 223 336 1037
72 195 221 336 1037
248 324 221 336 1037
318 339 230 336 1037
67 279 233 336 1037
248 325 231 337 1038
318 340 225 337 1038
67 280 230 337 1038
268 231 221 338 1039
237 342 221 338 1039
248 326 237 338 1039
252 57 221 338 1039
318 341 231 338 1039
67 281 238 338 1039
646 327 223 339 1040
237 343 223 339 1040
283 36 223 339 1040
248 327 245 339 1040
72 198 223 339 1040
67 282 239 339 1040
248 328 231 340 1041
72 199 225 340 1041
67 283 237 340 1041
81 335 221 340 1041
721 334 221 340 1041
145 343 221 341 1042
248 329 222 341 1042
318 344 227 341 1042
81 336 221 341 1042
248 330 233 342 1043
67 285 223 342 1043
81 337 221 342 1043
145 345 225 343 1044
646 331 221 343 1044
248 331 225 343 1044
252 62 221 343 1044
318 346 226 343 1044
67 286 224 343 1044
46 342 225 343 1044
646 332 224 344 1045
248 332 225 344 1045
318 347 231 344 1045
67 287 228 344 1045
46 343 222 344 1045
145 347 224 345 1046
646 333 223 345 1046
248 333 239 345 1046
318 348 227 345 1046
67 288 235 345 1046
500 330 221 345 1046
283 43 224 346 1047
248 334 233 346 1047
67 289 223 346 1047
81 341 223 346 1047
46 345 221 346 1047
646 335 221 347 1048
283 44 223 347 1048
318 350 224 347 1048
248 335 237 347 1048
67 290 225 347 1048
81 342 221 347 1048
46 346 221 347 1048
283 45 224 348 1049
318 351 222 348 1049
67 291 228 348 1049
46 347 222 348 1049
318 352 223 349 1050
248 337 228 349 1050
67 292 228 349 1050
72 209 221 350 1051
318 353 225 350 1051
81 345 221 350 1051
72 210 221 351 1052
318 354 223 351 1052
248 339 224 351 1052
67 294 225 351 1052
72 211 221 352 1053
318 355 234 352 1053
248 340 225 352 1053
67 295 236 352 1053
72 212 221 353 1054
318 356 225 353 1054
248 341 233 353 1054
67 296 235 353 1054
318 357 223 354 1055
248 342 231 354 1055
67 297 221 354 1055
72 214 223 355 1056
318 358 227 355 1056
248 343 230 355 1056
67 298 225 355 1056
248 344 226 356 1057
67 299 232 356 1057
248 345 222 357 1058
67 300 231 357 1058
248 346 223 358 1059
67 301 229 358 1059
248 347 226 359 1060
67 302 231 359 1060
67 303 222 360 1061
283 58 221 361 1062
248 349 221 361 1062
318 364 223 361 1062
67 304 222 361 1062
46 360 221 361 1062
318 365 222 362 1063
67 305 221 362 1063
46 361 227 362 1063
318 366 223 363 1064
67 306 225 363 1064
248 352 226 364 1065
248 353 225 365 1066
252 84 222 365 1066
67 308 225 365 1066
46 364 223 365 1066
248 354 226 366 1067
500 351 221 366 1067
318 369 227 366 1067
248 355 225 367 1068
72 226 221 367 1068
318 370 227 367 1068
248 356 235 368 1069
613 281 222 368 1069
318 371 221 368 1069
81 363 223 368 1069
67 311 223 368 1069
46 367 233 368 1069
283 66 224 369 1070
248 357 237 369 1070
318 372 227 369 1070
67 312 232 369 1070
46 368 225 369 1070
283 67 227 370 1071
248 358 221 370 1071
72 229 227 370 1071
318 373 225 370 1071
67 313 231 370 1071
46 369 227 370 1071
145 373 221 370 1071
283 68 223 371 1072
248 359 238 371 1072
318 374 235 371 1072
67 314 228 371 1072
46 370 233 371 1072
248 360 228 372 1073
72 231 221 372 1073
318 375 227 372 1073
81 367 221 372 1073
46 371 232 372 1073
248 361 223 373 1074
318 376 230 373 1074
46 372 227 373 1074
248 362 235 374 1075
72 233 221 374 1075
318 377 227 374 1075
67 317 229 374 1075
46 373 224 374 1075
237 379 221 375 1076
248 363 229 375 1076
72 234 225 375 1076
318 378 221 375 1076
248 364 233 376 1077
46 375 221 376 1077
248 365 235 377 1078
318 380 221 377 1078
46 376 227 377 1078
709 378 221 378 1079
248 366 235 378 1079
248 367 230 379 1080
318 382 221 379 1080
67 322 231 379 1080
46 378 227 379 1080
248 368 227 380 1081
72 239 221 380 1081
318 383 224 380 1081
67 323 236 380 1081
46 379 221 380 1081
248 369 239 381 1082
283 78 221 381 1082
709 381 221 381 1082
318 384 221 381 1082
67 324 223 381 1082
248 370 237 382 1083
283 79 223 382 1083
318 385 223 382 1083
248 371 221 383 1084
67 326 221 383 1084
248 372 225 384 1085
646 373 225 384 1085
248 373 222 385 1086
248 374 221 386 1087
67 329 221 386 1087
248 375 227 387 1088
72 246 224 387 1088
318 390 223 387 1088
67 330 233 387 1088
248 376 223 388 1089
318 391 232 388 1089
46 387 221 388 1089
248 377 230 389 1090
318 392 228 389 1090
145 392 221 389 1090
283 87 225 390 1091
248 378 223 390 1091
72 249 225 390 1091
500 375 222 390 1091
67 333 226 390 1091
248 379 237 391 1092
318 394 223 391 1092
67 334 223 391 1092
248 380 227 392 1093
500 377 224 392 1093
318 395 222 392 1093
67 335 228 392 1093
248 381 228 393 1094
67 336 235 393 1094
46 392 225 393 1094
145 396 223 393 1094
248 382 221 394 1095
318 397 231 394 1095
67 337 226 394 1095
46 393 227 394 1095
500 380 224 395 1096
318 398 224 395 1096
81 390 221 395 1096
67 338 223 395 1096
318 399 223 396 1097
67 339 221 396 1097
248 385 222 397 1098
46 396 221 397 1098
248 386 221 398 1099
283 95 223 398 1099
604 396 222 398 1099
81 393 222 398 1099
67 341 225 398 1099
46 397 223 398 1099
72 258 221 399 1100
659 406 221 399 1100
500 384 221 399 1100
318 402 223 399 1100
81 394 221 399 1100
67 342 224 399 1100
46 398 221 399 1100
72 259 223 400 1101
318 403 226 400 1101
81 395 221 400 1101
67 343 241 400 1101
46 399 226 400 1101
235 85 221 400 1101
72 260 221 401 1102
283 98 221 401 1102
659 408 221 401 1102
318 404 224 401 1102
81 396 223 401 1102
67 344 239 401 1102
248 390 223 402 1103
283 99 223 402 1103
318 405 221 402 1103
67 345 227 402 1103
248 391 226 403 1104
283 100 222 403 1104
318 406 223 403 1104
248 392 227 404 1105
318 407 221 404 1105
81 399 221 404 1105
248 393 226 405 1106
283 102 224 405 1106
318 408 225 405 1106
248 394 225 406 1107
283 103 221 406 1107
67 349 225 406 1107
691 96 223 407 1108
248 395 225 407 1108
283 104 224 407 1108
67 350 225 407 1108
248 396 225 408 1109
500 393 221 408 1109
67 351 227 408 1109
248 397 225 409 1110
81 404 221 409 1110
67 352 225 409 1110
46 408 222 409 1110
248 398 224 410 1111
67 353 225 410 1111
46 409 221 410 1111
67 354 227 411 1112
248 400 223 412 1113
318 415 221 412 1113
248 401 224 413 1114
67 356 229 413 1114
46 412 227 413 1114
248 402 227 414 1115
67 357 221 414 1115
318 418 224 415 1116
67 358 225 415 1116
318 419 229 416 1117
72 276 229 416 1117
248 405 221 417 1118
318 420 222 417 1118
318 421 223 418 1119
46 417 221 418 1119
72 278 221 418 1119
248 407 229 419 1120
318 422 231 419 1120
67 362 227 419 1120
248 408 229 420 1121
318 423 233 420 1121
67 363 231 420 1121
46 419 225 420 1121
318 424 227 421 1122
81 416 221 421 1122
67 364 221 421 1122
46 420 223 421 1122
248 410 221 422 1123
46 421 221 422 1123
248 411 221 423 1124
646 414 221 425 1126
248 414 221 426 1127
500 411 222 426 1127
67 369 225 426 1127
81 422 221 427 1128
67 370 225 427 1128
283 125 223 428 1129
67 371 231 428 1129
67 372 238 429 1130
46 428 221 429 1130
248 418 221 430 1131
67 373 229 430 1131
81 426 222 431 1132
67 374 231 431 1132
248 421 221 433 1134
237 438 221 433 1134
283 131 221 434 1135
248 422 227 434 1135
318 437 223 434 1135
67 377 227 434 1135
646 423 221 434 1135
248 423 235 435 1136
67 378 233 435 1136
248 424 231 436 1137
318 439 221 436 1137
81 431 221 436 1137
67 379 227 436 1137
46 435 221 436 1137
72 296 221 436 1137
248 425 233 437 1138
318 440 226 437 1138
67 380 233 437 1138
46 436 223 437 1138
248 426 223 438 1139
318 441 225 438 1139
81 433 222 438 1139
67 381 221 438 1139
46 437 225 438 1139
72 298 221 438 1139
248 427 223 439 1140
81 434 221 439 1140
67 382 223 439 1140
283 137 221 440 1141
81 435 221 440 1141
67 383 234 440 1141
81 436 222 441 1142
67 384 232 441 1142
81 437 221 442 1143
67 385 231 442 1143
46 441 222 442 1143
283 140 223 443 1144
262 24 222 443 1144
318 446 221 443 1144
67 386 221 443 1144
426 425 222 443 1144
248 432 225 444 1145
262 25 223 444 1145
283 142 221 445 1146
248 433 224 445 1146
318 448 223 445 1146
235 14 221 445 1146
67 388 221 445 1146
46 444 223 445 1146
72 305 221 445 1146
248 434 233 446 1147
46 445 225 446 1147
72 306 223 446 1147
248 435 225 447 1148
262 28 225 447 1148
318 450 225 447 1148
46 446 222 447 1148
248 436 222 448 1149
262 29 222 448 1149
318 451 223 448 1149
67 391 223 448 1149
646 437 221 448 1149
67 392 222 449 1150
262 31 223 450 1151
318 453 223 450 1151
46 449 225 450 1151
262 32 222 451 1152
318 454 221 451 1152
46 450 224 451 1152
248 440 227 452 1153
46 451 223 452 1153
248 441 233 453 1154
67 396 223 453 1154
248 442 222 454 1155
318 457 225 454 1155
318 458 229 455 1156
81 450 221 455 1156
67 398 222 455 1156
46 454 222 455 1156
646 444 221 455 1156
248 444 221 456 1157
262 37 226 456 1157
318 459 224 456 1157
67 399 227 456 1157
46 455 231 456 1157
248 445 225 457 1158
318 460 225 457 1158
46 456 225 457 1158
646 446 224 457 1158
248 446 225 458 1159
318 461 221 458 1159
46 457 223 458 1159
67 401 225 458 1159
72 319 223 460 1161
248 449 223 461 1162
283 158 225 461 1162
262 42 223 461 1162
721 455 221 461 1162
46 460 223 461 1162
248 450 227 462 1163
46 461 223 462 1163
67 405 222 462 1163
248 451 232 463 1164
67 406 225 463 1164
646 452 223 463 1164
67 407 223 464 1165
72 324 222 465 1166
248 453 221 465 1166
709 465 221 465 1166
67 408 223 465 1166
646 454 221 465 1166
318 469 223 466 1167
46 465 225 466 1167
237 471 222 466 1167
248 455 227 467 1168
318 470 225 467 1168
46 466 224 467 1168
67 410 221 467 1168
248 456 226 468 1169
318 471 225 468 1169
646 457 223 468 1169
72 328 221 469 1170
248 457 231 469 1170
318 472 235 469 1170
46 468 226 469 1170
67 412 229 469 1170
237 474 229 469 1170
318 473 232 470 1171
67 413 228 470 1171
237 475 227 470 1171
248 459 222 471 1172
318 474 235 471 1172
46 470 226 471 1172
67 414 232 471 1172
237 476 222 471 1172
659 479 221 471 1172
318 475 234 472 1173
81 467 221 472 1173
46 471 226 472 1173
67 415 231 472 1173
237 477 223 472 1173
248 461 231 473 1174
318 476 233 473 1174
46 472 221 473 1174
67 416 239 473 1174
237 478 224 473 1174
248 462 234 474 1175
318 477 229 474 1175
67 417 227 474 1175
283 172 223 475 1176
248 463 228 475 1176
318 478 240 475 1176
46 474 221 475 1176
67 418 233 475 1176
145 478 227 475 1176
169 476 221 476 1177
248 464 229 476 1177
318 479 239 476 1177
46 475 221 476 1177
67 419 233 476 1177
248 465 229 477 1178
318 480 240 477 1178
67 420 234 477 1178
646 466 221 477 1178
248 466 230 478 1179
318 481 235 478 1179
81 473 222 478 1179
67 421 227 478 1179
237 483 224 478 1179
248 467 231 479 1180
318 482 228 479 1180
81 474 223 479 1180
67 422 232 479 1180
237 484 225 479 1180
248 468 232 480 1181
318 483 231 480 1181
81 475 225 480 1181
67 423 223 480 1181
237 485 221 480 1181
248 469 229 481 1182
318 484 235 481 1182
248 470 226 482 1183
67 425 223 482 1183
646 471 222 482 1183
248 471 235 483 1184
318 486 222 483 1184
81 478 223 483 1184
67 426 239 483 1184
237 488 228 483 1184
646 472 223 483 1184
248 472 225 484 1185
318 487 224 484 1185
412 437 222 484 1185
81 479 221 484 1185
46 483 231 484 1185
67 427 239 484 1185
237 489 227 484 1185
646 473 225 484 1185
248 473 234 485 1186
318 488 227 485 1186
412 438 223 485 1186
81 480 221 485 1186
46 484 231 485 1186
67 428 239 485 1186
237 490 227 485 1186
646 474 226 485 1186
248 474 231 486 1187
318 489 224 486 1187
412 439 221 486 1187
426 468 226 486 1187
81 481 221 486 1187
46 485 225 486 1187
67 429 239 486 1187
268 380 221 486 1187
237 491 227 486 1187
646 475 225 486 1187
248 475 225 487 1188
318 490 224 487 1188
426 469 229 487 1188
46 486 225 487 1188
67 430 239 487 1188
268 381 221 487 1188
237 492 225 487 1188
646 476 221 487 1188
248 476 223 488 1189
318 491 221 488 1189
426 470 227 488 1189
46 487 223 488 1189
81 483 223 488 1189
67 431 240 488 1189
268 382 221 488 1189
237 493 224 488 1189
248 477 223 489 1190
318 492 227 489 1190
46 488 221 489 1190
67 432 239 489 1190
237 494 223 489 1190
248 478 224 490 1191
318 493 221 490 1191
426 472 221 490 1191
46 489 223 490 1191
81 485 222 490 1191
268 384 221 490 1191
67 433 241 490 1191
237 495 225 490 1191
145 493 221 490 1191
248 479 228 491 1192
318 494 227 491 1192
46 490 227 491 1192
67 434 235 491 1192
248 480 229 492 1193
318 495 227 492 1193
46 491 226 492 1193
67 435 235 492 1193
248 481 228 493 1194
318 496 231 493 1194
67 436 235 493 1194
248 482 228 494 1195
318 497 227 494 1195
67 437 233 494 1195
283 192 221 494 1195
248 483 227 495 1196
318 498 223 495 1196
46 494 225 495 1196
67 438 235 495 1196
646 484 221 495 1196
318 499 223 496 1197
248 485 222 497 1198
67 440 224 497 1198
248 486 222 498 1199
318 501 222 498 1199
67 441 223 498 1199
248 487 223 499 1200
252 218 235 499 1200
318 502 221 499 1200
67 442 223 499 1200
248 488 223 500 1201
248 489 223 501 1202
318 504 225 501 1202
67 444 226 501 1202
318 505 223 502 1203
67 445 226 502 1203
500 488 225 503 1204
67 446 221 503 1204
145 506 221 503 1204
248 492 233 504 1205
318 507 221 504 1205
67 447 224 504 1205
248 493 231 505 1206
248 494 232 506 1207
248 495 232 507 1208
318 510 224 507 1208
133 524 223 508 1209
248 496 227 508 1209
81 503 223 508 1209
318 511 225 508 1209
145 511 222 508 1209
133 525 226 509 1210
248 497 224 509 1210
81 504 223 509 1210
133 526 223 510 1211
248 498 223 510 1211
248 499 226 511 1212
67 454 227 511 1212
248 500 223 512 1213
46 511 223 512 1213
318 515 224 512 1213
67 455 227 512 1213
646 501 224 512 1213
145 515 227 512 1213
133 529 223 513 1214
248 501 222 513 1214
81 508 221 513 1214
318 516 226 513 1214
67 456 222 513 1214
646 502 221 513 1214
145 516 222 514 1215
72 373 223 514 1215
248 502 225 514 1215
46 513 226 514 1215
318 517 227 514 1215
67 457 223 514 1215
646 503 223 514 1215
248 503 227 515 1216
46 514 227 515 1216
318 518 228 515 1216
721 509 221 515 1216
67 458 223 515 1216
72 375 225 516 1217
248 504 235 516 1217
318 519 221 516 1217
237 521 221 516 1217
67 460 221 517 1218
67 461 223 518 1219
248 507 222 519 1220
81 514 221 519 1220
67 462 225 519 1220
248 508 230 520 1221
248 513 221 525 1226
318 530 223 527 1228
248 519 231 530 1231
248 521 221 532 1233
67 476 221 533 1234
646 522 223 533 1234
248 522 221 533 1234
67 477 225 534 1235
67 478 235 535 1236
248 524 221 535 1236
67 479 231 536 1237
67 480 229 537 1238
248 526 222 537 1238
318 541 221 537 1238
67 481 228 538 1239
248 527 223 538 1239
318 542 221 538 1239
67 482 227 539 1240
248 528 223 539 1240
318 543 222 539 1240
67 483 229 540 1241
248 529 222 540 1241
67 484 227 541 1242
646 530 225 541 1242
67 485 227 542 1243
646 531 223 542 1243
248 531 233 542 1243
67 486 224 543 1244
237 548 221 543 1244
248 532 230 543 1244
46 543 227 544 1245
81 539 231 544 1245
384 554 221 544 1245
67 487 239 544 1245
145 547 221 544 1245
646 533 226 544 1245
248 533 227 544 1245
318 548 226 544 1245
81 540 225 545 1246
67 488 233 545 1246
237 550 223 545 1246
646 534 221 545 1246
262 8 221 545 1246
72 3 223 545 1246
318 549 233 545 1246
46 545 227 546 1247
81 541 229 546 1247
67 489 241 546 1247
646 535 225 546 1247
283 244 221 546 1247
248 535 230 546 1247
67 490 222 547 1248
248 536 231 547 1248
46 547 222 547 1248
646 537 222 548 1249
248 537 227 548 1249
318 552 224 548 1249
46 548 223 548 1249
237 554 221 549 1250
248 538 241 549 1250
318 553 227 549 1250
67 493 233 550 1251
646 539 222 550 1251
318 554 227 550 1251
46 550 221 550 1251
81 546 224 551 1252
67 494 233 551 1252
646 540 223 551 1252
248 540 226 551 1252
318 555 228 551 1252
67 495 228 552 1253
248 541 223 552 1253
318 556 231 552 1253
46 552 222 552 1253
67 496 230 553 1254
248 542 234 553 1254
72 11 223 553 1254
46 553 227 553 1254
646 543 228 554 1255
283 252 229 554 1255
133 571 222 554 1255
235 124 225 554 1255
248 543 237 554 1255
318 558 225 554 1255
72 12 227 554 1255
67 498 222 555 1256
248 544 222 555 1256
46 555 227 555 1256
81 551 223 555 1256
67 499 221 556 1257
237 561 221 556 1257
262 19 225 556 1257
743 478 223 556 1257
709 557 221 556 1257
676 565 239 557 1258
428 570 221 557 1258
634 565 229 557 1258
361 568 223 557 1258
262 20 226 557 1258
248 546 233 557 1258
676 566 221 558 1259
743 480 237 558 1259
28 559 230 559 1260
743 481 221 559 1260
558 554 225 563 1264
565 571 226 564 1265
459 554 223 564 1265
262 27 227 564 1265
103 580 235 565 1266
644 568 239 566 1267
426 549 224 566 1267
535 520 221 566 1267
426 550 223 567 1268
644 570 222 568 1269
694 224 233 568 1269
426 551 225 568 1269
535 522 223 568 1269
98 572 221 568 1269
644 571 227 569 1270
694 225 237 569 1270
426 552 235 569 1270
98 573 222 569 1270
694 226 223 570 1271
426 553 221 570 1271
644 573 221 571 1272
426 554 223 571 1272
98 575 221 571 1272
426 555 221 572 1273
426 557 221 574 1275
694 231 227 575 1276
426 558 223 575 1276
644 578 227 576 1277
426 559 230 576 1277
98 580 225 576 1277
694 233 231 577 1278
644 580 227 578 1279
644 581 221 579 1280
426 562 221 579 1280
535 533 223 579 1280
98 583 221 579 1280
644 582 225 580 1281
694 236 222 580 1281
508 497 222 581 1282
535 535 221 581 1282
644 584 225 582 1283
426 565 234 582 1283
535 536 227 582 1283
98 586 227 582 1283
694 239 233 583 1284
508 499 227 583 1284
535 537 224 583 1284
98 587 224 583 1284
694 240 233 584 1285
426 567 223 584 1285
694 241 233 585 1286
426 568 221 585 1286
694 242 226 586 1287
644 589 227 587 1288
694 243 238 587 1288
426 571 230 588 1289
644 591 227 589 1290
694 245 223 589 1290
426 572 221 589 1290
694 246 230 590 1291
508 507 221 591 1292
426 574 223 591 1292
535 545 225 591 1292
694 248 227 592 1293
535 546 226 592 1293
644 595 221 593 1294
694 249 233 593 1294
80 605 225 594 1295
694 250 228 594 1295
426 577 225 594 1295
535 548 227 595 1296
80 606 221 595 1296
694 251 231 595 1296
426 578 223 595 1296
98 599 223 595 1296
535 549 228 596 1297
80 607 221 596 1297
694 252 227 596 1297
508 512 223 596 1297
426 579 223 596 1297
535 550 227 597 1298
694 253 224 597 1298
508 513 221 597 1298
426 580 225 597 1298
98 601 225 597 1298
644 600 223 598 1299
694 254 226 598 1299
426 581 225 598 1299
535 555 221 601 1302
222 618 221 605 1306
426 592 221 609 1310
694 269 221 613 1314
694 271 223 615 1316
508 532 221 616 1317
694 276 223 620 1321
508 536 221 620 1321
508 540 222 624 1325
508 543 224 627 1328
508 544 223 628 1329
426 611 221 628 1329
508 545 223 629 1330
508 546 221 630 1331
508 547 223 631 1332
508 549 221 633 1334
508 550 221 634 1335
508 552 227 636 1337
508 553 227 637 1338
508 554 224 638 1339
80 650 223 639 1340
80 651 223 640 1341
508 557 222 641 1342
508 559 221 643 1344
426 626 225 643 1344
508 561 222 645 1346
426 629 226 646 1347
508 563 221 647 1348
508 564 221 648 1349
508 565 221 649 1350
508 566 225 650 1351
508 567 227 651 1352
763 70 223 654 1355
98 658 223 655 1356
508 571 227 655 1356
508 572 225 656 1357
508 573 221 657 1358
426 640 227 657 1358
98 661 221 658 1359
508 574 223 658 1359
426 641 226 658 1359
508 575 225 659 1360
426 642 221 659 1360
508 576 229 660 1361
426 643 223 660 1361
508 577 221 661 1362
98 665 223 662 1363
508 578 227 662 1363
694 319 223 663 1364
426 647 221 664 1365
694 322 221 666 1367
426 649 222 666 1367
98 671 227 668 1369
694 326 221 670 1371
426 653 223 670 1371
694 327 221 671 1372
694 328 224 672 1373
426 655 223 672 1373
426 656 223 673 1374
426 657 223 674 1375
426 658 222 675 1376
694 332 221 676 1377
426 660 225 677 1378
535 14 223 678 1379
426 662 221 679 1380
426 665 225 682 1383
98 686 227 683 1384
426 666 221 683 1384
80 695 223 684 1385
98 687 225 684 1385
80 696 221 685 1386
98 688 227 685 1386
535 21 223 685 1386
426 668 222 686 1387
98 689 227 686 1387
426 669 224 686 1387
694 343 224 687 1388
98 690 229 687 1388
426 670 221 688 1389
80 699 226 688 1389
98 691 225 688 1389
80 700 225 689 1390
98 692 225 689 1390
508 606 221 690 1391
426 673 221 691 1392
508 607 223 691 1392
80 703 227 692 1393
98 695 223 692 1393
80 704 221 693 1394
426 676 229 693 1394
80 705 222 694 1395
694 351 223 695 1396
98 698 223 695 1396
426 678 224 695 1396
80 707 223 696 1397
508 612 223 696 1397
426 679 223 696 1397
80 708 223 697 1398
508 613 221 697 1398
80 709 227 698 1399
80 710 227 699 1400
763 115 221 699 1400
80 711 221 700 1401
508 616 225 700 1401
80 713 222 702 1403
508 618 223 702 1403
80 714 225 702 1403
80 715 221 703 1404
80 716 224 705 1406
508 621 222 705 1406
80 717 228 705 1406
508 622 226 706 1407
426 689 221 706 1407
694 364 223 708 1409
80 720 231 708 1409
80 721 223 709 1410
80 722 221 710 1411
426 693 222 710 1411
80 723 225 711 1412
644 714 223 712 1413
80 724 225 712 1413
644 715 224 713 1414
80 725 223 713 1414
80 726 223 714 1415
426 700 223 717 1418
80 729 224 717 1418
763 133 223 717 1418
98 721 221 718 1419
694 374 227 718 1419
80 730 232 718 1419
508 635 225 719 1420
80 731 228 719 1420
80 732 224 720 1421
98 724 222 721 1422
694 377 231 721 1422
535 57 223 721 1422
80 733 227 721 1422
426 704 231 721 1422
694 378 229 722 1423
80 734 225 722 1423
426 705 223 722 1423
694 379 225 723 1424
644 725 223 723 1424
508 639 223 723 1424
535 59 221 723 1424
80 735 222 723 1424
694 380 235 724 1425
80 736 227 724 1425
426 707 221 724 1425
80 737 223 725 1426
80 738 227 726 1427
426 709 227 726 1427
763 142 221 727 1428
98 730 221 727 1428
508 643 221 727 1428
80 739 226 727 1428
426 710 225 727 1428
763 143 221 727 1428
694 384 221 728 1429
80 740 227 728 1429
426 711 229 728 1429
763 144 221 728 1429
98 732 223 729 1430
535 65 221 729 1430
80 741 223 729 1430
426 712 222 729 1430
763 145 227 730 1431
98 733 221 730 1431
694 386 226 730 1431
508 646 227 730 1431
80 742 223 730 1431
508 647 224 731 1432
80 743 223 731 1432
426 714 226 732 1433
80 744 225 732 1433
694 389 229 733 1434
535 69 225 733 1434
508 649 221 733 1434
80 745 221 733 1434
694 390 227 734 1435
508 651 221 735 1436
694 392 227 736 1437
508 652 222 736 1437
80 748 226 736 1437
80 749 227 737 1438
508 654 221 738 1439
80 750 227 738 1439
80 751 225 739 1440
80 752 227 740 1441
694 399 222 743 1444
694 400 222 744 1445
694 401 225 745 1446
80 757 221 745 1446
694 402 223 746 1447
80 758 223 746 1447
80 759 227 747 1448
694 404 221 748 1449
694 405 241 749 1450
508 665 223 749 1450
644 752 221 750 1451
694 407 221 751 1452
508 667 223 751 1452
98 755 221 752 1453
694 408 229 752 1453
763 168 221 753 1454
98 756 221 753 1454
763 171 221 756 1457
508 673 221 757 1458
508 674 221 758 1459
98 762 223 759 1460
98 763 227 760 1461
98 764 221 761 1462
763 180 221 764 1465
98 768 222 765 1466
508 681 221 765 1466
508 682 224 766 1467
98 770 221 767 1468
508 683 223 767 1468
508 687 223 771 1472
98 776 221 773 1474
508 689 221 773 1474
426 758 224 776 1477
426 759 221 777 1478
694 434 221 778 1479
426 760 221 778 1479
535 115 225 779 1480
98 788 222 785 1486
535 121 224 785 1486
535 122 221 786 1487
426 769 222 787 1488
535 123 221 787 1488
535 124 221 788 1489
98 792 221 789 1490
535 126 223 790 1491
508 706 221 790 1491
763 206 227 791 1492
426 774 229 792 1493
644 794 225 792 1493
535 128 222 792 1493
508 708 224 792 1493
694 449 223 793 1494
426 775 226 793 1494
694 451 225 795 1496
426 777 225 795 1496
98 798 223 795 1496
534 809 230 798 1499
684 526 221 798 1499
695 277 235 798 1499
497 804 223 799 1500
380 745 223 799 1500
468 807 224 800 1501
380 746 223 800 1501
741 784 225 801 1502
756 128 224 801 1502
556 8 231 802 1503
318 805 231 802 1503
498 386 227 802 1503
404 774 221 802 1503
700 667 241 802 1503
747 33 222 802 1503
508 718 221 802 1503
485 223 225 803 1504
134 162 227 803 1504
631 437 224 803 1504
470 726 225 803 1504
725 252 235 804 1505
788 775 225 804 1505
201 979 231 804 1505
556 11 233 805 1506
726 378 223 805 1506
534 816 233 805 1506
700 670 228 805 1506
533 88 228 806 1507
463 12 233 808 1509
123 796 222 808 1509
6 15 221 809 1510
732 768 235 809 1510
700 674 226 809 1510
344 810 221 810 1511
700 675 231 810 1511
700 676 228 811 1512
547 821 223 811 1512
190 593 226 811 1512
547 822 223 812 1513
700 677 225 812 1513
642 32 221 813 1514
6 20 226 814 1515
700 679 223 814 1515
190 4 230 816 1517
88 793 221 816 1517
700 681 227 816 1517
415 815 226 817 1518
311 28 235 817 1518
700 683 221 818 1519
700 684 225 819 1520
602 806 222 820 1521
700 685 239 820 1521
700 686 235 821 1522
602 808 222 822 1523
700 687 223 822 1523
280 827 229 822 1523
700 688 225 823 1524
280 828 231 823 1524
700 689 225 824 1525
280 829 233 824 1525
700 690 228 825 1526
280 830 226 825 1526
280 831 231 826 1527
280 832 235 827 1528
700 693 233 828 1529
280 833 247 828 1529
773 761 223 828 1529
190 17 221 829 1530
280 834 232 829 1530
602 816 223 829 1530
280 835 238 830 1531
280 836 247 831 1532
602 818 225 831 1532
141 227 225 832 1533
280 837 239 832 1533
700 698 237 833 1534
280 838 225 833 1534
602 820 223 833 1534
689 273 226 834 1535
700 699 237 834 1535
280 839 235 834 1535
700 700 221 835 1536
280 840 237 835 1536
700 701 229 836 1537
280 841 223 836 1537
700 702 221 837 1538
280 842 225 837 1538
700 703 226 838 1539
700 704 244 839 1540
280 844 221 839 1540
365 510 221 839 1540
55 845 223 840 1541
659 82 221 840 1541
268 734 223 840 1541
574 839 221 840 1541
121 70 235 840 1541
429 878 221 842 1543
735 482 221 842 1543
692 786 221 842 1543
561 124 224 842 1543
429 879 227 843 1544
50 837 235 843 1544
688 242 223 843 1544
549 842 229 844 1545
637 214 221 844 1545
742 738 221 844 1545
532 54 221 844 1545
235 414 223 844 1545
95 534 231 844 1545
689 284 226 844 1545
335 853 232 846 1547
171 104 225 846 1547
114 646 233 846 1547
574 846 223 847 1548
732 809 221 850 1551
732 811 221 852 1553
732 812 225 853 1554
58 527 223 853 1554
732 813 246 854 1555
732 814 227 855 1556
694 512 227 856 1557
732 815 253 856 1557
547 866 223 856 1557
265 872 227 856 1557
732 816 233 857 1558
386 453 221 857 1558
628 897 223 859 1560
97 683 229 862 1563
547 874 221 864 1565
547 875 227 865 1566
732 826 221 867 1568
386 463 221 867 1568
265 883 225 868 1569
299 375 221 868 1569
732 827 247 868 1569
732 828 229 869 1570
732 829 236 870 1571
732 830 232 871 1572
549 870 222 872 1573
732 831 223 872 1573
732 832 237 873 1574
265 889 223 873 1574
547 884 223 874 1575
732 834 225 875 1576
717 882 227 875 1576
299 383 223 876 1577
732 835 225 876 1577
717 883 222 876 1577
265 892 223 876 1577
299 384 223 877 1578
732 836 225 877 1578
717 884 225 877 1578
299 385 221 878 1579
732 837 233 878 1579
299 386 225 879 1580
732 838 223 879 1580
299 387 223 879 1580
732 839 235 880 1581
732 840 235 881 1582
299 389 221 881 1582
732 841 235 882 1583
299 390 221 882 1583
732 842 228 883 1584
700 748 231 883 1584
299 391 222 883 1584
732 843 225 884 1585
700 749 222 884 1585
299 392 226 885 1586
732 844 223 885 1586
700 750 224 885 1586
265 901 222 885 1586
299 393 227 886 1587
732 845 235 886 1587
334 824 221 886 1587
287 594 223 886 1587
265 902 231 886 1587
334 825 221 887 1588
732 847 239 888 1589
547 898 221 888 1589
265 904 221 888 1589
732 848 235 889 1590
299 397 221 890 1591
732 849 226 890 1591
732 850 231 891 1592
700 756 223 891 1592
265 907 221 891 1592
224 802 221 891 1592
732 851 229 892 1593
700 757 228 892 1593
732 852 235 893 1594
334 831 222 893 1594
700 758 229 893 1594
299 401 221 894 1595
700 759 226 894 1595
287 602 221 894 1595
732 854 233 895 1596
700 760 225 895 1596
287 603 225 895 1596
732 855 235 896 1597
700 761 244 896 1597
287 604 221 896 1597
732 856 225 897 1598
732 857 235 898 1599
700 763 235 898 1599
443 804 221 898 1599
299 406 221 899 1600
694 555 223 899 1600
732 858 241 899 1600
700 764 237 899 1600
386 495 221 899 1600
299 407 223 900 1601
732 859 239 900 1601
732 861 225 902 1603
694 559 221 903 1604
732 862 229 903 1604
732 863 235 904 1605
287 612 221 904 1605
265 920 227 905 1606
299 412 225 905 1606
732 864 233 905 1606
412 859 221 905 1606
265 921 225 905 1606
299 413 225 906 1607
64 893 221 906 1607
732 865 221 906 1607
443 812 221 906 1607
265 922 227 906 1607
299 414 221 907 1608
265 923 223 907 1608
732 867 221 908 1609
299 416 225 909 1610
265 925 225 910 1611
732 869 222 910 1611
265 926 227 910 1611
732 870 228 911 1612
732 871 239 912 1613
180 75 225 913 1614
732 872 229 913 1614
547 923 221 913 1614
386 509 225 913 1614
349 916 229 913 1614
265 929 223 913 1614
570 397 223 914 1615
732 874 233 915 1616
334 853 221 915 1616
386 511 222 915 1616
732 875 237 916 1617
700 781 235 916 1617
732 876 232 917 1618
363 350 221 917 1618
265 934 221 918 1619
732 878 229 919 1620
105 904 223 925 1626
45 595 227 927 1628
121 50 221 928 1629
429 964 228 928 1629
104 931 223 928 1629
237 149 221 928 1629
45 596 222 928 1629
429 965 222 929 1630
266 126 223 929 1630
270 432 225 930 1631
121 52 233 930 1631
237 151 223 930 1631
45 598 225 930 1631
70 145 223 930 1631
237 152 227 931 1632
270 434 233 932 1633
35 885 221 932 1633
284 942 227 932 1633
237 153 223 932 1633
266 129 225 932 1633
35 886 221 933 1634
266 130 221 933 1634
174 243 225 933 1634
70 148 225 933 1634
270 436 235 934 1635
429 970 221 934 1635
671 950 229 934 1635
121 3 223 934 1635
270 437 223 935 1636
35 888 224 935 1636
671 951 244 935 1636
237 156 227 935 1636
174 245 221 935 1636
121 4 221 935 1636
429 972 221 936 1637
104 939 223 936 1637
671 952 239 936 1637
270 439 225 936 1637
429 973 225 937 1638
671 953 254 937 1638
270 440 225 937 1638
35 891 221 938 1639
671 954 247 938 1639
121 7 223 938 1639
70 153 224 938 1639
270 441 223 938 1639
671 955 247 939 1640
266 136 221 939 1640
174 249 228 939 1640
270 442 226 939 1640
35 893 221 940 1641
671 956 246 940 1641
104 944 223 941 1642
671 957 243 941 1642
284 951 221 941 1642
237 162 227 941 1642
174 251 223 941 1642
121 10 221 941 1642
270 444 223 941 1642
671 958 239 942 1643
237 163 227 942 1643
174 252 221 942 1643
70 157 222 942 1643
429 979 223 943 1644
104 946 223 943 1644
671 959 230 943 1644
174 253 223 943 1644
70 158 224 943 1644
671 960 223 944 1645
70 159 223 944 1645
270 447 223 944 1645
429 981 224 945 1646
45 613 221 945 1646
174 255 221 945 1646
429 982 232 946 1647
70 161 222 946 1647
429 983 235 947 1648
671 963 247 947 1648
174 257 221 947 1648
70 162 221 947 1648
270 450 227 947 1648
35 901 221 947 1648
429 984 227 948 1649
671 964 243 948 1649
174 258 221 948 1649
70 163 227 948 1649
270 451 225 948 1649
35 902 221 948 1649
671 965 229 949 1650
237 170 224 949 1650
174 259 223 949 1650
70 164 222 949 1650
270 452 225 949 1650
35 903 221 949 1650
429 986 226 950 1651
671 966 233 950 1651
284 960 225 950 1651
237 171 227 950 1651
121 19 221 950 1651
70 165 225 950 1651
429 987 228 951 1652
671 967 231 951 1652
270 454 222 951 1652
429 988 235 952 1653
104 955 221 952 1653
174 262 222 952 1653
121 21 222 952 1653
70 167 221 952 1653
429 989 233 953 1654
671 969 227 953 1654
121 22 221 953 1654
429 990 237 954 1655
671 970 235 954 1655
121 23 229 954 1655
270 457 235 954 1655
429 991 225 955 1656
104 958 221 955 1656
671 971 237 955 1656
237 176 228 955 1656
121 24 221 955 1656
270 458 228 955 1656
429 992 224 956 1657
671 972 231 956 1657
284 966 223 956 1657
237 177 226 956 1657
35 910 223 956 1657
270 459 233 956 1657
429 993 232 957 1658
671 973 239 957 1658
284 967 229 957 1658
237 178 225 957 1658
270 460 231 957 1658
429 994 233 958 1659
671 974 241 958 1659
284 968 227 958 1659
237 179 223 958 1659
174 268 222 958 1659
270 461 231 958 1659
429 995 221 959 1660
671 975 240 959 1660
284 969 227 959 1660
237 180 221 959 1660
266 156 221 959 1660
35 913 224 959 1660
270 462 227 959 1660
429 996 234 960 1661
104 963 223 960 1661
671 976 237 960 1661
284 970 225 960 1661
266 157 223 960 1661
35 914 227 960 1661
270 463 227 960 1661
104 964 221 961 1662
671 977 237 961 1662
284 971 225 961 1662
237 182 225 961 1662
121 30 221 961 1662
429 998 235 962 1663
671 978 225 962 1663
121 31 223 962 1663
70 177 227 962 1663
270 465 227 962 1663
429 999 231 963 1664
671 979 237 963 1664
429 1000 239 963 1664
671 980 229 964 1665
121 33 223 964 1665
270 467 227 964 1665
429 1001 234 965 1666
671 981 231 965 1666
284 975 224 965 1666
270 468 225 965 1666
671 982 235 966 1667
270 469 225 966 1667
429 1003 221 967 1668
671 983 233 967 1668
237 188 222 967 1668
429 1004 222 968 1669
45 636 221 968 1669
270 471 224 968 1669
429 1005 225 969 1670
671 985 233 969 1670
284 979 223 969 1670
237 190 224 969 1670
429 1006 224 970 1671
284 980 223 970 1671
237 191 221 970 1671
70 185 223 970 1671
270 473 221 970 1671
429 1007 225 971 1672
671 987 229 971 1672
284 981 224 971 1672
429 1008 221 971 1672
671 988 231 972 1673
284 982 223 972 1673
70 187 221 972 1673
270 475 221 972 1673
429 1009 221 972 1673
671 989 233 973 1674
284 983 222 973 1674
429 1010 223 973 1674
284 984 224 974 1675
174 284 222 974 1675
121 43 221 974 1675
70 189 224 974 1675
429 1011 222 974 1675
671 991 222 975 1676
284 985 223 975 1676
174 285 223 975 1676
70 190 223 975 1676
429 1012 225 976 1677
671 992 223 976 1677
284 986 223 976 1677
174 286 221 976 1677
121 45 223 976 1677
70 191 223 976 1677
671 993 229 977 1678
284 987 221 977 1678
121 46 222 977 1678
70 192 221 977 1678
104 981 221 978 1679
671 994 229 978 1679
237 199 221 978 1679
121 47 221 978 1679
270 481 221 978 1679
429 1015 227 979 1680
104 982 221 979 1680
284 989 221 979 1680
237 200 221 979 1680
270 482 221 979 1680
429 1016 225 980 1681
104 983 221 980 1681
671 996 233 980 1681
284 990 223 980 1681
121 49 223 980 1681
429 1017 228 981 1682
671 997 231 981 1682
284 991 221 981 1682
429 1018 225 982 1683
671 998 229 982 1683
270 485 221 982 1683
104 986 221 983 1684
671 999 225 983 1684
237 204 225 983 1684
671 1000 222 984 1685
237 205 224 984 1685
284 995 221 985 1686
237 206 221 985 1686
104 989 221 986 1687
671 1002 229 986 1687
237 207 223 986 1687
429 1023 225 987 1688
671 1003 235 987 1688
284 997 221 987 1688
429 1024 221 988 1689
671 1004 235 988 1689
429 1025 225 989 1690
671 1005 233 989 1690
45 657 221 989 1690
174 299 223 989 1690
429 1026 221 990 1691
671 1006 233 990 1691
174 300 223 990 1691
429 1027 223 991 1692
270 494 221 991 1692
429 1028 225 992 1693
671 1008 224 992 1693
270 495 223 992 1693
429 1029 225 993 1694
237 214 221 993 1694
174 303 221 993 1694
270 496 225 993 1694
121 62 221 993 1694
429 1030 225 994 1695
671 1010 235 994 1695
270 497 222 994 1695
429 1031 225 995 1696
270 498 223 995 1696
429 1032 225 996 1697
671 1012 237 996 1697
266 193 223 996 1697
270 499 226 996 1697
671 1013 233 997 1698
671 1014 227 998 1699
266 195 221 998 1699
671 1015 227 999 1700
266 196 222 999 1700
429 1036 226 1000 1701
237 221 221 1000 1701
671 1016 234 1000 1701
671 1017 233 1001 1702
266 198 222 1001 1702
270 504 223 1002 1703
104 1005 224 1002 1703
429 1038 225 1002 1703
671 1018 233 1002 1703
237 223 223 1002 1703
266 199 222 1002 1703
121 71 221 1002 1703
270 505 223 1003 1704
104 1006 223 1003 1704
429 1039 226 1003 1704
270 506 226 1004 1705
104 1007 225 1004 1705
429 1040 226 1004 1705
671 1020 233 1004 1705
266 201 222 1004 1705
270 507 224 1005 1706
104 1008 225 1005 1706
429 1041 224 1005 1706
671 1021 233 1005 1706
266 202 222 1005 1706
270 508 221 1006 1707
104 1009 221 1006 1707
429 1042 225 1006 1707
671 1022 233 1006 1707
237 227 223 1006 1707
270 509 221 1007 1708
104 1010 223 1007 1708
671 1023 231 1007 1708
237 228 223 1007 1708
266 204 221 1007 1708
104 1011 221 1008 1709
429 1044 225 1008 1709
429 1045 227 1009 1710
671 1025 233 1009 1710
270 512 221 1010 1711
429 1046 232 1010 1711
671 1026 227 1010 1711
429 1047 227 1011 1712
270 514 225 1011 1712
104 1015 221 1012 1713
429 1048 231 1012 1713
671 1028 225 1012 1713
121 81 221 1012 1713
429 1049 230 1013 1714
671 1029 227 1013 1714
270 516 225 1014 1715
104 1017 225 1014 1715
429 1050 225 1014 1715
121 83 221 1014 1715
270 517 221 1015 1716
104 1018 224 1015 1716
429 1051 221 1015 1716
671 1031 233 1015 1716
35 969 221 1015 1716
270 518 221 1016 1717
104 1019 223 1016 1717
429 1052 223 1016 1717
671 1032 236 1016 1717
174 326 221 1016 1717
104 1020 223 1017 1718
671 1033 235 1017 1718
121 86 222 1017 1718
104 1021 221 1018 1719
429 1054 226 1018 1719
671 1034 235 1018 1719
174 328 223 1018 1719
429 1055 221 1019 1720
671 1035 237 1019 1720
429 1056 225 1020 1721
671 1036 235 1020 1721
284 1030 223 1020 1721
121 89 221 1020 1721
174 330 225 1020 1721
104 1024 224 1021 1722
671 1037 241 1021 1722
429 1058 222 1022 1723
671 1038 239 1022 1723
121 91 223 1022 1723
671 1039 227 1023 1724
121 92 222 1023 1724
429 1060 221 1024 1725
671 1040 235 1024 1725
270 527 224 1025 1726
671 1041 227 1025 1726
237 246 221 1025 1726
270 528 226 1026 1727
671 1042 235 1026 1727
266 223 221 1026 1727
671 1043 237 1027 1728
174 337 221 1027 1728
270 530 227 1028 1729
671 1044 239 1028 1729
121 97 221 1028 1729
174 338 221 1028 1729
270 531 221 1029 1730
671 1045 244 1029 1730
237 250 221 1029 1730
104 1033 221 1029 1730
270 532 223 1030 1731
671 1046 241 1030 1731
70 245 222 1030 1731
174 340 224 1030 1731
266 228 221 1031 1732
121 100 223 1031 1732
174 341 225 1031 1732
429 1068 234 1032 1733
671 1048 223 1032 1733
121 101 221 1032 1733
429 1069 237 1033 1734
270 536 226 1034 1735
429 1070 225 1034 1735
671 1050 229 1034 1735
429 1071 225 1035 1736
671 1051 223 1035 1736
270 538 222 1036 1737
284 1046 221 1036 1737
45 704 221 1036 1737
35 990 221 1037 1738
429 1073 240 1037 1738
270 539 224 1037 1738
671 1053 239 1037 1738
371 162 221 1037 1738
266 5 223 1038 1739
429 1074 234 1038 1739
270 540 221 1038 1739
671 1054 235 1038 1739
121 107 223 1038 1739
429 1075 240 1039 1740
671 1055 227 1039 1740
121 108 226 1039 1740
429 1076 227 1040 1741
284 1050 226 1040 1741
671 1057 231 1041 1742
237 262 223 1041 1742
70 256 227 1041 1742
104 1045 221 1041 1742
266 9 223 1042 1743
35 995 224 1042 1743
671 1058 225 1042 1743
237 263 232 1042 1743
70 257 223 1042 1743
174 352 223 1043 1744
266 10 225 1043 1744
237 264 233 1043 1744
284 1053 221 1043 1744
70 258 227 1043 1744
121 112 223 1043 1744
35 997 225 1044 1745
266 11 227 1044 1745
270 546 221 1044 1745
237 265 235 1044 1745
70 259 225 1044 1745
121 113 225 1044 1745
35 998 227 1045 1746
237 266 223 1045 1746
686 1034 221 1045 1746
174 355 223 1046 1747
266 13 221 1046 1747
429 1082 224 1046 1747
671 1062 225 1046 1747
237 267 228 1046 1747
45 714 221 1046 1747
174 356 227 1047 1748
237 268 225 1047 1748
174 357 227 1048 1749
266 15 227 1048 1749
237 269 223 1048 1749
285 372 221 1049 1750
266 16 225 1049 1750
237 270 235 1049 1750
174 359 223 1050 1751
237 271 233 1050 1751
174 360 223 1051 1752
237 272 235 1051 1752
174 361 223 1052 1753
237 273 233 1052 1753
237 274 223 1053 1754
76 103 223 1053 1754
104 1058 236 1054 1755
70 270 221 1055 1756
121 124 222 1055 1756
104 1059 225 1055 1756
266 23 227 1056 1757
237 277 223 1056 1757
104 1060 230 1057 1758
237 278 225 1057 1758
70 272 221 1057 1758
104 1061 229 1058 1759
429 1094 223 1058 1759
237 279 230 1058 1759
671 1074 226 1058 1759
104 1062 233 1059 1760
429 1095 231 1059 1760
237 280 226 1059 1760
104 1063 232 1059 1760
429 1096 224 1060 1761
270 562 223 1060 1761
284 1070 221 1060 1761
104 1064 225 1060 1761
266 28 226 1061 1762
429 1097 227 1061 1762
237 282 226 1061 1762
284 1071 229 1061 1762
671 1077 227 1061 1762
45 729 223 1061 1762
70 276 222 1061 1762
104 1065 222 1061 1762
429 1098 230 1062 1763
237 283 227 1062 1763
284 1072 221 1062 1763
270 565 225 1063 1764
237 284 230 1063 1764
284 1073 225 1063 1764
671 1079 223 1063 1764
104 1067 226 1063 1764
270 566 222 1064 1765
237 285 225 1064 1765
284 1074 226 1064 1765
104 1068 224 1065 1766
237 286 221 1065 1766
104 1069 227 1066 1767
35 1019 228 1066 1767
266 33 225 1066 1767
270 568 229 1066 1767
237 287 221 1066 1767
284 1076 221 1066 1767
45 734 221 1066 1767
104 1070 240 1067 1768
35 1020 227 1067 1768
429 1103 231 1067 1768
270 569 233 1067 1768
237 288 225 1067 1768
284 1077 225 1067 1768
45 735 223 1067 1768
70 282 225 1067 1768
35 1021 221 1068 1769
266 35 224 1068 1769
429 1104 233 1068 1769
237 289 221 1068 1769
284 1078 223 1068 1769
45 736 233 1068 1769
104 1072 227 1069 1770
237 290 228 1069 1770
104 1073 239 1070 1771
35 1023 228 1070 1771
429 1106 222 1070 1771
45 738 227 1070 1771
104 1074 231 1071 1772
35 1024 221 1071 1772
104 1075 233 1072 1773
270 574 223 1072 1773
284 1082 224 1072 1773
45 740 229 1072 1773
35 1026 223 1072 1773
104 1076 227 1073 1774
429 1109 233 1073 1774
270 575 222 1073 1774
237 294 223 1073 1774
284 1083 223 1073 1774
45 741 232 1073 1774
121 142 228 1073 1774
35 1027 224 1073 1774
104 1077 222 1074 1775
429 1110 224 1074 1775
237 295 223 1074 1775
70 289 227 1074 1775
121 143 225 1074 1775
35 1028 226 1075 1776
104 1078 222 1075 1776
266 42 221 1075 1776
237 296 221 1075 1776
70 290 223 1075 1776
121 144 223 1075 1776
104 1079 230 1076 1777
35 1029 228 1076 1777
429 1112 224 1076 1777
237 297 223 1076 1777
284 1086 223 1076 1777
121 145 224 1076 1777
70 291 225 1076 1777
174 386 222 1076 1777
104 1080 232 1077 1778
266 44 223 1077 1778
429 1113 226 1077 1778
70 292 223 1077 1778
104 1081 235 1078 1779
266 45 229 1078 1779
237 299 223 1078 1779
70 293 221 1078 1779
104 1082 231 1079 1780
237 300 231 1079 1780
121 148 225 1079 1780
70 294 223 1079 1780
104 1083 235 1080 1781
266 47 221 1080 1781
237 301 225 1080 1781
45 748 221 1080 1781
121 149 223 1080 1781
174 390 227 1080 1781
104 1084 228 1081 1782
35 1034 227 1081 1782
266 48 223 1081 1782
429 1117 221 1081 1782
237 302 225 1081 1782
284 1091 221 1081 1782
104 1085 229 1082 1783
237 303 233 1082 1783
266 50 221 1083 1784
429 1119 221 1083 1784
237 304 236 1083 1784
70 298 221 1083 1784
35 1037 232 1084 1785
266 51 227 1084 1785
237 305 227 1084 1785
35 1038 225 1085 1786
237 306 232 1085 1786
104 1089 233 1086 1787
237 307 222 1086 1787
429 1123 225 1087 1788
237 308 237 1087 1788
671 1103 222 1087 1788
104 1091 221 1088 1789
266 55 225 1088 1789
429 1124 232 1088 1789
237 309 229 1088 1789
671 1104 225 1088 1789
35 1042 221 1089 1790
237 310 225 1089 1790
270 591 223 1089 1790
121 158 223 1089 1790
174 399 221 1090 1791
429 1126 233 1090 1791
121 159 221 1090 1791
35 1044 222 1091 1792
429 1127 226 1091 1792
237 312 225 1091 1792
270 593 223 1091 1792
104 1095 224 1092 1793
35 1045 221 1092 1793
266 59 223 1092 1793
429 1128 228 1092 1793
284 1102 221 1092 1793
70 307 223 1092 1793
104 1096 224 1093 1794
237 314 225 1093 1794
104 1097 224 1093 1794
429 1130 227 1094 1795
237 315 235 1094 1795
45 762 223 1094 1795
174 404 223 1094 1795
104 1098 233 1094 1795
35 1048 223 1095 1796
429 1131 227 1095 1796
237 316 233 1095 1796
671 1111 221 1095 1796
121 164 221 1095 1796
104 1099 235 1095 1796
35 1049 223 1096 1797
174 406 229 1096 1797
104 1100 227 1097 1798
237 318 228 1097 1798
174 407 226 1097 1798
104 1101 221 1098 1799
35 1051 222 1098 1799
266 65 225 1098 1799
429 1134 225 1098 1799
237 319 223 1098 1799
174 408 221 1098 1799
104 1102 235 1099 1800
35 1052 221 1099 1800
237 320 227 1099 1800
70 314 221 1099 1800
174 409 226 1099 1800
104 1103 237 1100 1801
429 1136 229 1100 1801
104 1104 233 1101 1802
35 1054 222 1101 1802
266 68 226 1101 1802
429 1137 223 1101 1802
237 322 230 1101 1802
671 1117 225 1101 1802
70 316 225 1101 1802
104 1105 235 1101 1802
35 1055 227 1102 1803
429 1138 227 1102 1803
237 323 223 1102 1803
671 1118 221 1102 1803
70 317 225 1102 1803
174 412 223 1102 1803
104 1106 235 1102 1803
35 1056 229 1103 1804
429 1139 226 1103 1804
671 1119 227 1103 1804
70 318 221 1103 1804
174 413 223 1103 1804
104 1107 233 1103 1804
429 1140 237 1104 1805
237 325 229 1104 1805
671 1120 229 1104 1805
104 1108 235 1104 1805
429 1141 223 1105 1806
237 326 223 1105 1806
270 607 221 1105 1806
671 1121 234 1105 1806
104 1109 235 1105 1806
266 73 221 1106 1807
429 1142 227 1106 1807
671 1122 223 1106 1807
70 321 222 1106 1807
174 416 222 1106 1807
121 175 226 1106 1807
104 1110 223 1106 1807
266 74 223 1107 1808
45 775 223 1107 1808
104 1111 236 1107 1808
35 1061 223 1108 1809
270 610 223 1108 1809
104 1112 233 1108 1809
35 1062 223 1109 1810
270 611 225 1109 1810
104 1113 231 1109 1810
237 331 223 1110 1811
270 612 225 1110 1811
104 1114 225 1110 1811
237 332 227 1111 1812
270 613 225 1111 1812
284 1121 222 1111 1812
104 1115 231 1111 1812
237 333 221 1112 1813
270 614 225 1112 1813
104 1116 240 1112 1813
266 80 230 1112 1813
429 1149 229 1113 1814
270 615 224 1113 1814
237 334 237 1113 1814
104 1117 221 1113 1814
429 1150 228 1114 1815
237 335 229 1114 1815
45 782 223 1114 1815
104 1118 243 1114 1815
35 1068 221 1114 1815
429 1151 234 1115 1816
284 1125 229 1115 1816
45 783 221 1115 1816
104 1119 233 1115 1816
35 1069 225 1115 1816
429 1152 223 1116 1817
237 337 225 1116 1817
284 1126 229 1116 1817
45 784 225 1116 1817
104 1120 245 1116 1817
429 1153 223 1117 1818
237 338 224 1117 1818
284 1127 227 1117 1818
70 332 221 1117 1818
45 785 225 1117 1818
104 1121 241 1117 1818
266 85 223 1117 1818
429 1154 230 1118 1819
284 1128 236 1118 1819
45 786 229 1118 1819
104 1122 240 1118 1819
266 86 223 1118 1819
237 340 227 1119 1820
284 1129 227 1119 1820
70 334 225 1119 1820
45 787 223 1119 1820
104 1123 241 1119 1820
429 1156 229 1120 1821
270 622 223 1120 1821
237 341 226 1120 1821
284 1130 236 1120 1821
45 788 227 1120 1821
104 1124 227 1120 1821
671 1137 221 1121 1822
121 190 233 1121 1822
429 1158 221 1122 1823
270 624 223 1122 1823
671 1138 221 1122 1823
45 790 222 1122 1823
121 191 235 1122 1823
104 1126 235 1123 1824
266 90 221 1123 1824
35 1076 222 1123 1824
429 1159 221 1123 1824
270 625 221 1123 1824
671 1139 221 1123 1824
45 791 228 1123 1824
104 1127 237 1124 1825
121 192 240 1124 1825
671 1140 221 1124 1825
70 339 225 1124 1825
104 1128 234 1125 1826
121 193 233 1125 1826
45 793 223 1125 1826
104 1129 236 1126 1827
121 194 225 1126 1827
266 93 221 1126 1827
429 1162 223 1126 1827
284 1136 225 1126 1827
237 347 225 1126 1827
671 1142 221 1126 1827
70 341 223 1126 1827
121 195 227 1127 1828
266 94 225 1127 1828
104 1130 229 1127 1828
70 342 221 1127 1828
266 95 222 1128 1829
237 349 223 1128 1829
671 1144 221 1128 1829
104 1132 225 1129 1830
429 1165 231 1129 1830
284 1140 221 1130 1831
70 345 221 1130 1831
104 1134 223 1131 1832
270 633 225 1131 1832
429 1167 225 1131 1832
237 352 221 1131 1832
104 1135 222 1132 1833
270 634 223 1132 1833
429 1168 235 1132 1833
104 1136 223 1133 1834
237 354 225 1133 1834
270 636 221 1134 1835
104 1138 239 1135 1836
270 637 221 1135 1836
76 185 223 1135 1836
121 204 222 1136 1837
104 1139 237 1136 1837
104 1140 231 1137 1838
70 352 221 1137 1838
121 206 221 1138 1839
266 106 221 1139 1840
266 107 221 1140 1841
104 1143 224 1140 1841
70 355 221 1140 1841
104 1145 224 1142 1843
429 1178 222 1142 1843
237 363 221 1142 1843
284 1152 223 1142 1843
671 1158 225 1142 1843
742 1036 225 1142 1843
266 110 225 1143 1844
429 1179 236 1143 1844
671 1159 225 1143 1844
70 358 221 1143 1844
45 811 221 1143 1844
270 646 221 1144 1845
429 1180 225 1144 1845
671 1160 222 1144 1845
121 213 225 1145 1846
429 1181 230 1145 1846
671 1161 221 1145 1846
270 648 227 1146 1847
429 1182 221 1146 1847
270 649 224 1147 1848
429 1184 221 1148 1849
266 116 225 1149 1850
70 364 223 1149 1850
70 365 221 1150 1851
70 367 225 1152 1853
266 120 222 1153 1854
429 1190 239 1154 1855
671 1171 227 1155 1856
429 1192 221 1156 1857
266 124 223 1157 1858
429 1193 222 1157 1858
671 1175 236 1159 1860
414 1171 224 1163 1864
616 979 224 1163 1864
495 1157 223 1163 1864
527 1171 224 1164 1865
495 1158 221 1164 1865
185 351 233 1165 1866
451 1178 223 1166 1867
355 3 233 1167 1868
445 1162 233 1167 1868
700 1032 225 1167 1868
235 318 223 1168 1869
207 1162 222 1168 1869
235 319 221 1169 1870
355 5 221 1169 1870
700 1034 221 1169 1870
207 1163 227 1170 1871
235 320 224 1170 1871
700 1035 231 1170 1871
700 1036 225 1171 1872
531 61 227 1171 1872
207 1165 221 1171 1872
700 1037 223 1172 1873
531 62 227 1172 1873
207 1166 228 1172 1873
500 1158 221 1173 1874
700 1038 224 1173 1874
531 63 225 1173 1874
207 1167 224 1173 1874
700 1039 225 1174 1875
317 88 222 1174 1875
500 1160 221 1175 1876
531 65 226 1175 1876
120 681 221 1176 1877
700 1041 227 1176 1877
531 66 221 1176 1877
531 67 221 1177 1878
207 1171 221 1178 1879
500 1163 227 1178 1879
317 92 221 1178 1879
207 1172 229 1179 1880
207 1173 225 1179 1880
500 1165 223 1180 1881
531 70 227 1180 1881
207 1174 222 1180 1881
355 17 222 1181 1882
500 1166 226 1181 1882
357 278 223 1181 1882
700 1046 227 1181 1882
317 95 221 1181 1882
321 859 221 1181 1882
520 1189 221 1181 1882
531 71 221 1181 1882
355 18 223 1182 1883
700 1047 221 1182 1883
500 1168 227 1183 1884
120 688 223 1183 1884
317 97 223 1183 1884
531 73 221 1183 1884
120 689 221 1184 1885
321 862 222 1184 1885
235 335 226 1185 1886
355 21 223 1185 1886
500 1170 239 1185 1886
700 1050 225 1185 1886
317 99 227 1185 1886
321 863 223 1185 1886
355 22 221 1186 1887
500 1171 233 1186 1887
700 1051 226 1186 1887
317 100 225 1186 1887
235 337 221 1187 1888
500 1172 229 1187 1888
321 865 222 1187 1888
500 1173 221 1188 1889
235 339 227 1189 1890
445 1184 221 1189 1890
700 1054 223 1189 1890
317 103 221 1189 1890
321 867 233 1189 1890
445 1185 221 1190 1891
317 104 221 1190 1891
321 868 226 1190 1891
120 696 227 1191 1892
700 1056 223 1191 1892
317 105 222 1191 1892
531 81 227 1191 1892
357 289 225 1192 1893
700 1057 224 1192 1893
321 870 224 1192 1893
120 698 225 1193 1894
445 1188 231 1193 1894
531 83 223 1193 1894
317 107 225 1193 1894
321 871 225 1193 1894
531 84 233 1194 1895
120 700 229 1195 1896
445 1190 222 1195 1896
531 85 222 1195 1896
287 904 223 1196 1897
700 1061 225 1196 1897
321 874 226 1196 1897
531 86 234 1196 1897
355 33 221 1197 1898
500 1182 226 1197 1898
120 702 228 1197 1898
700 1062 237 1197 1898
321 875 227 1197 1898
207 1191 221 1197 1898
700 1063 221 1198 1899
321 876 225 1198 1899
700 1064 228 1199 1900
531 89 221 1199 1900
700 1065 221 1200 1901
321 878 225 1200 1901
700 1066 225 1201 1902
207 1195 222 1202 1903
287 910 221 1202 1903
500 1187 223 1202 1903
700 1067 237 1202 1903
531 92 221 1202 1903
207 1196 223 1203 1904
287 911 223 1203 1904
120 708 223 1203 1904
207 1197 221 1204 1905
287 912 227 1204 1905
355 40 229 1204 1905
321 882 226 1204 1905
531 94 225 1204 1905
700 1070 223 1205 1906
531 95 221 1205 1906
235 356 227 1206 1907
700 1072 221 1207 1908
235 358 226 1208 1909
445 1203 221 1208 1909
120 713 228 1208 1909
531 98 224 1208 1909
207 1202 222 1209 1910
700 1074 227 1209 1910
321 887 224 1209 1910
700 1075 233 1210 1911
207 1204 221 1211 1912
700 1076 223 1211 1912
700 1077 225 1212 1913
207 1206 223 1213 1914
700 1078 227 1213 1914
317 127 222 1213 1914
700 1079 231 1214 1915
700 1080 225 1215 1916
531 105 224 1215 1916
70 34 221 1215 1916
700 1081 235 1216 1917
317 130 224 1216 1917
207 1210 224 1217 1918
235 367 223 1217 1918
700 1082 227 1217 1918
531 107 222 1217 1918
317 131 224 1217 1918
235 368 237 1218 1919
700 1083 223 1218 1919
321 896 226 1218 1919
520 1226 221 1218 1919
531 108 231 1218 1919
317 132 226 1218 1919
357 316 225 1219 1920
321 897 225 1219 1920
235 370 221 1220 1921
500 1205 221 1220 1921
235 371 221 1221 1922
