257 20 231 1 682
257 21 222 2 683
529 4 228 2 683
257 22 227 3 684
780 1 237 3 684
257 23 233 4 685
609 1 224 4 685
529 6 221 4 685
780 2 232 4 685
103 1 225 4 685
609 2 225 5 686
529 7 225 5 686
780 3 223 5 686
103 2 231 5 686
780 4 234 6 687
103 3 242 6 687
257 26 222 7 688
609 4 230 7 688
103 4 231 7 688
257 27 221 8 689
609 5 231 8 689
780 6 230 8 689
103 5 223 8 689
257 28 243 9 690
609 6 242 9 690
780 7 240 9 690
103 6 247 9 690
609 7 247 10 691
529 12 222 10 691
780 8 234 10 691
103 7 227 10 691
257 30 226 11 692
609 8 222 11 692
780 9 239 11 692
609 9 233 12 693
257 31 236 12 693
780 10 237 12 693
468 1 223 12 693
609 10 230 13 694
780 11 231 13 694
609 11 225 14 695
257 33 226 14 695
780 12 233 14 695
468 3 226 14 695
103 11 231 14 695
609 12 234 15 696
468 4 225 15 696
103 12 223 15 696
780 14 225 16 697
468 5 223 16 697
103 13 226 16 697
609 14 221 17 698
529 19 223 17 698
780 15 235 17 698
529 20 225 18 699
780 16 227 18 699
468 7 227 18 699
103 15 223 18 699
529 21 227 19 700
529 22 225 20 701
780 18 222 20 701
468 9 228 20 701
103 17 228 20 701
529 23 223 21 702
780 19 223 21 702
468 10 230 21 702
780 20 222 22 703
257 42 221 23 704
529 25 223 23 704
780 21 225 23 704
468 12 221 23 704
103 20 225 23 704
780 22 226 24 705
468 13 223 24 705
103 21 227 24 705
529 27 226 25 706
780 23 229 25 706
468 14 228 25 706
529 28 224 26 707
780 24 227 26 707
468 15 233 26 707
529 29 224 27 708
780 25 229 27 708
103 24 221 27 708
257 47 221 28 709
780 26 225 28 709
468 17 227 28 709
257 48 221 29 710
529 31 227 29 710
780 27 229 29 710
468 18 230 29 710
529 32 223 30 711
780 28 224 30 711
468 19 225 30 711
529 33 222 31 712
780 30 223 32 713
468 21 225 32 713
529 35 223 33 714
780 31 222 33 714
609 31 221 34 715
529 36 225 34 715
780 32 222 34 715
529 37 221 35 716
780 33 225 35 716
238 1 226 35 716
468 24 221 35 716
780 34 222 36 717
238 2 229 36 717
468 25 226 36 717
780 35 226 37 718
468 26 223 37 718
780 36 225 38 719
468 27 237 38 719
529 41 223 39 720
780 37 232 39 720
468 28 228 39 720
529 42 222 40 721
780 38 227 40 721
468 29 223 40 721
780 39 235 41 722
468 30 224 41 722
238 8 223 42 723
468 31 227 42 723
529 45 221 43 724
780 41 225 43 724
238 9 222 43 724
468 32 232 43 724
780 42 229 44 725
468 33 237 44 725
257 64 225 45 726
609 43 222 46 727
257 65 225 46 727
238 12 232 46 727
468 35 224 46 727
103 43 221 46 727
609 44 226 47 728
529 49 235 47 728
780 45 222 47 728
238 13 226 47 728
468 36 226 47 728
529 50 222 48 729
780 46 228 48 729
238 14 231 48 729
468 37 237 48 729
257 68 222 49 730
780 47 221 49 730
468 38 233 49 730
103 46 222 49 730
609 47 224 50 731
257 69 221 50 731
54 27 221 50 731
238 16 223 50 731
468 39 233 50 731
103 47 221 50 731
609 48 221 51 732
529 53 224 51 732
780 49 231 51 732
238 17 229 51 732
468 40 238 51 732
257 71 221 52 733
529 54 223 52 733
780 50 227 52 733
238 18 230 52 733
257 72 224 53 734
529 55 224 53 734
780 51 235 53 734
238 19 229 53 734
103 50 221 53 734
468 42 227 53 734
257 73 223 54 735
529 56 223 54 735
780 52 231 54 735
238 20 226 54 735
468 43 237 54 735
257 74 227 55 736
529 57 221 55 736
780 53 237 55 736
468 44 231 55 736
609 53 224 56 737
780 54 232 56 737
468 45 225 56 737
609 54 231 57 738
780 55 233 57 738
238 23 224 57 738
468 46 228 57 738
529 60 221 58 739
780 56 235 58 739
238 24 224 58 739
468 47 225 58 739
780 57 235 59 740
238 25 224 59 740
103 56 222 59 740
468 48 226 59 740
529 62 221 60 741
780 58 223 60 741
238 26 222 60 741
257 80 225 61 742
780 59 229 61 742
238 27 221 61 742
529 64 223 62 743
780 60 235 62 743
468 51 235 62 743
103 59 223 62 743
529 65 227 63 744
780 61 230 63 744
468 52 230 63 744
103 60 223 63 744
529 66 226 64 745
238 30 223 64 745
103 61 223 64 745
257 84 222 65 746
529 67 227 65 746
780 63 233 65 746
609 1 231 65 746
257 85 221 66 747
780 64 227 66 747
238 32 221 66 747
468 55 223 66 747
238 33 224 67 748
468 56 230 67 748
103 64 223 67 748
529 70 223 68 749
780 66 225 68 749
609 4 221 68 749
468 57 224 68 749
780 67 237 69 750
609 5 229 69 750
468 58 227 69 750
529 72 223 70 751
780 68 229 70 751
238 36 239 70 751
103 67 230 70 751
609 6 229 70 751
780 69 239 71 752
238 37 237 71 752
103 68 223 71 752
609 7 236 71 752
468 60 222 71 752
529 74 225 72 753
780 70 247 72 753
238 38 238 72 753
609 8 235 72 753
103 69 226 72 753
468 61 221 72 753
780 71 231 73 754
238 39 223 73 754
609 9 235 73 754
103 70 232 73 754
257 93 226 74 755
780 72 235 74 755
609 10 237 74 755
103 71 222 74 755
529 77 225 75 756
780 73 235 75 756
238 41 225 75 756
609 11 247 75 756
780 74 237 76 757
238 42 228 76 757
609 12 237 76 757
103 73 234 76 757
468 65 229 76 757
257 96 223 77 758
780 75 241 77 758
238 43 231 77 758
103 74 231 77 758
468 66 223 77 758
780 76 227 78 759
238 44 231 78 759
609 14 233 78 759
468 67 227 78 759
103 75 229 78 759
529 81 222 79 760
257 2 233 79 760
780 77 249 79 760
238 45 233 79 760
609 15 227 79 760
468 68 223 79 760
103 76 227 79 760
257 3 224 80 761
780 78 221 80 761
238 46 222 80 761
609 16 237 80 761
468 69 229 80 761
103 77 233 80 761
529 83 227 81 762
257 4 226 81 762
780 79 241 81 762
238 47 231 81 762
609 17 235 81 762
103 78 233 81 762
468 70 222 81 762
529 84 225 82 763
780 80 234 82 763
609 18 223 82 763
468 71 227 82 763
257 6 239 83 764
780 81 240 83 764
609 19 227 83 764
257 7 233 84 765
780 82 244 84 765
468 73 237 84 765
257 8 225 85 766
780 83 227 85 766
609 21 227 85 766
468 74 225 85 766
257 9 239 86 767
780 84 236 86 767
193 62 223 87 768
529 89 224 87 768
780 85 242 87 768
780 86 241 88 769
609 24 242 88 769
780 87 236 89 770
780 88 227 90 771
238 56 222 90 771
780 89 235 91 772
238 57 232 91 772
780 90 231 92 773
238 58 237 92 773
609 28 237 92 773
103 89 238 92 773
671 90 222 93 774
126 87 232 94 775
780 92 247 94 775
609 30 227 94 775
661 37 222 95 776
481 87 230 95 776
780 93 231 95 776
423 74 223 95 776
780 94 235 96 777
507 21 226 97 778
780 95 244 97 778
17 101 223 97 778
423 76 226 97 778
72 95 233 97 778
368 23 221 98 779
507 22 222 98 779
780 96 241 98 779
423 77 231 98 779
780 97 239 99 780
211 88 224 100 781
780 98 236 100 781
780 99 235 101 782
780 100 238 102 783
743 5 223 103 784
780 101 246 103 784
780 102 235 104 785
117 2 223 106 787
476 95 223 106 787
689 103 239 106 787
160 86 224 106 787
780 104 241 106 787
300 79 225 106 787
241 100 228 106 787
117 3 232 106 787
364 95 224 107 788
689 104 233 107 788
6 34 225 107 788
2 90 240 107 788
160 87 224 107 788
103 104 246 107 788
117 4 231 107 788
364 96 233 108 789
689 105 226 108 789
399 93 239 108 789
6 35 227 108 789
2 91 247 108 789
160 88 239 108 789
395 28 223 108 789
300 81 225 108 789
241 102 239 108 789
103 105 233 108 789
364 97 231 109 790
689 1 225 109 790
6 36 224 109 790
160 89 230 109 790
780 107 225 109 790
395 29 241 109 790
241 103 223 109 790
103 106 235 109 790
117 6 226 110 791
689 2 229 110 791
141 86 222 110 791
2 93 231 110 791
780 108 233 110 791
160 90 235 110 791
241 104 228 110 791
103 107 224 110 791
689 3 225 111 792
141 87 232 111 792
399 96 230 111 792
6 38 223 111 792
160 91 225 111 792
780 109 221 111 792
241 105 231 111 792
103 108 244 111 792
364 100 224 111 792
399 97 233 112 793
2 95 233 112 793
780 110 223 112 793
160 92 245 112 793
241 106 229 112 793
103 109 244 112 793
364 101 224 112 793
689 5 221 113 794
399 98 226 113 794
2 96 226 113 794
780 111 225 113 794
160 93 235 113 794
395 33 223 113 794
241 107 228 113 794
103 110 247 113 794
364 102 227 113 794
689 6 226 114 795
6 41 227 114 795
2 97 221 114 795
780 112 221 114 795
160 94 231 114 795
241 108 235 114 795
103 111 248 114 795
364 103 221 114 795
6 42 222 115 796
160 95 236 115 796
241 109 237 115 796
103 112 242 115 796
141 92 224 116 797
399 101 223 116 797
2 99 222 116 797
6 43 223 116 797
160 96 228 116 797
241 110 231 116 797
364 105 223 116 797
103 113 243 116 797
689 9 229 117 798
141 93 225 117 798
399 102 228 117 798
6 44 223 117 798
2 100 231 117 798
160 97 240 117 798
395 37 221 117 798
241 111 234 117 798
364 106 224 117 798
103 114 239 117 798
689 10 227 118 799
141 94 225 118 799
2 101 223 118 799
160 98 235 118 799
241 112 237 118 799
364 107 228 118 799
103 115 240 118 799
141 95 223 119 800
6 46 222 119 800
160 99 237 119 800
241 113 229 119 800
364 108 227 119 800
103 116 245 119 800
689 12 224 120 801
664 97 224 120 801
141 96 224 120 801
6 47 224 120 801
160 100 231 120 801
241 114 234 120 801
103 117 235 120 801
664 98 225 121 802
689 13 222 121 802
141 97 230 121 802
2 104 242 121 802
160 101 237 121 802
241 115 224 121 802
364 110 223 121 802
103 118 239 121 802
689 14 225 122 803
141 98 229 122 803
6 49 226 122 803
2 105 234 122 803
160 102 243 122 803
780 120 224 122 803
241 116 231 122 803
103 119 237 122 803
117 19 225 122 803
141 99 227 123 804
6 50 221 123 804
2 106 231 123 804
160 103 223 123 804
780 121 225 123 804
241 117 222 123 804
364 112 224 123 804
103 120 239 123 804
117 20 225 123 804
689 16 223 124 805
141 100 225 124 805
6 51 234 124 805
160 104 224 124 805
2 107 243 124 805
780 122 221 124 805
241 118 225 124 805
364 113 225 124 805
103 121 239 124 805
689 17 227 125 806
664 102 223 125 806
141 101 228 125 806
241 119 225 125 806
103 122 242 125 806
664 103 225 126 807
6 53 224 126 807
160 106 241 126 807
2 109 224 126 807
241 120 223 126 807
364 115 223 126 807
103 123 232 126 807
117 23 226 127 808
141 103 232 127 808
664 104 221 127 808
6 54 225 127 808
160 107 239 127 808
780 125 229 127 808
395 47 223 127 808
241 121 225 127 808
364 116 237 127 808
103 124 237 127 808
689 20 222 128 809
664 105 225 128 809
2 111 221 128 809
160 108 237 128 809
395 48 223 128 809
241 122 228 128 809
364 117 223 128 809
103 125 233 128 809
117 25 225 129 810
141 105 235 129 810
689 21 221 129 810
664 106 225 129 810
399 114 224 129 810
6 56 225 129 810
160 109 237 129 810
780 127 240 129 810
395 49 223 129 810
241 123 225 129 810
103 126 239 129 810
117 26 221 130 811
141 106 231 130 811
689 22 227 130 811
399 115 222 130 811
6 57 239 130 811
160 110 223 130 811
780 128 223 130 811
141 107 223 131 812
664 108 223 131 812
689 23 223 131 812
399 116 222 131 812
6 58 229 131 812
103 128 248 131 812
689 24 223 132 813
103 129 223 132 813
141 109 224 133 814
689 25 221 133 814
613 27 223 133 814
399 118 226 133 814
6 60 226 133 814
160 113 227 133 814
395 53 223 133 814
300 106 223 133 814
103 130 224 133 814
117 30 221 134 815
141 110 227 134 815
664 111 223 134 815
689 26 225 134 815
6 61 221 134 815
241 128 222 134 815
103 131 224 134 815
117 31 221 135 816
613 29 221 135 816
399 120 225 135 816
241 129 229 135 816
117 32 224 136 817
689 28 222 136 817
160 116 233 136 817
241 130 221 136 817
364 125 225 136 817
117 33 226 137 818
141 113 231 137 818
689 29 239 137 818
2 120 226 137 818
780 135 227 137 818
395 57 224 137 818
399 123 231 138 819
6 65 225 138 819
2 121 233 138 819
780 136 231 138 819
103 135 233 138 819
241 132 225 138 819
613 33 221 139 820
160 119 233 139 820
6 66 225 139 820
780 137 243 139 820
395 59 228 139 820
103 136 237 139 820
364 128 227 139 820
241 133 224 139 820
141 116 224 140 821
117 36 225 140 821
664 117 227 140 821
6 67 235 140 821
780 138 223 140 821
300 113 221 140 821
395 60 226 140 821
364 129 230 140 821
117 37 225 141 822
160 121 221 141 822
780 139 253 141 822
364 130 224 141 822
103 138 225 141 822
664 119 231 142 823
780 140 240 142 823
395 62 222 142 823
241 136 225 142 823
664 120 226 143 824
689 35 224 143 824
160 123 242 143 824
780 141 225 143 824
689 36 229 144 825
160 124 248 144 825
780 142 239 144 825
141 121 235 145 826
117 41 225 145 826
664 122 230 145 826
689 37 227 145 826
2 128 225 145 826
6 72 225 145 826
780 143 239 145 826
364 134 233 145 826
141 122 227 146 827
160 126 237 146 827
6 73 225 146 827
395 66 224 146 827
160 127 248 147 828
395 67 231 147 828
160 128 231 148 829
780 146 221 148 829
395 68 222 148 829
664 126 224 149 830
141 125 221 149 830
689 41 222 149 830
399 134 237 149 830
160 129 226 149 830
780 147 223 149 830
395 69 223 149 830
689 42 222 150 831
613 44 222 150 831
399 135 221 150 831
160 130 233 150 831
780 148 224 150 831
6 77 223 150 831
364 139 228 150 831
141 127 227 151 832
689 43 241 151 832
160 131 236 151 832
780 149 221 151 832
141 128 223 152 833
689 44 223 152 833
160 132 250 152 833
780 150 247 152 833
395 72 223 152 833
664 130 223 153 834
689 45 222 153 834
160 133 237 153 834
780 151 227 153 834
395 73 222 153 834
141 130 225 154 835
160 134 247 154 835
780 152 247 154 835
664 132 223 155 836
689 47 223 155 836
780 153 246 155 836
689 48 235 156 837
160 136 231 156 837
780 154 225 156 837
6 83 222 156 837
689 49 221 157 838
399 142 225 157 838
160 137 232 157 838
780 155 229 157 838
241 151 223 157 838
103 154 223 157 838
689 50 225 158 839
399 143 225 158 839
780 156 237 158 839
6 85 221 158 839
241 152 227 158 839
103 155 228 158 839
141 135 221 159 840
689 51 229 159 840
613 53 223 159 840
160 139 228 159 840
780 157 239 159 840
6 86 232 159 840
103 156 225 159 840
141 136 223 160 841
613 54 223 160 841
399 145 227 160 841
160 140 229 160 841
2 143 247 160 841
780 158 221 160 841
689 53 223 161 842
160 141 231 161 842
2 144 240 161 842
364 150 225 161 842
689 54 227 162 843
613 56 225 162 843
399 147 229 162 843
780 160 239 162 843
613 57 225 163 844
399 148 221 163 844
160 143 222 163 844
2 146 226 163 844
780 161 250 163 844
6 90 225 163 844
103 160 224 163 844
689 56 226 164 845
613 58 221 164 845
160 144 233 164 845
2 147 222 164 845
780 162 243 164 845
6 91 228 164 845
399 150 223 165 846
160 145 237 165 846
2 148 227 165 846
395 85 221 165 846
141 142 223 166 847
399 151 224 166 847
160 146 234 166 847
780 164 241 166 847
395 86 221 166 847
103 163 221 166 847
141 143 221 167 848
689 59 230 167 848
160 147 224 167 848
2 150 221 167 848
780 165 236 167 848
689 60 235 168 849
399 153 224 168 849
160 148 235 168 849
780 166 225 168 849
6 95 223 168 849
399 154 224 169 850
160 149 224 169 850
300 142 221 169 850
395 89 224 169 850
141 146 229 170 851
117 66 221 170 851
613 64 231 170 851
399 155 231 170 851
160 150 241 170 851
6 97 221 170 851
395 90 224 170 851
103 167 221 170 851
613 65 221 171 852
160 151 222 171 852
780 169 229 171 852
395 91 222 171 852
613 66 221 172 853
117 68 221 172 853
780 170 228 172 853
6 99 221 172 853
364 161 227 172 853
103 169 235 172 853
6 100 226 173 854
780 171 241 173 854
364 162 227 173 854
103 170 228 173 854
613 68 223 174 855
399 159 222 174 855
2 157 222 174 855
780 172 228 174 855
395 94 221 174 855
399 160 223 175 856
160 155 230 175 856
6 102 221 175 856
780 173 247 175 856
364 164 224 175 856
689 68 223 176 857
399 161 222 176 857
6 103 223 176 857
780 174 242 176 857
613 71 221 177 858
399 162 225 177 858
780 175 245 177 858
613 72 222 178 859
399 163 222 178 859
2 161 222 178 859
780 176 240 178 859
780 177 245 179 860
780 178 247 180 861
2 164 222 181 862
780 179 241 181 862
2 165 226 182 863
780 180 229 182 863
689 75 230 183 864
613 77 221 183 864
141 159 227 183 864
399 168 233 183 864
780 181 223 183 864
689 76 222 184 865
141 160 222 184 865
399 169 226 184 865
2 167 222 184 865
6 111 221 184 865
241 178 225 184 865
395 104 225 184 865
364 173 224 184 865
399 170 223 185 866
780 183 228 185 866
241 179 223 185 866
395 105 225 185 866
103 182 243 185 866
364 174 227 185 866
117 82 227 186 867
780 184 245 186 867
241 180 232 186 867
395 106 223 186 867
103 183 237 186 867
613 81 221 187 868
689 79 224 187 868
141 163 224 187 868
780 185 236 187 868
103 184 239 187 868
364 176 227 187 868
117 84 223 188 869
395 108 223 188 869
103 185 235 188 869
364 177 224 188 869
399 174 222 189 870
6 116 223 189 870
780 187 229 189 870
241 183 224 189 870
395 109 223 189 870
780 188 222 190 871
241 184 221 190 871
103 187 237 190 871
364 179 226 190 871
780 189 221 191 872
395 111 221 191 872
241 185 223 191 872
103 188 224 191 872
780 190 246 192 873
241 186 237 192 873
103 189 234 192 873
364 181 222 192 873
780 191 239 193 874
395 113 224 193 874
241 187 233 193 874
364 182 222 193 874
780 192 241 194 875
300 167 223 194 875
241 188 231 194 875
103 191 234 194 875
780 193 228 195 876
6 122 223 195 876
241 189 236 195 876
103 192 226 195 876
689 88 221 196 877
780 194 232 196 877
6 123 221 196 877
395 116 222 196 877
241 190 242 196 877
103 193 243 196 877
141 173 225 197 878
689 89 222 197 878
780 195 232 197 878
241 191 241 197 878
103 194 236 197 878
364 186 222 197 878
689 90 222 198 879
160 178 232 198 879
2 181 224 198 879
780 196 241 198 879
395 118 223 198 879
241 192 235 198 879
117 95 221 199 880
160 179 243 199 880
780 197 252 199 880
6 126 226 199 880
241 193 239 199 880
103 196 221 199 880
364 188 221 199 880
117 96 223 200 881
689 92 221 200 881
399 185 222 200 881
160 180 248 200 881
780 198 246 200 881
395 120 222 200 881
241 194 238 200 881
103 197 236 200 881
364 189 225 200 881
117 97 227 201 882
689 93 222 201 882
160 181 248 201 882
780 199 245 201 882
241 195 232 201 882
103 198 235 201 882
689 94 222 202 883
160 182 253 202 883
780 200 232 202 883
6 129 225 202 883
395 122 223 202 883
241 196 230 202 883
103 199 237 202 883
689 95 226 203 884
160 183 237 203 884
2 186 226 203 884
780 201 237 203 884
6 130 224 203 884
395 123 225 203 884
241 197 229 203 884
103 200 238 203 884
613 98 227 203 884
689 96 221 204 885
117 100 226 204 885
160 184 241 204 885
780 202 232 204 885
300 177 223 204 885
395 124 226 204 885
241 198 227 204 885
103 201 235 204 885
364 193 223 204 885
117 101 222 205 886
399 190 224 205 886
780 203 237 205 886
6 132 223 205 886
241 199 235 205 886
103 202 250 205 886
364 194 229 205 886
117 102 223 206 887
160 186 225 206 887
780 204 246 206 887
103 203 227 206 887
364 195 233 206 887
160 187 227 207 888
780 205 247 207 888
300 180 223 207 888
395 127 223 207 888
241 201 221 207 888
103 204 239 207 888
399 193 221 208 889
780 206 249 208 889
6 135 221 208 889
300 181 221 208 889
241 202 237 208 889
103 205 233 208 889
364 197 222 208 889
160 189 224 209 890
780 207 240 209 890
241 203 241 209 890
103 206 231 209 890
364 198 227 209 890
160 190 231 210 891
780 208 221 210 891
395 130 222 210 891
103 207 223 210 891
160 191 235 211 892
6 138 223 211 892
395 131 223 211 892
364 200 231 211 892
160 192 225 212 893
780 210 223 212 893
2 195 224 212 893
364 201 228 212 893
160 193 224 213 894
780 211 250 213 894
2 196 224 213 894
300 186 221 213 894
395 133 232 213 894
103 210 233 213 894
241 207 222 213 894
364 202 224 213 894
399 199 221 214 895
160 194 237 214 895
780 212 241 214 895
2 197 222 214 895
395 134 231 214 895
241 208 221 214 895
103 211 223 214 895
117 111 227 215 896
780 213 223 215 896
2 198 231 215 896
103 212 231 215 896
689 108 221 216 897
160 196 222 216 897
780 214 240 216 897
241 210 222 216 897
613 111 222 217 898
689 109 222 217 898
160 197 234 217 898
780 215 246 217 898
399 203 222 218 899
160 198 236 218 899
780 216 236 218 899
2 201 223 218 899
103 215 227 218 899
613 113 222 219 900
689 111 226 219 900
160 199 237 219 900
2 202 227 219 900
241 213 221 219 900
103 216 243 219 900
399 205 225 220 901
117 116 224 220 901
780 218 247 220 901
2 203 228 220 901
780 219 225 221 902
241 215 222 221 902
103 218 221 221 902
160 202 227 222 903
780 220 239 222 903
241 216 222 222 903
117 119 224 223 904
780 221 239 223 904
395 143 222 223 904
780 222 241 224 905
2 208 227 225 906
241 219 221 225 906
613 120 226 226 907
689 118 221 226 907
399 211 228 226 907
117 122 221 226 907
780 224 224 226 907
160 206 227 226 907
300 199 221 226 907
6 153 222 226 907
689 119 225 227 908
780 225 230 227 908
780 226 246 228 909
103 225 221 228 909
780 227 233 229 910
395 149 223 229 910
103 226 221 229 910
399 215 222 230 911
780 228 230 230 911
2 213 231 230 911
6 157 225 230 911
103 227 229 230 911
141 207 225 230 911
689 123 226 231 912
780 229 231 231 912
117 127 238 231 912
2 214 223 231 912
395 151 227 231 912
103 228 241 231 912
141 208 221 231 912
613 126 222 232 913
160 212 227 232 913
117 128 221 232 913
2 215 223 232 913
300 205 223 232 913
6 159 225 232 913
395 152 227 232 913
664 210 221 232 913
103 229 230 232 913
780 231 246 233 914
6 160 221 233 914
780 232 227 234 915
241 228 224 234 915
780 233 241 235 916
2 218 223 235 916
241 229 223 235 916
103 232 225 235 916
689 128 222 236 917
300 209 223 236 917
6 163 224 236 917
395 156 223 236 917
241 230 221 236 917
103 233 247 236 917
624 240 231 237 918
689 129 226 237 918
780 235 223 237 918
160 217 226 237 918
117 133 226 237 918
2 220 223 237 918
241 231 222 237 918
689 130 227 238 919
780 236 223 238 919
160 218 221 238 919
117 134 221 238 919
241 232 221 238 919
780 237 241 239 920
160 219 228 239 920
6 166 224 239 920
364 228 223 239 920
689 132 227 240 921
399 225 231 240 921
780 238 226 240 921
160 220 228 240 921
6 167 224 240 921
395 160 223 240 921
241 234 231 240 921
103 237 237 240 921
364 229 231 240 921
399 226 224 241 922
160 221 223 241 922
2 224 223 241 922
103 238 224 241 922
141 218 224 241 922
689 134 224 242 923
117 138 221 242 923
160 222 232 242 923
2 225 232 242 923
6 169 225 242 923
395 162 232 242 923
241 236 233 242 923
103 239 245 242 923
364 231 225 242 923
141 219 231 242 923
689 135 222 243 924
399 228 222 243 924
780 241 237 243 924
117 139 235 243 924
160 223 254 243 924
241 237 238 243 924
103 240 234 243 924
689 136 237 244 925
399 229 229 244 925
780 242 231 244 925
6 171 229 244 925
241 238 227 244 925
103 241 228 244 925
364 233 226 244 925
399 230 229 245 926
780 243 223 245 926
117 141 221 245 926
664 223 227 245 926
395 165 223 245 926
103 242 237 245 926
141 222 222 245 926
689 138 223 246 927
780 244 235 246 927
117 142 223 246 927
2 229 232 246 927
6 173 223 246 927
395 166 226 246 927
241 240 225 246 927
103 243 223 246 927
780 245 224 247 928
160 227 246 247 928
2 230 225 247 928
103 244 238 247 928
780 246 243 248 929
160 228 227 248 929
399 234 223 249 930
780 247 229 249 930
160 229 238 249 930
2 232 221 249 930
6 176 223 249 930
664 227 223 249 930
241 243 240 249 930
395 169 222 249 930
103 246 228 249 930
141 226 224 249 930
364 238 237 249 930
689 142 225 250 931
399 235 231 250 931
780 248 238 250 931
117 146 223 250 931
160 230 238 250 931
300 223 227 250 931
6 177 225 250 931
664 228 222 250 931
103 247 243 250 931
364 239 226 250 931
141 227 227 250 931
399 236 222 251 932
780 249 239 251 932
160 231 233 251 932
300 224 231 251 932
241 245 229 251 932
103 248 222 251 932
364 240 232 251 932
141 228 227 251 932
689 144 224 252 933
399 237 222 252 933
780 250 245 252 933
160 232 247 252 933
300 225 221 252 933
6 179 225 252 933
241 246 222 252 933
141 229 229 252 933
689 145 236 253 934
780 251 224 253 934
300 226 225 253 934
6 180 223 253 934
103 250 225 253 934
364 242 223 253 934
141 230 226 253 934
399 239 222 254 935
780 252 221 254 935
117 150 222 254 935
160 234 233 254 935
300 227 223 254 935
103 251 221 254 935
364 243 225 254 935
689 147 224 255 936
780 253 239 255 936
160 235 234 255 936
103 252 225 255 936
141 232 223 255 936
689 148 233 256 937
780 254 226 256 937
117 152 223 256 937
160 236 232 256 937
103 253 227 256 937
780 255 233 257 938
117 153 224 257 938
300 230 229 257 938
6 184 222 257 938
241 251 227 257 938
103 254 246 257 938
141 234 225 257 938
689 150 231 258 939
399 243 222 258 939
160 238 221 258 939
300 231 229 258 939
241 252 227 258 939
103 255 238 258 939
364 247 221 258 939
780 257 225 259 940
160 239 225 259 940
103 256 244 259 940
141 236 223 259 940
689 152 222 260 941
160 240 221 260 941
103 257 233 260 941
364 249 229 260 941
117 157 225 261 942
160 241 233 261 942
395 181 223 261 942
103 258 228 261 942
689 154 221 262 943
780 260 237 262 943
117 158 227 262 943
160 242 230 262 943
103 259 229 262 943
141 239 223 262 943
689 155 235 263 944
780 261 224 263 944
117 159 221 263 944
160 243 225 263 944
2 246 221 263 944
395 183 222 263 944
141 240 223 263 944
160 244 224 264 945
103 261 231 264 945
689 157 223 265 946
160 245 222 265 946
300 238 224 265 946
689 158 224 266 947
780 264 224 266 947
160 246 225 266 947
300 239 225 266 947
141 243 221 267 948
689 159 227 267 948
780 265 228 267 948
160 247 224 267 948
103 264 223 267 948
141 244 223 268 949
689 160 223 268 949
780 266 225 268 949
117 164 223 268 949
160 248 223 268 949
6 195 222 268 949
103 265 227 268 949
2 258 221 275 956
300 248 228 275 956
395 195 222 275 956
103 272 230 275 956
689 168 225 276 957
780 274 245 276 957
160 256 223 276 957
300 249 235 276 957
241 270 223 276 957
364 265 221 276 957
141 253 221 277 958
689 169 223 277 958
780 275 241 277 958
2 260 231 277 958
160 257 223 277 958
141 254 223 278 959
780 276 239 278 959
117 174 224 278 959
2 261 222 278 959
160 258 224 278 959
300 251 236 278 959
241 272 225 278 959
395 198 225 278 959
103 275 227 278 959
364 267 222 278 959
399 264 226 279 960
780 277 236 279 960
160 259 223 279 960
241 273 222 279 960
395 199 226 279 960
141 256 221 280 961
399 265 221 280 961
780 278 227 280 961
2 263 223 280 961
300 253 229 280 961
241 274 221 280 961
395 200 224 280 961
103 277 222 280 961
689 173 222 281 962
780 279 247 281 962
2 264 223 281 962
160 261 234 281 962
395 201 222 281 962
689 174 227 282 963
780 280 243 282 963
117 178 223 282 963
2 265 221 282 963
160 262 231 282 963
300 255 227 282 963
395 202 223 282 963
103 279 227 282 963
689 175 233 283 964
399 268 221 283 964
780 281 235 283 964
300 256 224 283 964
160 263 237 283 964
395 203 224 283 964
103 280 222 283 964
689 176 225 284 965
780 282 237 284 965
160 264 228 284 965
395 204 221 284 965
103 281 221 284 965
364 273 221 285 966
141 261 221 285 966
689 177 230 285 966
399 270 221 285 966
780 283 238 285 966
2 268 225 285 966
160 265 222 285 966
395 205 224 285 966
103 282 224 285 966
141 262 225 286 967
689 178 223 286 967
780 284 233 286 967
300 259 227 286 967
160 266 224 286 967
241 280 222 286 967
395 206 221 286 967
103 283 223 286 967
689 179 233 287 968
399 272 226 287 968
780 285 239 287 968
2 270 225 287 968
300 260 228 287 968
160 267 221 287 968
103 284 221 287 968
689 180 230 288 969
399 273 222 288 969
780 286 237 288 969
117 184 225 288 969
2 271 226 288 969
300 261 235 288 969
241 282 223 288 969
395 208 223 288 969
689 181 222 289 970
399 274 227 289 970
780 287 242 289 970
117 185 226 289 970
2 272 227 289 970
160 269 226 289 970
6 216 221 289 970
395 209 227 289 970
103 286 229 290 971
141 266 228 290 971
689 182 223 290 971
780 288 245 290 971
2 273 225 290 971
160 270 221 290 971
300 263 227 290 971
103 287 224 290 971
141 267 228 291 972
689 183 222 291 972
399 276 222 291 972
780 289 242 291 972
160 271 221 291 972
300 264 228 291 972
6 218 222 291 972
395 211 221 291 972
103 288 225 291 972
141 268 225 292 973
689 184 223 292 973
399 277 223 292 973
780 290 239 292 973
160 272 222 292 973
300 265 225 292 973
395 212 226 292 973
103 289 228 292 973
141 269 221 293 974
689 185 236 293 974
780 291 238 293 974
117 189 223 293 974
2 276 228 293 974
6 220 226 293 974
395 213 229 293 974
103 290 225 293 974
364 282 222 294 975
689 186 229 294 975
780 292 239 294 975
399 279 225 294 975
117 190 222 294 975
160 274 224 294 975
2 277 224 294 975
300 267 222 294 975
6 221 222 294 975
395 214 227 294 975
103 291 232 294 975
689 187 231 295 976
399 280 225 295 976
780 293 243 295 976
117 191 225 295 976
160 275 222 295 976
395 215 226 295 976
103 292 233 295 976
364 284 221 296 977
141 272 221 296 977
780 294 246 296 977
117 192 226 296 977
2 279 222 296 977
300 269 223 296 977
241 290 222 296 977
103 293 230 296 977
141 273 226 297 978
689 189 227 297 978
780 295 247 297 978
117 193 227 297 978
160 277 224 297 978
2 280 226 297 978
300 270 223 297 978
395 217 221 297 978
103 294 224 297 978
364 286 229 298 979
141 274 224 298 979
780 296 245 298 979
399 283 225 298 979
2 281 230 298 979
300 271 221 298 979
103 295 225 298 979
780 297 243 299 980
399 284 227 299 980
117 195 224 299 980
2 282 228 299 980
241 293 222 299 980
103 296 222 299 980
364 288 221 300 981
780 298 235 300 981
399 285 224 300 981
103 297 231 300 981
689 193 223 301 982
780 299 232 301 982
399 286 221 301 982
300 274 222 301 982
780 300 221 302 983
6 229 221 302 983
689 195 221 303 984
780 301 237 303 984
6 230 221 303 984
141 280 223 304 985
780 302 235 304 985
399 289 224 304 985
2 287 224 304 985
300 277 221 304 985
780 303 234 305 986
2 288 222 305 986
300 278 223 305 986
689 198 223 306 987
160 286 223 306 987
300 279 233 306 987
6 233 224 306 987
103 303 222 306 987
689 199 239 307 988
780 305 236 307 988
160 287 235 307 988
300 280 231 307 988
780 306 237 308 989
160 288 237 308 989
117 204 221 308 989
2 291 233 308 989
300 281 233 308 989
395 228 221 308 989
141 285 223 309 990
780 307 241 309 990
160 289 235 309 990
2 292 228 309 990
300 282 233 309 990
395 229 221 309 990
689 202 227 310 991
780 308 236 310 991
2 293 225 310 991
300 283 223 310 991
780 309 233 311 992
160 291 230 311 992
300 284 221 311 992
364 300 223 312 993
399 297 221 312 993
780 310 233 312 993
160 292 229 312 993
2 295 229 312 993
300 285 239 312 993
103 309 224 313 994
141 289 223 313 994
689 205 224 313 994
780 311 237 313 994
160 293 227 313 994
2 296 234 313 994
395 233 224 313 994
141 290 226 314 995
399 299 227 314 995
780 312 247 314 995
160 294 233 314 995
2 297 222 314 995
300 287 225 314 995
103 311 228 314 995
689 207 233 315 996
141 291 224 315 996
399 300 228 315 996
780 313 241 315 996
160 295 225 315 996
2 298 226 315 996
300 288 235 315 996
103 312 229 315 996
689 208 231 316 997
399 301 221 316 997
780 314 241 316 997
160 296 229 316 997
2 299 237 316 997
300 289 237 316 997
103 313 227 316 997
689 209 223 317 998
399 302 227 317 998
780 315 239 317 998
160 297 234 317 998
2 300 235 317 998
300 290 236 317 998
241 311 221 317 998
395 237 222 317 998
103 314 228 317 998
689 210 227 318 999
780 316 236 318 999
160 298 221 318 999
2 301 230 318 999
6 245 222 318 999
664 296 221 318 999
103 315 230 318 999
689 211 226 319 1000
780 317 234 319 1000
160 299 223 319 1000
664 297 221 319 1000
103 316 224 319 1000
364 308 222 320 1001
399 305 228 320 1001
689 212 221 320 1001
780 318 234 320 1001
2 303 221 320 1001
300 293 221 320 1001
103 317 223 320 1001
780 319 233 321 1002
160 301 230 321 1002
300 294 221 321 1002
103 318 231 321 1002
399 307 221 322 1003
689 214 223 322 1003
141 298 224 322 1003
780 320 237 322 1003
117 218 223 322 1003
160 302 231 322 1003
300 295 224 322 1003
6 249 225 322 1003
103 319 233 322 1003
780 321 237 323 1004
160 303 235 323 1004
2 306 225 323 1004
300 296 233 323 1004
6 250 226 323 1004
689 216 231 324 1005
780 322 237 324 1005
117 220 223 324 1005
160 304 227 324 1005
2 307 222 324 1005
300 297 234 324 1005
6 251 227 324 1005
241 318 226 324 1005
103 321 222 324 1005
141 301 224 325 1006
780 323 237 325 1006
160 305 231 325 1006
300 298 222 325 1006
6 252 223 325 1006
395 245 226 325 1006
103 322 221 325 1006
399 311 224 326 1007
141 302 227 326 1007
780 324 224 326 1007
300 299 231 326 1007
6 253 222 326 1007
395 246 223 326 1007
103 323 225 326 1007
780 325 225 327 1008
160 307 229 327 1008
399 313 222 328 1009
141 304 222 328 1009
780 326 221 328 1009
103 325 229 328 1009
689 221 227 329 1010
780 327 223 329 1010
300 302 227 329 1010
103 327 221 330 1011
399 316 225 331 1012
780 329 225 331 1012
117 227 225 331 1012
160 311 225 331 1012
141 308 226 332 1013
780 330 239 332 1013
160 312 223 332 1013
241 326 230 332 1013
780 331 224 333 1014
780 332 242 334 1015
780 333 233 335 1016
780 334 239 336 1017
780 335 245 337 1018
780 336 245 338 1019
327 362 225 338 1019
780 337 245 339 1020
634 328 223 339 1020
72 180 227 340 1021
185 331 237 340 1021
529 204 226 340 1021
393 76 223 341 1022
673 113 237 341 1022
330 274 223 341 1022
780 339 243 341 1022
783 313 226 341 1022
38 323 231 341 1022
523 319 227 341 1022
283 20 221 341 1022
190 104 231 342 1023
373 318 237 342 1023
604 321 223 342 1023
743 244 226 342 1023
780 340 237 342 1023
10 275 231 342 1023
598 333 224 343 1024
362 329 223 343 1024
411 223 222 343 1024
251 325 227 343 1024
675 11 223 343 1024
178 336 222 343 1024
379 334 225 344 1025
719 1 221 344 1025
379 335 233 345 1026
239 329 239 345 1026
735 37 221 345 1026
178 338 243 346 1027
730 327 223 346 1027
388 336 221 346 1027
419 318 225 346 1027
544 334 222 346 1027
723 323 224 346 1027
438 60 231 346 1027
557 341 221 346 1027
730 328 225 347 1028
206 303 222 348 1029
730 329 223 348 1029
409 261 231 348 1029
419 320 243 348 1029
94 326 222 348 1029
557 343 221 348 1029
733 338 221 349 1030
730 330 246 349 1030
127 353 221 349 1030
158 38 222 349 1030
578 337 225 349 1030
165 5 225 349 1030
780 347 242 349 1030
419 321 231 349 1030
697 336 225 349 1030
723 326 228 349 1030
667 328 228 349 1030
487 32 221 349 1030
557 344 223 349 1030
730 331 223 350 1031
409 263 222 350 1031
578 338 221 350 1031
780 348 243 350 1031
419 322 235 350 1031
723 327 224 350 1031
667 329 226 350 1031
557 345 225 350 1031
602 318 226 351 1032
730 332 227 351 1032
165 7 222 351 1032
780 349 240 351 1032
419 323 233 351 1032
648 53 221 351 1032
723 328 229 351 1032
667 330 225 351 1032
557 346 226 351 1032
730 333 235 352 1033
165 8 222 352 1033
780 350 221 352 1033
419 324 237 352 1033
730 334 239 353 1034
165 9 225 353 1034
780 351 243 353 1034
419 325 237 353 1034
648 55 227 353 1034
723 330 222 353 1034
667 332 224 353 1034
557 348 229 353 1034
409 267 225 354 1035
578 342 225 354 1035
165 10 221 354 1035
780 352 231 354 1035
648 56 234 354 1035
94 332 225 354 1035
667 333 223 354 1035
723 331 223 354 1035
557 349 224 354 1035
127 359 231 355 1036
409 268 221 355 1036
165 11 223 355 1036
165 12 229 356 1037
557 351 227 356 1037
730 338 225 357 1038
165 13 226 357 1038
780 355 226 357 1038
419 329 231 357 1038
667 336 223 357 1038
638 331 222 357 1038
557 352 228 357 1038
730 339 223 358 1039
127 362 225 358 1039
165 14 226 358 1039
578 346 223 358 1039
780 356 224 358 1039
419 330 233 358 1039
648 60 227 358 1039
557 353 229 358 1039
730 340 225 359 1040
127 363 233 359 1040
158 48 221 359 1040
165 15 227 359 1040
194 334 224 359 1040
780 357 230 359 1040
238 325 223 359 1040
419 331 221 359 1040
648 61 230 359 1040
85 29 221 359 1040
94 337 223 359 1040
723 336 225 359 1040
667 338 227 359 1040
557 354 235 359 1040
143 325 222 359 1040
224 251 221 359 1040
730 341 226 360 1041
165 16 228 360 1041
648 62 224 360 1041
723 337 223 360 1041
730 342 232 361 1042
780 359 225 361 1042
419 333 224 361 1042
730 343 225 362 1043
409 275 222 362 1043
165 18 223 362 1043
780 360 228 362 1043
723 339 225 362 1043
557 357 222 362 1043
730 344 236 363 1044
780 361 225 363 1044
648 65 226 363 1044
94 341 225 363 1044
667 342 236 363 1044
723 340 221 363 1044
557 358 222 363 1044
730 345 231 364 1045
165 20 222 364 1045
780 362 223 364 1045
730 346 242 365 1046
419 337 228 365 1046
648 67 221 365 1046
667 344 223 365 1046
730 347 239 366 1047
127 370 221 366 1047
419 338 224 366 1047
780 364 224 366 1047
648 68 227 366 1047
667 345 225 366 1047
557 361 222 366 1047
730 348 226 367 1048
127 371 226 367 1048
165 23 221 367 1048
723 344 223 367 1048
730 349 233 368 1049
127 372 224 368 1049
165 24 224 368 1049
419 340 221 368 1049
780 366 221 368 1049
648 70 221 368 1049
723 345 221 368 1049
487 51 224 368 1049
730 350 231 369 1050
127 373 228 369 1050
730 351 233 370 1051
127 374 229 370 1051
165 26 223 370 1051
730 352 233 371 1052
127 375 230 371 1052
165 27 224 371 1052
723 348 223 371 1052
730 353 228 372 1053
127 376 229 372 1053
165 28 222 372 1053
648 74 225 372 1053
94 350 223 372 1053
723 349 228 372 1053
730 354 229 373 1054
409 286 221 373 1054
127 377 223 373 1054
165 29 222 373 1054
419 345 222 373 1054
730 355 234 374 1055
127 378 225 374 1055
730 356 234 375 1056
127 379 221 375 1056
419 347 221 375 1056
780 373 223 375 1056
723 352 227 375 1056
730 357 227 376 1057
127 380 223 376 1057
165 32 223 376 1057
723 353 232 376 1057
730 358 227 377 1058
127 381 233 377 1058
165 33 221 377 1058
419 349 221 377 1058
723 354 221 377 1058
730 359 237 378 1059
127 382 231 378 1059
780 376 223 378 1059
723 355 223 378 1059
730 360 234 379 1060
127 383 226 379 1060
165 35 224 379 1060
723 356 221 379 1060
780 377 223 379 1060
730 361 233 380 1061
127 384 222 380 1061
165 36 222 380 1061
780 378 224 380 1061
723 357 222 380 1061
730 362 235 381 1062
127 385 227 381 1062
419 353 221 381 1062
780 379 227 381 1062
730 363 235 382 1063
127 386 235 382 1063
165 38 222 382 1063
94 360 222 382 1063
780 380 221 382 1063
648 84 221 382 1063
730 364 232 383 1064
780 381 225 383 1064
730 365 231 384 1065
127 388 227 384 1065
419 356 221 384 1065
780 382 221 384 1065
730 366 229 385 1066
419 357 221 385 1066
648 87 221 385 1066
730 367 227 386 1067
419 358 225 386 1067
780 384 227 386 1067
127 391 235 387 1068
419 359 223 387 1068
730 369 225 388 1069
419 360 221 388 1069
780 386 226 388 1069
648 90 223 388 1069
730 370 234 389 1070
780 387 221 389 1070
648 91 222 389 1070
730 371 235 390 1071
127 394 228 390 1071
165 46 221 390 1071
419 362 221 390 1071
780 388 226 390 1071
730 372 229 391 1072
127 395 222 391 1072
94 369 221 391 1072
648 93 225 391 1072
730 373 221 392 1073
165 48 222 392 1073
780 390 221 392 1073
730 374 235 393 1074
127 397 221 393 1074
165 49 222 393 1074
780 391 225 393 1074
730 375 223 394 1075
127 398 231 394 1075
165 50 225 394 1075
419 366 232 394 1075
730 376 227 395 1076
127 399 222 395 1076
165 51 223 395 1076
419 367 221 395 1076
697 382 222 395 1076
730 377 224 396 1077
127 400 225 396 1077
648 98 221 396 1077
178 389 222 397 1078
730 378 224 397 1078
127 401 223 397 1078
648 99 223 397 1078
730 380 224 399 1080
487 82 223 399 1080
127 404 227 400 1081
127 405 225 401 1082
648 103 221 401 1082
730 383 229 402 1083
127 406 228 402 1083
780 400 221 402 1083
127 407 225 403 1084
730 384 226 403 1084
127 408 221 404 1085
730 385 227 404 1085
780 402 223 404 1085
127 409 228 405 1086
730 386 230 405 1086
730 387 222 406 1087
127 410 224 406 1087
730 388 224 407 1088
19 390 222 407 1088
780 405 222 407 1088
730 389 229 408 1089
127 412 225 408 1089
165 64 225 408 1089
730 390 222 409 1090
780 407 223 409 1090
780 408 222 410 1091
723 387 226 410 1091
730 392 226 411 1092
127 416 222 412 1093
780 410 223 412 1093
730 394 221 413 1094
648 115 222 413 1094
648 116 221 414 1095
127 419 225 415 1096
780 413 223 415 1096
648 117 223 415 1096
127 420 225 416 1097
730 399 225 418 1099
730 400 222 419 1100
165 76 221 420 1101
667 399 222 420 1101
648 123 222 421 1102
165 78 222 422 1103
730 404 223 423 1104
419 395 221 423 1104
780 421 221 423 1104
419 396 225 424 1105
780 422 224 424 1105
648 126 221 424 1105
730 406 225 425 1106
648 127 221 425 1106
648 128 221 426 1107
730 408 222 427 1108
127 431 221 427 1108
165 83 223 427 1108
419 399 224 427 1108
648 129 221 427 1108
780 426 224 428 1109
165 85 225 429 1110
165 86 225 430 1111
730 412 223 431 1112
190 194 221 431 1112
557 426 221 431 1112
730 413 223 432 1113
165 88 223 432 1113
780 430 221 432 1113
730 420 223 439 1120
127 443 223 439 1120
165 95 222 439 1120
780 437 221 439 1120
190 202 221 440 1121
127 444 225 440 1121
780 438 221 440 1121
648 142 221 440 1121
730 422 221 441 1122
127 445 233 441 1122
409 354 224 441 1122
723 418 221 441 1122
780 439 221 441 1122
697 428 223 441 1122
557 436 221 442 1123
127 446 229 442 1123
127 447 225 443 1124
165 99 222 443 1124
730 425 222 444 1125
127 448 225 444 1125
419 416 224 444 1125
723 421 221 444 1125
780 442 225 444 1125
723 422 222 445 1126
127 450 223 446 1127
165 102 221 446 1127
723 423 229 446 1127
723 424 222 447 1128
667 426 227 447 1128
723 425 235 448 1129
190 211 223 448 1129
723 426 229 449 1130
730 432 222 451 1132
723 429 225 452 1133
190 215 221 452 1133
730 434 224 453 1134
602 420 221 453 1134
780 451 221 453 1134
190 216 231 453 1134
730 435 221 454 1135
127 459 226 455 1136
723 432 221 455 1136
780 453 223 455 1136
730 437 231 456 1137
127 460 221 456 1137
723 433 226 456 1137
648 158 221 456 1137
780 454 224 456 1137
730 438 231 457 1138
178 449 221 457 1138
723 434 225 457 1138
648 159 224 457 1138
780 455 223 457 1138
730 439 228 458 1139
178 450 223 458 1139
127 462 221 458 1139
723 435 223 458 1139
648 160 223 458 1139
730 440 232 459 1140
723 436 226 459 1140
780 457 221 459 1140
730 441 225 460 1141
730 442 224 461 1142
127 465 226 461 1142
602 428 223 461 1142
419 433 221 461 1142
730 443 227 462 1143
723 439 222 462 1143
648 164 225 462 1143
780 460 225 463 1144
730 444 221 463 1144
557 457 222 463 1144
127 467 225 463 1144
723 440 221 463 1144
648 165 222 463 1144
127 468 221 464 1145
723 441 222 464 1145
730 446 224 465 1146
127 469 223 465 1146
419 437 222 465 1146
723 442 223 465 1146
730 447 225 466 1147
127 470 222 466 1147
419 438 223 466 1147
190 229 222 467 1148
127 471 223 467 1148
165 123 223 467 1148
723 444 221 467 1148
780 465 222 468 1149
648 170 225 468 1149
723 445 221 468 1149
780 466 225 469 1150
723 446 223 469 1150
648 171 221 469 1150
127 474 221 470 1151
723 447 221 470 1151
648 172 221 470 1151
190 233 222 471 1152
723 448 222 471 1152
127 476 221 472 1153
165 128 223 472 1153
780 470 225 473 1154
723 451 224 474 1155
127 479 221 475 1156
165 131 223 475 1156
165 132 225 476 1157
780 475 224 478 1159
780 476 223 479 1160
723 456 229 479 1160
127 484 223 480 1161
127 485 225 481 1162
419 454 225 482 1163
730 464 228 483 1164
780 481 221 484 1165
419 456 223 484 1165
419 457 223 485 1166
723 462 226 485 1166
519 388 223 485 1166
780 483 224 486 1167
557 480 222 486 1167
127 490 227 486 1167
165 142 221 486 1167
723 463 221 486 1167
730 468 226 487 1168
127 491 221 487 1168
165 143 221 487 1168
723 464 225 487 1168
648 189 223 487 1168
780 485 227 488 1169
578 26 223 488 1169
190 251 221 489 1170
780 486 223 489 1170
165 145 221 489 1170
723 466 223 489 1170
780 487 221 490 1171
557 484 221 490 1171
723 467 222 490 1171
730 472 225 491 1172
723 468 224 491 1172
190 254 224 492 1173
419 464 223 492 1173
557 487 222 493 1174
648 195 221 493 1174
190 256 221 494 1175
127 498 223 494 1175
638 468 224 494 1175
667 473 223 494 1175
190 257 221 495 1176
557 489 225 495 1176
127 499 221 495 1176
638 469 224 495 1176
667 474 225 495 1176
190 258 222 495 1176
557 490 222 496 1177
730 477 223 496 1177
578 34 221 496 1177
178 488 221 496 1177
127 500 225 496 1177
165 152 223 496 1177
409 409 221 496 1177
667 475 228 496 1177
780 494 227 497 1178
730 478 223 497 1178
178 489 223 497 1178
127 501 223 497 1178
165 153 226 497 1178
648 199 222 497 1178
667 476 229 497 1178
780 495 224 497 1178
127 502 222 498 1179
419 470 225 498 1179
165 154 222 498 1179
648 200 223 498 1179
638 472 221 498 1179
667 477 225 498 1179
780 496 229 498 1179
557 493 221 498 1179
578 37 221 499 1180
730 480 223 499 1180
178 491 223 499 1180
127 503 221 499 1180
419 471 227 499 1180
648 201 231 499 1180
190 262 223 499 1180
578 38 223 500 1181
730 481 221 500 1181
648 202 228 500 1181
667 479 231 500 1181
780 498 226 500 1181
190 263 222 500 1181
557 495 221 501 1182
127 505 225 501 1182
419 473 223 501 1182
667 480 221 501 1182
557 496 231 502 1183
127 506 226 502 1183
165 158 225 502 1183
648 204 223 502 1183
667 481 233 502 1183
697 489 223 502 1183
238 468 222 502 1183
190 265 221 502 1183
557 497 221 503 1184
648 205 223 503 1184
667 482 232 503 1184
419 476 229 504 1185
648 206 221 504 1185
667 483 232 504 1185
730 486 223 505 1186
780 503 222 506 1187
127 510 224 506 1187
158 195 225 506 1187
165 162 221 506 1187
409 419 224 506 1187
648 208 228 506 1187
667 485 235 506 1187
697 493 221 506 1187
730 488 225 507 1188
780 504 223 507 1188
206 462 222 507 1188
723 484 223 507 1188
730 489 229 508 1189
206 463 224 508 1189
723 485 234 508 1189
730 490 231 508 1189
578 47 222 509 1190
127 513 224 509 1190
178 501 223 509 1190
723 486 234 509 1190
165 165 227 509 1190
648 211 222 509 1190
667 488 227 509 1190
730 491 228 510 1191
127 514 222 510 1191
648 212 225 510 1191
667 489 223 510 1191
190 273 222 510 1191
730 492 222 511 1192
127 515 227 511 1192
648 213 229 511 1192
667 490 235 511 1192
190 274 221 511 1192
438 225 221 512 1193
730 493 223 512 1193
780 509 221 512 1193
723 489 225 512 1193
165 168 221 512 1193
419 484 223 512 1193
648 214 233 512 1193
667 491 231 512 1193
730 494 223 513 1194
557 507 234 513 1194
780 510 224 513 1194
723 490 222 513 1194
648 215 233 513 1194
667 492 230 513 1194
780 511 226 514 1195
557 508 227 514 1195
419 486 222 514 1195
648 216 232 514 1195
667 493 223 514 1195
730 496 223 515 1196
780 512 226 515 1196
557 509 223 515 1196
578 53 223 515 1196
667 494 227 515 1196
730 497 228 516 1197
557 510 227 516 1197
780 513 223 516 1197
127 520 221 516 1197
667 495 227 516 1197
648 218 226 516 1197
730 498 229 517 1198
557 511 221 517 1198
667 496 223 517 1198
730 499 225 518 1199
557 512 224 518 1199
723 495 231 518 1199
730 500 221 519 1200
557 513 223 519 1200
557 514 221 520 1201
143 486 223 521 1202
667 500 225 521 1202
780 519 223 522 1203
557 516 224 522 1203
730 503 235 522 1203
178 514 221 522 1203
419 494 225 522 1203
667 501 227 522 1203
648 224 228 522 1203
438 236 221 522 1203
780 520 227 523 1204
557 517 223 523 1204
730 504 238 523 1204
178 515 222 523 1204
127 527 221 523 1204
667 502 221 523 1204
648 225 224 523 1204
730 505 224 524 1205
667 503 225 524 1205
557 519 227 525 1206
557 520 233 526 1207
730 507 221 526 1207
143 491 221 526 1207
419 498 231 526 1207
667 505 223 526 1207
190 289 221 526 1207
780 524 223 527 1208
557 521 231 527 1208
730 508 236 527 1208
419 499 235 527 1208
190 290 223 527 1208
238 493 224 528 1209
780 525 228 528 1209
557 522 237 528 1209
730 509 238 528 1209
127 532 221 528 1209
374 514 223 528 1209
419 500 235 528 1209
667 507 226 528 1209
697 515 221 528 1209
190 291 223 528 1209
557 523 235 529 1210
780 526 223 529 1210
730 510 242 529 1210
374 515 223 529 1210
419 501 233 529 1210
648 231 229 529 1210
667 508 230 529 1210
190 292 226 529 1210
557 524 235 530 1211
730 511 243 530 1211
206 485 221 530 1211
419 502 234 530 1211
648 232 224 530 1211
667 509 225 530 1211
697 517 223 530 1211
190 293 222 531 1212
557 525 235 531 1212
780 528 231 531 1212
730 512 240 531 1212
206 486 222 531 1212
374 517 224 531 1212
723 508 223 531 1212
419 503 233 531 1212
487 214 221 531 1212
667 510 226 531 1212
190 294 225 531 1212
557 526 239 532 1213
730 513 243 532 1213
206 487 225 532 1213
127 536 221 532 1213
419 504 223 532 1213
648 234 225 532 1213
667 511 225 532 1213
697 519 222 532 1213
190 295 221 532 1213
557 527 234 533 1214
780 530 222 533 1214
730 514 239 533 1214
723 510 226 533 1214
419 505 222 533 1214
667 512 224 533 1214
780 531 221 534 1215
557 528 225 534 1215
730 515 224 534 1215
667 513 221 534 1215
730 516 225 535 1216
697 523 221 536 1217
438 250 225 536 1217
190 299 221 536 1217
557 531 231 537 1218
780 534 232 537 1218
730 518 229 537 1218
723 514 223 537 1218
19 520 223 537 1218
648 239 225 537 1218
667 516 224 537 1218
557 532 237 538 1219
780 535 229 538 1219
730 519 235 538 1219
648 240 225 538 1219
667 517 227 538 1219
557 533 235 539 1220
780 536 227 539 1220
730 520 221 539 1220
165 195 221 539 1220
419 511 222 539 1220
667 518 227 539 1220
224 431 232 539 1220
557 534 231 540 1221
780 537 233 540 1221
730 521 237 540 1221
165 196 221 540 1221
85 210 224 540 1221
723 517 221 540 1221
667 519 231 540 1221
224 432 229 541 1222
557 535 231 541 1222
780 538 231 541 1222
730 522 234 541 1222
206 496 225 541 1222
723 518 223 541 1222
648 243 221 541 1222
667 520 232 541 1222
557 536 226 542 1223
224 433 226 542 1223
780 539 226 542 1223
730 523 235 542 1223
206 497 225 542 1223
224 435 225 544 1225
730 525 225 544 1225
723 521 230 544 1225
419 516 225 544 1225
667 523 221 544 1225
557 539 222 545 1226
780 542 229 545 1226
178 537 223 545 1226
291 524 223 545 1226
127 549 232 545 1226
419 517 223 545 1226
544 103 223 545 1226
557 540 222 546 1227
730 527 245 546 1227
578 84 222 546 1227
127 550 226 546 1227
165 202 224 546 1227
419 518 222 546 1227
409 459 221 546 1227
557 541 224 547 1228
780 544 221 547 1228
730 528 234 547 1228
578 85 222 547 1228
178 539 223 547 1228
165 203 224 547 1228
648 249 229 547 1228
419 519 229 547 1228
409 460 222 547 1228
667 526 224 547 1228
697 534 226 547 1228
190 310 223 548 1229
557 542 228 548 1229
780 545 232 548 1229
730 529 229 548 1229
291 527 222 548 1229
127 552 229 548 1229
648 250 229 548 1229
419 520 231 548 1229
409 461 225 548 1229
94 526 222 549 1230
557 543 229 549 1230
780 546 223 549 1230
730 530 231 549 1230
291 528 221 549 1230
127 553 221 549 1230
165 205 229 549 1230
648 251 231 549 1230
667 528 224 549 1230
697 536 223 549 1230
190 312 221 549 1230
557 546 222 552 1233
730 533 235 552 1233
165 208 235 552 1233
667 531 225 552 1233
190 315 226 552 1233
697 539 225 553 1234
94 530 222 553 1234
224 444 231 553 1234
780 550 223 553 1234
557 547 239 553 1234
238 518 221 553 1234
730 534 240 553 1234
127 557 238 553 1234
648 255 225 553 1234
165 209 237 553 1234
723 530 223 553 1234
409 466 223 553 1234
667 532 229 553 1234
94 531 222 554 1235
780 551 232 554 1235
557 548 232 554 1235
730 535 235 554 1235
60 550 223 554 1235
127 558 227 554 1235
648 256 229 554 1235
165 210 237 554 1235
602 521 223 554 1235
780 552 227 555 1236
557 549 235 555 1236
238 520 222 555 1236
578 93 227 555 1236
127 559 229 555 1236
648 257 231 555 1236
165 211 229 555 1236
723 532 223 555 1236
667 534 231 555 1236
780 553 225 556 1237
557 550 233 556 1237
730 537 222 556 1237
238 521 223 556 1237
178 548 222 556 1237
127 560 228 556 1237
648 258 229 556 1237
165 212 234 556 1237
667 535 222 556 1237
697 543 226 557 1238
224 448 221 557 1238
730 538 226 557 1238
178 549 223 557 1238
127 561 225 557 1238
648 259 231 557 1238
165 213 238 557 1238
602 524 221 557 1238
419 529 228 557 1238
667 536 221 557 1238
94 535 224 558 1239
780 555 223 558 1239
557 552 227 558 1239
131 533 221 558 1239
730 539 231 558 1239
238 523 223 558 1239
578 96 229 558 1239
178 550 226 558 1239
291 537 221 558 1239
127 562 225 558 1239
648 260 229 558 1239
165 214 236 558 1239
85 228 224 558 1239
667 537 224 558 1239
780 556 223 559 1240
730 540 231 559 1240
238 524 222 559 1240
127 563 225 559 1240
648 261 229 559 1240
165 215 238 559 1240
723 536 229 559 1240
409 472 223 559 1240
419 531 227 559 1240
667 538 227 559 1240
780 557 227 560 1241
697 546 227 560 1241
730 541 236 560 1241
578 98 223 560 1241
206 515 221 560 1241
178 552 225 560 1241
127 564 225 560 1241
648 262 229 560 1241
165 216 239 560 1241
419 532 222 560 1241
667 539 227 560 1241
780 558 223 560 1241
730 542 237 561 1242
127 565 230 561 1242
648 263 228 561 1242
165 217 229 561 1242
723 538 226 561 1242
94 539 221 561 1242
780 559 223 561 1242
557 556 224 562 1243
224 453 221 562 1243
730 543 227 562 1243
178 554 222 562 1243
127 566 231 562 1243
648 264 229 562 1243
409 1 230 562 1243
165 218 235 562 1243
419 534 228 562 1243
190 325 221 562 1243
94 540 223 562 1243
224 454 221 563 1244
730 544 235 563 1244
127 567 222 563 1244
648 265 225 563 1244
165 219 225 563 1244
419 535 227 563 1244
780 561 237 563 1244
557 558 227 563 1244
697 550 231 563 1244
730 545 239 564 1245
206 519 221 564 1245
178 556 223 564 1245
374 550 222 564 1245
648 266 225 564 1245
165 220 223 564 1245
85 234 223 564 1245
419 536 225 564 1245
667 543 229 564 1245
723 541 222 564 1245
780 562 231 564 1245
224 456 223 565 1246
730 546 222 565 1246
178 557 222 565 1246
291 544 223 565 1246
648 267 221 565 1246
667 544 225 565 1246
419 537 225 565 1246
723 542 224 565 1246
94 543 221 565 1246
780 563 239 565 1246
190 328 223 565 1246
730 547 237 566 1247
733 555 221 566 1247
578 104 221 566 1247
165 222 227 566 1247
667 545 221 566 1247
419 538 222 566 1247
723 543 225 566 1247
190 329 221 567 1248
730 548 237 567 1248
409 6 221 567 1248
165 223 226 567 1248
723 544 222 567 1248
780 565 225 567 1248
94 545 221 567 1248
697 554 221 568 1249
190 330 223 568 1249
730 549 223 568 1249
127 572 225 568 1249
165 224 221 568 1249
667 547 229 568 1249
723 545 223 568 1249
419 540 227 568 1249
780 566 233 568 1249
190 331 221 569 1250
557 563 225 569 1250
730 550 221 569 1250
555 549 221 569 1250
723 546 224 569 1250
419 541 231 569 1250
544 127 224 569 1250
557 564 222 570 1251
730 551 222 570 1251
178 562 224 570 1251
127 574 226 570 1251
409 9 225 570 1251
648 272 235 570 1251
165 2 228 570 1251
419 542 221 570 1251
190 333 223 570 1251
730 552 226 571 1252
178 563 221 571 1252
648 273 227 571 1252
667 550 223 571 1252
165 3 222 571 1252
723 548 223 571 1252
419 543 225 571 1252
190 334 235 571 1252
557 566 225 571 1252
730 553 225 572 1253
291 551 226 572 1253
648 274 224 572 1253
419 544 236 572 1253
780 570 241 572 1253
557 567 225 573 1254
730 554 223 573 1254
127 577 222 573 1254
667 552 221 573 1254
723 550 221 573 1254
419 545 240 573 1254
780 571 230 573 1254
697 560 221 573 1254
190 336 224 574 1255
206 529 223 574 1255
648 276 227 574 1255
419 546 236 574 1255
493 547 240 574 1255
190 337 224 575 1256
369 560 227 575 1256
416 560 223 575 1256
411 455 228 575 1256
735 196 223 575 1256
648 277 223 575 1256
683 428 229 575 1256
276 545 231 575 1256
122 228 230 575 1256
493 548 231 575 1256
734 479 237 575 1256
735 197 222 576 1257
416 561 223 576 1257
5 565 225 576 1257
91 1 223 576 1257
683 429 222 576 1257
276 546 233 576 1257
493 549 243 576 1257
734 480 233 576 1257
411 457 221 577 1258
584 476 233 577 1258
276 547 227 577 1258
555 557 231 577 1258
493 550 246 577 1258
734 481 226 577 1258
411 458 221 578 1259
627 563 225 578 1259
276 548 222 578 1259
493 551 236 578 1259
734 482 225 578 1259
665 367 221 579 1260
716 567 223 579 1260
632 108 224 579 1260
493 552 243 579 1260
734 483 225 580 1261
555 560 224 580 1261
210 556 225 580 1261
493 553 240 580 1261
304 561 233 581 1262
470 485 228 581 1262
493 554 235 581 1262
210 557 225 581 1262
511 557 223 582 1263
304 562 231 582 1263
493 555 236 582 1263
671 579 227 583 1264
48 556 227 583 1264
696 564 221 583 1264
49 440 224 583 1264
135 568 223 583 1264
654 561 221 583 1264
206 538 228 583 1264
408 573 235 583 1264
521 741 221 583 1264
304 563 237 583 1264
307 572 228 583 1264
737 560 229 584 1265
48 557 242 584 1265
517 124 226 584 1265
308 524 237 584 1265
333 569 227 584 1265
751 6 225 584 1265
521 742 227 584 1265
372 549 233 584 1265
304 564 227 584 1265
205 290 223 584 1265
765 133 223 584 1265
683 437 221 584 1265
708 5 239 584 1265
244 567 227 584 1265
214 452 221 584 1265
229 579 223 584 1265
385 32 235 584 1265
737 561 223 584 1265
754 569 224 585 1266
675 252 223 585 1266
275 574 243 585 1266
214 453 227 585 1266
746 251 222 585 1266
754 570 225 586 1267
144 214 239 586 1267
106 34 223 586 1267
611 562 235 586 1267
469 8 235 586 1267
493 559 232 586 1267
385 34 228 587 1268
67 510 236 587 1268
769 545 224 587 1268
493 560 232 587 1268
109 551 224 588 1269
715 483 227 588 1269
475 99 225 588 1269
654 566 225 588 1269
254 405 236 588 1269
600 553 223 588 1269
493 561 238 588 1269
245 583 223 588 1269
335 576 227 589 1270
147 586 221 589 1270
147 587 221 590 1271
699 473 226 590 1271
703 563 242 591 1272
595 266 227 592 1273
703 564 225 592 1273
765 141 239 592 1273
493 565 241 592 1273
462 413 222 593 1274
765 142 227 593 1274
493 566 235 593 1274
703 566 235 594 1275
493 567 241 594 1275
703 567 237 595 1276
493 568 228 595 1276
703 568 233 596 1277
493 569 235 596 1277
703 569 233 597 1278
493 570 230 597 1278
703 570 242 598 1279
493 571 235 598 1279
67 522 223 599 1280
75 7 226 599 1280
783 571 233 599 1280
32 564 222 599 1280
75 8 237 600 1281
703 572 222 600 1281
765 149 223 600 1281
493 573 222 600 1281
671 597 224 601 1282
75 9 247 601 1282
765 150 230 601 1282
493 574 230 601 1282
75 10 233 602 1283
765 151 223 602 1283
493 575 222 602 1283
75 11 234 603 1284
493 576 223 603 1284
258 595 221 604 1285
75 12 242 604 1285
703 576 235 604 1285
245 599 224 604 1285
765 153 236 604 1285
75 13 243 605 1286
703 577 250 605 1286
765 154 223 605 1286
75 14 227 606 1287
703 578 247 606 1287
554 594 221 606 1287
75 15 243 607 1288
703 579 250 607 1288
245 602 227 607 1288
493 580 235 607 1288
765 156 221 607 1288
67 531 223 608 1289
41 596 221 608 1289
75 16 236 608 1289
703 580 225 608 1289
765 157 221 608 1289
75 17 230 609 1290
48 582 227 609 1290
245 604 225 609 1290
67 533 222 610 1291
75 18 240 610 1291
703 582 229 610 1291
765 159 224 610 1291
67 534 223 611 1292
75 19 235 611 1292
703 583 238 611 1292
765 160 239 611 1292
67 535 221 612 1293
75 20 245 612 1293
382 593 224 612 1293
703 584 236 612 1293
384 603 224 612 1293
493 585 231 612 1293
765 161 223 612 1293
75 21 243 613 1294
703 585 237 613 1294
183 599 223 613 1294
245 608 224 613 1294
493 586 230 613 1294
765 162 228 613 1294
75 22 231 614 1295
382 595 221 614 1295
703 586 233 614 1295
236 598 221 614 1295
765 163 229 614 1295
67 538 223 615 1296
75 23 233 615 1296
703 587 246 615 1296
245 610 223 615 1296
493 588 225 615 1296
765 164 222 615 1296
67 539 225 616 1297
75 24 230 616 1297
703 588 245 616 1297
245 611 229 616 1297
493 589 231 616 1297
765 165 221 616 1297
703 589 238 617 1298
493 590 230 617 1298
75 26 239 618 1299
703 590 242 618 1299
493 591 233 618 1299
765 167 222 618 1299
75 27 239 619 1300
703 591 241 619 1300
32 584 223 619 1300
493 592 222 619 1300
172 609 223 620 1301
290 611 223 620 1301
446 598 227 620 1301
75 28 233 620 1301
767 607 221 620 1301
16 284 221 620 1301
588 602 223 620 1301
464 610 225 621 1302
75 29 229 621 1302
677 125 222 621 1302
351 417 221 621 1302
107 31 221 621 1302
685 589 228 621 1302
758 602 223 621 1302
462 442 221 622 1303
765 171 223 622 1303
493 595 224 622 1303
75 31 242 623 1304
493 596 231 623 1304
765 172 221 623 1304
746 289 221 624 1305
75 32 239 624 1305
617 235 221 624 1305
703 596 223 624 1305
146 525 227 624 1305
75 33 237 625 1306
703 597 233 625 1306
493 598 224 625 1306
75 34 236 626 1307
703 598 242 626 1307
493 599 231 626 1307
75 35 231 627 1308
703 599 241 627 1308
493 600 226 627 1308
75 36 242 628 1309
703 600 247 628 1309
765 177 237 628 1309
75 37 241 629 1310
765 178 222 629 1310
493 602 237 629 1310
75 39 239 631 1312
765 180 235 631 1312
493 604 235 631 1312
75 40 230 632 1313
493 605 238 632 1313
765 181 233 632 1313
75 41 223 633 1314
703 605 234 633 1314
248 602 222 633 1314
765 182 236 633 1314
493 606 238 633 1314
67 557 221 633 1314
746 299 221 634 1315
75 42 222 634 1315
703 606 221 634 1315
462 454 225 634 1315
581 629 223 634 1315
493 607 225 634 1315
252 57 233 635 1316
756 50 229 635 1316
304 615 233 635 1316
652 615 227 635 1316
493 608 234 635 1316
304 616 233 636 1317
678 48 233 637 1318
528 45 223 637 1318
238 602 233 637 1318
291 616 223 637 1318
493 610 224 637 1318
493 611 241 638 1319
493 612 238 639 1320
754 624 224 639 1320
505 526 221 639 1320
614 620 243 640 1321
685 608 222 640 1321
493 613 237 640 1321
440 120 223 641 1322
493 614 241 641 1322
309 62 226 642 1323
153 618 221 642 1323
685 610 225 642 1323
493 615 235 642 1323
297 564 221 642 1323
761 627 222 643 1324
493 616 223 643 1324
469 15 221 644 1325
48 617 227 644 1325
153 620 223 644 1325
217 635 224 644 1325
648 346 224 644 1325
560 632 221 644 1325
493 617 222 644 1325
543 300 224 644 1325
217 636 221 645 1326
493 618 235 645 1326
48 619 223 646 1327
217 637 221 646 1327
400 452 221 646 1327
493 620 232 647 1328
153 624 223 648 1329
549 627 221 648 1329
460 353 224 648 1329
493 621 247 648 1329
789 628 223 648 1329
783 621 242 649 1330
460 354 224 649 1330
758 630 221 649 1330
493 622 236 649 1330
493 623 225 650 1331
236 634 232 651 1332
493 624 226 651 1332
493 625 222 652 1333
493 626 237 653 1334
493 627 231 654 1335
493 628 234 655 1336
493 629 241 656 1337
493 630 233 657 1338
493 631 234 658 1339
493 632 232 659 1340
493 633 245 660 1341
493 634 225 661 1342
493 635 246 662 1343
493 636 251 663 1344
701 650 224 664 1345
493 637 238 665 1346
541 357 221 665 1346
249 7 221 666 1347
701 652 221 666 1347
670 208 231 666 1347
493 639 241 666 1347
493 640 226 667 1348
249 9 223 668 1349
701 654 223 668 1349
