784 1 226 5 718
784 2 221 6 719
49 1 228 7 720
626 1 229 8 721
626 2 227 9 722
784 5 227 9 722
49 4 231 10 723
626 3 233 10 723
49 5 232 11 724
626 4 228 11 724
49 6 232 12 725
626 5 243 12 725
423 24 229 13 726
49 7 233 13 726
626 6 224 13 726
49 8 227 14 727
626 7 244 14 727
49 9 221 15 728
626 8 247 15 728
784 11 221 15 728
49 10 229 16 729
626 9 242 16 729
784 12 225 16 729
626 10 242 17 730
784 13 241 17 730
49 12 225 18 731
626 11 239 18 731
784 14 223 18 731
49 13 225 19 732
626 12 243 19 732
423 31 221 20 733
49 14 223 20 733
606 1 222 20 733
626 13 247 20 733
49 15 223 21 734
49 16 223 22 735
606 3 222 22 735
626 15 221 22 735
784 18 221 22 735
423 34 221 23 736
49 17 227 23 736
606 4 227 23 736
626 16 239 23 736
49 18 231 24 737
606 5 227 24 737
626 17 243 24 737
784 20 224 24 737
49 19 225 25 738
626 18 241 25 738
49 20 237 26 739
626 19 239 26 739
423 38 221 27 740
49 21 234 27 740
626 20 232 27 740
49 22 231 28 741
626 21 231 28 741
784 24 226 28 741
606 10 223 29 742
626 22 230 29 742
784 25 238 29 742
49 24 229 30 743
626 23 237 30 743
784 26 241 30 743
626 24 241 31 744
784 27 225 31 744
49 26 226 32 745
626 25 239 32 745
784 28 241 32 745
49 27 223 33 746
784 29 227 33 746
49 28 235 34 747
606 15 225 34 747
626 27 225 34 747
412 1 235 35 748
330 1 224 35 748
626 28 241 35 748
784 31 233 35 748
412 2 242 36 749
49 30 227 36 749
626 29 238 36 749
412 3 244 37 750
49 31 226 37 750
626 30 237 37 750
330 3 221 37 750
412 4 241 38 751
423 49 225 38 751
49 32 223 38 751
606 19 221 38 751
626 31 232 38 751
330 4 227 38 751
784 34 221 38 751
412 5 247 39 752
49 33 231 39 752
626 32 239 39 752
784 35 230 39 752
49 34 239 40 753
232 15 224 40 753
606 21 223 40 753
626 33 227 40 753
412 7 243 41 754
423 52 223 41 754
49 35 242 41 754
232 16 225 41 754
606 22 226 41 754
691 51 222 41 754
784 37 227 41 754
330 7 222 42 755
412 8 236 42 755
49 36 233 42 755
626 35 228 42 755
784 38 221 43 756
412 9 232 43 756
412 10 226 44 757
626 37 222 45 758
412 11 225 45 758
626 38 229 45 758
626 39 223 46 759
412 13 224 47 760
626 40 231 47 760
330 13 221 47 760
412 14 229 48 761
49 43 224 49 762
626 42 223 49 762
412 17 222 51 764
412 18 231 52 765
784 48 221 52 765
412 19 223 53 766
784 49 221 53 766
412 20 227 54 767
626 48 227 55 768
606 36 222 55 768
412 22 225 56 769
423 67 223 56 769
49 50 226 56 769
626 49 224 56 769
784 52 227 56 769
412 23 224 57 770
49 51 225 57 770
626 50 223 57 770
606 38 223 57 770
626 51 230 58 771
606 39 221 58 771
49 53 223 59 772
626 52 221 59 772
606 40 226 59 772
412 26 238 60 773
626 53 225 60 773
606 41 232 60 773
784 56 223 60 773
49 55 221 61 774
606 42 223 61 774
784 57 224 62 775
412 28 242 62 775
94 72 221 62 775
626 55 235 62 775
626 56 221 63 776
606 44 222 63 776
308 36 227 64 777
751 38 241 64 777
614 77 223 65 778
751 39 246 65 778
751 40 244 66 779
235 81 225 67 780
502 35 221 67 780
452 9 222 67 780
751 41 231 67 780
662 87 222 68 781
452 10 228 68 781
751 42 247 68 781
502 37 223 69 782
729 21 240 69 782
751 43 245 69 782
502 38 225 70 783
751 44 225 70 783
729 23 221 71 784
452 13 222 71 784
751 45 242 71 784
502 40 225 72 785
452 14 224 72 785
751 46 228 72 785
502 41 224 73 786
452 15 225 73 786
751 47 242 73 786
729 26 221 74 787
751 48 231 74 787
502 43 221 75 788
729 27 223 75 788
751 49 223 76 789
379 99 252 76 789
751 50 241 77 790
379 100 239 77 790
751 51 236 78 791
379 101 246 78 791
218 58 237 79 792
729 31 221 79 792
379 102 243 79 792
751 53 233 80 793
218 59 221 80 793
268 99 223 80 793
751 54 226 81 794
218 60 231 81 794
751 55 235 82 795
218 61 223 82 795
751 56 224 83 796
598 106 221 83 796
379 106 223 83 796
751 57 227 84 797
218 63 223 84 797
379 107 224 84 797
751 58 230 85 798
218 64 227 85 798
502 53 233 85 798
379 108 225 85 798
751 59 236 86 799
218 65 233 86 799
598 109 221 86 799
751 60 226 87 800
379 110 221 87 800
751 63 224 89 802
751 64 233 91 804
379 114 229 91 804
751 66 223 93 806
452 35 228 93 806
169 107 227 93 806
379 116 221 93 806
769 84 239 93 806
751 67 235 93 806
611 102 233 94 807
729 46 221 94 807
452 36 223 94 807
25 82 225 94 807
751 68 223 94 807
218 74 242 95 808
611 103 224 95 808
598 118 223 95 808
379 118 222 95 808
751 69 221 95 808
611 104 227 96 809
502 64 222 96 809
268 3 231 96 809
729 48 227 96 809
769 87 221 96 809
751 70 237 96 809
218 76 225 97 810
502 65 224 97 810
751 71 225 97 810
729 50 224 98 811
379 121 239 98 811
218 78 232 99 812
57 112 226 99 812
769 90 225 99 812
611 108 229 100 813
57 113 235 100 813
25 88 233 100 813
729 53 222 101 814
675 124 225 101 814
379 124 226 101 814
751 75 227 101 814
218 81 225 102 815
57 115 247 102 815
268 9 231 102 815
729 54 235 102 815
675 125 231 102 815
751 76 235 102 815
218 82 237 102 815
611 111 225 103 816
25 91 223 103 816
751 77 235 103 816
502 72 221 104 817
675 127 221 104 817
751 78 222 104 817
379 129 235 106 819
25 94 223 106 819
502 76 221 108 821
751 82 223 108 821
452 50 225 108 821
169 123 221 109 822
769 100 222 109 822
611 118 223 110 823
675 133 223 110 823
769 101 222 110 823
25 98 224 110 823
218 90 235 111 824
57 124 226 111 824
729 63 231 111 824
379 134 222 111 824
675 134 227 111 824
25 99 227 111 824
218 91 233 112 825
611 120 229 112 825
57 125 226 112 825
729 64 224 112 825
751 86 235 112 825
452 54 225 112 825
218 92 241 113 826
611 121 225 113 826
57 126 229 113 826
729 65 225 113 826
751 87 225 113 826
379 136 228 113 826
25 101 223 113 826
611 122 229 114 827
640 30 225 114 827
25 102 230 114 827
611 123 225 115 828
57 128 227 115 828
502 83 224 115 828
379 138 233 115 828
769 106 221 115 828
57 129 231 116 829
379 139 225 116 829
769 107 225 116 829
729 3 228 117 830
57 130 231 117 830
379 140 226 117 830
751 91 225 117 830
452 59 239 117 830
218 97 230 118 831
611 126 222 118 831
598 141 227 118 831
729 4 221 118 831
751 92 225 118 831
452 60 221 118 831
662 138 221 119 832
268 26 221 119 832
25 107 247 119 832
502 88 223 120 833
25 108 222 120 833
611 129 227 121 834
57 134 228 121 834
268 28 226 121 834
452 63 230 121 834
25 109 237 121 834
502 90 222 122 835
452 64 221 122 835
611 131 223 123 836
57 136 222 123 836
25 111 244 123 836
611 132 236 124 837
25 112 233 124 837
611 133 229 125 838
268 32 227 125 838
751 99 223 125 838
769 116 223 125 838
611 134 221 126 839
751 100 227 126 839
502 95 221 127 840
379 150 221 127 840
729 14 223 128 841
751 102 226 128 841
379 152 224 129 842
751 104 243 130 843
379 154 223 131 844
751 105 239 131 844
218 111 221 132 845
751 106 226 132 845
379 156 223 133 846
751 107 237 133 846
729 20 228 134 847
675 157 237 134 847
751 108 225 134 847
218 114 223 135 848
452 77 223 135 848
751 109 239 135 848
218 115 222 136 849
751 110 247 136 849
751 111 233 137 850
751 112 231 138 851
729 25 224 139 852
751 113 226 139 852
611 148 221 140 853
729 26 229 140 853
379 164 231 141 854
751 115 243 141 854
502 110 222 142 855
452 84 224 142 855
751 116 239 142 855
751 117 230 143 856
611 152 222 144 857
452 86 225 144 857
751 118 225 144 857
598 168 224 145 858
379 168 223 145 858
751 119 226 145 858
751 120 241 146 859
25 134 234 146 859
598 170 223 147 860
729 5 225 147 860
751 121 236 147 860
218 127 224 148 861
379 171 230 148 861
751 122 223 148 861
328 164 226 149 862
169 163 221 149 862
751 123 243 149 862
751 124 239 151 864
598 174 226 151 864
452 93 221 151 864
751 125 237 151 864
751 126 237 152 865
379 175 227 152 865
751 127 236 153 866
452 1 225 154 867
751 128 234 154 867
379 177 226 155 868
751 129 231 155 868
328 171 225 156 869
218 135 232 156 869
751 130 237 156 869
379 179 223 156 869
751 131 240 157 870
729 7 226 158 871
751 132 235 158 871
379 181 241 158 871
729 8 222 159 872
452 6 221 159 872
751 133 241 159 872
379 182 221 159 872
218 139 225 160 873
729 9 224 160 873
751 134 223 160 873
379 183 221 160 873
218 140 222 161 874
751 135 243 161 874
379 184 223 161 874
751 136 227 162 875
379 185 225 162 875
218 142 223 163 876
751 137 235 163 876
751 138 236 164 877
379 187 223 164 877
751 139 235 165 878
379 188 225 165 878
675 188 227 166 879
218 145 231 166 879
729 15 226 166 879
452 13 223 166 879
452 14 222 167 880
751 141 237 167 880
729 17 223 168 881
751 142 241 168 881
675 191 223 169 882
675 192 226 170 883
751 144 233 170 883
379 193 225 170 883
675 193 222 171 884
218 150 223 171 884
751 145 233 171 884
379 194 238 171 884
218 151 227 172 885
751 146 224 172 885
379 195 221 173 886
328 188 223 173 886
751 147 233 173 886
675 196 223 174 887
502 142 224 174 887
751 148 233 174 887
218 154 223 175 888
611 183 222 175 888
452 22 221 175 888
751 149 237 175 888
675 198 221 176 889
452 23 221 176 889
751 150 231 176 889
218 156 232 177 890
751 151 233 177 890
218 157 227 178 891
751 152 224 178 891
751 153 243 179 892
379 202 223 179 892
751 154 235 180 893
379 204 235 181 894
751 156 222 182 895
379 205 234 182 895
675 205 221 183 896
452 32 223 185 898
769 176 221 185 898
379 208 231 185 898
751 160 235 186 899
379 209 228 186 899
729 15 234 186 899
218 166 233 187 900
502 155 221 187 900
751 161 230 187 900
379 210 233 187 900
729 16 227 187 900
751 162 241 188 901
379 211 225 188 901
218 168 224 189 902
328 204 221 189 902
379 212 221 189 902
328 206 231 191 904
218 170 224 191 904
598 214 225 191 904
379 215 221 192 905
729 21 227 192 905
611 201 221 193 906
218 172 222 193 906
502 161 226 193 906
751 167 241 193 906
218 173 222 194 907
218 174 221 195 908
675 4 223 195 908
751 169 236 195 908
379 218 222 195 908
502 164 221 196 909
751 170 227 196 909
218 176 221 197 910
268 104 221 197 910
751 171 247 197 910
218 177 230 198 911
751 172 224 198 911
379 221 233 198 911
751 173 231 199 912
379 222 228 199 912
452 47 221 200 913
675 9 226 200 913
751 174 240 200 913
379 223 239 200 913
25 188 221 200 913
675 10 221 201 914
268 108 223 201 914
751 175 229 201 914
379 224 225 201 914
25 189 222 201 914
611 210 222 202 915
218 1 227 202 915
751 176 229 202 915
379 225 231 202 915
15 220 221 202 915
169 216 223 202 915
585 218 226 202 915
675 12 230 203 916
751 177 228 203 916
611 212 221 204 917
328 219 221 204 917
675 13 224 204 917
751 178 233 204 917
379 227 235 204 917
25 192 221 204 917
611 213 221 205 918
218 4 225 205 918
675 14 223 205 918
751 179 233 205 918
268 113 221 206 919
502 174 221 206 919
751 180 231 206 919
328 222 221 207 920
751 181 226 207 920
675 17 225 208 921
751 182 235 208 921
751 183 231 209 922
379 232 225 209 922
25 197 221 210 923
328 225 228 210 923
675 19 223 210 923
379 233 230 210 923
751 184 239 210 923
769 201 221 210 923
729 39 221 210 923
585 226 224 210 923
328 226 227 211 924
675 20 221 211 924
751 185 230 211 924
218 4 225 211 924
729 40 231 211 924
675 21 223 212 925
379 235 223 212 925
218 5 225 212 925
729 41 225 212 925
218 6 222 213 926
729 42 227 213 926
675 23 221 214 927
379 237 228 214 927
751 188 238 214 927
751 189 237 215 928
729 44 229 215 928
452 63 221 216 929
598 239 221 216 929
379 239 227 216 929
751 190 224 216 929
218 9 223 216 929
606 197 223 217 930
611 225 221 217 930
379 240 224 217 930
751 191 225 217 930
218 10 233 217 930
751 192 221 218 931
218 11 221 218 931
379 242 228 219 932
218 12 222 219 932
751 193 239 219 932
675 29 221 220 933
379 243 222 220 933
751 194 236 220 933
218 13 222 220 933
769 211 221 220 933
751 195 231 221 934
729 4 225 222 935
452 69 222 222 935
379 245 221 222 935
640 138 225 222 935
751 196 235 222 935
611 231 221 223 936
328 238 227 223 936
675 32 224 223 936
769 214 225 223 936
729 6 225 224 937
379 247 227 224 937
751 198 230 224 937
611 233 221 225 938
729 7 229 225 938
268 132 223 225 938
169 239 229 225 938
379 248 221 225 938
218 18 223 225 938
751 199 222 225 938
452 73 221 226 939
25 214 221 226 939
611 235 225 227 940
452 74 223 227 940
675 37 227 228 941
268 135 221 228 941
502 196 221 228 941
751 202 235 228 941
268 136 222 229 942
57 242 223 229 942
751 203 241 229 942
379 253 228 230 943
751 204 234 230 943
611 239 222 231 944
379 254 221 231 944
751 205 227 231 944
25 219 221 231 944
268 139 229 232 945
751 206 227 232 945
729 15 223 233 946
452 80 221 233 946
751 207 235 233 946
218 5 224 233 946
751 208 233 234 947
729 17 224 235 948
218 7 227 235 948
729 18 221 236 949
751 210 244 236 949
379 260 227 237 950
751 211 223 237 950
769 228 224 237 950
25 225 221 237 950
452 85 225 238 951
751 212 239 238 951
729 21 222 239 952
452 86 232 239 952
268 146 221 239 952
379 262 223 239 952
751 213 236 239 952
328 256 227 241 954
268 149 223 242 955
611 251 223 243 956
328 258 235 243 956
452 90 227 243 956
268 150 223 243 956
57 256 233 243 956
328 259 234 244 957
268 151 221 244 957
57 257 225 244 957
452 92 232 245 958
379 268 225 245 958
218 17 235 245 958
751 219 237 245 958
675 55 221 246 959
751 220 239 246 959
675 56 226 247 960
379 270 229 247 960
675 57 223 248 961
598 271 222 248 961
218 20 221 248 961
751 222 226 248 961
452 96 221 249 962
675 58 222 249 962
379 272 225 249 962
751 223 226 249 962
218 22 226 250 963
751 224 231 250 963
675 60 223 251 964
379 274 233 251 964
218 23 222 251 964
751 225 237 251 964
452 99 221 252 965
502 220 224 252 965
218 24 237 252 965
751 226 232 252 965
452 100 224 253 966
751 227 240 253 966
452 101 226 254 967
675 63 227 254 967
598 277 226 254 967
502 222 235 254 967
598 278 221 255 968
675 64 231 255 968
379 278 221 255 968
751 229 225 255 968
675 65 227 256 969
379 279 221 256 969
769 247 222 256 969
452 104 223 257 970
502 225 223 257 970
268 164 222 257 970
598 280 223 257 970
379 280 225 257 970
218 29 221 257 970
751 231 233 257 970
675 67 227 258 971
268 165 223 258 971
598 281 225 258 971
379 281 229 258 971
218 30 235 258 971
751 232 231 258 971
452 106 221 259 972
502 227 221 259 972
598 282 227 259 972
751 233 236 259 972
611 268 221 260 973
675 69 223 260 973
751 234 222 260 973
675 70 221 261 974
452 108 221 261 974
218 33 239 261 974
751 235 227 261 974
502 230 221 262 975
218 34 224 262 975
379 285 229 262 975
751 236 241 262 975
611 271 221 263 976
598 286 222 263 976
379 286 234 263 976
268 171 223 264 977
598 287 225 264 977
25 252 225 264 977
751 238 233 264 977
769 255 222 264 977
611 273 222 265 978
452 112 229 265 978
598 288 227 265 978
268 172 225 265 978
25 253 223 265 978
751 239 227 265 978
769 256 223 265 978
675 75 227 266 979
598 289 221 266 979
268 173 223 266 979
25 254 224 266 979
379 289 221 266 979
751 240 243 266 979
502 235 221 267 980
452 114 224 267 980
598 290 223 267 980
218 39 227 267 980
751 241 235 267 980
611 276 225 267 980
675 77 226 268 981
452 115 221 268 981
25 256 227 268 981
751 242 223 268 981
611 277 231 268 981
57 282 231 269 982
268 176 223 269 982
751 243 231 269 982
675 79 225 270 983
502 238 224 270 983
452 117 221 270 983
268 177 221 270 983
218 42 227 270 983
379 293 223 270 983
751 244 223 270 983
461 257 221 271 984
502 239 221 271 984
379 294 236 271 984
611 280 225 272 985
675 81 223 272 985
452 119 227 272 985
218 44 221 272 985
751 246 221 272 985
675 82 221 273 986
268 180 222 273 986
751 247 231 273 986
379 296 221 273 986
611 282 221 274 987
675 83 221 274 987
452 121 221 274 987
218 46 230 274 987
751 248 223 274 987
452 122 222 275 988
379 298 225 275 988
675 85 222 276 989
268 183 221 276 989
751 250 243 276 989
218 48 230 276 989
751 251 239 277 990
218 49 227 277 990
379 301 226 278 991
606 259 221 279 992
452 126 223 279 992
598 302 225 279 992
218 51 221 279 992
379 302 225 279 992
25 267 223 279 992
675 89 223 280 993
502 248 221 280 993
452 127 226 280 993
379 303 224 280 993
218 52 223 280 993
675 90 223 281 994
218 53 223 281 994
675 91 222 282 995
169 296 221 282 995
751 256 225 282 995
675 92 224 283 996
452 130 223 283 996
379 306 223 283 996
218 55 243 283 996
769 274 223 283 996
675 93 222 284 997
452 131 223 284 997
751 258 235 284 997
611 293 222 285 998
502 253 224 285 998
598 308 223 285 998
379 308 221 285 998
751 259 233 285 998
218 57 229 285 998
502 254 221 286 999
598 309 222 286 999
751 260 223 286 999
218 58 224 286 999
769 277 225 286 999
452 134 221 287 1000
598 310 222 287 1000
25 275 222 287 1000
611 296 225 288 1001
675 97 226 288 1001
502 256 225 288 1001
452 135 221 288 1001
751 262 227 288 1001
25 276 233 288 1001
502 257 223 289 1002
452 136 225 289 1002
218 61 225 289 1002
751 263 222 289 1002
769 280 231 289 1002
328 305 241 290 1003
751 264 221 290 1003
25 278 224 290 1003
611 299 221 291 1004
57 305 241 292 1005
268 199 227 292 1005
751 266 225 292 1005
502 261 222 293 1006
57 306 234 293 1006
268 200 225 293 1006
218 65 237 293 1006
611 302 231 294 1007
328 309 233 294 1007
57 307 231 294 1007
268 201 229 294 1007
25 282 229 294 1007
611 304 222 296 1009
502 264 223 296 1009
452 143 223 296 1009
268 203 225 296 1009
218 68 227 296 1009
25 284 223 296 1009
751 270 241 296 1009
769 287 224 296 1009
502 265 221 297 1010
452 144 221 297 1010
218 69 221 297 1010
751 271 229 297 1010
769 288 221 297 1010
675 107 223 298 1011
598 321 224 298 1011
218 70 228 298 1011
379 321 223 298 1011
769 289 229 298 1011
751 272 231 298 1011
675 108 223 299 1012
769 290 221 299 1012
751 273 222 299 1012
502 268 225 300 1013
218 72 225 300 1013
379 323 221 300 1013
769 291 233 300 1013
675 1 224 301 1014
57 314 227 301 1014
268 208 227 301 1014
105 294 221 301 1014
769 292 227 301 1014
611 310 221 301 1014
218 74 234 302 1015
379 325 221 302 1015
15 320 221 302 1015
662 167 221 303 1016
606 283 222 303 1016
452 150 223 303 1016
218 75 233 303 1016
598 326 238 303 1016
379 326 233 303 1016
769 294 226 303 1016
611 312 228 304 1017
57 317 228 304 1017
598 328 221 305 1018
61 334 235 307 1020
105 300 226 307 1020
598 330 222 307 1020
169 321 223 307 1020
105 301 228 308 1021
598 331 222 308 1021
265 337 223 309 1022
407 41 223 309 1022
547 332 221 309 1022
675 9 222 309 1022
754 326 221 309 1022
105 302 233 309 1022
476 29 223 309 1022
704 330 223 310 1023
654 320 221 310 1023
117 238 221 310 1023
176 63 229 310 1023
103 339 227 310 1023
427 343 221 310 1023
598 333 221 310 1023
190 105 227 310 1023
215 243 233 311 1024
3 248 223 311 1024
595 18 233 312 1025
231 301 221 312 1025
355 45 224 312 1025
578 332 221 312 1025
769 303 223 312 1025
563 336 229 313 1026
555 325 223 313 1026
454 338 227 313 1026
105 306 233 313 1026
555 326 221 314 1027
367 7 221 314 1027
85 16 221 314 1027
563 338 225 315 1028
367 8 227 315 1028
595 22 228 316 1029
563 339 222 316 1029
367 9 229 316 1029
215 248 225 316 1029
563 340 231 317 1030
367 10 227 317 1030
563 341 235 318 1031
346 134 235 318 1031
769 309 231 318 1031
563 342 229 319 1032
346 136 229 320 1033
563 344 230 321 1034
563 345 231 322 1035
409 267 224 322 1035
346 138 229 322 1035
769 313 227 322 1035
595 29 223 323 1036
563 346 225 323 1036
346 139 223 323 1036
563 347 221 324 1037
563 348 229 325 1038
346 141 225 325 1038
769 316 223 325 1038
563 349 227 326 1039
346 142 225 326 1039
367 19 221 326 1039
563 350 231 327 1040
346 143 225 327 1040
367 20 223 327 1040
769 319 224 328 1041
563 352 234 329 1042
346 145 229 329 1042
563 353 229 330 1043
563 354 240 331 1044
769 322 221 331 1044
563 355 237 332 1045
346 148 225 332 1045
563 356 224 333 1046
563 357 227 334 1047
346 150 225 334 1047
563 358 231 335 1048
346 151 222 335 1048
563 359 231 336 1049
367 29 221 336 1049
563 360 231 337 1050
346 153 227 337 1050
454 362 223 337 1050
769 328 222 337 1050
563 361 224 338 1051
346 154 227 338 1051
367 31 223 338 1051
563 363 233 340 1053
367 33 223 340 1053
563 364 238 341 1054
346 157 233 341 1054
563 365 240 342 1055
346 158 229 342 1055
563 366 233 343 1056
563 367 233 344 1057
346 160 226 344 1057
563 368 233 345 1058
409 290 223 345 1058
563 369 223 346 1059
409 291 223 346 1059
346 162 239 346 1059
563 370 233 347 1060
158 68 221 347 1060
346 163 225 347 1060
346 164 221 348 1061
367 41 222 348 1061
563 373 234 350 1063
563 374 223 351 1064
409 296 223 351 1064
367 44 222 351 1064
563 375 226 352 1065
409 297 221 352 1065
346 168 227 352 1065
367 45 221 352 1065
454 377 221 352 1065
346 169 225 353 1066
454 378 224 353 1066
346 170 223 354 1067
563 378 229 355 1068
367 48 224 355 1068
563 379 223 356 1069
409 301 221 356 1069
346 172 222 356 1069
367 49 221 356 1069
563 380 221 357 1070
346 173 224 357 1070
563 381 227 358 1071
563 382 222 359 1072
158 80 224 359 1072
409 306 221 361 1074
367 54 223 361 1074
409 307 221 362 1075
346 178 223 362 1075
367 55 225 362 1075
563 386 221 363 1076
346 179 227 363 1076
346 180 232 364 1077
563 388 229 365 1078
367 58 223 365 1078
563 389 225 366 1079
409 311 223 366 1079
346 182 224 366 1079
367 59 224 366 1079
409 312 223 367 1080
346 183 224 367 1080
563 391 221 368 1081
409 313 222 368 1081
363 331 222 368 1081
555 380 221 368 1081
409 314 223 369 1082
363 332 223 369 1082
563 393 223 370 1083
346 186 225 370 1083
563 394 221 371 1084
346 187 223 371 1084
563 395 222 372 1085
346 188 222 372 1085
363 335 221 372 1085
367 65 226 372 1085
555 384 221 372 1085
346 189 226 373 1086
363 336 224 373 1086
367 66 223 373 1086
563 397 223 374 1087
346 190 226 374 1087
363 337 225 374 1087
346 191 231 375 1088
409 321 221 376 1089
363 339 221 376 1089
563 400 223 377 1090
409 322 221 377 1090
346 193 225 377 1090
555 389 221 377 1090
346 194 221 378 1091
555 390 221 378 1091
563 403 224 380 1093
346 196 223 380 1093
363 343 225 380 1093
563 404 231 381 1094
346 197 233 381 1094
363 344 229 381 1094
215 313 223 381 1094
563 406 225 383 1096
363 346 226 383 1096
563 407 227 384 1097
363 347 236 384 1097
563 408 227 385 1098
363 348 224 385 1098
563 409 231 386 1099
363 349 227 386 1099
409 332 222 387 1100
85 89 221 387 1100
215 319 223 387 1100
454 412 222 387 1100
563 411 223 388 1101
363 351 229 388 1101
409 334 223 389 1102
363 352 232 389 1102
563 413 227 390 1103
363 353 232 390 1103
367 83 221 390 1103
363 354 221 391 1104
563 415 221 392 1105
409 337 224 392 1105
215 324 223 392 1105
454 417 225 392 1105
563 416 231 393 1106
409 338 221 393 1106
363 356 228 393 1106
563 417 226 394 1107
346 210 237 394 1107
363 357 228 394 1107
215 326 224 394 1107
563 418 221 395 1108
346 211 231 395 1108
363 358 231 395 1108
363 359 233 396 1109
363 360 236 397 1110
215 329 225 397 1110
563 421 221 398 1111
363 361 235 398 1111
215 330 221 398 1111
563 422 231 399 1112
346 215 221 399 1112
363 362 235 399 1112
454 424 222 399 1112
409 345 222 400 1113
346 216 228 400 1113
363 363 230 400 1113
367 93 221 400 1113
563 424 227 401 1114
346 217 232 401 1114
363 364 233 401 1114
563 425 232 402 1115
291 413 221 402 1115
346 218 227 402 1115
363 365 221 402 1115
224 326 221 402 1115
563 426 233 403 1116
363 366 223 403 1116
215 335 230 404 1117
563 427 223 404 1117
346 220 222 404 1117
363 367 233 404 1117
215 336 230 405 1118
563 428 224 405 1118
346 221 231 405 1118
291 417 223 406 1119
346 222 231 406 1119
363 369 224 406 1119
367 99 221 406 1119
215 338 221 406 1119
563 430 237 407 1120
346 223 228 407 1120
363 370 221 407 1120
215 339 221 407 1120
563 431 237 408 1121
346 224 227 408 1121
363 371 227 408 1121
367 101 225 408 1121
224 332 221 408 1121
454 433 221 408 1121
215 340 230 409 1122
563 432 224 409 1122
346 225 229 409 1122
409 354 223 409 1122
363 372 227 409 1122
215 341 227 410 1123
563 433 228 410 1123
346 226 229 410 1123
363 373 229 410 1123
215 342 221 411 1124
769 401 223 411 1124
563 434 233 411 1124
346 227 229 411 1124
363 374 233 411 1124
224 335 222 411 1124
215 343 231 412 1125
563 435 230 412 1125
346 228 227 412 1125
363 375 221 412 1125
215 344 229 413 1126
769 403 227 413 1126
620 435 221 413 1126
563 436 225 413 1126
346 229 227 413 1126
363 376 231 413 1126
367 106 221 413 1126
563 437 233 414 1127
291 425 223 414 1127
346 230 221 414 1127
363 377 224 414 1127
367 107 221 414 1127
563 438 239 415 1128
346 231 227 415 1128
363 378 233 415 1128
215 347 222 416 1129
563 439 227 416 1129
346 232 229 416 1129
363 379 229 416 1129
215 348 221 417 1130
563 440 229 417 1130
363 380 227 417 1130
367 110 221 417 1130
215 349 224 418 1131
769 408 226 418 1131
563 441 233 418 1131
346 234 224 418 1131
363 381 223 418 1131
367 111 223 418 1131
769 409 226 419 1132
215 350 221 419 1132
563 442 233 419 1132
346 235 229 419 1132
363 382 225 419 1132
346 236 233 420 1133
363 383 223 420 1133
563 444 229 421 1134
346 237 221 421 1134
215 353 223 422 1135
563 445 233 422 1135
363 385 223 422 1135
224 346 221 422 1135
215 354 225 423 1136
563 446 231 423 1136
363 386 236 423 1136
215 355 223 424 1137
563 447 225 424 1137
291 435 222 424 1137
363 387 223 424 1137
215 356 231 425 1138
563 448 237 425 1138
363 388 233 425 1138
367 118 221 425 1138
215 357 228 426 1139
563 449 237 426 1139
363 389 234 426 1139
367 119 221 426 1139
215 358 226 427 1140
363 390 226 427 1140
215 359 225 428 1141
563 451 235 428 1141
346 244 221 428 1141
363 391 233 428 1141
215 360 223 429 1142
563 452 222 429 1142
363 392 230 429 1142
224 353 221 429 1142
454 454 221 430 1143
215 361 230 430 1143
563 453 224 430 1143
215 362 231 431 1144
346 247 230 431 1144
363 394 223 431 1144
563 455 231 432 1145
346 248 232 432 1145
363 395 226 432 1145
367 125 221 432 1145
563 456 231 433 1146
346 249 233 433 1146
363 396 228 433 1146
563 457 233 434 1147
346 250 237 434 1147
563 458 228 435 1148
346 251 222 435 1148
363 398 233 435 1148
563 459 236 436 1149
363 399 232 436 1149
563 460 239 437 1150
346 253 228 437 1150
363 400 225 437 1150
563 461 230 438 1151
363 401 222 438 1151
367 131 222 438 1151
563 462 236 439 1152
363 402 221 439 1152
367 132 221 439 1152
578 10 224 440 1153
563 463 231 440 1153
363 403 225 440 1153
85 142 223 440 1153
638 446 223 440 1153
578 11 226 441 1154
563 464 225 441 1154
363 404 225 441 1154
638 447 223 441 1154
769 432 223 442 1155
215 373 223 442 1155
563 465 227 442 1155
363 405 232 442 1155
85 144 221 442 1155
638 448 221 442 1155
215 374 227 443 1156
578 13 223 443 1156
563 466 231 443 1156
363 406 226 443 1156
638 449 225 443 1156
215 375 223 444 1157
578 14 228 444 1157
563 467 231 444 1157
454 469 223 445 1158
215 376 224 445 1158
563 468 221 445 1158
363 408 226 445 1158
409 390 223 445 1158
563 469 237 446 1159
363 409 227 446 1159
409 391 223 446 1159
215 378 225 447 1160
578 17 221 447 1160
563 470 234 447 1160
363 410 225 447 1160
367 140 223 447 1160
215 379 239 448 1161
563 471 231 448 1161
363 411 232 448 1161
363 412 225 449 1162
367 142 223 449 1162
454 474 223 450 1163
563 473 226 450 1163
563 474 225 451 1164
563 475 224 452 1165
563 476 227 453 1166
215 385 221 454 1167
563 477 227 454 1167
363 417 224 454 1167
215 386 223 455 1168
563 478 227 455 1168
363 418 224 455 1168
367 148 224 455 1168
409 400 221 455 1168
363 419 227 456 1169
409 401 221 456 1169
215 388 221 457 1170
769 448 221 458 1171
363 422 224 459 1172
563 483 225 460 1173
563 484 221 461 1174
367 154 225 461 1174
346 278 235 462 1175
363 425 225 462 1175
409 407 221 462 1175
85 164 225 462 1175
769 453 221 462 1175
215 394 223 463 1176
363 426 229 463 1176
224 387 225 463 1176
346 280 222 464 1177
563 487 224 464 1177
363 427 236 464 1177
367 157 225 464 1177
224 388 225 464 1177
346 281 221 465 1178
363 428 223 465 1178
224 389 223 465 1178
769 456 221 466 1179
215 397 224 466 1179
563 489 235 466 1179
346 282 231 466 1179
363 429 229 466 1179
367 159 221 466 1179
409 411 225 466 1179
769 457 222 466 1179
363 430 227 467 1180
363 431 227 468 1181
346 285 227 469 1182
363 432 227 469 1182
769 460 222 470 1183
563 493 221 470 1183
563 494 225 471 1184
363 434 226 471 1184
215 403 225 472 1185
363 435 230 472 1185
363 436 231 473 1186
363 437 233 474 1187
215 406 223 475 1188
454 499 222 475 1188
620 497 223 475 1188
363 438 225 475 1188
454 500 221 476 1189
578 46 225 476 1189
346 292 223 476 1189
363 439 223 476 1189
363 440 227 477 1190
620 500 223 478 1191
346 294 225 478 1191
563 501 233 478 1191
215 410 233 479 1192
620 501 224 479 1192
563 502 231 479 1192
363 442 223 479 1192
367 172 222 479 1192
215 411 239 480 1193
769 470 222 480 1193
620 502 222 480 1193
291 491 221 480 1193
563 503 233 480 1193
363 443 225 480 1193
215 412 232 481 1194
346 297 221 481 1194
363 444 223 481 1194
367 174 221 481 1194
215 413 233 482 1195
563 505 233 482 1195
363 445 227 482 1195
215 414 233 483 1196
215 415 236 484 1197
363 447 221 484 1197
215 416 241 485 1198
563 508 237 485 1198
367 178 222 485 1198
215 417 233 486 1199
769 476 221 486 1199
563 509 231 486 1199
367 179 224 486 1199
215 418 237 487 1200
563 510 227 487 1200
215 419 231 488 1201
769 478 224 488 1201
363 451 225 488 1201
215 420 237 489 1202
563 512 225 489 1202
363 452 233 489 1202
215 421 245 490 1203
346 306 225 490 1203
563 513 239 490 1203
367 183 221 490 1203
215 422 241 491 1204
563 514 239 491 1204
363 454 229 491 1204
409 436 223 491 1204
215 423 239 492 1205
206 479 225 492 1205
563 515 231 492 1205
363 455 226 492 1205
215 424 240 493 1206
563 516 223 493 1206
363 456 223 493 1206
215 425 237 494 1207
346 310 229 494 1207
563 517 221 494 1207
215 426 240 495 1208
346 311 221 495 1208
563 518 223 495 1208
363 458 225 495 1208
346 312 231 496 1209
563 519 225 496 1209
363 459 221 496 1209
215 428 242 496 1209
346 313 225 497 1210
563 520 221 497 1210
363 460 225 497 1210
215 429 233 497 1210
555 510 221 498 1211
769 489 221 498 1211
563 522 227 499 1212
363 462 226 499 1212
555 511 225 499 1212
563 523 221 500 1213
769 491 224 500 1213
215 432 223 501 1214
563 524 225 501 1214
363 464 221 501 1214
346 318 223 502 1215
563 525 237 502 1215
346 319 223 503 1216
563 526 235 503 1216
363 466 224 503 1216
346 320 225 504 1217
563 527 225 504 1217
363 467 227 504 1217
346 321 221 505 1218
563 528 234 505 1218
363 470 231 507 1220
563 531 223 508 1221
363 471 229 508 1221
563 532 227 509 1222
363 472 227 509 1222
563 533 229 510 1223
363 473 226 510 1223
346 327 227 511 1224
563 534 234 511 1224
363 474 227 511 1224
555 523 221 511 1224
346 328 221 512 1225
563 535 237 512 1225
363 475 227 512 1225
563 536 229 513 1226
363 476 228 513 1226
555 525 223 513 1226
215 445 225 514 1227
346 330 221 514 1227
563 537 237 514 1227
363 477 223 514 1227
215 446 222 515 1228
346 332 221 516 1229
563 539 233 516 1229
363 479 234 516 1229
563 540 227 517 1230
363 480 223 517 1230
563 541 231 518 1231
363 481 223 518 1231
563 542 230 519 1232
363 482 225 519 1232
563 543 231 520 1233
363 483 225 520 1233
555 532 222 520 1233
563 544 233 521 1234
363 484 227 521 1234
367 214 221 521 1234
215 453 222 522 1235
563 545 233 522 1235
555 534 224 522 1235
769 513 222 523 1236
215 454 222 523 1236
563 546 227 523 1236
363 486 229 523 1236
555 535 225 523 1236
346 340 239 524 1237
563 547 225 524 1237
363 487 225 524 1237
555 536 227 524 1237
215 456 230 525 1238
346 341 239 525 1238
563 548 233 525 1238
363 488 234 525 1238
367 218 222 525 1238
555 537 221 525 1238
215 457 222 526 1239
454 550 222 526 1239
563 549 231 526 1239
363 489 227 526 1239
555 538 221 526 1239
346 343 231 527 1240
563 550 223 527 1240
555 539 223 527 1240
346 344 231 528 1241
563 551 226 528 1241
555 540 222 528 1241
346 345 231 529 1242
563 552 236 529 1242
363 492 223 529 1242
346 346 227 530 1243
563 553 235 530 1243
363 493 229 530 1243
409 1 221 530 1243
555 542 224 530 1243
563 554 226 531 1244
555 543 225 531 1244
454 556 223 532 1245
346 348 223 532 1245
563 555 237 532 1245
363 495 230 532 1245
555 544 225 532 1245
215 464 222 533 1246
454 557 223 533 1246
563 556 235 533 1246
367 226 221 533 1246
555 545 229 533 1246
769 524 222 534 1247
346 350 223 534 1247
563 557 227 534 1247
363 497 223 534 1247
367 227 223 534 1247
555 546 229 534 1247
769 525 233 535 1248
215 466 231 535 1248
346 351 227 535 1248
363 498 224 535 1248
563 558 229 535 1248
215 467 225 536 1249
291 547 221 536 1249
563 559 226 536 1249
555 548 225 536 1249
346 353 231 537 1250
363 500 223 537 1250
409 8 221 537 1250
563 560 235 537 1250
555 549 227 537 1250
769 528 223 538 1251
363 501 223 538 1251
563 561 237 538 1251
215 470 221 539 1252
769 529 229 539 1252
620 561 221 539 1252
363 502 223 539 1252
563 562 237 539 1252
367 232 223 539 1252
555 551 225 539 1252
215 471 224 540 1253
769 530 229 540 1253
620 562 223 540 1253
363 503 227 540 1253
563 563 237 540 1253
769 531 225 541 1254
363 504 233 541 1254
409 12 221 541 1254
563 564 239 541 1254
769 532 225 542 1255
563 565 238 542 1255
215 474 227 543 1256
769 533 225 543 1256
595 249 225 543 1256
620 565 221 543 1256
363 506 221 543 1256
563 566 233 543 1256
215 475 245 544 1257
105 536 221 544 1257
595 251 235 545 1258
105 537 223 545 1258
563 568 226 545 1258
215 477 225 546 1259
563 569 221 546 1259
339 550 227 547 1260
215 478 221 547 1260
563 570 237 547 1260
487 3 224 547 1260
396 49 223 548 1261
507 466 231 548 1261
149 45 224 548 1261
253 314 227 549 1262
678 162 223 549 1262
764 503 227 549 1262
751 3 236 549 1262
308 522 224 550 1263
751 4 237 550 1263
372 547 227 550 1263
114 362 224 550 1263
708 3 225 550 1263
385 30 228 550 1263
290 574 221 551 1264
308 523 235 551 1264
772 577 241 553 1266
333 570 233 553 1266
765 134 227 553 1266
708 6 229 553 1266
244 568 223 553 1266
555 565 222 553 1266
621 571 221 553 1266
440 65 222 554 1267
210 562 221 554 1267
585 2 231 554 1267
194 561 226 554 1267
308 527 232 555 1268
571 561 225 555 1268
488 573 229 555 1268
308 528 229 556 1269
571 562 224 556 1269
368 513 227 556 1269
632 117 227 556 1269
555 568 221 556 1269
308 529 226 557 1270
751 11 224 557 1270
368 514 226 557 1270
290 581 221 557 1270
361 581 223 557 1270
439 501 227 558 1271
308 530 233 558 1271
507 476 226 558 1271
751 12 223 558 1271
368 515 227 558 1271
372 555 227 558 1271
439 502 227 559 1272
308 531 225 559 1272
571 565 221 559 1272
751 13 230 559 1272
464 581 233 559 1272
585 7 245 559 1272
308 532 232 560 1273
751 14 223 560 1273
679 159 222 560 1273
99 311 225 560 1273
308 533 232 561 1274
751 15 233 561 1274
571 567 223 561 1274
585 9 229 561 1274
464 583 223 561 1274
678 5 222 561 1274
356 260 235 562 1275
439 505 223 562 1275
308 534 231 562 1275
701 580 224 562 1275
751 16 228 562 1275
205 300 222 562 1275
464 584 221 562 1275
585 10 241 562 1275
10 89 229 562 1275
356 261 239 563 1276
617 206 222 563 1276
308 535 233 563 1276
269 588 227 563 1276
751 17 240 563 1276
717 583 222 563 1276
464 585 225 563 1276
585 11 234 563 1276
356 262 245 564 1277
308 536 233 564 1277
119 550 229 564 1277
269 589 227 564 1277
751 18 241 564 1277
464 586 234 564 1277
585 12 247 564 1277
10 91 227 564 1277
488 582 232 564 1277
41 585 222 564 1277
356 263 243 565 1278
308 537 239 565 1278
751 19 241 565 1278
333 582 223 565 1278
464 587 233 565 1278
585 13 241 565 1278
356 264 235 566 1279
308 538 233 566 1279
775 301 221 566 1279
751 20 246 566 1279
464 588 235 566 1279
585 14 246 566 1279
488 584 224 566 1279
693 7 224 566 1279
356 265 237 567 1280
308 539 227 567 1280
775 302 222 567 1280
751 21 232 567 1280
464 589 236 567 1280
585 15 235 567 1280
356 266 249 568 1281
308 540 233 568 1281
751 22 233 568 1281
571 574 221 568 1281
464 590 227 568 1281
585 16 226 568 1281
488 586 227 568 1281
356 267 242 569 1282
308 541 235 569 1282
751 23 226 569 1282
107 11 230 569 1282
464 591 233 569 1282
585 17 241 569 1282
488 587 223 569 1282
308 542 233 570 1283
617 213 225 570 1283
751 24 231 570 1283
205 308 225 570 1283
107 12 236 570 1283
464 592 223 570 1283
585 18 248 570 1283
488 588 225 570 1283
356 269 227 571 1284
308 543 237 571 1284
11 39 227 571 1284
703 575 230 571 1284
751 25 225 571 1284
501 560 221 571 1284
107 13 240 571 1284
464 593 221 571 1284
585 19 245 571 1284
488 589 221 571 1284
356 270 237 572 1285
308 544 237 572 1285
393 339 235 572 1285
751 26 225 572 1285
107 14 234 572 1285
464 594 225 572 1285
585 20 233 572 1285
290 596 226 572 1285
356 271 233 573 1286
308 545 237 573 1286
205 311 221 573 1286
183 591 222 573 1286
107 15 235 573 1286
464 595 231 573 1286
356 272 225 574 1287
308 546 225 574 1287
11 42 227 574 1287
751 28 224 574 1287
384 597 227 574 1287
107 16 232 574 1287
464 596 225 574 1287
488 592 221 574 1287
585 22 230 574 1287
356 273 237 575 1288
308 547 237 575 1288
107 17 239 575 1288
488 593 223 575 1288
585 23 231 575 1288
356 274 229 576 1289
308 548 235 576 1289
48 581 221 576 1289
751 30 227 576 1289
107 18 237 576 1289
718 503 223 576 1289
585 24 231 576 1289
356 275 227 577 1290
308 549 235 577 1290
751 31 235 577 1290
107 19 247 577 1290
585 25 231 577 1290
252 32 224 577 1290
361 601 221 578 1291
356 276 228 578 1291
308 550 236 578 1291
751 32 224 578 1291
107 20 235 578 1291
718 505 224 578 1291
585 26 235 578 1291
356 277 228 579 1292
308 551 228 579 1292
107 21 231 579 1292
685 579 224 579 1292
464 601 223 579 1292
369 597 221 579 1292
356 278 236 580 1293
308 552 233 580 1293
617 223 221 580 1293
751 34 223 580 1293
107 22 235 580 1293
585 28 221 580 1293
308 553 231 581 1294
107 23 245 581 1294
685 581 221 581 1294
464 603 223 581 1294
585 29 237 581 1294
308 554 234 582 1295
751 36 224 582 1295
107 24 241 582 1295
464 604 223 582 1295
488 600 221 582 1295
585 30 231 582 1295
308 555 231 583 1296
107 25 239 583 1296
464 605 223 583 1296
585 31 237 583 1296
308 556 233 584 1297
107 26 241 584 1297
464 606 230 584 1297
300 589 221 584 1297
585 32 241 584 1297
308 557 231 585 1298
356 283 236 585 1298
617 228 227 585 1298
245 612 223 585 1298
107 27 243 585 1298
685 585 225 585 1298
464 607 227 585 1298
172 607 223 585 1298
585 33 239 585 1298
356 284 238 586 1299
751 40 234 586 1299
107 28 244 586 1299
245 613 230 586 1299
464 608 233 586 1299
172 608 227 586 1299
585 34 239 586 1299
356 285 233 587 1300
308 559 226 587 1300
751 41 225 587 1300
32 584 223 587 1300
107 29 239 587 1300
245 614 243 587 1300
464 609 229 587 1300
300 592 221 587 1300
172 609 223 587 1300
585 35 241 587 1300
356 286 237 588 1301
308 560 226 588 1301
751 42 228 588 1301
107 30 233 588 1301
245 615 225 588 1301
585 36 244 588 1301
172 610 221 588 1301
356 287 239 589 1302
308 561 225 589 1302
107 31 239 589 1302
172 611 221 589 1302
585 37 243 589 1302
356 288 237 590 1303
308 562 225 590 1303
677 126 223 590 1303
751 44 231 590 1303
107 32 241 590 1303
464 612 225 590 1303
585 38 246 590 1303
356 289 233 591 1304
308 563 225 591 1304
751 45 231 591 1304
107 33 226 591 1304
464 613 221 591 1304
585 39 244 591 1304
356 290 229 592 1305
308 564 226 592 1305
751 46 236 592 1305
107 34 221 592 1305
464 614 227 592 1305
585 40 242 592 1305
308 565 234 593 1306
751 47 231 593 1306
146 526 226 593 1306
205 331 227 593 1306
767 612 223 593 1306
107 35 235 593 1306
685 593 221 593 1306
464 615 225 593 1306
585 41 233 593 1306
308 566 221 594 1307
751 48 230 594 1307
107 36 234 594 1307
464 616 227 594 1307
585 42 239 594 1307
356 293 227 595 1308
308 567 225 595 1308
330 560 221 595 1308
107 37 242 595 1308
464 617 226 595 1308
585 43 230 595 1308
308 568 221 596 1309
356 294 230 596 1309
751 50 225 596 1309
107 38 237 596 1309
464 618 231 596 1309
488 614 228 596 1309
172 618 223 596 1309
585 44 231 596 1309
356 295 232 597 1310
62 550 221 597 1310
107 39 228 597 1310
464 619 221 597 1310
585 45 237 597 1310
356 296 235 598 1311
308 570 227 598 1311
107 40 239 598 1311
585 46 224 598 1311
356 297 231 599 1312
617 242 221 599 1312
107 41 244 599 1312
308 572 234 600 1313
356 298 225 600 1313
446 610 223 600 1313
751 54 225 600 1313
107 42 245 600 1313
488 618 222 600 1313
585 48 241 600 1313
308 573 237 601 1314
356 299 230 601 1314
768 678 221 601 1314
751 55 225 601 1314
107 43 248 601 1314
554 621 221 601 1314
585 49 243 601 1314
329 556 221 601 1314
290 625 221 602 1315
308 574 239 602 1315
356 300 233 602 1315
446 612 223 602 1315
107 44 246 602 1315
554 622 221 602 1315
464 624 224 602 1315
585 50 246 602 1315
308 575 235 603 1316
356 301 227 603 1316
446 613 225 603 1316
751 57 235 603 1316
107 45 231 603 1316
745 625 223 603 1316
300 608 223 603 1316
585 51 237 603 1316
308 576 241 604 1317
446 614 224 604 1317
751 58 222 604 1317
571 610 222 604 1317
107 46 239 604 1317
464 626 221 604 1317
308 577 231 605 1318
356 303 233 605 1318
751 59 222 605 1318
107 47 247 605 1318
554 625 227 605 1318
585 53 223 605 1318
717 625 225 605 1318
290 629 221 605 1318
308 578 236 606 1319
107 48 241 606 1319
464 628 225 606 1319
585 54 232 606 1319
290 630 227 606 1319
308 579 233 606 1319
446 617 221 607 1320
751 61 221 607 1320
107 49 246 607 1320
585 55 237 607 1320
308 580 233 608 1321
446 618 224 608 1321
107 50 231 608 1321
585 56 236 608 1321
308 581 227 609 1322
448 631 223 609 1322
107 51 235 609 1322
464 631 228 609 1322
585 57 239 609 1322
446 620 223 610 1323
107 52 245 610 1323
464 632 227 610 1323
585 58 231 610 1323
308 583 222 611 1324
446 621 222 611 1324
107 53 225 611 1324
464 633 225 611 1324
585 59 231 611 1324
308 584 221 612 1325
446 622 222 612 1325
107 54 236 612 1325
585 60 237 612 1325
308 585 229 613 1326
751 67 234 613 1326
107 55 227 613 1326
585 61 237 613 1326
308 586 231 614 1327
446 624 221 614 1327
107 56 239 614 1327
585 62 231 614 1327
308 587 228 615 1328
107 57 233 615 1328
585 63 223 615 1328
308 588 239 616 1329
751 70 231 616 1329
107 58 229 616 1329
585 64 233 616 1329
308 589 226 617 1330
751 71 234 617 1330
107 59 231 617 1330
585 65 232 617 1330
308 590 227 618 1331
751 72 225 618 1331
718 545 225 618 1331
107 60 227 618 1331
308 591 226 619 1332
751 73 237 619 1332
107 61 235 619 1332
585 67 221 619 1332
751 74 225 620 1333
107 62 221 620 1333
308 593 226 621 1334
751 75 237 621 1334
107 63 231 621 1334
751 76 233 622 1335
107 64 234 622 1335
751 77 223 623 1336
107 65 235 623 1336
308 596 227 624 1337
751 78 225 624 1337
107 66 237 624 1337
308 597 233 625 1338
751 79 231 625 1338
107 67 231 625 1338
524 270 221 626 1339
308 598 221 626 1339
751 80 232 626 1339
690 584 221 626 1339
107 68 227 626 1339
554 646 221 626 1339
524 271 233 627 1340
308 599 233 627 1340
751 81 234 627 1340
107 69 230 627 1340
252 82 224 628 1341
308 600 235 628 1341
107 70 235 628 1341
488 646 225 628 1341
751 1 231 628 1341
252 83 221 629 1342
571 16 224 629 1342
15 646 242 629 1342
107 71 231 629 1342
571 17 222 630 1343
15 647 227 630 1343
107 72 229 630 1343
15 648 232 631 1344
107 73 223 631 1344
571 19 221 632 1345
15 649 227 632 1345
107 74 225 632 1345
15 650 223 633 1346
15 651 227 634 1347
15 652 231 635 1348
107 77 233 635 1348
15 653 232 636 1349
107 78 226 636 1349
15 654 223 637 1350
107 79 234 637 1350
15 655 229 638 1351
107 80 222 638 1351
15 656 221 639 1352
107 81 235 639 1352
15 657 231 640 1353
107 82 233 640 1353
15 658 224 641 1354
718 568 223 641 1354
15 659 240 642 1355
107 84 236 642 1355
107 85 227 643 1356
107 86 237 644 1357
15 661 243 644 1357
369 662 221 644 1357
15 662 241 645 1358
107 1 226 645 1358
15 663 237 646 1359
107 2 231 646 1359
15 664 240 647 1360
107 3 224 647 1360
15 665 241 648 1361
107 4 233 648 1361
15 666 243 649 1362
76 590 223 650 1363
718 577 221 650 1363
15 667 235 650 1363
290 674 222 650 1363
768 728 222 650 1363
15 669 239 652 1365
39 679 234 652 1365
15 670 235 653 1366
15 671 234 654 1367
15 672 229 655 1368
11 124 221 656 1369
15 673 235 656 1369
369 679 235 661 1374
290 685 223 661 1374
439 605 235 661 1374
369 680 221 662 1375
290 686 228 662 1375
292 74 223 662 1375
16 358 225 662 1375
439 606 239 662 1375
369 681 223 663 1376
755 678 225 664 1377
369 683 231 665 1378
439 609 221 665 1378
753 557 221 666 1379
635 445 225 666 1379
290 690 221 666 1379
290 692 227 668 1381
290 693 225 669 1382
656 688 222 670 1383
290 694 225 670 1383
290 695 221 671 1384
290 696 234 672 1385
290 697 233 673 1386
711 36 237 674 1387
711 37 225 675 1388
711 38 221 676 1389
290 700 229 676 1389
290 701 238 677 1390
290 702 222 678 1391
290 703 225 679 1392
290 704 227 680 1393
290 706 235 682 1395
290 707 225 683 1396
290 708 223 684 1397
290 709 225 685 1398
290 710 223 686 1399
290 713 226 689 1402
290 714 230 690 1403
290 715 223 691 1404
290 718 235 694 1407
290 719 246 695 1408
290 720 239 696 1409
290 721 241 697 1410
635 478 222 699 1412
290 723 237 699 1412
290 724 227 700 1413
290 725 225 701 1414
290 726 224 702 1415
305 811 224 703 1416
734 639 223 703 1416
290 727 241 703 1416
379 727 221 705 1418
290 730 221 706 1419
379 729 234 707 1420
379 731 224 709 1422
290 733 224 709 1422
379 732 231 710 1423
290 734 228 710 1423
379 733 242 711 1424
290 735 226 711 1424
379 734 244 712 1425
290 736 224 712 1425
379 735 241 713 1426
290 737 230 713 1426
379 736 243 714 1427
290 738 226 714 1427
379 737 245 715 1428
524 359 221 715 1428
290 739 237 715 1428
379 738 248 716 1429
290 740 238 716 1429
379 739 244 717 1430
290 741 225 717 1430
379 740 248 718 1431
379 741 237 719 1432
290 743 223 719 1432
290 744 223 720 1433
290 745 221 721 1434
768 801 231 723 1436
379 746 231 724 1437
290 748 227 724 1437
290 749 227 726 1439
379 748 233 726 1439
290 750 230 727 1440
379 749 233 727 1440
379 750 231 728 1441
714 684 225 728 1441
379 751 234 729 1442
290 753 237 730 1443
379 752 228 730 1443
290 754 232 731 1444
379 753 227 731 1444
379 754 229 732 1445
290 755 237 732 1445
290 756 221 733 1446
219 286 230 734 1447
379 757 238 735 1448
290 758 227 735 1448
379 758 222 736 1449
290 759 232 736 1449
290 760 222 737 1450
379 759 231 737 1450
290 761 223 738 1451
379 760 225 738 1451
379 761 225 739 1452
379 762 223 740 1453
219 292 227 740 1453
379 763 221 741 1454
219 293 231 741 1454
379 764 229 742 1455
219 294 231 742 1455
379 765 233 743 1456
219 295 222 743 1456
379 766 239 744 1457
379 767 231 745 1458
219 297 227 745 1458
379 768 226 746 1459
290 769 225 746 1459
219 298 226 746 1459
379 769 229 747 1460
219 299 223 747 1460
379 770 235 748 1461
219 300 227 748 1461
290 772 221 749 1462
379 771 231 749 1462
379 772 243 750 1463
219 302 224 750 1463
379 773 247 751 1464
219 303 225 751 1464
379 774 221 752 1465
219 304 227 752 1465
379 775 240 753 1466
219 305 227 753 1466
379 776 240 754 1467
379 777 241 754 1467
379 778 233 755 1468
379 779 223 756 1469
379 780 226 757 1470
219 310 221 758 1471
379 781 232 758 1471
379 782 235 759 1472
379 783 231 760 1473
379 784 233 761 1474
379 785 222 762 1475
379 786 231 763 1476
379 787 240 764 1477
219 317 223 765 1478
379 788 241 765 1478
379 789 231 766 1479
379 790 225 767 1480
290 792 221 768 1481
379 791 231 768 1481
379 793 239 770 1483
379 794 234 772 1485
290 799 221 775 1488
379 798 224 776 1489
740 723 225 778 1491
511 786 223 778 1491
425 676 223 780 1493
716 801 226 781 1494
425 677 236 781 1494
425 678 239 782 1495
740 727 225 782 1495
740 728 231 783 1496
439 727 225 783 1496
658 806 221 784 1497
504 795 229 785 1498
425 681 246 785 1498
616 613 227 785 1498
627 802 221 785 1498
425 682 245 786 1499
627 803 221 786 1499
233 811 221 786 1499
511 794 231 786 1499
290 810 227 786 1499
425 683 227 787 1500
538 792 221 787 1500
627 804 225 787 1500
453 245 223 787 1500
344 800 223 787 1500
23 283 227 787 1500
447 712 221 787 1500
189 754 222 788 1501
425 684 247 788 1501
453 246 223 788 1501
468 808 223 788 1501
290 812 221 788 1501
506 268 221 789 1502
425 685 244 789 1502
114 601 223 789 1502
627 806 227 789 1502
425 686 244 790 1503
627 807 226 790 1503
506 270 224 791 1504
7 799 221 791 1504
425 687 243 791 1504
233 816 223 791 1504
627 808 227 791 1504
453 249 225 791 1504
24 54 221 791 1504
29 814 233 792 1505
425 688 247 792 1505
299 312 222 792 1505
453 250 227 792 1505
782 758 221 792 1505
568 314 221 792 1505
121 35 226 792 1505
29 815 231 793 1506
425 689 242 793 1506
299 313 221 793 1506
196 803 226 793 1506
453 251 225 793 1506
564 551 223 793 1506
340 225 225 794 1507
29 816 231 794 1507
332 15 221 794 1507
425 690 239 794 1507
453 252 226 794 1507
638 800 228 794 1507
759 803 232 795 1508
29 817 228 795 1508
425 691 239 795 1508
151 341 221 795 1508
196 805 228 795 1508
453 253 225 795 1508
568 317 223 795 1508
455 162 225 795 1508
131 803 223 795 1508
531 794 227 796 1509
425 692 243 796 1509
740 741 234 796 1509
609 248 223 796 1509
453 254 225 796 1509
759 805 226 797 1510
425 693 225 797 1510
453 255 221 797 1510
565 817 226 797 1510
759 806 223 798 1511
716 818 223 798 1511
425 694 224 798 1511
740 743 231 798 1511
151 344 221 798 1511
453 256 227 798 1511
789 810 223 798 1511
732 770 222 798 1511
290 822 227 798 1511
759 807 221 799 1512
425 695 229 799 1512
735 452 224 799 1512
453 257 229 799 1512
425 696 238 800 1513
423 811 226 800 1513
36 812 225 800 1513
425 697 230 801 1514
253 567 221 801 1514
281 16 229 802 1515
213 71 231 802 1515
186 86 232 802 1515
425 698 239 802 1515
438 143 221 802 1515
290 826 221 802 1515
288 256 223 803 1516
379 5 221 803 1516
58 489 222 803 1516
425 699 239 803 1516
29 825 223 803 1516
35 769 227 803 1516
151 349 224 803 1516
301 89 221 803 1516
290 827 221 803 1516
266 13 224 803 1516
740 749 227 804 1517
425 700 232 804 1517
453 262 221 804 1517
98 820 223 804 1517
414 825 227 804 1517
312 812 221 804 1517
425 701 238 805 1518
453 263 224 805 1518
412 772 223 806 1519
425 702 241 806 1519
412 773 227 807 1520
759 815 221 807 1520
9 830 224 807 1520
716 827 221 807 1520
425 703 238 807 1520
98 823 221 807 1520
438 148 227 807 1520
354 718 227 807 1520
412 774 236 808 1521
425 704 235 808 1521
45 489 221 809 1522
412 775 238 809 1522
425 705 227 809 1522
538 814 223 809 1522
77 357 235 809 1522
123 810 236 810 1523
412 776 237 810 1523
425 706 233 810 1523
81 818 223 810 1523
36 822 231 810 1523
290 834 222 811 1524
425 707 227 811 1524
290 835 225 812 1525
425 708 224 812 1525
290 836 227 813 1526
412 779 239 813 1526
759 821 221 813 1526
425 709 226 813 1526
290 837 227 814 1527
425 710 222 814 1527
290 838 227 815 1528
412 781 229 815 1528
320 87 221 815 1528
425 711 236 815 1528
24 78 221 815 1528
290 839 227 816 1529
340 247 221 816 1529
425 712 237 816 1529
77 364 221 816 1529
290 840 223 817 1530
412 783 238 817 1530
716 837 224 817 1530
425 713 227 817 1530
412 784 232 818 1531
759 826 223 818 1531
425 714 223 818 1531
187 830 232 818 1531
759 827 226 819 1532
670 393 223 819 1532
425 715 226 819 1532
716 839 221 819 1532
412 786 224 820 1533
626 129 224 820 1533
759 828 225 820 1533
425 716 221 820 1533
412 787 223 821 1534
759 829 224 821 1534
670 395 221 821 1534
425 717 223 821 1534
453 10 226 821 1534
158 112 229 821 1534
759 830 226 822 1535
425 718 225 822 1535
453 11 222 822 1535
412 789 232 823 1536
759 831 221 823 1536
332 44 222 823 1536
425 719 228 823 1536
29 845 226 823 1536
453 12 227 823 1536
290 847 222 823 1536
759 832 227 824 1537
657 843 225 824 1537
332 45 224 824 1537
425 720 223 824 1537
29 846 226 824 1537
453 13 226 824 1537
290 848 223 824 1537
175 790 233 825 1538
425 721 227 825 1538
29 847 233 825 1538
453 14 226 825 1538
759 834 222 826 1539
425 722 229 826 1539
453 15 227 826 1539
412 793 227 826 1539
759 835 221 827 1540
425 723 225 827 1540
453 16 231 827 1540
412 794 227 827 1540
290 851 225 827 1540
759 836 223 828 1541
657 847 229 828 1541
453 17 225 828 1541
412 795 225 828 1541
21 519 221 829 1542
90 224 223 829 1542
759 837 223 829 1542
425 725 223 829 1542
453 18 225 829 1542
290 853 222 829 1542
412 796 237 829 1542
425 726 224 830 1543
29 852 229 830 1543
24 93 221 830 1543
412 797 227 830 1543
290 854 231 830 1543
425 727 227 831 1544
578 401 225 831 1544
29 853 222 831 1544
453 20 227 831 1544
468 851 221 831 1544
412 798 228 831 1544
759 840 226 832 1545
332 53 233 832 1545
612 104 236 832 1545
578 402 221 832 1545
716 852 222 832 1545
29 854 222 832 1545
453 21 223 832 1545
77 380 224 832 1545
535 181 233 832 1545
412 799 222 832 1545
290 856 222 832 1545
225 774 223 833 1546
332 54 229 833 1546
716 853 223 833 1546
453 22 223 833 1546
779 818 221 833 1546
379 36 221 834 1547
630 222 234 834 1547
425 730 227 834 1547
716 854 222 834 1547
29 856 225 834 1547
412 801 221 834 1547
759 843 223 835 1548
425 731 226 835 1548
716 855 221 835 1548
759 844 224 836 1549
453 2 227 836 1549
425 732 223 836 1549
29 858 225 836 1549
354 747 223 836 1549
23 332 231 836 1549
584 768 223 836 1549
412 803 225 836 1549
290 860 223 837 1550
379 39 222 837 1550
453 3 229 837 1550
392 859 221 837 1550
425 733 221 837 1550
259 235 221 837 1550
716 857 224 837 1550
29 859 222 837 1550
412 804 222 837 1550
759 846 225 838 1551
453 4 223 838 1551
425 734 221 838 1551
29 860 225 838 1551
700 716 225 838 1551
412 805 224 838 1551
290 862 228 839 1552
455 205 221 839 1552
453 5 223 839 1552
425 735 226 839 1552
489 800 226 839 1552
23 335 224 839 1552
412 806 223 839 1552
290 863 224 839 1552
455 206 225 840 1553
668 863 231 840 1553
425 736 221 840 1553
219 392 223 840 1553
412 807 225 840 1553
697 859 221 840 1553
759 849 223 841 1554
21 531 239 841 1554
453 7 224 841 1554
668 864 234 841 1554
593 542 226 841 1554
425 737 233 841 1554
716 861 221 841 1554
219 393 223 841 1554
759 850 223 842 1555
490 796 235 842 1555
453 8 223 842 1555
425 738 227 842 1555
29 864 221 842 1555
757 305 227 842 1555
24 105 221 842 1555
742 749 221 842 1555
412 809 232 842 1555
290 866 231 843 1556
379 45 223 843 1556
453 9 230 843 1556
425 739 227 843 1556
29 865 223 843 1556
219 395 224 843 1556
412 810 232 843 1556
290 867 227 843 1556
439 787 223 844 1557
453 10 225 844 1557
425 740 230 844 1557
512 844 229 844 1557
272 869 221 844 1557
412 811 225 844 1557
166 836 222 845 1558
453 11 231 845 1558
425 741 227 845 1558
318 861 224 845 1558
29 867 225 845 1558
787 553 227 845 1558
219 397 227 845 1558
759 854 237 846 1559
453 12 233 846 1559
425 742 227 846 1559
77 394 222 846 1559
219 398 227 846 1559
290 870 221 846 1559
759 855 231 847 1560
453 13 230 847 1560
612 119 221 847 1560
425 743 233 847 1560
716 867 222 847 1560
29 869 223 847 1560
77 395 223 847 1560
219 399 223 847 1560
584 779 223 847 1560
412 814 224 847 1560
439 791 223 848 1561
759 856 232 848 1561
425 744 222 848 1561
77 396 229 848 1561
29 870 222 848 1561
726 434 221 848 1561
219 400 227 848 1561
334 799 224 848 1561
290 872 225 848 1561
759 857 233 849 1562
453 15 225 849 1562
425 745 229 849 1562
77 397 231 849 1562
219 401 222 849 1562
290 873 228 849 1562
759 858 234 850 1563
453 16 223 850 1563
425 746 231 850 1563
29 872 224 850 1563
77 398 227 850 1563
728 703 222 850 1563
511 858 224 850 1563
219 402 224 850 1563
290 874 223 850 1563
412 817 223 850 1563
759 859 231 851 1564
425 747 234 851 1564
29 873 240 851 1564
77 399 224 851 1564
219 403 229 851 1564
511 859 221 851 1564
290 875 224 851 1564
71 4 222 852 1565
759 860 227 852 1565
425 748 231 852 1565
77 400 228 852 1565
511 860 221 852 1565
700 730 235 852 1565
412 819 230 852 1565
759 861 233 853 1566
425 749 235 853 1566
77 401 233 853 1566
759 862 227 853 1566
379 56 227 854 1567
425 750 223 854 1567
29 876 228 854 1567
77 402 227 854 1567
219 406 222 854 1567
290 878 221 854 1567
412 821 241 854 1567
657 874 222 855 1568
29 877 222 855 1568
219 407 237 855 1568
290 879 226 855 1568
511 863 224 855 1568
425 752 241 856 1569
29 878 223 856 1569
195 238 221 856 1569
625 64 222 856 1569
24 119 225 856 1569
412 823 235 856 1569
759 865 222 856 1569
379 59 225 857 1570
425 753 232 857 1570
396 358 226 857 1570
29 879 233 857 1570
77 405 226 857 1570
511 865 221 857 1570
412 824 233 857 1570
453 4 233 858 1571
425 754 222 858 1571
219 410 235 858 1571
412 825 226 858 1571
759 867 222 858 1571
453 5 231 859 1572
219 411 232 859 1572
779 844 221 859 1572
453 6 227 860 1573
219 412 232 860 1573
412 827 230 860 1573
219 413 231 861 1574
373 9 227 861 1574
290 885 221 861 1574
412 828 229 861 1574
36 873 223 861 1574
457 883 224 861 1574
453 8 222 862 1575
36 874 221 862 1575
412 829 232 862 1575
379 65 226 862 1575
453 9 232 863 1576
36 875 225 863 1576
759 872 224 863 1576
412 830 226 863 1576
379 66 227 863 1576
453 10 234 864 1577
195 246 223 864 1577
412 831 227 864 1577
379 67 232 864 1577
322 873 222 865 1578
453 11 249 865 1578
425 761 222 865 1578
489 826 224 865 1578
219 417 227 865 1578
511 873 221 865 1578
290 889 221 865 1578
379 68 222 866 1579
453 12 239 866 1579
425 762 221 866 1579
290 890 223 866 1579
412 833 221 866 1579
379 69 221 867 1580
453 13 235 867 1580
425 763 230 867 1580
290 891 223 867 1580
36 879 222 867 1580
379 70 235 868 1581
453 14 243 868 1581
425 764 231 868 1581
134 240 221 868 1581
36 880 223 868 1581
412 835 226 868 1581
379 71 223 868 1581
453 15 247 869 1582
219 421 224 869 1582
511 877 222 869 1582
36 881 226 869 1582
412 836 233 869 1582
379 72 227 870 1583
425 766 233 870 1583
219 422 226 870 1583
511 878 221 870 1583
290 894 223 870 1583
36 882 243 870 1583
759 879 223 870 1583
412 837 222 870 1583
379 73 228 871 1584
425 767 233 871 1584
453 1 225 871 1584
219 423 229 871 1584
36 883 231 871 1584
412 838 228 871 1584
379 74 233 872 1585
425 768 233 872 1585
716 892 222 872 1585
453 2 240 872 1585
219 424 231 872 1585
290 896 223 872 1585
36 884 225 872 1585
379 75 221 873 1586
425 769 230 873 1586
219 425 223 873 1586
36 885 225 873 1586
379 76 221 873 1586
412 840 223 873 1586
716 894 226 874 1587
425 770 226 874 1587
24 137 221 874 1587
219 426 228 874 1587
36 886 229 874 1587
425 771 229 875 1588
290 899 221 875 1588
759 884 231 875 1588
36 887 232 875 1588
412 842 227 875 1588
425 772 224 876 1589
290 900 223 876 1589
759 885 223 876 1589
36 888 233 876 1589
412 843 226 877 1590
425 773 231 877 1590
728 730 223 877 1590
290 901 227 877 1590
759 886 227 877 1590
36 889 228 877 1590
759 887 224 878 1591
36 890 227 878 1591
412 845 227 878 1591
219 431 223 879 1592
290 903 225 879 1592
425 776 229 880 1593
290 904 223 880 1593
36 892 224 880 1593
412 847 224 880 1593
47 592 221 881 1594
741 877 227 881 1594
21 572 222 881 1594
290 905 229 881 1594
412 848 221 881 1594
578 452 229 882 1595
375 39 225 882 1595
741 878 223 882 1595
36 894 232 882 1595
412 849 237 882 1595
379 85 223 882 1595
578 453 222 883 1596
36 895 233 883 1596
412 850 223 883 1596
425 780 242 884 1597
379 87 225 885 1598
578 455 221 885 1598
425 781 241 885 1598
21 576 223 885 1598
290 909 223 885 1598
425 782 242 886 1599
507 92 231 886 1599
425 783 245 887 1600
716 908 224 888 1601
425 784 223 888 1601
425 785 237 889 1602
716 910 223 890 1603
425 786 239 890 1603
379 93 223 891 1604
578 461 221 891 1604
425 787 239 891 1604
47 602 222 891 1604
290 915 223 891 1604
759 900 221 891 1604
379 94 241 892 1605
425 788 227 892 1605
379 95 231 892 1605
425 789 237 893 1606
290 917 223 893 1606
379 96 237 893 1606
425 790 240 894 1607
693 74 227 894 1607
290 918 223 894 1607
379 97 235 894 1607
425 791 247 895 1608
290 919 223 895 1608
379 98 231 896 1609
425 792 243 896 1609
425 793 237 897 1610
24 160 228 897 1610
47 608 221 897 1610
290 921 221 897 1610
759 906 223 897 1610
425 794 233 898 1611
290 922 227 898 1611
425 795 237 899 1612
290 923 226 899 1612
379 102 227 899 1612
290 924 228 900 1613
526 60 226 901 1614
187 918 224 907 1620
762 212 234 907 1620
147 936 226 907 1620
646 909 227 908 1621
165 260 223 909 1622
420 784 227 909 1622
497 928 222 910 1623
577 294 239 911 1624
733 52 223 911 1624
15 928 228 911 1624
665 23 221 911 1624
152 931 225 911 1624
218 260 225 911 1624
8 879 225 913 1626
594 128 222 913 1626
567 888 224 913 1626
729 346 232 913 1626
15 930 226 913 1626
331 45 222 914 1627
594 129 238 914 1627
665 26 225 914 1627
8 881 223 915 1628
594 130 228 915 1628
567 890 237 915 1628
8 882 222 916 1629
594 131 227 916 1629
567 891 238 916 1629
25 903 233 916 1629
665 28 222 916 1629
331 48 221 917 1630
567 892 239 917 1630
25 904 231 917 1630
665 29 223 917 1630
695 409 221 918 1631
594 133 230 918 1631
567 893 240 918 1631
729 351 226 918 1631
25 905 235 918 1631
665 30 221 918 1631
152 938 223 918 1631
695 410 231 919 1632
594 134 222 919 1632
567 894 227 919 1632
25 906 222 919 1632
567 895 221 920 1633
594 135 224 920 1633
25 907 238 920 1633
567 896 225 921 1634
594 136 224 921 1634
331 52 223 921 1634
733 62 223 921 1634
152 941 222 921 1634
60 950 221 922 1635
567 897 221 922 1635
331 53 229 922 1635
733 63 222 922 1635
25 909 237 922 1635
567 898 225 923 1636
594 138 230 923 1636
733 64 223 923 1636
25 910 223 923 1636
567 899 227 924 1637
594 139 236 924 1637
331 55 228 924 1637
25 911 223 924 1637
567 900 226 925 1638
594 140 229 925 1638
331 56 223 925 1638
25 912 223 925 1638
665 37 223 925 1638
567 901 223 926 1639
594 141 235 926 1639
8 892 221 926 1639
331 57 224 926 1639
733 67 221 926 1639
25 913 223 926 1639
594 142 231 927 1640
331 58 224 927 1640
25 914 223 927 1640
567 903 227 928 1641
25 915 225 928 1641
567 904 224 929 1642
594 144 229 929 1642
331 60 222 929 1642
567 905 231 930 1643
594 145 223 930 1643
331 61 222 930 1643
25 917 225 930 1643
567 906 223 931 1644
594 146 223 931 1644
331 62 225 931 1644
733 72 221 931 1644
25 918 225 931 1644
567 907 221 932 1645
594 147 225 932 1645
331 63 225 932 1645
25 919 235 932 1645
152 952 225 932 1645
567 908 223 933 1646
331 64 225 933 1646
25 920 231 933 1646
567 909 225 934 1647
695 425 225 934 1647
8 900 225 934 1647
594 149 227 934 1647
331 65 221 934 1647
567 910 240 935 1648
695 426 223 935 1648
594 150 224 935 1648
25 922 229 935 1648
567 911 237 936 1649
695 427 221 936 1649
594 151 222 936 1649
331 67 223 936 1649
25 923 229 936 1649
567 912 238 937 1650
594 152 223 937 1650
25 924 223 937 1650
567 913 231 938 1651
487 394 221 938 1651
695 429 223 938 1651
594 153 227 938 1651
25 925 233 938 1651
665 50 221 938 1651
567 914 221 939 1652
695 430 223 939 1652
594 154 221 939 1652
25 926 226 939 1652
665 51 222 939 1652
567 915 221 940 1653
487 396 221 940 1653
695 431 221 940 1653
25 927 230 940 1653
665 52 225 940 1653
567 916 226 941 1654
594 156 223 941 1654
25 928 221 941 1654
665 53 221 941 1654
567 917 230 942 1655
331 73 225 942 1655
567 918 233 943 1656
487 399 223 943 1656
331 74 223 943 1656
567 919 231 944 1657
695 435 221 944 1657
487 400 223 944 1657
25 931 228 944 1657
567 920 233 945 1658
487 401 233 945 1658
60 973 222 945 1658
8 911 221 945 1658
567 921 234 946 1659
487 402 231 946 1659
594 161 226 946 1659
25 933 229 946 1659
567 922 234 947 1660
487 403 228 947 1660
567 923 235 948 1661
487 404 233 948 1661
487 405 231 949 1662
567 924 234 949 1662
594 164 221 949 1662
567 925 233 950 1663
487 406 230 950 1663
594 165 223 950 1663
331 81 225 950 1663
25 937 227 950 1663
567 926 231 951 1664
487 407 222 951 1664
594 166 224 951 1664
331 82 227 951 1664
25 938 224 951 1664
567 927 229 952 1665
487 408 223 952 1665
331 83 223 952 1665
733 93 222 952 1665
567 928 226 953 1666
331 84 223 953 1666
25 940 231 953 1666
567 929 225 954 1667
331 85 225 954 1667
25 941 226 954 1667
487 411 224 955 1668
567 930 224 955 1668
25 942 227 955 1668
185 154 221 956 1669
487 412 227 956 1669
567 931 228 956 1669
594 171 222 956 1669
331 87 221 956 1669
487 413 221 957 1670
567 932 231 957 1670
152 977 221 957 1670
695 449 221 958 1671
567 933 232 958 1671
331 89 221 958 1671
733 99 223 958 1671
487 415 221 959 1672
567 934 232 959 1672
331 90 222 959 1672
733 100 224 959 1672
487 416 223 960 1673
567 935 230 960 1673
331 91 223 960 1673
25 947 223 960 1673
695 452 226 961 1674
487 417 224 961 1674
567 936 231 961 1674
331 92 222 961 1674
665 73 225 961 1674
695 453 225 962 1675
567 937 226 962 1675
487 418 225 962 1675
594 177 221 962 1675
331 93 223 962 1675
25 949 222 962 1675
695 454 223 963 1676
567 938 238 963 1676
487 419 227 963 1676
25 950 225 963 1676
733 104 221 963 1676
695 455 221 964 1677
567 939 236 964 1677
487 420 222 964 1677
331 95 223 964 1677
25 951 223 964 1677
695 456 221 965 1678
567 940 232 965 1678
487 421 227 965 1678
594 180 223 965 1678
25 952 223 965 1678
331 96 225 965 1678
695 457 221 966 1679
567 941 230 966 1679
487 422 223 966 1679
594 181 223 966 1679
25 953 227 966 1679
331 97 225 966 1679
567 942 226 967 1680
487 423 223 967 1680
331 98 227 967 1680
567 943 224 968 1681
25 955 222 968 1681
567 944 223 969 1682
733 110 224 969 1682
567 945 224 970 1683
594 185 221 970 1683
25 957 227 970 1683
25 958 229 971 1684
665 83 222 971 1684
695 463 223 972 1685
25 959 223 972 1685
25 960 227 973 1686
594 189 227 974 1687
25 961 223 974 1687
567 950 224 975 1688
487 434 221 978 1691
487 435 224 979 1692
594 194 221 979 1692
567 954 225 979 1692
487 436 224 980 1693
487 437 221 981 1694
487 438 221 982 1695
567 957 233 982 1695
733 123 223 982 1695
25 969 224 982 1695
331 114 225 983 1696
594 198 222 983 1696
25 970 227 983 1696
331 115 225 984 1697
25 971 225 984 1697
331 116 224 985 1698
567 960 225 985 1698
25 972 228 985 1698
695 477 222 986 1699
331 117 221 986 1699
567 961 231 986 1699
25 973 222 986 1699
487 443 221 987 1700
25 974 228 987 1700
695 479 223 988 1701
567 963 226 988 1701
25 975 224 988 1701
733 129 221 988 1701
695 480 222 989 1702
567 964 223 989 1702
733 130 224 989 1702
567 965 230 990 1703
25 977 228 990 1703
594 206 225 991 1704
594 207 228 992 1705
567 967 234 992 1705
594 208 229 993 1706
567 968 227 993 1706
594 209 227 994 1707
567 969 231 994 1707
331 126 223 995 1708
594 210 226 995 1708
567 970 228 995 1708
331 127 223 996 1709
695 487 221 996 1709
594 211 226 996 1709
567 971 231 996 1709
25 983 221 996 1709
8 962 221 996 1709
331 128 223 997 1710
695 488 225 997 1710
594 212 227 997 1710
25 984 224 997 1710
567 972 229 997 1710
331 129 221 998 1711
695 489 221 998 1711
594 213 226 998 1711
567 973 239 998 1711
695 490 223 999 1712
331 130 227 999 1712
25 986 222 999 1712
567 974 223 999 1712
695 491 223 1000 1713
331 131 223 1000 1713
25 987 221 1000 1713
567 975 222 1000 1713
567 976 221 1001 1714
665 113 227 1001 1714
695 493 222 1002 1715
594 217 221 1002 1715
567 977 226 1002 1715
665 114 224 1002 1715
695 494 223 1003 1716
331 134 227 1003 1716
487 459 223 1003 1716
594 218 222 1003 1716
567 978 239 1003 1716
665 115 223 1003 1716
331 135 223 1004 1717
594 219 227 1004 1717
25 991 227 1004 1717
594 220 229 1005 1718
25 992 224 1005 1718
567 980 229 1005 1718
594 221 229 1006 1719
25 993 225 1006 1719
567 981 231 1006 1719
25 994 221 1007 1720
594 222 223 1007 1720
567 982 233 1007 1720
594 223 223 1008 1721
567 983 235 1008 1721
567 984 235 1009 1722
8 975 223 1009 1722
594 224 224 1009 1722
665 121 222 1009 1722
567 985 233 1010 1723
25 997 226 1010 1723
665 122 221 1010 1723
487 467 221 1011 1724
733 152 222 1011 1724
567 986 233 1011 1724
25 998 222 1011 1724
665 123 223 1011 1724
733 153 222 1012 1725
567 987 232 1012 1725
594 227 223 1012 1725
152 1032 222 1012 1725
733 154 221 1013 1726
567 988 227 1013 1726
594 228 221 1013 1726
152 1033 225 1013 1726
695 505 223 1014 1727
487 470 226 1014 1727
733 155 221 1014 1727
567 989 226 1014 1727
594 229 227 1014 1727
152 1034 221 1014 1727
665 126 223 1014 1727
695 506 225 1015 1728
487 471 225 1015 1728
567 990 229 1015 1728
594 230 226 1015 1728
152 1035 221 1015 1728
695 507 225 1016 1729
487 472 225 1016 1729
567 991 236 1016 1729
594 231 227 1016 1729
152 1036 222 1016 1729
695 508 224 1017 1730
487 473 222 1017 1730
567 992 231 1017 1730
733 158 223 1017 1730
594 232 227 1017 1730
152 1037 221 1017 1730
695 509 224 1018 1731
487 474 223 1018 1731
331 149 222 1018 1731
567 993 235 1018 1731
733 159 222 1018 1731
594 233 227 1018 1731
695 510 223 1019 1732
331 150 222 1019 1732
487 475 223 1019 1732
567 994 230 1019 1732
25 1006 227 1019 1732
152 1039 222 1019 1732
695 511 225 1020 1733
567 995 240 1020 1733
25 1007 227 1020 1733
695 512 221 1021 1734
567 996 237 1021 1734
594 236 221 1021 1734
25 1008 221 1021 1734
567 997 235 1022 1735
152 1042 223 1022 1735
567 998 233 1023 1736
594 238 227 1023 1736
185 222 221 1024 1737
331 155 221 1024 1737
567 999 233 1024 1737
594 239 223 1024 1737
567 1000 239 1025 1738
25 1012 233 1025 1738
567 1001 239 1026 1739
25 1013 231 1026 1739
567 1002 235 1027 1740
25 1014 224 1027 1740
152 1047 223 1027 1740
185 226 221 1028 1741
695 519 225 1028 1741
487 484 223 1028 1741
733 169 225 1028 1741
567 1003 240 1028 1741
594 243 227 1028 1741
25 1015 224 1028 1741
665 140 222 1028 1741
567 1004 241 1029 1742
594 244 227 1029 1742
25 1016 225 1029 1742
567 1005 240 1030 1743
25 1017 225 1030 1743
594 245 228 1030 1743
567 1006 242 1031 1744
25 1018 225 1031 1744
594 246 227 1031 1744
695 523 223 1032 1745
567 1007 233 1032 1745
25 1019 221 1032 1745
594 247 226 1032 1745
695 524 221 1033 1746
733 174 221 1033 1746
567 1008 239 1033 1746
594 248 227 1033 1746
665 145 221 1033 1746
567 1009 235 1034 1747
594 249 226 1034 1747
567 1010 232 1035 1748
594 250 222 1035 1748
567 1011 235 1036 1749
185 235 221 1037 1750
567 1012 231 1037 1750
185 236 221 1038 1751
25 1025 223 1038 1751
567 1013 230 1038 1751
567 1014 232 1039 1752
594 254 239 1039 1752
567 1015 231 1040 1753
695 532 222 1041 1754
567 1017 221 1042 1755
695 534 221 1043 1756
695 536 224 1045 1758
567 1020 223 1045 1758
695 537 225 1046 1759
567 1022 221 1047 1760
695 539 221 1048 1761
567 1024 221 1049 1762
695 541 221 1050 1763
567 1025 227 1050 1763
695 542 221 1051 1764
567 1026 227 1051 1764
152 1071 222 1051 1764
665 163 224 1051 1764
695 543 227 1052 1765
567 1027 226 1052 1765
567 1028 233 1053 1766
25 1040 221 1053 1766
567 1029 234 1054 1767
152 1074 225 1054 1767
567 1030 233 1055 1768
152 1075 223 1055 1768
567 1032 231 1057 1770
152 1077 222 1057 1770
567 1033 233 1058 1771
567 1034 233 1059 1772
567 1035 233 1060 1773
567 1036 235 1061 1774
733 202 221 1061 1774
567 1037 239 1062 1775
695 554 222 1063 1776
567 1038 241 1063 1776
331 195 226 1064 1777
567 1039 237 1064 1777
331 196 227 1065 1778
567 1040 239 1065 1778
331 197 228 1066 1779
567 1041 241 1066 1779
331 198 227 1067 1780
567 1042 236 1067 1780
695 559 223 1068 1781
331 199 224 1068 1781
567 1043 230 1068 1781
695 560 223 1069 1782
331 200 227 1069 1782
567 1044 231 1069 1782
695 561 223 1070 1783
331 201 227 1070 1783
567 1045 231 1070 1783
695 562 223 1071 1784
567 1046 235 1071 1784
695 563 225 1072 1785
567 1047 236 1072 1785
695 564 224 1073 1786
567 1048 235 1073 1786
665 185 224 1074 1787
695 565 224 1074 1787
331 205 221 1074 1787
567 1049 233 1074 1787
665 186 223 1075 1788
695 566 224 1075 1788
331 206 223 1075 1788
567 1050 235 1075 1788
695 567 221 1076 1789
567 1051 230 1076 1789
152 1096 222 1077 1790
665 188 222 1077 1790
695 568 223 1077 1790
567 1052 237 1077 1790
665 189 223 1078 1791
567 1053 233 1078 1791
695 571 226 1080 1793
567 1056 233 1081 1794
695 573 225 1082 1795
567 1057 224 1082 1795
733 223 221 1082 1795
567 1058 227 1083 1796
567 1059 223 1084 1797
695 576 223 1085 1798
567 1060 227 1085 1798
695 577 222 1086 1799
567 1061 227 1086 1799
152 1106 223 1087 1800
695 578 226 1087 1800
567 1062 232 1087 1800
152 1107 221 1088 1801
695 579 229 1088 1801
567 1063 228 1088 1801
695 580 227 1089 1802
567 1064 225 1089 1802
152 1109 221 1090 1803
695 581 222 1090 1803
733 231 221 1090 1803
152 1110 221 1091 1804
567 1066 221 1091 1804
331 223 221 1092 1805
695 584 223 1093 1806
567 1068 221 1093 1806
331 225 229 1094 1807
567 1069 221 1094 1807
25 1081 222 1094 1807
733 235 231 1094 1807
695 586 225 1095 1808
567 1070 235 1095 1808
567 1071 233 1096 1809
25 1083 226 1096 1809
695 588 222 1097 1810
567 1072 237 1097 1810
25 1084 224 1097 1810
733 238 223 1097 1810
695 589 221 1098 1811
567 1073 224 1098 1811
695 590 224 1099 1812
487 555 222 1099 1812
331 230 227 1099 1812
665 211 224 1100 1813
695 591 221 1100 1813
567 1075 225 1100 1813
487 557 221 1101 1814
567 1076 235 1101 1814
567 1077 229 1102 1815
152 1125 223 1106 1819
567 1081 221 1106 1819
152 1126 222 1107 1820
331 238 222 1107 1820
567 1082 230 1107 1820
152 1127 223 1108 1821
331 239 221 1108 1821
567 1083 237 1108 1821
331 240 221 1109 1822
25 1096 221 1109 1822
567 1084 237 1109 1822
8 1075 227 1110 1823
567 1085 233 1110 1823
25 1098 223 1111 1824
567 1086 231 1111 1824
567 1087 236 1112 1825
733 253 221 1112 1825
152 1132 225 1113 1826
567 1088 236 1113 1826
567 1089 233 1114 1827
733 255 221 1114 1827
331 246 223 1115 1828
567 1090 237 1115 1828
733 256 226 1115 1828
567 1092 235 1117 1830
487 573 223 1117 1830
567 1093 223 1118 1831
25 1106 221 1119 1832
733 260 227 1119 1832
567 1094 221 1119 1832
331 251 223 1120 1833
567 1095 224 1120 1833
695 612 224 1121 1834
567 1097 225 1122 1835
567 1098 233 1123 1836
733 266 226 1125 1838
567 1100 237 1125 1838
567 1101 231 1126 1839
567 1102 222 1127 1840
25 1114 222 1127 1840
567 1103 222 1128 1841
152 1148 221 1129 1842
695 620 224 1129 1842
567 1104 231 1129 1842
729 562 225 1129 1842
175 1098 225 1133 1846
152 1157 229 1137 1850
665 249 221 1138 1851
695 629 237 1138 1851
733 279 221 1138 1851
487 594 221 1138 1851
665 250 227 1139 1852
695 630 229 1139 1852
25 1126 224 1139 1852
729 572 231 1139 1852
152 1159 225 1139 1852
665 251 230 1140 1853
25 1127 222 1140 1853
729 573 225 1140 1853
152 1160 227 1140 1853
665 252 231 1141 1854
695 632 226 1141 1854
733 282 221 1141 1854
729 574 221 1141 1854
695 633 223 1142 1855
733 283 227 1142 1855
729 575 224 1142 1855
152 1162 221 1142 1855
733 284 228 1143 1856
487 599 221 1143 1856
60 1172 222 1144 1857
8 1110 225 1145 1858
695 636 223 1145 1858
25 1132 221 1145 1858
152 1165 227 1145 1858
25 1133 225 1146 1859
25 1134 224 1147 1860
60 1175 225 1147 1860
695 639 224 1148 1861
25 1135 236 1148 1861
665 260 221 1149 1862
25 1136 239 1149 1862
567 1124 224 1149 1862
665 261 223 1150 1863
680 1108 224 1150 1863
102 1164 227 1150 1863
25 1137 221 1150 1863
665 262 225 1151 1864
25 1138 237 1151 1864
15 232 229 1151 1864
701 150 230 1151 1864
22 1118 231 1151 1864
611 1159 243 1152 1865
283 862 231 1152 1865
119 5 228 1152 1865
611 1160 223 1153 1866
611 1161 223 1154 1867
762 196 234 1154 1867
611 1162 233 1155 1868
199 732 224 1155 1868
53 75 224 1155 1868
43 1175 223 1155 1868
611 1164 226 1157 1870
91 253 225 1157 1870
17 893 225 1157 1870
536 1184 223 1159 1872
99 9 227 1160 1873
74 280 227 1161 1874
518 241 224 1161 1874
364 1180 235 1161 1874
564 243 227 1161 1874
218 248 222 1161 1874
99 10 228 1161 1874
74 281 223 1162 1875
611 1169 235 1162 1875
569 1176 221 1162 1875
364 1181 225 1162 1875
541 354 225 1162 1875
257 1100 222 1162 1875
726 1 228 1162 1875
170 1168 225 1162 1875
99 11 243 1162 1875
153 9 225 1162 1875
74 282 225 1162 1875
364 1182 224 1163 1876
518 243 228 1163 1876
564 245 228 1163 1876
257 1101 221 1163 1876
726 2 230 1163 1876
170 1169 233 1163 1876
497 1181 233 1163 1876
99 12 229 1163 1876
74 283 231 1164 1877
518 244 231 1164 1877
564 246 221 1164 1877
218 251 222 1164 1877
257 1102 227 1164 1877
497 1182 221 1164 1877
99 13 226 1164 1877
611 1172 227 1165 1878
518 245 222 1165 1878
218 252 222 1165 1878
257 1103 227 1165 1878
726 4 227 1165 1878
170 1171 223 1165 1878
497 1183 235 1165 1878
611 1173 227 1166 1879
518 246 224 1166 1879
564 248 225 1166 1879
257 1104 225 1166 1879
497 1184 226 1166 1879
74 286 221 1167 1880
218 254 237 1167 1880
564 249 225 1167 1880
726 6 222 1167 1880
497 1185 235 1167 1880
74 287 223 1168 1881
218 255 227 1168 1881
564 250 224 1168 1881
257 1106 223 1168 1881
497 1186 241 1168 1881
364 1188 223 1169 1882
564 251 225 1169 1882
257 1107 221 1169 1882
170 1175 223 1169 1882
564 252 224 1170 1883
257 1108 231 1170 1883
170 1176 235 1170 1883
497 1188 225 1170 1883
364 1190 233 1171 1884
257 1109 235 1171 1884
726 10 223 1171 1884
497 1189 221 1171 1884
74 291 235 1172 1885
99 20 225 1172 1885
611 1179 221 1172 1885
518 252 223 1172 1885
364 1191 231 1172 1885
564 254 224 1172 1885
563 35 222 1172 1885
257 1110 225 1172 1885
497 1190 224 1172 1885
74 292 221 1173 1886
518 253 227 1173 1886
364 1192 230 1173 1886
218 260 227 1173 1886
564 255 225 1173 1886
563 36 237 1173 1886
170 1179 234 1173 1886
497 1191 233 1173 1886
74 293 221 1174 1887
99 22 223 1174 1887
611 1181 223 1174 1887
57 295 225 1174 1887
364 1193 235 1174 1887
218 261 241 1174 1887
564 256 225 1174 1887
541 366 235 1174 1887
563 37 231 1174 1887
257 1112 231 1174 1887
170 1180 230 1174 1887
497 1192 240 1175 1888
74 294 239 1175 1888
99 23 231 1175 1888
57 296 222 1175 1888
518 255 221 1175 1888
364 1194 228 1175 1888
218 262 239 1175 1888
564 257 223 1175 1888
563 38 239 1175 1888
541 367 221 1175 1888
726 14 222 1175 1888
257 1113 228 1175 1888
497 1193 229 1176 1889
74 295 227 1176 1889
99 24 237 1176 1889
57 297 231 1176 1889
518 256 223 1176 1889
364 1195 235 1176 1889
218 263 239 1176 1889
563 39 229 1176 1889
541 368 223 1176 1889
726 15 227 1176 1889
257 1114 224 1176 1889
170 1182 229 1176 1889
497 1194 241 1177 1890
74 296 223 1177 1890
99 25 240 1177 1890
611 1184 221 1177 1890
57 298 223 1177 1890
364 1196 227 1177 1890
218 264 239 1177 1890
564 259 225 1177 1890
563 40 231 1177 1890
726 16 231 1177 1890
257 1115 229 1177 1890
170 1183 229 1177 1890
497 1195 249 1177 1890
74 297 233 1178 1891
99 26 241 1178 1891
611 1185 221 1178 1891
518 258 221 1178 1891
57 299 234 1178 1891
364 1197 229 1178 1891
218 265 247 1178 1891
726 17 227 1178 1891
563 41 231 1178 1891
541 370 221 1178 1891
257 1116 225 1178 1891
170 1184 221 1178 1891
497 1196 222 1178 1891
74 298 234 1179 1892
99 27 236 1179 1892
611 1186 223 1179 1892
518 259 224 1179 1892
57 300 227 1179 1892
364 1198 226 1179 1892
218 266 245 1179 1892
726 18 224 1179 1892
563 42 227 1179 1892
257 1117 221 1179 1892
170 1185 223 1179 1892
497 1197 250 1179 1892
99 28 235 1180 1893
74 299 227 1180 1893
518 260 222 1180 1893
364 1199 223 1180 1893
218 267 239 1180 1893
564 262 222 1180 1893
726 19 223 1180 1893
257 1118 225 1180 1893
497 1198 233 1180 1893
99 29 242 1181 1894
518 261 223 1181 1894
364 1200 221 1181 1894
218 268 239 1181 1894
726 20 227 1181 1894
563 44 223 1181 1894
541 373 225 1181 1894
257 1119 222 1181 1894
170 1187 231 1181 1894
497 1199 232 1181 1894
74 301 224 1182 1895
99 30 239 1182 1895
611 1189 223 1182 1895
364 1201 225 1182 1895
218 269 229 1182 1895
726 21 229 1182 1895
563 45 230 1182 1895
541 374 222 1182 1895
257 1120 235 1182 1895
170 1188 224 1182 1895
497 1200 237 1182 1895
99 31 230 1183 1896
611 1190 221 1183 1896
218 270 235 1183 1896
564 265 222 1183 1896
257 1121 226 1183 1896
170 1189 223 1183 1896
497 1201 237 1183 1896
74 303 225 1184 1897
99 32 232 1184 1897
518 264 223 1184 1897
57 305 221 1184 1897
364 1203 223 1184 1897
218 271 233 1184 1897
563 47 222 1184 1897
541 376 223 1184 1897
257 1122 222 1184 1897
497 1202 225 1184 1897
74 304 228 1185 1898
99 33 233 1185 1898
518 265 227 1185 1898
218 272 242 1185 1898
564 267 222 1185 1898
726 24 232 1185 1898
541 377 227 1185 1898
497 1203 241 1185 1898
74 305 222 1186 1899
611 1193 224 1186 1899
518 266 221 1186 1899
99 34 223 1186 1899
218 273 226 1186 1899
564 268 223 1186 1899
563 49 223 1186 1899
726 25 237 1186 1899
541 378 227 1186 1899
257 1124 221 1186 1899
497 1204 227 1186 1899
74 306 221 1187 1900
99 35 237 1187 1900
57 308 221 1187 1900
518 267 237 1187 1900
218 274 239 1187 1900
564 269 227 1187 1900
726 26 223 1187 1900
257 1125 237 1187 1900
170 1193 226 1187 1900
497 1205 242 1187 1900
611 1195 223 1188 1901
99 36 224 1188 1901
57 309 225 1188 1901
364 1207 224 1188 1901
218 275 238 1188 1901
563 51 227 1188 1901
726 27 227 1188 1901
541 380 224 1188 1901
257 1126 235 1188 1901
170 1194 225 1188 1901
497 1206 243 1188 1901
611 1196 228 1189 1902
57 310 221 1189 1902
99 37 233 1189 1902
218 276 239 1189 1902
563 52 229 1189 1902
726 28 226 1189 1902
541 381 223 1189 1902
257 1127 233 1189 1902
170 1195 221 1189 1902
497 1207 246 1189 1902
74 309 223 1190 1903
99 38 224 1190 1903
364 1209 221 1190 1903
218 277 241 1190 1903
563 53 227 1190 1903
541 382 227 1190 1903
257 1128 235 1190 1903
170 1196 226 1190 1903
497 1208 242 1190 1903
74 310 227 1191 1904
611 1198 221 1191 1904
99 39 223 1191 1904
518 271 221 1191 1904
57 312 221 1191 1904
364 1210 221 1191 1904
218 278 231 1191 1904
564 273 223 1191 1904
563 54 221 1191 1904
257 1129 235 1191 1904
170 1197 223 1191 1904
497 1209 236 1191 1904
74 311 223 1192 1905
99 40 234 1192 1905
57 313 225 1192 1905
518 272 223 1192 1905
218 279 222 1192 1905
257 1130 225 1192 1905
170 1198 226 1192 1905
497 1210 246 1193 1906
99 41 231 1193 1906
611 1200 229 1193 1906
57 314 231 1193 1906
218 280 242 1193 1906
726 32 227 1193 1906
541 385 227 1193 1906
257 1131 237 1193 1906
497 1211 247 1193 1906
74 313 224 1194 1907
611 1201 233 1194 1907
57 315 225 1194 1907
99 42 226 1194 1907
218 281 239 1194 1907
564 276 229 1194 1907
726 33 230 1194 1907
541 386 221 1194 1907
257 1132 223 1194 1907
170 1200 230 1194 1907
497 1212 249 1195 1908
74 314 225 1195 1908
611 1202 223 1195 1908
99 43 238 1195 1908
364 1214 221 1195 1908
218 282 242 1195 1908
563 58 221 1195 1908
726 34 233 1195 1908
257 1133 227 1195 1908
170 1201 226 1195 1908
497 1213 248 1196 1909
74 315 227 1196 1909
518 276 221 1196 1909
218 283 246 1196 1909
563 59 227 1196 1909
726 35 227 1196 1909
541 388 223 1196 1909
257 1134 225 1196 1909
170 1202 227 1196 1909
497 1214 237 1197 1910
74 316 225 1197 1910
611 1204 223 1197 1910
99 45 235 1197 1910
218 284 238 1197 1910
726 36 225 1197 1910
257 1135 221 1197 1910
170 1203 231 1197 1910
497 1215 239 1197 1910
57 319 226 1198 1911
99 46 223 1198 1911
611 1205 221 1198 1911
518 278 221 1198 1911
364 1217 235 1198 1911
218 285 242 1198 1911
726 37 223 1198 1911
563 61 226 1198 1911
257 1136 225 1198 1911
57 320 221 1199 1912
99 47 239 1199 1912
518 279 222 1199 1912
364 1218 226 1199 1912
726 38 225 1199 1912
541 391 223 1199 1912
497 1217 237 1200 1913
74 319 221 1200 1913
99 48 233 1200 1913
518 280 221 1200 1913
218 287 243 1200 1913
726 39 229 1200 1913
257 1138 237 1200 1913
497 1218 233 1201 1914
74 320 227 1201 1914
99 49 237 1201 1914
611 1208 225 1201 1914
518 281 223 1201 1914
364 1220 229 1201 1914
218 288 239 1201 1914
726 40 240 1201 1914
257 1139 233 1201 1914
170 1207 222 1201 1914
497 1219 232 1201 1914
57 323 222 1202 1915
99 50 239 1202 1915
611 1209 223 1202 1915
518 282 221 1202 1915
218 289 237 1202 1915
726 41 235 1202 1915
563 65 225 1202 1915
257 1140 223 1202 1915
170 1208 231 1202 1915
497 1220 242 1203 1916
57 324 227 1203 1916
99 51 227 1203 1916
611 1210 223 1203 1916
518 283 227 1203 1916
218 290 231 1203 1916
726 42 241 1203 1916
563 66 235 1203 1916
541 395 221 1203 1916
257 1141 224 1203 1916
497 1221 239 1203 1916
57 325 222 1204 1917
99 52 234 1204 1917
611 1211 221 1204 1917
518 284 228 1204 1917
218 291 226 1204 1917
257 1142 228 1204 1917
497 1222 231 1204 1917
57 326 231 1205 1918
99 53 231 1205 1918
518 285 233 1205 1918
218 292 235 1205 1918
726 44 225 1205 1918
563 68 222 1205 1918
170 1211 232 1205 1918
257 1143 237 1205 1918
57 327 221 1206 1919
99 54 231 1206 1919
218 293 227 1206 1919
564 288 230 1206 1919
726 45 221 1206 1919
170 1212 221 1206 1919
257 1144 229 1206 1919
497 1224 225 1207 1920
99 55 227 1207 1920
518 287 223 1207 1920
218 294 234 1207 1920
726 46 233 1207 1920
57 329 239 1208 1921
364 1227 223 1208 1921
564 290 237 1208 1921
726 47 247 1208 1921
541 400 225 1208 1921
497 1226 221 1209 1922
74 328 229 1209 1922
99 57 227 1209 1922
364 1228 221 1209 1922
170 1215 234 1209 1922
497 1227 225 1210 1923
611 1217 223 1210 1923
726 49 223 1210 1923
541 402 227 1210 1923
497 1228 231 1211 1924
497 1229 221 1212 1925
611 1219 225 1212 1925
74 331 222 1212 1925
518 292 227 1212 1925
541 404 221 1212 1925
497 1230 223 1213 1926
57 334 221 1213 1926
611 1220 221 1213 1926
218 300 233 1213 1926
726 52 225 1213 1926
541 405 226 1213 1926
170 1219 222 1213 1926
497 1231 226 1214 1927
218 301 244 1214 1927
541 406 221 1214 1927
170 1220 223 1214 1927
497 1232 225 1215 1928
74 334 225 1215 1928
541 407 224 1215 1928
497 1233 232 1215 1928
611 1223 221 1216 1929
218 303 223 1216 1929
563 79 223 1216 1929
541 408 223 1216 1929
497 1234 237 1216 1929
257 1154 231 1216 1929
170 1222 227 1216 1929
74 336 221 1217 1930
611 1224 221 1217 1930
218 304 231 1217 1930
563 80 226 1217 1930
497 1235 240 1217 1930
170 1223 224 1217 1930
74 337 227 1218 1931
726 57 221 1218 1931
563 81 229 1218 1931
497 1236 238 1218 1931
257 1156 222 1218 1931
170 1224 222 1218 1931
218 306 229 1219 1932
563 82 223 1219 1932
170 1225 222 1219 1932
218 307 221 1220 1933
563 83 222 1220 1933
218 308 225 1221 1934
563 84 223 1221 1934
218 309 230 1222 1935
497 1240 227 1222 1935
74 342 229 1223 1936
99 71 224 1223 1936
218 310 225 1223 1936
541 415 221 1223 1936
497 1241 233 1223 1936
257 1161 222 1223 1936
74 343 221 1224 1937
611 1231 222 1224 1937
518 304 223 1224 1937
726 63 221 1224 1937
497 1242 223 1224 1937
218 312 231 1225 1938
563 88 223 1225 1938
541 417 221 1225 1938
497 1243 231 1225 1938
74 345 226 1226 1939
518 306 221 1226 1939
726 65 221 1226 1939
563 89 222 1226 1939
497 1244 237 1226 1939
170 1232 222 1226 1939
518 307 221 1227 1940
218 314 234 1227 1940
497 1245 230 1227 1940
518 308 223 1228 1941
497 1246 221 1228 1941
218 316 223 1229 1942
497 1247 225 1229 1942
99 78 227 1230 1943
218 318 227 1231 1944
497 1249 235 1231 1944
99 80 221 1232 1945
364 1251 221 1232 1945
541 424 223 1232 1945
497 1250 233 1232 1945
74 352 231 1233 1946
611 1240 224 1233 1946
57 354 222 1233 1946
518 313 221 1233 1946
257 1171 221 1233 1946
74 353 225 1234 1947
218 321 229 1234 1947
497 1252 224 1234 1947
170 1240 221 1234 1947
74 354 225 1235 1948
57 356 222 1235 1948
518 315 227 1235 1948
218 322 227 1235 1948
497 1253 229 1235 1948
257 1173 221 1235 1948
611 1243 227 1236 1949
497 1254 233 1236 1949
170 1242 223 1236 1949
57 358 222 1237 1950
611 1244 222 1237 1950
518 317 226 1237 1950
218 324 223 1237 1950
563 100 223 1237 1950
541 429 223 1237 1950
726 76 221 1237 1950
497 1255 225 1237 1950
170 1243 223 1237 1950
257 1175 222 1238 1951
74 357 221 1238 1951
57 359 223 1238 1951
611 1245 221 1238 1951
218 325 232 1238 1951
541 430 223 1238 1951
726 77 222 1238 1951
497 1256 227 1238 1951
57 360 223 1239 1952
518 319 224 1239 1952
218 326 224 1239 1952
541 431 224 1239 1952
74 359 221 1240 1953
541 432 221 1240 1953
497 1258 222 1240 1953
57 362 222 1241 1954
541 433 225 1241 1954
726 80 221 1241 1954
497 1259 226 1241 1954
218 1 235 1241 1954
726 81 227 1242 1955
497 1260 224 1242 1955
170 1248 224 1242 1955
218 2 231 1242 1955
74 362 222 1243 1956
611 1250 223 1243 1956
518 323 223 1243 1956
541 435 221 1243 1956
497 1261 221 1243 1956
170 1249 225 1243 1956
218 3 233 1244 1957
74 363 225 1244 1957
611 1251 223 1244 1957
57 365 225 1244 1957
518 324 221 1244 1957
497 1262 223 1244 1957
218 4 221 1245 1958
99 93 221 1245 1958
611 1252 223 1245 1958
518 325 227 1245 1958
726 84 225 1245 1958
497 1263 223 1245 1958
99 94 221 1246 1959
611 1253 226 1246 1959
57 367 225 1246 1959
541 438 225 1246 1959
726 85 223 1246 1959
497 1264 222 1246 1959
218 6 221 1247 1960
611 1254 225 1247 1960
726 86 223 1247 1960
541 439 221 1247 1960
497 1265 223 1247 1960
257 1185 227 1248 1961
611 1255 225 1248 1961
57 369 225 1248 1961
726 87 222 1248 1961
497 1266 230 1248 1961
611 1256 222 1249 1962
57 370 223 1249 1962
726 88 222 1249 1962
541 441 221 1249 1962
497 1267 222 1249 1962
218 9 233 1250 1963
518 330 226 1250 1963
541 442 222 1250 1963
497 1268 224 1250 1963
170 1256 221 1251 1964
518 331 222 1251 1964
563 114 221 1251 1964
497 1269 233 1251 1964
170 1257 223 1252 1965
257 1189 221 1252 1965
497 1270 237 1253 1966
518 333 221 1253 1966
726 92 231 1253 1966
497 1271 231 1254 1967
218 13 223 1254 1967
611 1261 227 1254 1967
518 334 223 1254 1967
563 117 225 1254 1967
218 14 227 1255 1968
497 1272 241 1255 1968
541 447 221 1255 1968
170 1261 223 1256 1969
218 15 225 1256 1969
497 1273 241 1256 1969
218 16 225 1257 1970
170 1262 223 1257 1970
497 1274 237 1257 1970
99 105 221 1257 1970
726 96 223 1257 1970
218 17 223 1258 1971
497 1275 243 1258 1971
518 338 221 1258 1971
170 1264 225 1259 1972
497 1276 246 1259 1972
726 98 225 1259 1972
563 122 223 1259 1972
497 1277 240 1260 1973
726 99 223 1260 1973
563 123 223 1260 1973
497 1278 240 1261 1974
726 100 221 1261 1974
497 1279 237 1262 1975
726 101 223 1262 1975
497 1280 236 1263 1976
518 343 226 1263 1976
497 1281 239 1264 1977
518 344 227 1264 1977
497 1282 221 1265 1978
497 1283 225 1266 1979
726 105 224 1266 1979
170 1272 223 1267 1980
497 1284 225 1267 1980
611 1274 222 1267 1980
726 106 225 1267 1980
