182 64 242 0 610
182 65 223 1 611
44 118 243 4 614
739 139 223 10 620
739 140 227 11 621
739 141 221 12 622
739 142 238 13 623
739 143 235 14 624
739 145 235 16 626
739 148 222 19 629
739 152 224 23 633
739 161 229 32 642
739 162 231 33 643
739 163 223 34 644
739 164 228 35 645
739 211 223 82 692
739 212 225 83 693
739 216 221 87 697
182 3 225 94 704
739 223 229 94 704
739 238 238 109 719
705 121 237 110 720
739 239 231 110 720
739 242 222 113 723
739 245 235 116 726
739 246 225 117 727
739 257 239 128 738
739 258 221 129 739
739 261 254 132 742
739 262 223 133 743
739 266 225 137 747
739 296 231 167 777
705 219 233 208 818
182 28 230 209 819
739 338 239 209 819
182 29 229 210 820
739 339 228 210 820
739 340 232 211 821
182 31 228 212 822
739 341 239 212 822
705 224 223 212 822
182 32 227 213 823
739 342 239 213 823
705 225 237 213 823
182 33 225 214 824
739 343 237 214 824
705 226 221 214 824
182 34 239 215 825
739 344 233 215 825
705 227 239 215 825
182 35 237 216 826
739 345 237 216 826
705 228 229 216 826
182 36 235 217 827
739 346 235 217 827
705 229 231 218 828
739 347 233 218 828
705 230 235 219 829
182 38 222 219 829
739 348 233 219 829
705 231 238 220 830
182 39 221 220 830
739 349 240 220 830
705 232 234 221 831
182 40 233 221 831
739 350 241 221 831
705 233 233 222 832
182 41 226 222 832
739 351 224 222 832
182 42 233 223 833
739 352 233 223 833
182 43 231 224 834
739 353 235 224 834
182 44 235 225 835
739 354 241 225 835
705 237 233 226 836
182 45 222 226 836
739 355 243 226 836
182 46 223 227 837
705 239 225 228 838
182 47 229 228 838
739 357 227 228 838
705 240 232 229 839
182 48 227 229 839
739 358 234 229 839
182 49 231 230 840
739 359 225 230 840
182 50 231 231 841
739 360 231 231 841
705 243 237 232 842
182 51 239 232 842
739 361 237 232 842
182 52 223 233 843
739 362 225 233 843
705 245 225 234 844
182 53 221 234 844
739 363 235 234 844
182 54 229 235 845
739 376 227 248 858
739 379 223 250 860
739 388 221 260 870
705 271 227 260 870
739 399 226 271 881
739 405 231 277 887
201 366 228 282 892
201 367 231 283 893
201 368 230 284 894
201 369 223 285 895
417 377 223 286 896
739 16 244 308 918
739 17 221 309 919
739 20 223 312 922
739 26 223 318 928
739 27 228 319 929
705 330 223 319 929
739 28 223 320 930
739 31 231 323 933
705 336 221 325 935
739 33 227 325 935
739 35 231 327 937
739 36 240 328 938
739 37 237 329 939
739 45 226 337 947
44 265 233 342 952
44 266 227 343 953
201 430 241 346 956
201 431 224 347 957
201 435 225 351 961
201 437 237 353 963
693 315 221 355 965
768 331 221 357 967
768 332 224 358 968
693 318 231 358 968
768 334 221 360 970
693 320 227 360 970
705 388 221 377 987
705 389 221 378 988
705 390 224 379 989
739 33 223 380 990
705 391 235 380 990
705 392 231 381 991
739 36 226 383 993
705 394 222 383 993
705 395 221 384 994
739 38 227 385 995
739 39 221 386 996
705 397 222 386 996
705 399 229 388 998
739 42 239 389 999
705 402 225 391 1001
705 403 232 392 1002
739 46 228 393 1003
739 47 221 394 1004
705 405 227 394 1004
739 48 223 395 1005
739 52 221 399 1009
739 54 221 401 1011
739 65 232 412 1022
739 68 233 415 1025
739 72 224 419 1029
739 73 238 420 1030
739 76 227 423 1033
739 83 226 430 1040
705 463 222 452 1062
705 467 226 456 1066
705 468 231 457 1067
705 470 227 459 1069
705 471 237 460 1070
705 472 231 461 1071
739 117 221 464 1074
705 476 237 465 1075
739 119 237 466 1076
705 477 247 466 1076
739 120 239 467 1077
739 121 239 468 1078
705 479 229 468 1078
739 122 221 469 1079
705 480 237 469 1079
705 485 231 474 1084
705 486 221 475 1085
705 487 229 476 1086
705 492 225 481 1091
705 493 221 482 1092
739 138 223 485 1095
705 496 225 485 1095
182 15 235 487 1097
739 140 224 487 1097
705 498 221 487 1097
182 16 239 488 1098
705 499 228 488 1098
182 17 227 489 1099
705 500 232 489 1099
705 502 226 491 1101
739 145 221 492 1102
705 503 221 492 1102
739 146 225 493 1103
705 504 226 493 1103
739 147 224 494 1104
739 148 221 495 1105
739 151 224 498 1108
739 152 225 499 1109
705 511 227 500 1110
739 154 227 501 1111
705 512 227 501 1111
739 155 239 502 1112
705 514 226 503 1113
739 157 224 504 1114
705 519 221 508 1118
705 528 226 517 1127
705 537 226 526 1136
705 559 241 548 1158
705 560 225 549 1159
705 566 221 555 1165
705 568 222 557 1167
705 569 223 558 1168
705 571 224 560 1170
739 214 225 560 1170
705 572 226 561 1171
739 215 221 561 1171
739 216 221 562 1172
739 217 227 563 1173
705 575 239 564 1174
739 218 221 564 1174
705 576 225 565 1175
739 219 231 565 1175
705 577 231 566 1176
739 220 223 566 1176
739 221 224 567 1177
739 222 222 568 1178
705 580 223 569 1179
705 581 229 570 1180
705 582 235 571 1181
739 225 227 571 1181
705 583 238 572 1182
739 226 225 572 1182
739 227 223 573 1183
705 585 227 574 1184
705 587 225 576 1186
705 589 225 578 1188
705 592 229 581 1191
705 595 221 584 1194
705 596 223 585 1195
705 597 221 586 1196
705 598 226 587 1197
705 600 225 589 1199
705 604 225 593 1203
705 605 226 594 1204
705 606 234 595 1205
705 608 228 597 1207
705 609 229 598 1208
705 610 221 599 1209
705 612 221 601 1211
705 613 229 602 1212
705 616 227 605 1215
705 618 223 607 1217
705 619 223 608 1218
705 620 225 609 1219
705 621 228 610 1220
705 626 229 615 1225
705 635 221 624 1234
705 636 224 625 1235
705 637 221 626 1236
705 641 225 630 1240
705 642 223 631 1241
705 644 223 633 1243
705 645 226 634 1244
705 654 222 643 1253
705 658 227 647 1257
705 659 221 648 1258
705 666 221 655 1265
705 685 221 674 1284
705 694 222 683 1293
705 695 223 684 1294
705 696 232 685 1295
705 697 223 686 1296
705 703 222 692 1302
705 705 221 694 1304
705 783 224 771 1381
705 794 232 782 1392
705 801 221 789 1399
705 802 223 790 1400
705 805 239 793 1403
739 447 225 794 1404
705 811 221 799 1409
739 469 231 816 1426
739 470 229 817 1427
705 829 227 817 1427
739 473 221 820 1430
705 833 236 821 1431
705 834 245 822 1432
705 837 235 825 1435
705 849 239 838 1448
705 850 233 839 1449
705 851 227 840 1450
705 852 222 841 1451
705 854 221 842 1452
705 855 224 843 1453
705 856 227 845 1455
705 857 225 846 1456
705 862 225 850 1460
705 866 224 854 1464
705 871 228 859 1469
705 872 227 860 1470
705 874 229 862 1472
705 877 221 865 1475
705 879 223 867 1477
705 880 223 868 1478
705 883 226 871 1481
705 884 223 872 1482
705 886 223 874 1484
705 889 235 877 1487
705 894 232 882 1492
705 895 233 883 1493
705 896 221 884 1494
705 899 225 887 1497
705 901 221 889 1499
705 912 221 900 1510
739 554 221 901 1511
739 559 221 906 1516
705 923 233 911 1521
705 924 233 912 1522
705 925 224 913 1523
739 589 221 936 1546
705 989 229 978 1588
739 633 221 981 1591
705 992 233 981 1591
705 1011 225 1000 1610
705 1019 227 1008 1618
705 1020 225 1009 1619
705 1024 231 1013 1623
705 1027 237 1016 1626
705 1031 221 1020 1630
739 686 235 1034 1644
705 1045 227 1034 1644
705 1046 221 1035 1645
705 1047 226 1036 1646
705 1048 226 1037 1647
705 1050 221 1039 1649
705 1051 239 1040 1650
182 1 235 1041 1651
705 1052 223 1041 1651
182 2 235 1042 1652
182 5 237 1045 1655
705 1056 226 1045 1655
182 6 235 1046 1656
182 7 236 1047 1657
182 8 238 1048 1658
705 1059 223 1048 1658
739 701 221 1049 1659
182 9 235 1049 1659
705 1060 227 1049 1659
705 1061 221 1050 1660
705 1063 242 1052 1662
705 1064 247 1053 1663
739 706 221 1054 1664
705 1065 221 1054 1664
739 708 228 1056 1666
739 710 225 1058 1668
705 1069 233 1058 1668
739 711 247 1059 1669
739 718 221 1066 1676
182 17 223 1068 1678
705 1079 229 1068 1678
739 724 227 1072 1682
705 1083 221 1072 1682
705 1084 223 1073 1683
705 1086 237 1075 1685
705 1087 224 1076 1686
521 149 236 1088 1698
44 664 225 1093 1703
44 666 229 1095 1705
643 790 239 1104 1714
249 38 221 1105 1715
201 1191 223 1108 1718
693 5 223 1118 1728
693 7 221 1120 1730
693 13 221 1125 1735
693 14 226 1126 1736
693 15 226 1127 1737
693 17 227 1129 1739
44 10 222 1140 1750
693 28 233 1140 1750
693 29 227 1141 1751
693 32 224 1144 1754
693 33 228 1145 1755
693 34 229 1146 1756
693 35 230 1147 1757
693 37 245 1149 1759
521 217 229 1156 1766
521 218 231 1157 1767
44 28 226 1158 1768
521 219 223 1158 1768
44 29 230 1159 1769
521 220 233 1159 1769
693 49 236 1161 1771
44 32 229 1162 1772
693 50 223 1162 1772
521 224 225 1163 1773
693 51 231 1163 1773
693 52 223 1164 1774
44 35 223 1165 1775
693 53 223 1165 1775
182 1 225 1166 1776
521 227 225 1166 1776
693 54 229 1166 1776
521 228 223 1167 1777
693 55 223 1167 1777
44 39 222 1169 1779
521 230 223 1169 1779
44 40 223 1170 1780
693 58 221 1170 1780
44 41 221 1171 1781
521 232 223 1171 1781
44 42 225 1172 1782
521 233 223 1172 1782
44 44 227 1174 1784
693 62 225 1174 1784
44 45 224 1175 1785
693 63 225 1175 1785
44 46 224 1176 1786
44 47 225 1177 1787
44 48 227 1178 1788
643 865 221 1179 1789
643 867 221 1181 1791
643 868 227 1182 1792
44 53 231 1183 1793
44 54 225 1184 1794
44 55 223 1185 1795
693 73 221 1185 1795
44 56 224 1186 1796
693 75 225 1187 1797
44 58 224 1188 1798
643 874 227 1188 1798
44 59 226 1189 1799
182 27 221 1192 1802
44 62 238 1192 1802
706 256 223 1192 1802
643 878 227 1192 1802
693 80 227 1193 1803
182 28 227 1193 1803
44 63 229 1193 1803
16 785 227 1193 1803
643 879 225 1194 1804
693 81 229 1194 1804
768 1167 221 1194 1804
182 29 227 1194 1804
44 64 233 1194 1804
768 1168 222 1195 1805
182 30 227 1195 1805
44 65 231 1195 1805
693 83 222 1196 1806
643 881 221 1196 1806
768 1169 221 1196 1806
182 31 225 1196 1806
44 66 235 1196 1806
693 84 225 1197 1807
182 32 227 1197 1807
44 67 223 1197 1807
693 85 221 1198 1808
44 69 223 1199 1809
693 88 225 1201 1811
44 71 224 1201 1811
182 46 223 1211 1821
44 81 227 1211 1821
51 1329 221 1211 1821
44 82 223 1212 1822
693 100 227 1213 1823
44 83 235 1213 1823
16 805 222 1213 1823
44 84 235 1214 1824
44 85 225 1215 1825
44 86 235 1216 1826
51 1334 225 1216 1826
693 104 243 1217 1827
182 52 222 1217 1827
51 1335 222 1217 1827
706 281 221 1217 1827
693 105 237 1218 1828
182 53 235 1218 1828
51 1336 221 1218 1828
16 810 227 1218 1828
693 106 233 1218 1828
182 54 223 1219 1829
693 107 237 1220 1830
182 55 225 1220 1830
693 108 235 1220 1830
705 1232 222 1221 1831
182 56 235 1221 1831
693 109 233 1222 1832
182 57 237 1222 1832
706 286 221 1222 1832
16 814 224 1222 1832
705 1234 224 1223 1833
44 93 227 1223 1833
182 58 237 1223 1833
51 1341 227 1223 1833
16 815 234 1223 1833
693 111 232 1223 1833
705 1235 229 1224 1834
44 94 235 1224 1834
182 59 235 1224 1834
51 1342 221 1224 1834
16 816 233 1224 1834
693 112 241 1225 1835
705 1236 233 1225 1835
44 95 240 1225 1835
182 60 234 1225 1835
16 817 221 1225 1835
693 113 240 1226 1836
705 1237 231 1226 1836
44 96 237 1226 1836
182 61 235 1226 1836
16 818 221 1226 1836
643 912 230 1226 1836
693 114 229 1227 1837
705 1238 233 1227 1837
44 97 245 1227 1837
182 62 235 1227 1837
706 291 221 1227 1837
16 819 225 1227 1837
643 913 233 1227 1837
693 115 243 1228 1838
705 1239 228 1228 1838
44 98 228 1228 1838
182 63 233 1228 1838
643 914 233 1228 1838
693 116 245 1229 1839
705 1240 226 1229 1839
44 99 231 1229 1839
182 64 233 1229 1839
643 915 233 1229 1839
693 117 239 1230 1840
705 1241 225 1230 1840
44 100 239 1230 1840
182 65 233 1230 1840
693 118 235 1231 1841
44 101 233 1231 1841
182 66 226 1231 1841
706 295 222 1231 1841
693 119 235 1232 1842
44 102 226 1232 1842
182 67 231 1232 1842
706 296 225 1232 1842
739 99 228 1232 1842
693 120 235 1233 1843
44 103 235 1233 1843
182 68 231 1233 1843
739 100 226 1233 1843
693 121 240 1234 1844
44 104 237 1234 1844
182 69 223 1234 1844
693 122 240 1235 1845
44 105 241 1235 1845
693 123 236 1236 1846
44 106 241 1236 1846
739 103 223 1236 1846
693 124 233 1237 1847
705 1248 225 1237 1847
44 107 243 1237 1847
182 72 233 1237 1847
739 104 225 1237 1847
693 125 236 1238 1848
705 1249 224 1238 1848
44 108 243 1238 1848
739 105 227 1238 1848
693 126 237 1239 1849
705 1250 225 1239 1849
44 109 246 1239 1849
182 74 225 1239 1849
693 127 231 1240 1850
44 110 244 1240 1850
693 128 231 1241 1851
44 111 238 1241 1851
182 76 221 1241 1851
693 129 235 1242 1852
44 112 241 1242 1852
693 130 235 1243 1853
44 113 241 1243 1853
182 78 223 1243 1853
693 131 230 1244 1854
44 114 237 1244 1854
182 79 221 1244 1854
739 111 224 1244 1854
693 132 232 1245 1855
44 115 239 1245 1855
182 80 226 1245 1855
693 133 233 1246 1856
44 116 221 1246 1856
182 81 235 1246 1856
693 134 231 1247 1857
182 82 234 1247 1857
693 135 239 1248 1858
44 118 228 1248 1858
182 83 235 1248 1858
44 119 233 1249 1859
182 84 234 1249 1859
693 137 237 1250 1860
768 1223 221 1250 1860
44 120 223 1250 1860
182 85 233 1250 1860
693 138 235 1251 1861
182 86 233 1251 1861
693 139 229 1252 1862
44 122 222 1252 1862
182 87 233 1252 1862
693 140 230 1253 1863
44 123 227 1253 1863
182 88 235 1253 1863
693 141 233 1254 1864
44 124 229 1254 1864
182 89 231 1254 1864
693 142 239 1255 1865
44 125 228 1255 1865
182 90 236 1255 1865
643 941 231 1255 1865
693 143 236 1256 1866
44 126 225 1256 1866
705 1280 224 1269 1879
705 1281 227 1270 1880
705 1282 236 1271 1881
705 1283 234 1272 1882
705 1292 231 1281 1891
705 1295 225 1284 1894
693 195 231 1307 1917
693 207 221 1320 1930
693 208 225 1321 1931
643 1007 225 1321 1931
705 1335 225 1324 1934
705 1336 221 1325 1935
705 1337 222 1326 1936
705 1339 227 1328 1938
705 1341 236 1330 1940
705 1342 230 1331 1941
643 1026 222 1340 1950
643 1035 224 1349 1959
643 1040 226 1354 1964
643 1041 227 1355 1965
643 1042 224 1356 1966
705 1385 221 1374 1984
