551 7 225 0 700
553 1 225 0 700
517 1 221 0 700
203 1 225 0 700
57 1 221 1 701
551 8 223 1 701
28 1 228 1 701
517 2 231 1 701
500 2 225 1 701
203 2 225 1 701
553 1 225 1 701
434 1 231 1 701
203 3 231 2 702
434 2 225 2 702
709 3 231 2 702
28 3 223 3 703
203 4 231 3 703
500 4 222 3 703
709 4 233 3 703
57 4 229 4 704
551 11 221 4 704
28 4 228 4 704
517 5 233 4 704
203 5 233 4 704
553 4 224 4 704
434 4 233 4 704
709 5 229 4 704
551 12 221 5 705
28 5 222 5 705
517 6 221 5 705
203 6 229 5 705
471 17 221 5 705
709 6 224 5 705
57 6 221 6 706
169 7 221 6 706
517 7 227 6 706
500 7 224 6 706
203 7 239 6 706
553 6 225 6 706
709 7 222 6 706
551 14 221 7 707
203 8 231 7 707
553 7 225 7 707
434 7 227 7 707
709 8 224 7 707
551 15 221 8 708
169 9 224 8 708
517 9 245 8 708
203 9 223 8 708
434 8 227 8 708
537 1 223 8 708
778 14 222 8 708
709 9 241 8 708
551 16 223 9 709
28 9 224 9 709
169 10 223 9 709
402 15 223 9 709
517 10 223 9 709
500 10 226 9 709
203 10 233 9 709
553 9 221 9 709
434 9 221 9 709
500 11 223 10 710
203 11 240 10 710
553 10 225 10 710
434 10 221 10 710
709 11 229 11 711
57 11 221 11 711
28 11 222 11 711
517 12 222 11 711
203 12 233 11 711
537 4 221 11 711
709 12 234 12 712
517 13 225 12 712
500 13 224 12 712
203 13 244 12 712
553 12 231 12 712
76 13 223 12 712
709 13 236 13 713
302 25 222 13 713
57 13 223 13 713
28 13 233 13 713
517 14 227 13 713
203 14 242 13 713
553 13 225 13 713
434 13 221 13 713
709 14 227 13 713
28 14 229 14 714
169 15 222 14 714
517 15 225 14 714
203 15 239 14 714
553 14 226 14 714
471 26 223 14 714
709 15 223 15 715
57 15 230 15 715
500 1 223 15 715
28 15 228 15 715
517 16 231 15 715
203 16 227 15 715
471 27 232 15 715
537 8 225 15 715
709 16 232 15 715
302 28 222 16 716
57 16 237 16 716
551 23 221 16 716
500 2 234 16 716
28 16 225 16 716
402 22 221 16 716
517 17 225 16 716
203 17 237 16 716
471 28 221 16 716
709 17 223 17 717
57 17 228 17 717
28 17 231 17 717
169 18 224 17 717
517 18 233 17 717
203 18 235 17 717
76 18 223 17 717
471 29 225 17 717
709 18 228 17 717
57 18 225 18 718
551 25 230 18 718
28 18 223 18 718
500 4 223 18 718
517 19 227 18 718
471 30 221 18 718
537 11 223 18 718
57 19 221 19 719
28 19 222 19 719
500 5 223 19 719
517 20 229 19 719
203 20 225 19 719
76 20 221 19 719
471 31 221 19 719
709 20 223 20 720
57 20 222 20 720
28 20 223 20 720
551 27 222 20 720
500 6 225 20 720
429 56 227 20 720
553 20 221 20 720
709 21 222 21 721
57 21 222 21 721
28 21 221 21 721
500 7 221 21 721
517 22 221 21 721
709 22 233 22 722
57 22 221 22 722
517 23 235 22 722
203 23 227 22 722
709 23 225 22 722
57 23 221 23 723
517 24 233 23 723
203 24 223 23 723
434 23 223 23 723
709 24 229 24 724
57 24 225 24 724
28 24 225 24 724
517 25 223 24 724
709 25 231 25 725
28 25 221 25 725
398 37 221 25 725
500 11 225 25 725
203 26 231 25 725
434 25 229 25 725
709 26 228 26 726
28 26 224 26 726
517 27 227 26 726
203 27 241 26 726
434 26 233 26 726
709 27 231 27 727
57 27 221 27 727
500 13 227 27 727
517 28 229 27 727
203 28 243 27 727
709 28 229 28 728
57 28 223 28 728
28 28 226 28 728
500 14 231 28 728
169 29 223 28 728
517 29 227 28 728
553 28 225 28 728
471 40 221 28 728
434 28 221 28 728
709 29 226 29 729
57 29 224 29 729
500 15 226 29 729
517 30 229 29 729
203 30 225 29 729
434 29 227 29 729
709 30 222 30 730
28 30 223 30 730
57 30 225 30 730
500 16 224 30 730
517 31 223 30 730
709 31 225 31 731
57 31 226 31 731
500 17 229 31 731
517 32 231 31 731
169 32 224 31 731
203 32 227 31 731
33 3 221 31 731
709 32 227 32 732
57 32 223 32 732
500 18 223 32 732
517 33 226 32 732
203 33 229 32 732
537 25 221 32 732
709 33 225 33 733
57 33 229 33 733
500 19 225 33 733
517 34 223 33 733
203 34 232 33 733
57 34 223 34 734
517 35 221 34 734
709 35 225 35 735
517 36 223 35 735
709 36 229 36 736
57 36 223 36 736
500 22 221 36 736
517 37 222 36 736
28 37 221 37 737
517 38 224 37 737
28 38 221 38 738
500 24 223 38 738
553 38 226 38 738
709 39 235 38 738
28 39 223 39 739
517 40 225 39 739
553 39 223 39 739
203 40 224 39 739
709 40 233 40 740
28 40 224 40 740
500 26 225 40 740
709 41 227 40 740
57 41 223 41 741
500 27 225 41 741
553 41 223 41 741
203 42 233 41 741
709 42 225 41 741
398 54 223 41 741
57 42 222 42 742
28 42 229 42 742
517 43 221 42 742
169 43 221 42 742
203 43 229 42 742
434 42 225 42 742
709 43 236 42 742
57 43 227 43 743
169 44 227 43 743
203 44 229 43 743
434 43 229 43 743
709 44 238 43 743
57 44 231 44 744
28 44 223 44 744
500 30 221 44 744
517 45 229 44 744
169 45 225 44 744
553 44 221 44 744
203 45 233 44 744
471 56 223 44 744
57 45 225 45 745
28 45 221 45 745
500 31 221 45 745
517 46 223 45 745
169 46 231 45 745
203 46 239 45 745
537 38 221 45 745
709 46 231 45 745
57 46 224 46 746
28 46 227 46 746
500 32 227 46 746
517 47 223 46 746
169 47 228 46 746
203 47 223 46 746
434 46 221 46 746
709 47 225 46 746
57 47 229 47 747
203 48 221 47 747
471 59 225 47 747
709 48 227 47 747
28 48 225 48 748
169 49 221 48 748
553 48 233 48 748
203 49 237 48 748
434 48 224 48 748
709 49 225 48 748
500 35 221 49 749
553 49 224 49 749
203 50 237 49 749
517 51 222 50 750
203 51 221 50 750
709 51 222 50 750
169 52 224 51 751
203 52 224 51 751
500 38 227 52 752
203 53 231 52 752
537 45 224 52 752
709 53 228 52 752
517 54 229 53 753
551 60 223 53 753
553 53 221 53 753
203 54 221 53 753
709 54 221 53 753
709 55 227 54 754
57 55 221 55 755
553 55 221 55 755
517 57 229 56 756
169 57 223 56 756
203 57 225 56 756
434 56 221 56 756
31 66 225 56 756
709 57 222 56 756
57 57 227 57 757
517 58 230 57 757
553 57 221 57 757
203 58 233 57 757
709 58 232 58 758
57 58 225 58 758
517 59 229 58 758
500 44 222 58 758
553 58 221 58 758
203 59 227 58 758
57 59 227 59 759
517 60 229 59 759
553 59 225 59 759
203 60 221 59 759
434 59 221 59 759
709 60 227 60 760
57 60 227 60 760
639 72 223 60 760
398 73 221 60 760
709 61 223 60 760
517 62 230 61 761
639 73 222 61 761
398 74 222 61 761
709 62 233 61 761
57 62 227 62 762
28 62 229 62 762
500 48 237 62 762
551 69 228 62 762
169 63 221 62 762
553 62 225 62 762
203 63 231 62 762
392 72 221 62 762
471 74 223 62 762
547 73 222 62 762
553 63 222 63 763
203 64 223 63 763
639 75 232 63 763
709 64 221 63 763
28 64 223 64 764
500 50 225 64 764
203 65 230 64 764
639 76 221 64 764
639 77 223 65 765
28 66 223 66 766
500 52 232 66 766
639 78 223 66 766
28 67 227 67 767
517 68 239 67 767
203 68 227 67 767
434 67 221 67 767
639 79 224 67 767
709 68 223 67 767
28 68 221 68 768
203 69 237 68 768
392 78 222 68 768
639 80 222 68 768
709 69 225 68 768
517 70 223 69 769
203 70 245 69 769
639 81 226 69 769
709 70 235 69 769
517 71 235 70 770
553 70 223 70 770
203 71 237 70 770
639 82 225 70 770
778 76 223 70 770
709 71 225 70 770
517 72 247 71 771
203 72 247 71 771
639 83 221 71 771
517 73 223 72 772
500 58 222 72 772
392 82 223 72 772
537 65 221 72 772
778 78 221 72 772
398 85 222 72 772
709 73 241 72 772
57 73 235 73 773
517 74 223 73 773
553 73 233 73 773
434 73 241 73 773
74 87 226 73 773
57 74 235 74 774
28 74 240 74 774
517 75 229 74 774
500 60 238 74 774
203 75 232 74 774
639 86 225 74 774
57 75 231 75 775
304 75 222 75 775
169 76 223 75 775
712 81 223 75 775
203 76 231 75 775
74 89 225 75 775
217 87 222 76 776
619 53 221 76 776
203 77 233 76 776
559 74 227 76 776
547 87 247 76 776
304 77 238 77 777
283 54 229 77 777
203 78 229 77 777
559 75 221 77 777
203 79 246 78 778
304 79 230 79 779
2 82 226 79 779
539 9 221 79 779
578 87 235 80 780
304 80 225 80 780
574 80 223 81 781
194 75 221 81 781
225 10 231 81 781
203 82 235 81 781
203 83 229 82 782
214 82 223 82 782
203 84 226 83 783
327 127 234 83 783
279 93 225 84 784
80 96 246 84 784
578 92 239 85 785
728 99 224 85 785
655 18 221 87 787
41 96 221 87 787
578 95 230 88 788
21 83 225 88 788
7 84 222 88 788
21 84 227 89 789
616 84 231 90 790
41 99 227 90 790
423 89 225 91 791
616 85 247 91 791
176 46 246 91 791
357 48 222 91 791
41 100 223 91 791
423 90 226 92 792
176 47 233 92 792
688 98 221 92 792
41 101 225 92 792
578 100 228 93 793
728 107 222 93 793
21 88 221 93 793
176 48 221 93 793
41 102 227 93 793
423 92 226 94 794
754 98 221 94 794
616 88 225 94 794
578 101 225 94 794
334 32 234 94 794
176 49 233 94 794
41 103 233 94 794
296 112 227 95 795
41 104 223 95 795
423 94 224 95 795
578 103 223 96 796
728 110 225 96 796
296 113 222 96 796
596 99 226 96 796
423 95 221 96 796
754 101 229 97 797
616 91 233 97 797
596 100 225 97 797
423 96 222 97 797
578 105 227 98 798
616 92 221 98 798
296 115 223 98 798
688 104 222 98 798
596 101 222 98 798
650 51 226 99 799
21 94 221 99 799
627 104 221 99 799
296 116 221 99 799
596 102 223 99 799
7 95 223 99 799
357 56 221 99 799
423 98 222 100 800
484 24 223 100 800
415 99 231 100 800
41 109 221 100 800
423 99 225 101 801
728 2 222 101 801
423 100 224 102 802
754 107 223 103 803
484 27 224 103 803
688 109 229 103 803
423 102 224 104 804
21 99 225 104 804
334 42 222 104 804
176 59 225 104 804
688 110 223 104 804
423 103 221 105 805
728 6 225 105 805
21 100 221 105 805
176 60 225 105 805
357 62 223 105 805
21 101 221 106 806
334 44 223 106 806
176 61 238 106 806
596 109 225 106 806
357 63 221 106 806
41 115 221 106 806
423 105 227 107 807
484 31 225 107 807
334 45 226 107 807
176 62 234 107 807
596 110 221 107 807
357 64 223 107 807
423 106 223 108 808
484 32 223 108 808
754 112 223 108 808
578 116 231 109 809
484 33 225 109 809
754 113 221 109 809
41 118 233 109 809
423 108 233 110 810
484 34 221 110 810
754 114 227 110 810
728 11 225 110 810
21 105 227 110 810
483 128 228 110 810
423 109 225 111 811
616 105 223 111 811
728 12 222 111 811
754 115 227 111 811
334 49 228 111 811
483 129 229 111 811
474 114 221 111 811
41 120 225 111 811
423 110 221 112 812
616 106 232 112 812
484 36 221 112 812
754 116 225 112 812
21 107 223 112 812
483 130 225 112 812
176 67 227 112 812
357 69 225 112 812
423 111 230 113 813
616 107 227 113 813
754 117 225 113 813
176 68 227 113 813
616 108 225 114 814
484 38 223 114 814
423 113 233 115 815
616 109 221 115 815
349 117 221 115 815
345 58 221 115 815
423 114 231 116 816
357 73 226 116 816
423 115 231 117 817
486 114 221 117 817
616 111 235 117 817
728 18 227 117 817
423 116 221 118 818
484 42 223 118 818
667 116 222 118 818
754 122 223 118 818
728 19 226 118 818
483 136 223 118 818
368 63 223 118 818
688 124 229 118 818
345 61 223 118 818
596 121 223 118 818
423 117 223 119 819
616 113 233 119 819
754 123 222 119 819
21 114 223 119 819
176 74 235 119 819
688 125 222 119 819
41 128 222 119 819
528 98 223 119 819
423 118 231 120 820
616 114 233 120 820
21 115 225 120 820
334 58 226 120 820
176 75 223 120 820
423 119 228 121 821
616 115 221 121 821
754 125 223 121 821
334 59 223 121 821
616 116 237 122 822
754 126 234 122 822
423 121 223 123 823
616 117 227 123 823
754 127 230 123 823
21 118 223 123 823
616 118 237 124 824
754 128 222 124 824
728 25 229 124 824
423 123 227 125 825
616 119 231 125 825
754 129 223 125 825
334 63 224 125 825
368 70 231 125 825
578 133 223 125 825
423 124 223 126 826
22 80 221 126 826
616 120 240 126 826
368 71 222 126 826
578 134 224 126 826
616 121 227 127 827
728 28 221 127 827
334 65 223 127 827
423 126 221 128 828
616 122 235 128 828
754 132 234 128 828
334 66 221 128 828
596 131 230 128 828
423 127 225 129 829
616 123 229 129 829
484 53 227 129 829
754 133 221 129 829
728 30 227 129 829
334 67 221 129 829
596 132 221 129 829
616 124 227 130 830
484 54 223 130 830
754 134 225 130 830
728 31 227 130 830
627 135 223 130 830
596 133 221 130 830
41 139 223 130 830
423 129 223 131 831
616 125 235 131 831
21 126 223 131 831
484 55 221 131 831
334 69 226 131 831
627 136 224 131 831
345 74 225 131 831
578 139 233 131 831
22 86 221 132 832
484 56 223 132 832
754 136 223 132 832
345 75 225 132 832
578 140 249 132 832
423 131 221 133 833
616 127 233 133 833
484 57 222 133 833
627 138 223 133 833
345 76 222 133 833
578 141 235 133 833
423 132 232 134 834
22 88 221 134 834
616 128 227 134 834
21 129 223 134 834
334 72 221 134 834
296 151 221 134 834
627 139 223 134 834
423 133 223 135 835
616 129 240 135 835
21 130 223 135 835
754 139 237 135 835
334 73 225 135 835
627 140 222 135 835
578 143 224 135 835
616 130 233 136 836
21 131 221 136 836
754 140 229 136 836
728 37 223 136 836
596 139 237 136 836
41 145 223 136 836
423 135 228 136 836
22 91 221 137 837
616 131 237 137 837
754 141 237 137 837
728 38 223 137 837
627 142 223 137 837
596 140 231 137 837
345 80 222 137 837
423 136 227 137 837
616 132 235 138 838
754 142 233 138 838
596 141 231 138 838
41 147 226 138 838
423 137 223 138 838
754 143 229 139 839
596 142 233 139 839
423 138 227 140 840
616 134 231 140 840
728 41 225 140 840
754 144 235 140 840
596 143 233 140 840
578 148 223 140 840
423 139 222 141 841
616 135 221 141 841
484 65 222 141 841
728 42 229 141 841
754 145 226 141 841
596 144 233 141 841
423 140 227 142 842
616 136 232 142 842
754 146 237 142 842
596 145 227 142 842
578 150 222 142 842
423 141 233 143 843
616 137 225 143 843
728 44 225 143 843
754 147 235 143 843
596 146 222 143 843
423 142 233 144 844
728 45 221 144 844
754 148 223 144 844
596 147 229 144 844
423 143 223 145 845
616 139 221 145 845
754 149 240 145 845
596 148 225 145 845
423 144 225 146 846
616 140 234 146 846
728 47 224 146 846
754 150 237 146 846
578 154 227 146 846
423 145 221 147 847
616 141 221 147 847
21 142 224 147 847
484 71 221 147 847
754 151 227 147 847
627 152 221 147 847
688 153 222 147 847
578 155 223 147 847
423 146 224 148 848
616 142 223 148 848
22 102 223 148 848
484 72 223 148 848
754 152 224 148 848
334 86 223 148 848
688 154 227 148 848
578 156 221 148 848
357 105 223 149 849
423 147 224 149 849
616 143 229 149 849
21 144 225 149 849
484 73 225 149 849
728 50 221 149 849
334 87 222 149 849
596 152 223 149 849
688 155 225 149 849
578 157 223 149 849
357 106 225 150 850
423 148 222 150 850
754 154 223 150 850
334 88 225 150 850
627 155 221 150 850
578 158 223 150 850
357 107 226 151 851
484 75 225 151 851
754 155 224 151 851
334 89 227 151 851
596 154 221 151 851
688 157 221 151 851
357 108 223 152 852
616 146 231 152 852
728 53 221 152 852
334 90 227 152 852
423 151 233 153 853
616 147 223 153 853
754 157 222 153 853
334 91 223 153 853
484 1 232 153 853
578 161 223 154 854
423 152 224 154 854
616 148 227 154 854
728 55 223 154 854
334 92 227 154 854
484 2 221 154 854
596 157 221 154 854
423 153 223 155 855
616 149 223 155 855
728 56 221 155 855
754 159 230 155 855
484 3 223 155 855
596 158 222 155 855
754 160 229 156 856
484 4 221 156 856
596 159 227 156 856
578 164 227 157 857
616 151 233 157 857
22 111 225 157 857
728 58 225 157 857
334 95 225 157 857
296 174 223 157 857
596 160 225 157 857
627 162 221 157 857
578 165 231 158 858
357 114 223 158 858
616 152 237 158 858
22 112 227 158 858
728 59 221 158 858
754 162 227 158 858
334 96 226 158 858
484 6 224 158 858
596 161 226 158 858
627 163 227 158 858
357 115 223 159 859
423 157 227 159 859
616 153 233 159 859
728 60 221 159 859
754 163 227 159 859
334 97 223 159 859
484 7 225 159 859
596 162 227 159 859
688 165 221 159 859
578 167 231 160 860
423 158 226 160 860
616 154 230 160 860
754 164 229 160 860
334 98 222 160 860
296 177 221 160 860
484 8 223 160 860
596 163 221 160 860
578 168 230 161 861
423 159 227 161 861
616 155 237 161 861
22 115 227 161 861
21 156 223 161 861
754 165 223 161 861
334 99 227 161 861
484 9 221 161 861
596 164 227 161 861
578 169 231 162 862
357 118 221 162 862
423 160 221 162 862
616 156 225 162 862
21 157 221 162 862
754 166 229 162 862
334 100 227 162 862
596 165 233 162 862
728 3 225 162 862
578 170 229 163 863
423 161 225 163 863
616 157 225 163 863
21 158 221 163 863
334 101 223 163 863
484 11 225 163 863
596 166 229 163 863
728 4 223 163 863
688 169 221 163 863
578 171 229 164 864
423 162 221 164 864
616 158 227 164 864
754 168 221 164 864
484 12 224 164 864
596 167 221 164 864
728 5 225 164 864
688 170 229 164 864
578 172 231 165 865
616 159 237 165 865
22 119 221 165 865
754 169 236 165 865
484 13 224 165 865
688 171 227 165 865
578 173 224 166 866
357 122 223 166 866
423 164 223 166 866
616 160 233 166 866
754 170 239 166 866
484 14 221 166 866
596 169 227 166 866
688 172 225 166 866
578 174 230 167 867
616 161 239 167 867
754 171 221 167 867
484 15 225 167 867
596 170 224 167 867
627 172 225 167 867
688 173 223 167 867
578 175 234 168 868
616 162 241 168 868
21 163 223 168 868
754 172 229 168 868
596 171 225 168 868
578 176 231 169 869
616 163 242 169 869
22 123 223 169 869
754 173 231 169 869
596 172 226 169 869
423 168 222 170 870
616 164 239 170 870
22 124 224 170 870
21 165 223 170 870
754 174 223 170 870
596 173 238 170 870
616 165 235 171 871
578 178 221 171 871
423 169 225 171 871
754 175 239 171 871
484 19 230 171 871
596 174 239 171 871
728 12 230 171 871
616 166 235 172 872
423 170 230 172 872
596 175 239 172 872
728 13 224 172 872
616 167 223 173 873
423 171 233 173 873
596 176 241 173 873
728 14 225 173 873
616 168 227 174 874
423 172 230 174 874
22 128 229 174 874
754 178 241 174 874
596 177 241 174 874
423 173 235 175 875
21 170 221 175 875
754 179 235 175 875
596 178 246 175 875
728 16 223 175 875
423 174 227 176 876
616 170 232 176 876
21 171 221 176 876
754 180 236 176 876
596 179 248 176 876
423 175 230 177 877
616 171 225 177 877
754 181 235 177 877
596 180 233 177 877
728 18 224 177 877
616 172 223 178 878
423 176 230 178 878
754 182 224 178 878
596 181 231 178 878
423 177 230 179 879
754 183 225 179 879
596 182 247 179 879
728 20 226 179 879
41 188 227 179 879
578 187 223 180 880
423 178 231 180 880
754 184 231 180 880
474 183 221 180 880
596 183 243 180 880
728 21 233 180 880
616 175 227 181 881
423 179 221 181 881
754 185 223 181 881
596 184 225 181 881
616 176 227 182 882
423 180 239 182 882
21 177 225 182 882
484 30 223 182 882
754 186 223 182 882
627 187 225 182 882
423 181 227 183 883
616 177 241 183 883
334 121 225 183 883
754 187 230 183 883
627 188 224 183 883
11 103 223 183 883
41 192 223 183 883
423 182 231 184 884
21 179 224 184 884
334 122 221 184 884
754 188 226 184 884
41 193 225 184 884
423 183 221 185 885
754 189 225 185 885
484 33 222 185 885
7 181 221 185 885
616 1 223 186 886
423 184 223 186 886
334 124 225 186 886
484 34 224 186 886
474 189 221 186 886
728 27 221 186 886
333 192 221 186 886
423 185 221 187 887
21 182 225 187 887
334 125 224 187 887
484 35 227 187 887
596 190 221 187 887
7 183 223 187 887
578 195 223 188 888
423 186 225 188 888
21 183 227 188 888
484 36 227 188 888
627 193 225 188 888
423 187 224 189 889
667 187 221 189 889
21 184 227 189 889
334 127 221 189 889
728 30 223 189 889
357 146 223 189 889
667 188 221 190 890
21 185 229 190 890
334 128 229 190 890
596 193 226 190 890
728 31 223 190 890
357 147 221 190 890
21 186 223 191 891
484 39 223 191 891
596 194 223 191 891
728 32 227 191 891
41 200 221 191 891
616 7 223 192 892
423 190 231 192 892
334 130 223 192 892
596 195 225 192 892
728 33 221 192 892
41 201 223 192 892
616 8 225 193 893
423 191 233 193 893
484 41 221 193 893
788 164 221 193 893
616 9 223 194 894
349 196 225 194 894
423 192 228 194 894
754 198 223 194 894
728 35 227 194 894
41 203 223 194 894
616 10 222 195 895
423 193 225 195 895
754 199 223 195 895
334 133 221 195 895
596 198 221 195 895
728 36 223 195 895
41 204 222 195 895
616 11 222 195 895
578 203 225 196 896
349 198 221 196 896
423 194 233 196 896
754 200 223 196 896
616 12 225 196 896
578 204 225 197 897
349 199 221 197 897
423 195 224 197 897
754 201 222 197 897
728 38 221 197 897
616 13 221 197 897
578 205 224 198 898
423 196 233 198 898
296 215 221 198 898
21 194 223 199 899
754 203 223 199 899
334 137 231 199 899
627 204 225 199 899
596 202 223 199 899
688 205 225 199 899
728 40 221 199 899
423 198 223 200 900
21 195 225 200 900
334 138 221 200 900
484 48 223 200 900
627 205 223 200 900
596 203 222 200 900
688 206 225 200 900
423 199 228 201 901
754 205 221 201 901
21 196 227 201 901
334 139 225 201 901
7 197 221 201 901
627 206 221 201 901
728 42 225 201 901
578 209 221 202 902
41 210 223 202 902
423 200 225 202 902
754 206 223 202 902
21 197 221 202 902
484 50 223 202 902
616 18 235 202 902
357 159 221 203 903
423 201 227 203 903
754 207 224 203 903
21 198 221 203 903
728 44 221 203 903
616 19 232 203 903
357 160 223 204 904
423 202 222 204 904
754 208 230 204 904
596 207 223 204 904
616 20 238 204 904
41 213 225 204 904
357 161 223 205 905
754 209 233 205 905
21 200 224 205 905
528 184 223 205 905
616 21 236 205 905
41 214 221 206 906
357 162 221 206 906
423 204 223 206 906
21 201 221 206 906
754 210 229 206 906
688 212 222 206 906
728 47 221 206 906
616 22 241 206 906
578 214 221 207 907
423 205 227 207 907
21 202 223 207 907
754 211 224 207 907
688 213 222 207 907
41 216 221 208 908
423 206 225 208 908
578 216 229 209 909
423 207 231 209 909
754 213 222 209 909
688 215 223 209 909
11 129 221 209 909
616 25 227 209 909
578 217 226 210 910
423 208 227 210 910
616 26 227 211 911
578 218 223 211 911
41 219 222 211 911
357 167 225 211 911
423 209 222 211 911
41 220 225 212 912
483 230 221 212 912
596 215 221 212 912
616 28 232 213 913
41 221 229 213 913
334 151 224 213 913
484 61 224 213 913
333 219 223 214 914
528 192 223 214 914
578 221 221 214 914
754 218 226 214 914
21 209 221 214 914
334 152 223 214 914
484 62 227 214 914
616 30 223 215 915
578 222 223 215 915
41 223 225 215 915
754 219 227 215 915
334 153 225 215 915
728 56 221 215 915
41 224 225 216 916
754 220 229 216 916
484 64 225 216 916
616 32 223 217 917
578 224 224 217 917
754 221 223 217 917
334 155 223 217 917
627 222 223 217 917
532 231 221 218 918
627 223 223 218 918
578 226 224 219 919
423 217 221 219 919
484 67 221 219 919
616 35 223 220 920
333 225 223 220 920
578 227 227 220 920
423 218 221 220 920
484 68 226 220 920
334 158 227 220 920
423 219 225 221 921
41 229 225 221 921
754 225 221 221 921
484 69 223 221 921
334 159 225 221 921
334 160 221 222 922
616 38 224 223 923
333 228 221 223 923
423 221 222 223 923
334 161 227 223 923
345 166 221 223 923
688 229 221 223 923
11 143 221 223 923
578 231 223 224 924
754 228 222 224 924
423 224 221 226 926
334 164 222 226 926
7 222 225 226 926
41 235 221 227 927
484 75 232 227 927
334 165 221 227 927
334 166 225 228 928
484 76 223 228 928
528 207 222 228 928
578 236 221 229 929
21 224 233 229 929
754 233 225 229 929
578 237 225 230 930
394 232 221 230 930
754 234 226 230 930
345 173 222 230 930
596 233 223 230 930
616 46 225 231 931
423 229 223 231 931
754 235 233 231 931
596 234 225 231 931
616 47 222 232 932
754 236 230 232 932
41 241 226 233 933
754 237 229 233 933
596 236 221 233 933
616 49 229 234 934
423 232 227 234 934
41 242 223 234 934
754 238 229 234 934
688 240 225 234 934
7 230 221 234 934
423 233 226 235 935
754 239 227 235 935
688 241 225 235 935
596 238 229 235 935
616 51 226 236 936
423 234 225 236 936
41 244 226 236 936
334 174 223 236 936
596 239 221 236 936
616 52 224 237 937
650 189 221 237 937
41 245 229 237 937
754 241 221 237 937
21 232 223 237 937
345 180 221 237 937
627 242 221 237 937
596 240 226 237 937
616 53 225 238 938
423 236 221 238 938
41 246 232 238 938
21 233 224 238 938
688 244 225 238 938
596 241 229 238 938
578 246 225 239 939
616 54 234 239 939
41 247 224 239 939
627 244 221 239 939
578 247 223 240 940
616 55 224 240 940
423 238 228 240 940
41 248 223 240 940
484 88 221 240 940
728 81 221 240 940
596 244 233 241 941
578 249 227 242 942
616 57 225 242 942
423 240 235 242 942
596 245 233 242 942
616 58 235 243 943
41 251 227 243 943
423 241 231 243 943
754 247 223 243 943
596 246 229 243 943
41 252 226 244 944
423 242 228 244 944
596 247 227 244 944
41 253 223 245 945
616 61 221 246 946
423 244 223 246 946
423 245 225 247 947
41 256 223 248 948
754 252 225 248 948
616 64 225 249 949
423 247 225 249 949
41 257 222 249 949
754 253 224 249 949
596 252 223 249 949
423 248 225 250 950
41 258 223 250 950
754 254 221 250 950
596 253 225 250 950
616 66 225 251 951
754 255 223 251 951
754 256 225 252 952
596 255 223 252 952
754 257 225 253 953
616 69 223 254 954
754 258 227 254 954
616 70 223 255 955
423 253 221 255 955
754 259 229 255 955
596 258 223 256 956
616 71 221 256 956
754 260 225 256 956
22 211 221 256 956
616 72 231 257 957
423 255 225 257 957
754 261 231 257 957
423 256 221 258 958
754 262 231 258 958
596 261 221 259 959
616 74 221 259 959
754 263 225 259 959
688 265 221 259 959
22 214 223 260 960
616 76 223 261 961
21 256 223 261 961
688 267 223 261 961
596 264 224 262 962
616 77 225 262 962
176 2 223 262 962
41 270 224 262 962
754 266 239 262 962
423 261 229 263 963
176 3 225 263 963
754 267 221 263 963
423 262 231 264 964
176 4 237 264 964
368 209 221 264 964
596 267 223 265 965
423 263 225 265 965
176 5 235 265 965
423 264 225 266 966
176 6 237 266 966
711 179 227 266 966
688 272 221 266 966
616 82 221 267 967
176 7 233 267 967
754 271 222 267 967
334 205 223 267 967
296 284 223 267 967
22 222 221 267 967
616 83 221 268 968
423 266 231 268 968
41 276 224 268 968
176 8 233 268 968
754 272 226 268 968
21 263 221 268 968
484 116 225 268 968
22 223 224 268 968
423 267 227 269 969
41 277 224 269 969
176 9 231 269 969
754 273 226 269 969
688 275 223 269 969
22 224 225 269 969
423 268 221 270 970
423 269 221 271 971
688 277 222 271 971
22 226 222 271 971
616 87 235 272 972
41 280 229 272 972
176 12 225 272 972
334 210 221 272 972
688 278 222 272 972
41 281 235 273 973
21 268 227 273 973
688 279 231 273 973
423 272 223 274 974
41 282 231 274 974
21 269 223 274 974
334 212 223 274 974
22 229 221 275 975
423 273 223 275 975
176 15 233 275 975
334 213 225 275 975
22 230 221 275 975
423 274 225 276 976
176 16 226 276 976
334 214 227 276 976
688 282 230 276 976
423 275 230 277 977
41 285 225 277 977
176 17 227 277 977
334 215 226 277 977
578 285 225 278 978
423 276 225 278 978
41 286 225 278 978
176 18 221 278 978
21 273 225 278 978
334 216 225 278 978
484 126 221 278 978
688 284 221 278 978
616 94 223 279 979
423 277 223 279 979
41 287 231 279 979
176 19 231 279 979
21 274 223 279 979
334 217 225 279 979
627 284 223 279 979
22 234 221 280 980
616 95 222 280 980
423 278 224 280 980
41 288 222 280 980
176 20 222 280 980
334 218 223 280 980
484 128 222 280 980
578 288 223 281 981
616 96 223 281 981
423 279 224 281 981
41 289 226 281 981
21 276 222 281 981
334 219 230 281 981
688 287 222 281 981
176 22 223 282 982
296 299 221 282 982
334 220 229 282 982
423 281 222 283 983
41 291 226 283 983
176 23 231 283 983
334 221 227 283 983
616 99 221 284 984
528 262 221 284 984
423 282 225 284 984
41 292 223 284 984
484 132 223 284 984
423 283 227 285 985
41 293 227 285 985
334 223 227 285 985
688 291 224 285 985
596 288 224 286 986
578 293 223 286 986
423 284 227 286 986
176 26 225 286 986
578 294 223 287 987
423 285 223 287 987
41 295 223 287 987
176 27 231 287 987
334 225 226 287 987
688 293 221 287 987
41 296 221 288 988
176 28 229 288 988
334 226 230 288 988
616 104 223 289 989
41 297 222 289 989
176 29 235 289 989
334 227 225 289 989
296 306 221 289 989
616 105 221 290 990
41 298 224 290 990
176 30 235 290 990
667 288 221 290 990
334 228 223 290 990
688 296 223 290 990
423 289 225 291 991
176 31 230 291 991
334 229 225 291 991
423 290 226 292 992
176 32 226 292 992
41 300 223 292 992
334 230 226 292 992
484 140 222 292 992
176 33 235 293 993
334 231 227 293 993
688 299 223 293 993
484 141 221 293 993
578 301 224 294 994
423 292 221 294 994
176 34 226 294 994
21 289 231 294 994
334 232 226 294 994
578 302 229 295 995
423 293 227 295 995
176 35 226 295 995
41 303 224 295 995
334 233 224 295 995
627 300 226 295 995
345 238 221 295 995
578 303 231 296 996
176 36 227 296 996
41 304 222 296 996
334 234 225 296 996
627 301 223 296 996
578 304 231 297 997
423 295 222 297 997
176 37 226 297 997
21 292 225 297 997
754 302 225 298 998
21 293 225 298 998
596 303 225 301 1001
596 304 227 302 1002
423 300 222 302 1002
22 257 221 302 1002
596 305 222 303 1003
596 306 224 304 1004
754 308 225 304 1004
596 307 227 305 1005
423 303 221 305 1005
754 309 223 305 1005
596 308 233 306 1006
423 304 225 306 1006
754 310 227 306 1006
41 314 221 306 1006
334 244 223 306 1006
596 309 237 307 1007
423 305 229 307 1007
754 311 225 307 1007
616 123 225 308 1008
596 310 228 308 1008
423 306 229 308 1008
334 246 222 308 1008
60 324 221 309 1009
578 316 221 309 1009
423 307 229 309 1009
578 317 223 310 1010
176 50 224 310 1010
578 319 231 312 1012
616 127 228 312 1012
616 128 240 313 1013
578 321 229 314 1014
176 54 222 314 1014
616 130 241 315 1015
578 322 238 315 1015
510 14 223 316 1016
578 323 223 316 1016
785 315 225 317 1017
578 324 221 317 1017
616 132 225 317 1017
176 57 223 317 1017
668 327 247 318 1018
610 26 228 318 1018
687 334 221 318 1018
494 324 233 318 1018
176 58 223 318 1018
312 313 221 319 1019
317 325 224 319 1019
98 323 244 320 1020
687 336 224 320 1020
445 315 225 321 1021
35 274 233 321 1021
767 327 233 321 1021
264 32 244 321 1021
536 333 224 321 1021
549 320 227 322 1022
269 334 221 322 1022
743 243 224 322 1022
461 295 231 322 1022
671 338 243 322 1022
502 277 223 322 1022
735 33 223 322 1022
619 299 221 323 1023
769 300 241 323 1023
269 335 241 323 1023
261 326 225 323 1023
776 184 229 323 1023
150 94 221 323 1023
130 325 224 324 1024
769 301 233 324 1024
697 330 221 325 1025
438 57 223 325 1025
638 317 225 325 1025
602 311 225 325 1025
303 323 221 325 1025
723 321 221 326 1026
224 236 222 326 1026
638 318 229 326 1026
419 317 221 326 1026
94 323 221 327 1027
224 237 226 327 1027
638 319 227 327 1027
602 313 225 327 1027
303 325 223 327 1027
131 321 221 327 1027
206 301 221 327 1027
409 259 227 327 1027
127 350 221 327 1027
158 35 233 327 1027
544 334 223 327 1027
94 324 221 328 1028
224 238 223 328 1028
638 320 223 328 1028
602 314 221 328 1028
409 260 223 328 1028
158 36 225 328 1028
578 335 250 328 1028
544 335 229 328 1028
224 239 221 329 1029
602 315 223 329 1029
733 337 221 329 1029
409 261 225 329 1029
127 352 224 329 1029
158 37 225 329 1029
578 336 233 329 1029
780 346 222 329 1029
544 336 221 329 1029
667 327 223 330 1030
769 307 221 330 1030
409 262 223 330 1030
578 337 233 330 1030
224 241 222 331 1031
409 263 221 331 1031
224 242 223 332 1032
638 324 221 332 1032
578 339 230 332 1032
557 346 222 333 1033
303 331 226 333 1033
578 340 227 333 1033
224 244 227 334 1034
602 320 222 334 1034
303 332 224 334 1034
578 341 231 334 1034
648 55 221 334 1034
224 245 227 335 1035
303 333 223 335 1035
158 43 223 335 1035
578 342 235 335 1035
419 326 221 335 1035
638 328 225 336 1036
303 334 221 336 1036
730 336 221 336 1036
158 44 221 336 1036
578 343 225 336 1036
697 342 221 337 1037
638 329 221 337 1037
143 321 221 337 1037
303 335 227 337 1037
409 269 223 337 1037
158 45 231 337 1037
578 344 223 337 1037
697 343 221 338 1038
303 336 228 338 1038
733 346 221 338 1038
158 46 225 338 1038
638 331 225 339 1039
303 337 229 339 1039
291 337 221 339 1039
578 346 227 339 1039
667 337 221 340 1040
303 338 225 340 1040
578 347 225 340 1040
648 61 229 340 1040
557 354 222 341 1041
303 339 225 341 1041
578 348 225 341 1041
303 341 229 343 1043
303 342 225 344 1044
303 343 227 345 1045
578 352 226 345 1045
303 344 227 346 1046
578 353 229 346 1046
303 345 225 347 1047
206 321 223 347 1047
578 354 226 347 1047
303 346 226 348 1048
578 355 226 348 1048
303 347 226 349 1049
578 356 223 349 1049
578 357 225 350 1050
367 30 223 351 1051
303 349 224 351 1051
409 283 224 351 1051
158 59 223 351 1051
578 358 225 351 1051
367 31 223 352 1052
303 350 227 352 1052
409 284 223 352 1052
158 60 222 352 1052
578 359 223 352 1052
367 32 222 352 1052
303 351 229 353 1053
578 360 229 353 1053
303 352 221 354 1054
409 286 227 354 1054
127 377 222 354 1054
578 361 233 354 1054
303 353 225 355 1055
158 63 224 355 1055
578 362 225 355 1055
303 354 231 356 1056
409 288 222 356 1056
578 363 221 356 1056
303 355 229 357 1057
303 356 227 358 1058
578 365 225 358 1058
303 357 224 359 1059
409 291 227 359 1059
578 366 222 359 1059
303 358 228 360 1060
303 359 231 361 1061
409 293 226 361 1061
303 360 221 362 1062
409 294 223 362 1062
303 361 221 363 1063
303 362 222 364 1064
409 296 227 364 1064
578 371 222 364 1064
303 363 222 365 1065
409 297 227 365 1065
578 372 224 365 1065
303 364 225 366 1066
409 298 225 366 1066
578 373 231 366 1066
723 362 223 367 1067
303 365 221 367 1067
409 299 221 367 1067
578 374 226 367 1067
303 366 221 368 1068
409 300 227 368 1068
578 375 225 368 1068
303 367 221 369 1069
409 301 223 369 1069
578 376 225 369 1069
303 368 223 370 1070
409 302 221 370 1070
578 377 225 371 1071
409 303 227 371 1071
578 378 227 372 1072
303 370 227 372 1072
409 304 225 372 1072
578 379 228 373 1073
303 371 225 373 1073
409 305 221 373 1073
158 81 223 373 1073
303 372 227 374 1074
409 306 221 374 1074
303 373 232 375 1075
374 380 232 375 1075
409 307 225 375 1075
578 382 221 376 1076
303 374 231 376 1076
409 308 227 376 1076
578 383 221 377 1077
303 375 225 377 1077
409 309 225 377 1077
578 384 225 378 1078
697 383 223 378 1078
158 86 221 378 1078
409 310 227 378 1078
578 385 222 379 1079
648 99 221 379 1079
303 377 224 379 1079
409 311 224 379 1079
578 386 231 380 1080
303 378 221 380 1080
409 312 227 380 1080
544 387 221 381 1081
578 387 225 381 1081
648 101 221 381 1081
638 373 221 381 1081
303 379 223 381 1081
409 313 227 381 1081
578 388 231 382 1082
544 389 221 383 1083
648 103 223 383 1083
409 315 229 383 1083
544 390 223 384 1084
578 390 237 384 1084
697 389 222 384 1084
224 294 221 384 1084
303 382 226 384 1084
409 316 245 384 1084
367 64 225 385 1085
578 391 246 385 1085
648 105 221 385 1085
638 377 223 385 1085
557 398 221 385 1085
303 383 226 385 1085
409 317 231 385 1085
374 390 221 385 1085
780 402 221 385 1085
578 392 221 386 1086
638 378 221 386 1086
303 384 223 386 1086
409 318 231 386 1086
638 379 223 387 1087
127 410 221 387 1087
158 95 222 387 1087
409 319 235 387 1087
544 394 223 388 1088
638 380 227 388 1088
303 386 225 388 1088
409 320 231 388 1088
638 381 227 389 1089
303 387 228 389 1089
409 321 232 389 1089
602 376 228 390 1090
409 322 239 390 1090
544 397 223 391 1091
638 383 221 391 1091
303 389 221 391 1091
409 323 241 391 1091
638 384 225 392 1092
303 390 221 392 1092
602 378 221 392 1092
409 324 242 392 1092
544 399 224 393 1093
638 385 222 393 1093
602 379 223 393 1093
374 398 221 393 1093
409 325 226 393 1093
638 386 225 394 1094
374 399 221 394 1094
638 387 225 395 1095
602 381 225 395 1095
374 400 225 395 1095
409 327 227 395 1095
638 388 230 396 1096
291 394 225 396 1096
602 382 223 396 1096
409 328 227 396 1096
374 401 223 396 1096
544 403 225 397 1097
638 389 223 397 1097
291 395 223 397 1097
303 395 227 397 1097
158 105 223 397 1097
409 329 235 397 1097
224 308 223 398 1098
131 392 221 398 1098
638 390 223 398 1098
303 396 229 398 1098
291 396 223 398 1098
158 106 223 398 1098
638 391 226 399 1099
409 331 230 399 1099
158 108 223 400 1100
409 332 239 400 1100
367 80 221 400 1100
143 385 221 401 1101
409 333 230 401 1101
143 386 221 402 1102
409 334 233 402 1102
409 335 227 403 1103
303 404 226 406 1106
409 338 233 406 1106
648 127 223 407 1107
544 413 223 407 1107
733 415 221 407 1107
206 381 221 407 1107
303 405 226 407 1107
409 339 232 407 1107
780 424 225 408 1108
697 413 221 408 1108
143 392 223 408 1108
303 406 236 408 1108
409 340 231 408 1108
578 415 232 409 1109
697 414 223 409 1109
303 407 221 409 1109
780 426 222 409 1109
578 416 224 410 1110
303 408 225 410 1110
602 396 221 410 1110
409 342 227 410 1110
374 415 221 410 1110
578 417 225 411 1111
697 416 221 411 1111
303 409 229 411 1111
409 343 228 411 1111
158 120 221 412 1112
578 419 233 412 1112
206 387 221 413 1113
158 121 227 413 1113
303 411 221 413 1113
409 345 226 413 1113
578 420 230 414 1114
206 388 221 414 1114
303 412 223 414 1114
638 407 222 415 1115
158 123 223 415 1115
303 413 234 415 1115
602 401 221 415 1115
409 347 227 415 1115
578 422 226 416 1116
638 408 221 416 1116
303 414 223 416 1116
409 348 225 416 1116
409 349 229 417 1117
578 424 221 417 1117
303 416 228 418 1118
409 350 231 418 1118
578 429 221 423 1123
409 355 223 423 1123
578 430 223 424 1124
291 422 221 424 1124
409 356 225 424 1124
578 432 221 426 1126
409 358 230 426 1126
578 433 237 427 1127
291 425 221 427 1127
409 359 223 427 1127
723 423 221 427 1127
578 434 223 428 1128
602 414 225 428 1128
158 136 226 428 1128
303 426 223 428 1128
409 360 225 428 1128
697 434 221 429 1129
578 435 221 429 1129
158 137 225 429 1129
409 361 230 429 1129
578 436 221 430 1130
303 428 223 430 1130
409 362 222 430 1130
723 426 224 430 1130
303 429 222 431 1131
602 417 221 431 1131
730 432 221 432 1132
303 430 225 432 1132
602 418 223 432 1132
127 455 221 432 1132
409 364 222 432 1132
780 449 221 433 1133
409 365 224 433 1133
723 429 224 433 1133
409 366 227 434 1134
648 155 222 435 1135
638 427 222 435 1135
602 421 223 435 1135
409 367 232 435 1135
723 431 221 435 1135
303 434 221 436 1136
578 443 225 437 1137
409 369 222 437 1137
303 436 225 438 1138
578 445 229 439 1139
303 437 223 439 1139
578 446 223 440 1140
291 438 221 440 1140
578 447 235 441 1141
602 427 222 441 1141
158 149 223 441 1141
578 448 223 442 1142
158 150 222 442 1142
602 428 221 442 1142
303 440 225 442 1142
224 353 221 443 1143
303 441 224 443 1143
578 1 239 444 1144
578 2 223 445 1145
578 3 225 446 1146
409 378 222 446 1146
303 444 221 446 1146
409 379 221 447 1147
303 445 221 447 1147
409 380 221 448 1148
303 446 221 448 1148
578 6 222 449 1149
602 435 221 449 1149
409 381 221 449 1149
303 448 221 450 1150
697 456 223 451 1151
578 8 227 451 1151
409 383 223 451 1151
303 449 223 451 1151
697 457 224 452 1152
638 444 221 452 1152
303 450 221 452 1152
578 10 227 453 1153
409 385 223 453 1153
578 11 229 454 1154
733 463 237 455 1155
578 12 235 455 1155
303 453 224 455 1155
697 461 221 456 1156
578 13 234 456 1156
409 388 221 456 1156
578 14 227 457 1157
303 455 221 457 1157
409 389 225 457 1157
544 34 227 458 1158
578 15 225 458 1158
409 390 224 458 1158
303 456 222 458 1158
544 35 223 459 1159
638 451 224 459 1159
578 16 223 459 1159
409 391 223 459 1159
303 457 223 459 1159
544 36 222 460 1160
697 466 223 461 1161
723 457 221 461 1161
638 455 221 463 1163
578 20 221 463 1163
303 461 229 463 1163
409 395 221 463 1163
578 21 225 464 1164
291 462 221 464 1164
602 450 229 464 1164
303 462 231 464 1164
409 396 227 464 1164
578 22 231 465 1165
303 463 221 465 1165
544 42 229 465 1165
25 441 241 467 1167
25 444 245 470 1170
697 476 223 471 1171
578 28 225 471 1171
578 29 221 472 1172
409 405 221 473 1173
346 277 225 474 1174
578 32 231 475 1175
409 407 223 475 1175
578 33 223 476 1176
544 53 221 476 1176
127 500 221 477 1177
346 280 223 477 1177
224 390 223 480 1180
578 40 225 483 1183
578 42 226 485 1185
648 208 221 488 1188
697 493 223 488 1188
578 45 224 488 1188
127 511 221 488 1188
648 209 223 489 1189
578 46 221 489 1189
206 463 221 489 1189
648 210 221 490 1190
697 495 221 490 1190
578 47 227 490 1190
127 513 221 490 1190
578 48 231 491 1191
578 49 225 492 1192
578 51 224 494 1194
578 52 237 495 1195
578 56 221 499 1199
578 58 224 501 1201
648 225 221 505 1205
578 62 227 505 1205
127 528 223 505 1205
578 63 223 506 1206
303 504 222 507 1207
578 64 225 507 1207
303 505 221 508 1208
578 65 225 508 1208
578 72 230 515 1215
206 492 223 518 1218
578 75 224 518 1218
544 95 223 519 1219
697 524 222 519 1219
578 76 225 519 1219
544 96 221 520 1220
733 528 225 520 1220
578 77 222 520 1220
578 78 231 521 1221
206 496 221 522 1222
578 79 244 522 1222
143 506 224 522 1222
697 528 223 523 1223
94 519 225 523 1223
578 80 254 523 1223
409 455 222 524 1224
578 81 252 524 1224
409 456 223 525 1225
578 82 248 525 1225
291 523 224 525 1225
409 457 223 526 1226
578 83 238 526 1226
409 458 226 527 1227
427 546 221 527 1227
224 437 227 527 1227
578 84 241 527 1227
723 523 221 527 1227
409 459 225 528 1228
224 438 231 528 1228
578 85 241 528 1228
158 236 221 528 1228
578 86 231 529 1229
206 503 222 529 1229
578 87 224 530 1230
158 238 221 530 1230
578 88 227 531 1231
544 109 221 533 1233
578 90 231 533 1233
158 241 221 533 1233
602 519 222 533 1233
697 539 221 534 1234
578 91 230 534 1234
638 527 221 535 1235
409 466 223 535 1235
215 453 226 535 1235
578 93 223 536 1236
578 94 237 537 1237
638 530 221 538 1238
409 469 221 538 1238
215 456 223 538 1238
578 95 223 538 1238
178 549 222 538 1238
409 470 223 539 1239
224 449 221 539 1239
215 457 225 539 1239
578 96 230 539 1239
158 247 221 539 1239
374 544 223 539 1239
648 260 221 539 1239
602 525 227 539 1239
638 532 224 540 1240
578 97 221 540 1240
158 248 227 540 1240
638 533 223 541 1241
409 472 225 541 1241
697 546 223 541 1241
224 451 221 541 1241
143 525 223 541 1241
158 249 229 541 1241
638 534 225 542 1242
409 473 232 542 1242
158 250 226 542 1242
374 547 221 542 1242
638 535 228 543 1243
697 548 223 543 1243
224 453 221 543 1243
158 251 225 543 1243
409 1 225 543 1243
602 529 221 543 1243
638 536 225 544 1244
291 542 221 544 1244
374 549 223 544 1244
409 2 231 544 1244
602 530 221 544 1244
780 561 221 545 1245
697 550 223 545 1245
127 568 224 545 1245
409 3 225 545 1245
602 531 223 545 1245
697 551 222 546 1246
224 456 221 546 1246
374 551 235 546 1246
158 254 226 546 1246
127 569 221 546 1246
409 4 237 546 1246
578 104 231 547 1247
409 5 224 547 1247
697 553 221 548 1248
578 105 227 548 1248
291 546 221 548 1248
409 6 226 548 1248
697 554 225 549 1249
578 106 226 549 1249
409 7 221 549 1249
178 561 223 550 1250
409 8 228 550 1250
409 9 225 551 1251
544 128 222 552 1252
697 557 227 552 1252
427 571 221 552 1252
578 109 231 552 1252
409 10 225 552 1252
667 550 221 552 1252
638 545 225 553 1253
544 129 231 553 1253
697 558 221 553 1253
780 569 221 553 1253
224 463 223 553 1253
94 3 223 553 1253
206 527 223 553 1253
578 110 227 553 1253
143 537 227 553 1253
291 551 230 553 1253
374 558 223 553 1253
127 576 225 553 1253
409 11 227 553 1253
648 274 221 553 1253
667 551 225 554 1254
638 546 235 554 1254
131 548 225 554 1254
291 552 244 554 1254
648 275 221 554 1254
409 12 221 554 1254
345 234 221 555 1255
578 112 224 555 1255
165 6 221 556 1256
780 572 225 556 1256
110 554 221 556 1256
409 14 241 556 1256
486 553 221 556 1256
79 121 235 557 1257
409 15 247 557 1257
383 560 225 557 1257
368 501 221 557 1257
40 226 221 558 1258
409 16 228 558 1258
695 37 223 559 1259
409 17 223 559 1259
565 566 228 559 1259
12 142 221 560 1260
349 562 223 560 1260
409 18 253 560 1260
767 566 227 561 1261
409 19 245 561 1261
767 567 224 562 1262
510 61 221 562 1262
286 564 224 562 1262
621 566 225 562 1262
605 118 224 562 1262
144 209 222 562 1262
677 85 222 562 1262
454 573 223 562 1262
321 239 223 562 1262
650 514 231 562 1262
478 48 225 563 1263
686 551 235 563 1263
307 570 229 563 1263
229 576 233 563 1263
488 567 225 563 1263
206 537 221 563 1263
772 574 225 563 1263
440 61 221 563 1263
390 565 226 564 1264
699 465 223 564 1264
165 14 229 564 1264
210 558 239 564 1264
385 30 222 564 1264
756 551 225 564 1264
764 505 224 564 1264
695 43 227 565 1265
269 579 230 567 1267
510 67 227 568 1268
269 580 225 568 1268
416 572 225 568 1268
648 289 223 568 1268
510 68 223 569 1269
787 263 221 569 1269
203 21 231 569 1269
709 569 227 569 1269
787 264 221 570 1270
203 22 225 570 1270
269 582 221 570 1270
510 70 221 571 1271
787 265 223 571 1271
774 581 230 571 1271
510 71 224 572 1272
774 582 237 572 1272
203 24 221 572 1272
269 584 221 572 1272
750 123 238 572 1272
774 583 234 573 1273
165 24 227 574 1274
510 73 225 574 1274
502 528 228 574 1274
528 1 232 574 1274
203 26 222 574 1274
502 529 233 575 1275
229 588 229 575 1275
774 585 223 575 1275
528 2 222 575 1275
239 578 227 575 1275
244 577 227 576 1276
502 530 225 576 1276
510 75 223 576 1276
229 589 229 576 1276
774 586 227 576 1276
577 588 248 576 1276
510 76 223 577 1277
502 531 235 577 1277
229 590 225 577 1277
774 587 224 577 1277
528 4 231 577 1277
577 589 231 577 1277
652 576 225 577 1277
75 5 225 578 1278
269 590 227 578 1278
652 577 221 578 1278
367 258 223 579 1279
606 545 223 579 1279
418 585 235 579 1279
232 104 227 579 1279
544 11 235 579 1279
258 590 229 580 1280
100 295 239 581 1281
324 330 226 582 1282
106 49 225 582 1282
690 527 223 582 1282
106 50 225 583 1283
209 438 223 584 1284
384 596 243 587 1287
577 599 227 587 1287
501 563 223 587 1287
221 594 232 588 1288
300 579 225 588 1288
555 588 224 590 1290
73 265 230 590 1290
763 6 240 591 1291
763 7 242 592 1292
169 594 232 594 1294
125 45 221 596 1296
653 229 229 598 1298
555 597 226 599 1299
653 231 240 600 1300
653 232 225 601 1301
778 606 224 602 1302
227 533 223 602 1302
653 233 223 602 1302
653 234 232 603 1303
653 235 229 604 1304
315 290 221 605 1305
653 236 221 605 1305
28 605 221 606 1306
315 291 223 606 1306
653 237 223 606 1306
203 60 223 608 1308
343 599 237 608 1308
653 239 225 608 1308
555 607 225 609 1309
203 61 233 609 1309
33 580 223 609 1309
203 62 248 610 1310
203 63 249 611 1311
32 595 221 611 1311
653 242 224 611 1311
203 64 227 612 1312
653 243 225 612 1312
203 65 232 613 1313
203 66 231 614 1314
13 585 229 616 1316
517 176 223 617 1317
203 69 233 617 1317
203 70 225 618 1318
408 627 228 618 1318
653 249 235 618 1318
517 178 223 619 1319
653 250 221 619 1319
28 619 221 620 1320
675 306 225 620 1320
517 179 226 620 1320
203 72 233 620 1320
22 574 231 620 1320
653 251 225 620 1320
675 307 228 621 1321
203 73 231 621 1321
701 626 222 621 1321
202 630 227 621 1321
653 252 239 621 1321
675 308 223 622 1322
517 181 233 622 1322
203 74 238 622 1322
709 622 233 622 1322
202 631 224 622 1322
653 253 233 622 1322
559 506 223 623 1323
517 182 225 623 1323
203 75 231 623 1323
709 623 233 623 1323
653 254 235 623 1323
517 183 227 624 1324
203 76 233 624 1324
559 508 229 625 1325
147 640 224 625 1325
712 630 233 625 1325
639 636 229 625 1325
144 272 222 625 1325
203 77 241 625 1325
666 631 232 625 1325
147 641 226 626 1326
466 127 223 626 1326
203 78 231 626 1326
390 628 223 626 1326
653 257 230 626 1326
666 632 232 626 1326
614 626 223 627 1327
203 79 229 627 1327
666 633 229 627 1327
653 258 227 627 1327
304 626 223 628 1328
364 635 221 628 1328
614 627 231 628 1328
203 80 240 628 1328
437 56 225 628 1328
653 259 231 628 1328
666 634 233 628 1328
304 627 222 629 1329
517 188 221 629 1329
203 81 225 629 1329
283 326 223 629 1329
437 57 241 629 1329
653 260 227 629 1329
666 635 233 629 1329
15 633 225 629 1329
754 634 227 631 1331
712 636 223 631 1331
653 262 225 631 1331
203 1 225 632 1332
653 263 221 632 1332
203 3 226 634 1334
517 195 223 636 1336
364 643 224 636 1336
676 644 223 636 1336
652 635 221 637 1337
203 6 223 637 1337
203 7 223 638 1338
517 197 224 638 1338
255 239 230 639 1339
203 8 225 639 1339
520 647 226 640 1340
343 631 227 640 1340
500 625 225 640 1340
653 271 232 640 1340
464 649 221 641 1341
203 10 227 641 1341
343 632 230 641 1341
279 9 242 641 1341
368 585 235 641 1341
464 650 225 642 1342
409 26 235 642 1342
343 633 226 642 1342
611 637 221 642 1342
653 273 227 642 1342
611 638 227 643 1343
203 13 221 644 1344
517 203 222 644 1344
409 28 235 644 1344
709 644 228 644 1344
611 639 235 644 1344
203 14 227 645 1345
409 29 235 645 1345
611 640 221 645 1345
713 649 222 645 1345
203 15 221 646 1346
409 30 227 646 1346
611 641 235 646 1346
203 16 223 647 1347
409 31 235 647 1347
709 647 223 647 1347
611 642 231 647 1347
205 372 230 648 1348
409 32 227 648 1348
709 648 223 648 1348
611 643 225 648 1348
745 657 221 649 1349
203 18 227 649 1349
409 33 226 649 1349
709 649 229 649 1349
611 644 239 649 1349
709 650 223 650 1350
611 645 235 650 1350
409 35 221 651 1351
611 646 234 651 1351
720 625 225 652 1352
409 36 221 652 1352
709 652 227 652 1352
611 647 243 652 1352
720 626 223 653 1353
364 660 223 653 1353
709 653 224 653 1353
611 648 244 653 1353
203 23 221 654 1354
409 38 236 654 1354
43 661 221 654 1354
709 654 221 654 1354
611 649 227 654 1354
577 24 224 654 1354
709 655 223 655 1355
437 83 221 655 1355
611 650 229 655 1355
577 25 237 656 1356
124 649 227 656 1356
581 36 227 656 1356
364 663 232 656 1356
409 40 227 656 1356
709 656 229 656 1356
611 651 223 656 1356
577 26 237 656 1356
124 650 243 657 1357
709 657 225 657 1357
409 41 226 657 1357
611 652 223 657 1357
577 27 244 657 1357
124 651 231 658 1358
709 658 223 658 1358
611 653 223 658 1358
577 28 233 659 1359
124 652 221 659 1359
709 659 221 659 1359
611 654 221 659 1359
577 29 232 660 1360
124 653 235 660 1360
709 660 223 660 1360
577 30 230 661 1361
577 31 230 662 1362
500 646 225 662 1362
124 655 223 662 1362
520 669 233 662 1362
630 37 223 662 1362
611 657 226 662 1362
577 32 249 663 1363
124 656 247 663 1363
203 32 228 663 1363
520 670 225 663 1363
709 663 223 663 1363
611 658 223 663 1363
577 33 245 664 1364
124 657 235 664 1364
611 659 221 664 1364
577 34 227 665 1365
124 658 232 665 1365
407 13 221 665 1365
203 34 223 665 1365
28 664 221 665 1365
409 49 234 665 1365
709 665 235 665 1365
611 660 237 665 1365
577 35 237 666 1366
124 659 239 666 1366
720 639 221 666 1366
539 81 233 666 1366
203 35 224 666 1366
520 673 231 666 1366
409 50 232 666 1366
709 666 237 666 1366
611 661 233 667 1367
577 36 243 667 1367
124 660 235 667 1367
765 234 227 667 1367
703 658 224 667 1367
409 51 222 667 1367
709 667 227 667 1367
577 37 246 668 1368
124 661 229 668 1368
653 298 221 668 1368
635 433 227 668 1368
720 641 223 668 1368
409 52 226 668 1368
577 38 245 669 1369
124 662 237 669 1369
611 664 238 670 1370
577 39 247 670 1370
124 663 235 670 1370
203 39 222 670 1370
709 670 236 670 1370
611 665 227 671 1371
577 40 235 671 1371
502 34 223 671 1371
124 664 221 671 1371
409 55 225 671 1371
349 673 229 671 1371
5 679 221 672 1372
611 666 239 672 1372
577 41 230 672 1372
203 41 225 672 1372
709 672 225 672 1372
577 42 241 673 1373
124 666 237 673 1373
203 42 237 673 1373
28 672 226 673 1373
760 11 222 673 1373
577 43 239 674 1374
611 668 229 674 1374
500 658 229 674 1374
502 37 223 674 1374
496 318 227 674 1374
720 647 225 674 1374
499 627 232 674 1374
169 674 223 674 1374
203 43 239 674 1374
520 681 240 674 1374
409 58 240 674 1374
709 674 233 674 1374
577 44 240 675 1375
611 669 233 675 1375
500 659 233 675 1375
502 38 223 675 1375
124 668 223 675 1375
203 44 233 675 1375
520 682 241 675 1375
409 59 241 675 1375
760 13 221 675 1375
577 45 221 676 1376
611 670 224 676 1376
500 660 221 676 1376
124 669 235 676 1376
203 45 240 676 1376
28 675 233 676 1376
520 683 238 676 1376
577 46 237 677 1377
611 671 229 677 1377
500 661 224 677 1377
653 307 221 677 1377
778 681 221 677 1377
124 670 239 677 1377
203 46 233 677 1377
577 47 233 678 1378
500 662 223 678 1378
124 671 229 678 1378
203 47 231 678 1378
577 48 222 679 1379
611 673 230 679 1379
500 663 226 679 1379
203 48 229 679 1379
520 686 235 679 1379
577 49 227 679 1379
611 674 234 680 1380
500 664 233 680 1380
124 673 241 680 1380
203 49 239 680 1380
3 62 224 680 1380
520 687 235 680 1380
409 64 223 680 1380
577 50 235 680 1380
611 675 239 681 1381
500 665 236 681 1381
124 674 232 681 1381
3 63 222 681 1381
203 50 233 681 1381
517 240 221 681 1381
520 688 235 681 1381
409 65 221 681 1381
91 5 221 681 1381
577 51 247 681 1381
611 676 241 681 1381
500 666 227 682 1382
124 675 233 682 1382
517 241 225 682 1382
203 51 240 682 1382
520 689 240 682 1382
409 66 223 682 1382
452 515 225 682 1382
611 677 226 682 1382
124 676 231 683 1383
653 313 237 683 1383
73 358 221 683 1383
203 52 236 683 1383
452 516 227 683 1383
409 67 231 683 1383
577 53 233 683 1383
611 678 233 683 1383
502 47 222 684 1384
124 677 227 684 1384
639 695 221 684 1384
653 314 239 684 1384
203 53 228 684 1384
520 691 233 684 1384
517 243 227 684 1384
452 517 237 684 1384
409 68 222 684 1384
5 692 223 685 1385
718 598 223 685 1385
304 683 223 685 1385
745 693 229 685 1385
474 82 221 685 1385
452 518 243 685 1385
409 69 242 685 1385
611 680 237 685 1385
577 55 233 685 1385
124 679 230 686 1386
653 316 235 686 1386
22 639 223 686 1386
203 55 245 686 1386
745 694 228 686 1386
517 245 229 686 1386
409 70 222 686 1386
611 681 237 686 1386
577 56 243 686 1386
502 50 231 687 1387
124 680 235 687 1387
653 317 234 687 1387
244 688 233 687 1387
745 695 223 687 1387
409 71 224 687 1387
611 682 232 687 1387
577 57 225 687 1387
502 51 233 688 1388
124 681 233 688 1388
653 318 227 688 1388
244 689 242 688 1388
203 57 226 688 1388
745 696 247 688 1388
611 683 225 688 1388
169 689 227 689 1389
203 58 235 689 1389
745 697 247 689 1389
611 684 221 689 1389
577 59 227 689 1389
124 683 233 690 1390
165 27 226 690 1390
360 138 229 690 1390
246 685 237 690 1390
184 250 230 690 1390
560 697 236 690 1390
308 650 225 691 1391
203 60 223 691 1391
360 139 241 691 1391
246 686 221 691 1391
184 251 223 691 1391
343 682 226 691 1391
560 698 223 692 1392
464 700 223 692 1392
308 651 223 692 1392
745 700 225 692 1392
360 140 247 692 1392
409 76 221 692 1392
246 687 221 692 1392
440 190 223 692 1392
699 594 221 692 1392
464 701 226 693 1393
308 652 227 693 1393
165 30 221 693 1393
360 141 233 693 1393
699 595 233 693 1393
343 684 224 693 1393
560 700 225 694 1394
745 702 228 694 1394
360 142 231 694 1394
409 78 221 694 1394
560 701 233 695 1395
343 685 225 695 1395
464 703 223 695 1395
360 143 226 695 1395
409 79 223 695 1395
452 528 222 695 1395
699 597 223 695 1395
464 704 221 696 1396
203 65 222 696 1396
360 144 225 696 1396
409 80 227 696 1396
560 703 225 697 1397
745 705 221 697 1397
440 195 221 697 1397
699 599 224 697 1397
360 146 225 698 1398
745 707 227 699 1399
409 83 223 699 1399
360 147 226 699 1399
184 259 223 699 1399
360 148 221 700 1400
184 260 221 700 1400
360 149 222 701 1401
184 261 221 701 1401
360 152 225 704 1404
360 153 228 705 1405
360 154 225 706 1406
360 155 225 707 1407
184 267 225 707 1407
184 276 222 716 1416
360 165 221 717 1417
184 277 224 717 1417
360 166 223 718 1418
184 278 230 718 1418
184 279 225 719 1419
184 280 221 720 1420
184 283 226 723 1423
360 173 226 725 1425
184 285 227 725 1425
360 174 222 726 1426
184 286 224 726 1426
184 287 223 727 1427
360 176 235 728 1428
184 288 224 728 1428
560 735 223 728 1428
360 177 221 729 1429
560 736 223 729 1429
308 689 221 730 1430
308 690 225 731 1431
360 179 225 731 1431
246 727 221 732 1432
360 180 222 732 1432
246 728 223 733 1433
699 635 221 733 1433
343 724 221 733 1433
308 693 223 734 1434
360 182 223 734 1434
184 294 222 734 1434
343 725 221 734 1434
560 741 221 734 1434
464 743 221 735 1435
360 183 227 735 1435
343 726 221 735 1435
203 105 223 736 1436
184 296 224 736 1436
560 743 221 736 1436
184 297 227 737 1437
246 733 222 738 1438
184 298 227 738 1438
409 123 223 739 1439
184 299 223 739 1439
409 125 224 741 1441
360 189 221 741 1441
246 736 225 741 1441
560 748 225 741 1441
203 111 221 742 1442
745 751 221 743 1443
184 303 221 743 1443
360 192 221 744 1444
203 113 225 744 1444
203 114 221 745 1445
184 305 221 745 1445
464 754 221 746 1446
745 754 223 746 1446
246 741 221 746 1446
203 115 221 746 1446
184 306 221 746 1446
560 753 226 746 1446
745 755 223 747 1447
308 706 221 747 1447
409 131 225 747 1447
246 742 223 747 1447
184 307 223 747 1447
343 738 221 747 1447
745 756 223 748 1448
308 707 221 748 1448
184 308 221 748 1448
343 739 223 748 1448
560 755 222 748 1448
745 757 224 749 1449
308 708 221 749 1449
360 197 223 749 1449
745 758 225 750 1450
409 134 221 750 1450
246 745 222 750 1450
203 120 221 751 1451
745 760 228 752 1452
246 747 221 752 1452
184 312 223 752 1452
745 761 229 753 1453
745 762 235 754 1454
203 123 224 754 1454
203 124 221 755 1455
745 765 225 757 1457
184 317 222 757 1457
184 318 224 758 1458
745 767 225 759 1459
184 319 227 759 1459
745 768 221 760 1460
184 320 229 760 1460
745 769 231 761 1461
308 720 223 761 1461
246 756 225 761 1461
745 770 236 762 1462
308 721 223 762 1462
360 210 222 762 1462
246 757 225 762 1462
560 769 221 762 1462
745 771 233 763 1463
308 722 222 763 1463
409 147 221 763 1463
452 596 223 763 1463
360 211 227 763 1463
246 758 221 763 1463
745 772 235 764 1464
409 148 222 764 1464
203 133 221 764 1464
246 759 227 764 1464
745 773 236 765 1465
308 724 226 765 1465
409 149 223 765 1465
203 134 221 765 1465
246 760 221 765 1465
745 774 235 766 1466
308 725 227 766 1466
409 150 225 766 1466
246 761 225 766 1466
745 775 233 767 1467
246 762 225 767 1467
745 776 231 768 1468
308 727 222 768 1468
203 137 223 768 1468
343 759 221 768 1468
745 777 237 769 1469
308 728 221 769 1469
745 778 233 770 1470
452 603 223 770 1470
246 765 229 770 1470
203 139 221 770 1470
745 779 235 771 1471
452 604 225 771 1471
246 766 222 771 1471
560 778 225 771 1471
745 780 232 772 1472
308 731 221 772 1472
409 156 221 772 1472
184 332 223 772 1472
560 779 221 772 1472
745 781 231 773 1473
308 732 221 773 1473
184 333 221 773 1473
560 780 223 773 1473
745 782 235 774 1474
308 733 225 774 1474
184 334 223 774 1474
745 783 228 775 1475
184 336 223 776 1476
560 783 223 776 1476
745 785 233 777 1477
184 337 230 777 1477
203 146 223 777 1477
360 226 221 778 1478
184 338 229 778 1478
360 227 221 779 1479
246 774 221 779 1479
184 339 229 779 1479
560 786 231 779 1479
409 164 221 780 1480
745 788 225 780 1480
452 613 221 780 1480
360 228 221 780 1480
184 340 227 780 1480
203 149 225 780 1480
560 787 227 780 1480
343 771 223 780 1480
360 229 221 781 1481
184 341 229 781 1481
203 150 223 781 1481
745 790 226 782 1482
360 230 222 782 1482
184 342 227 782 1482
343 773 221 782 1482
745 791 224 783 1483
184 343 225 783 1483
360 231 221 783 1483
745 792 223 784 1484
184 344 225 784 1484
246 779 221 784 1484
745 793 221 785 1485
360 233 224 785 1485
184 345 221 785 1485
184 346 225 786 1486
745 795 225 787 1487
184 347 231 787 1487
343 778 223 787 1487
745 796 227 788 1488
184 348 235 788 1488
745 797 223 789 1489
184 349 237 789 1489
745 798 221 790 1490
184 350 233 790 1490
184 351 234 791 1491
745 800 221 792 1492
184 352 233 792 1492
736 729 223 792 1492
184 353 237 793 1493
184 354 237 794 1494
184 355 231 795 1495
308 755 231 796 1496
343 787 233 796 1496
745 805 231 797 1497
360 245 231 797 1497
184 358 227 798 1498
343 789 221 798 1498
745 807 221 799 1499
184 359 231 799 1499
203 168 222 799 1499
246 794 221 799 1499
560 806 224 799 1499
184 361 227 801 1501
246 796 221 801 1501
184 362 226 802 1502
184 363 223 803 1503
184 364 223 804 1504
745 813 227 805 1505
246 800 221 805 1505
409 190 221 806 1506
745 814 222 806 1506
184 366 229 806 1506
409 191 222 807 1507
745 815 231 807 1507
308 766 225 807 1507
184 367 225 807 1507
745 816 235 808 1508
308 767 221 808 1508
184 368 222 808 1508
308 768 223 809 1509
184 369 227 809 1509
409 194 223 810 1510
745 818 225 810 1510
343 801 221 810 1510
745 819 229 811 1511
464 819 221 811 1511
246 806 221 811 1511
745 820 227 812 1512
308 771 223 812 1512
184 372 223 812 1512
203 181 225 812 1512
246 807 223 812 1512
343 803 221 812 1512
745 821 233 813 1513
308 772 221 813 1513
203 182 224 813 1513
246 808 225 813 1513
745 822 232 814 1514
203 183 221 814 1514
246 809 223 814 1514
745 823 230 815 1515
308 774 221 815 1515
246 810 227 815 1515
560 822 221 815 1515
343 806 223 815 1515
745 824 223 816 1516
246 811 223 816 1516
745 825 227 817 1517
464 825 221 817 1517
184 377 225 817 1517
745 826 228 818 1518
308 777 223 818 1518
184 378 222 818 1518
246 813 221 818 1518
560 825 223 818 1518
409 203 227 819 1519
464 827 221 819 1519
203 188 225 819 1519
343 810 221 819 1519
745 828 227 820 1520
184 380 227 820 1520
246 815 225 820 1520
560 827 226 820 1520
745 829 223 821 1521
184 381 224 821 1521
246 816 224 821 1521
560 828 223 821 1521
745 830 233 822 1522
308 781 226 822 1522
184 382 226 822 1522
246 817 223 822 1522
745 831 237 823 1523
184 383 227 823 1523
246 818 223 823 1523
409 208 222 824 1524
745 832 235 824 1524
464 832 221 824 1524
184 384 225 824 1524
203 193 221 824 1524
246 819 223 824 1524
745 833 231 825 1525
360 273 221 825 1525
184 385 225 825 1525
745 834 223 826 1526
184 386 227 826 1526
745 835 224 827 1527
246 822 221 827 1527
745 836 225 828 1528
246 823 223 828 1528
452 661 223 828 1528
560 835 221 828 1528
699 730 221 828 1528
745 837 225 829 1529
464 837 222 829 1529
184 389 223 829 1529
246 824 223 829 1529
452 662 223 829 1529
745 838 223 830 1530
308 789 223 830 1530
246 825 223 830 1530
452 663 222 830 1530
745 839 231 831 1531
464 839 223 831 1531
308 790 221 831 1531
246 826 223 831 1531
452 664 221 831 1531
409 216 223 832 1532
745 840 227 832 1532
464 840 221 832 1532
246 827 230 832 1532
184 392 226 832 1532
452 665 222 832 1532
745 841 237 833 1533
464 841 221 833 1533
308 792 223 833 1533
246 828 225 833 1533
343 824 221 833 1533
440 331 223 833 1533
745 842 235 834 1534
464 842 224 834 1534
246 829 225 834 1534
343 825 222 834 1534
440 332 223 834 1534
745 843 235 835 1535
464 843 225 835 1535
246 830 223 835 1535
203 204 223 835 1535
699 737 222 835 1535
343 826 221 835 1535
440 333 221 835 1535
745 844 234 836 1536
464 844 223 836 1536
360 284 225 836 1536
246 831 221 836 1536
343 827 221 836 1536
745 845 233 837 1537
464 845 225 837 1537
560 844 221 837 1537
440 335 223 837 1537
745 846 232 838 1538
464 846 225 838 1538
246 833 224 838 1538
440 336 222 838 1538
745 847 235 839 1539
308 798 221 839 1539
246 834 222 839 1539
699 741 223 839 1539
745 848 233 840 1540
308 799 221 840 1540
360 288 223 840 1540
246 835 223 840 1540
745 849 225 841 1541
308 800 225 841 1541
360 289 224 841 1541
203 210 225 841 1541
699 743 231 841 1541
343 832 221 841 1541
169 148 229 843 1543
653 473 224 843 1543
304 842 221 843 1543
653 474 225 844 1544
530 111 221 844 1544
653 475 227 845 1545
463 48 226 845 1545
530 112 227 845 1545
538 837 225 845 1545
98 848 225 846 1546
428 55 237 846 1546
159 566 237 846 1546
277 46 223 847 1547
648 568 223 847 1547
277 47 235 848 1548
277 48 225 849 1549
277 49 237 850 1550
277 50 245 851 1551
277 51 229 852 1552
151 385 221 852 1552
463 56 227 853 1553
277 52 248 853 1553
495 846 222 853 1553
288 35 225 854 1554
277 53 225 854 1554
169 160 227 855 1555
165 192 226 855 1555
277 54 230 855 1555
211 291 225 855 1555
4 853 222 855 1555
72 312 223 855 1555
745 864 225 856 1556
560 863 230 856 1556
246 851 224 856 1556
560 864 228 857 1557
308 817 222 858 1558
246 853 221 858 1558
560 865 225 858 1558
452 692 221 859 1559
560 866 228 859 1559
745 868 221 860 1560
308 819 221 860 1560
560 867 231 860 1560
246 855 221 860 1560
745 869 223 861 1561
560 868 231 861 1561
745 870 222 862 1562
452 695 223 862 1562
560 869 226 862 1562
246 857 223 862 1562
745 871 221 863 1563
308 822 225 863 1563
560 870 227 863 1563
464 872 222 864 1564
560 871 225 864 1564
745 873 222 865 1565
464 873 221 865 1565
560 872 227 865 1565
464 874 222 866 1566
246 861 222 866 1566
464 875 221 867 1567
246 862 225 867 1567
246 863 224 868 1568
560 875 225 868 1568
560 876 227 869 1569
360 317 226 869 1569
745 878 222 870 1570
360 318 221 870 1570
184 433 233 873 1573
203 1 231 873 1573
165 211 223 874 1574
560 881 221 874 1574
360 322 228 874 1574
560 882 224 875 1575
464 883 221 875 1575
360 323 229 875 1575
699 777 223 875 1575
343 866 222 875 1575
203 2 226 875 1575
409 261 221 877 1577
560 884 225 877 1577
308 836 225 877 1577
184 438 231 878 1578
184 439 221 879 1579
184 440 231 880 1580
184 442 225 882 1582
184 443 227 883 1583
184 444 229 884 1584
184 445 227 885 1585
184 448 221 888 1588
184 449 221 889 1589
184 450 222 890 1590
184 452 221 892 1592
184 453 231 893 1593
360 341 221 893 1593
184 454 221 894 1594
745 902 221 894 1594
560 901 222 894 1594
308 853 221 894 1594
184 455 231 895 1595
308 854 221 895 1595
184 456 221 896 1596
308 855 223 896 1596
360 344 225 896 1596
184 457 221 897 1597
308 856 221 897 1597
699 799 225 897 1597
360 345 223 897 1597
184 458 237 898 1598
560 905 229 898 1598
699 800 221 898 1598
184 459 237 899 1599
560 906 221 899 1599
184 460 235 900 1600
343 891 221 900 1600
360 348 221 900 1600
184 461 222 901 1601
308 860 222 901 1601
745 910 223 902 1602
184 462 239 902 1602
464 910 223 902 1602
745 911 226 903 1603
184 463 231 903 1603
464 911 221 903 1603
184 464 231 904 1604
308 863 222 904 1604
360 352 222 904 1604
360 353 235 905 1605
184 466 231 906 1606
360 354 231 906 1606
184 467 233 907 1607
440 405 225 907 1607
246 903 223 908 1608
184 468 233 908 1608
360 356 223 908 1608
184 469 222 909 1609
464 917 229 909 1609
308 868 223 909 1609
560 916 230 909 1609
699 811 222 909 1609
343 900 222 909 1609
360 357 227 909 1609
440 407 224 909 1609
184 470 226 910 1610
560 917 231 910 1610
308 869 222 910 1610
699 812 222 910 1610
343 901 221 910 1610
360 358 237 910 1610
440 408 233 910 1610
246 906 221 911 1611
560 918 225 911 1611
360 359 225 911 1611
440 409 235 911 1611
745 920 223 912 1612
246 907 224 912 1612
308 871 223 912 1612
184 472 225 912 1612
560 919 225 912 1612
745 921 221 913 1613
184 473 235 913 1613
360 361 221 913 1613
745 922 221 914 1614
464 922 221 914 1614
184 474 233 914 1614
560 921 227 914 1614
360 362 221 914 1614
440 412 230 914 1614
745 923 221 915 1615
184 475 222 915 1615
464 923 223 915 1615
308 874 225 915 1615
560 922 242 915 1615
699 817 225 915 1615
360 363 221 915 1615
409 10 229 915 1615
203 42 223 915 1615
696 142 229 916 1616
147 931 223 916 1616
745 924 229 916 1616
281 117 229 916 1616
653 3 223 917 1617
745 925 223 917 1617
687 932 233 917 1617
277 116 221 917 1617
157 933 226 917 1617
118 381 224 917 1617
495 910 231 917 1617
203 44 236 917 1617
336 207 227 918 1618
745 926 231 918 1618
722 137 225 918 1618
277 117 247 918 1618
583 123 225 918 1618
409 13 239 918 1618
203 45 237 918 1618
653 5 229 919 1619
532 128 233 919 1619
126 571 224 919 1619
307 926 224 919 1619
357 15 227 919 1619
277 118 235 919 1619
409 14 230 919 1619
173 139 232 920 1620
57 28 227 920 1620
535 255 229 920 1620
687 935 235 920 1620
277 119 227 920 1620
542 894 227 920 1620
210 38 229 920 1620
556 126 225 920 1620
277 120 229 921 1621
445 916 224 922 1622
186 193 225 922 1622
188 412 221 923 1623
21 600 221 923 1623
188 413 225 923 1623
21 601 222 924 1624
188 414 229 924 1624
586 932 235 925 1625
279 294 222 926 1626
445 920 221 926 1626
186 197 223 926 1626
188 416 224 927 1627
57 35 231 927 1627
21 604 222 927 1627
188 417 227 927 1627
279 296 223 928 1628
445 922 223 928 1628
310 925 222 928 1628
188 418 223 928 1628
57 37 227 929 1629
21 606 225 929 1629
109 16 224 929 1629
546 628 230 929 1629
188 419 223 929 1629
57 38 229 930 1630
279 298 223 930 1630
21 607 227 930 1630
109 17 237 930 1630
546 629 228 930 1630
186 201 229 930 1630
556 136 222 930 1630
616 745 222 931 1631
57 39 223 931 1631
239 17 227 931 1631
109 18 235 931 1631
186 202 223 931 1631
616 746 224 932 1632
57 40 225 932 1632
279 300 229 932 1632
109 19 235 932 1632
616 747 229 933 1633
311 10 223 934 1634
9 945 224 935 1635
311 11 233 935 1635
571 55 228 936 1636
311 12 225 936 1636
610 16 231 936 1636
311 13 225 937 1637
610 17 225 937 1637
311 14 225 938 1638
610 18 221 938 1638
311 15 221 939 1639
610 19 223 939 1639
610 20 226 940 1640
610 21 231 941 1641
311 18 223 942 1642
311 19 229 943 1643
610 23 231 943 1643
610 24 229 944 1644
610 25 223 945 1645
610 26 221 946 1646
322 942 221 947 1647
277 146 223 947 1647
632 71 223 947 1647
277 147 223 948 1648
277 148 225 949 1649
610 29 237 949 1649
249 310 223 950 1650
610 30 229 950 1650
277 150 223 951 1651
277 151 224 952 1652
277 153 223 954 1654
344 956 233 957 1657
277 156 221 957 1657
772 235 237 971 1671
411 345 221 972 1672
610 54 225 974 1674
632 23 221 977 1677
277 178 223 979 1679
632 25 223 979 1679
277 179 223 980 1680
467 188 225 980 1680
633 971 222 980 1680
610 61 223 982 1682
610 62 223 983 1683
277 182 223 983 1683
632 29 227 983 1683
277 183 227 984 1684
632 30 223 984 1684
660 979 221 984 1684
277 185 241 986 1686
610 67 222 988 1688
277 187 245 988 1688
277 188 237 989 1689
610 69 223 990 1690
277 189 241 990 1690
277 190 236 991 1691
277 191 241 992 1692
277 194 227 995 1695
277 198 223 999 1699
277 199 229 1000 1700
277 200 238 1001 1701
277 201 233 1002 1702
277 203 226 1004 1704
277 204 227 1005 1705
277 205 224 1006 1706
277 207 221 1008 1708
277 208 221 1009 1709
277 209 231 1010 1710
277 210 228 1011 1711
277 211 230 1012 1712
277 212 221 1013 1713
277 213 227 1014 1714
13 984 222 1014 1714
277 214 230 1015 1715
13 985 229 1015 1715
610 95 221 1016 1716
277 215 229 1016 1716
277 217 227 1018 1718
277 218 225 1019 1719
277 219 227 1020 1720
616 838 225 1024 1724
277 223 230 1024 1724
279 392 230 1024 1724
632 70 225 1025 1725
616 839 239 1025 1725
277 224 232 1025 1725
279 393 239 1025 1725
277 225 230 1026 1726
610 106 223 1027 1727
776 118 237 1027 1727
277 226 231 1027 1727
188 517 221 1028 1728
616 842 243 1028 1728
277 227 236 1028 1728
616 843 237 1029 1729
277 228 231 1029 1729
616 844 245 1030 1730
277 229 227 1030 1730
632 76 225 1030 1730
616 845 235 1031 1731
277 230 229 1031 1731
616 846 233 1032 1732
277 231 236 1032 1732
238 1016 230 1032 1732
277 232 221 1033 1733
616 847 245 1033 1733
277 233 226 1034 1734
616 848 230 1034 1734
277 234 229 1035 1735
616 849 221 1035 1735
632 81 223 1035 1735
277 235 233 1036 1736
616 850 222 1036 1736
277 236 233 1037 1737
616 851 227 1037 1737
277 237 231 1038 1738
616 852 230 1038 1738
279 406 223 1038 1738
277 238 233 1039 1739
279 407 222 1039 1739
610 119 223 1040 1740
277 239 235 1040 1740
279 408 233 1040 1740
610 120 223 1041 1741
279 409 244 1041 1741
277 240 231 1041 1741
279 410 239 1042 1742
277 241 229 1042 1742
632 88 221 1042 1742
610 122 222 1043 1743
279 411 235 1043 1743
279 412 233 1044 1744
277 243 230 1044 1744
632 90 224 1044 1744
279 413 223 1045 1745
277 247 227 1048 1748
277 248 239 1049 1749
277 249 241 1050 1750
455 403 232 1050 1750
277 250 239 1051 1751
455 404 223 1051 1751
277 251 239 1052 1752
455 405 223 1052 1752
610 132 224 1053 1753
277 252 237 1053 1753
455 406 233 1053 1753
277 253 225 1054 1754
455 407 231 1054 1754
277 254 227 1055 1755
277 255 226 1056 1756
277 256 233 1057 1757
277 257 227 1058 1758
277 258 221 1059 1759
277 261 223 1062 1762
277 262 222 1063 1763
277 266 221 1067 1767
277 268 235 1069 1769
610 148 221 1069 1769
109 120 221 1070 1770
616 885 235 1071 1771
279 439 223 1071 1771
485 491 227 1071 1771
224 981 221 1071 1771
188 561 245 1072 1772
586 1079 227 1072 1772
485 492 225 1072 1772
239 158 221 1072 1772
188 562 236 1073 1773
586 1080 229 1073 1773
279 441 221 1073 1773
485 493 224 1073 1773
616 888 227 1074 1774
188 563 241 1074 1774
586 1081 225 1074 1774
57 182 223 1074 1774
485 494 229 1074 1774
586 1082 224 1075 1775
188 564 239 1075 1775
445 1069 221 1075 1775
57 183 227 1075 1775
279 443 221 1075 1775
485 495 229 1075 1775
586 1083 223 1076 1776
616 890 228 1076 1776
188 565 228 1076 1776
57 184 227 1076 1776
485 496 231 1076 1776
616 891 230 1077 1777
586 1084 227 1077 1777
188 566 237 1077 1777
57 185 227 1077 1777
279 445 223 1077 1777
485 497 231 1077 1777
616 892 225 1078 1778
586 1085 225 1078 1778
188 567 235 1078 1778
57 186 227 1078 1778
485 498 233 1078 1778
279 446 222 1078 1778
621 1082 221 1078 1778
616 893 226 1079 1779
586 1086 225 1079 1779
188 568 241 1079 1779
57 187 224 1079 1779
485 499 232 1079 1779
586 1087 233 1080 1780
188 569 247 1080 1780
57 188 227 1080 1780
485 500 229 1080 1780
616 895 222 1081 1781
586 1088 231 1081 1781
188 570 243 1081 1781
57 189 227 1081 1781
485 501 229 1081 1781
616 896 223 1082 1782
586 1089 230 1082 1782
57 190 226 1082 1782
188 571 245 1082 1782
485 502 226 1082 1782
616 897 221 1083 1783
586 1090 234 1083 1783
188 572 241 1083 1783
445 1077 221 1083 1783
57 191 225 1083 1783
485 503 226 1083 1783
239 169 221 1083 1783
188 573 238 1084 1784
57 192 221 1084 1784
485 504 227 1084 1784
239 170 227 1084 1784
616 899 225 1085 1785
188 574 241 1085 1785
485 505 230 1085 1785
239 171 225 1085 1785
586 1093 221 1086 1786
188 575 239 1086 1786
485 506 227 1086 1786
239 172 222 1086 1786
586 1094 231 1087 1787
188 576 239 1087 1787
485 507 229 1087 1787
188 577 239 1088 1788
485 508 225 1088 1788
586 1096 223 1089 1789
188 578 236 1089 1789
485 509 223 1089 1789
57 197 223 1089 1789
239 175 223 1089 1789
616 904 231 1090 1790
188 579 240 1090 1790
279 458 227 1090 1790
485 510 225 1090 1790
188 580 221 1091 1791
279 459 221 1091 1791
485 511 230 1091 1791
239 177 223 1091 1791
586 1099 227 1092 1792
188 581 233 1092 1792
485 512 230 1092 1792
581 473 221 1092 1792
586 1100 226 1093 1793
188 582 224 1093 1793
485 513 228 1093 1793
57 201 221 1093 1793
21 770 221 1093 1793
586 1101 227 1094 1794
188 583 237 1094 1794
279 462 225 1094 1794
485 514 225 1094 1794
57 202 224 1094 1794
586 1102 227 1095 1795
188 584 237 1095 1795
485 515 221 1095 1795
57 203 223 1095 1795
586 1103 231 1096 1796
46 1094 221 1096 1796
188 585 237 1096 1796
485 516 228 1096 1796
57 204 228 1096 1796
586 1104 230 1097 1797
188 586 239 1097 1797
485 517 223 1097 1797
586 1105 226 1098 1798
188 587 239 1098 1798
485 518 227 1098 1798
57 206 221 1098 1798
21 775 223 1098 1798
586 1106 229 1099 1799
616 913 221 1099 1799
188 588 235 1099 1799
279 467 221 1099 1799
485 519 227 1099 1799
586 1107 227 1100 1800
616 914 225 1100 1800
188 589 239 1100 1800
279 468 221 1100 1800
57 208 226 1100 1800
586 1108 223 1101 1801
188 590 222 1101 1801
445 1095 229 1101 1801
470 1025 233 1103 1803
470 1026 222 1104 1804
277 304 223 1105 1805
610 184 237 1105 1805
188 595 223 1106 1806
279 474 221 1106 1806
239 192 221 1106 1806
111 1090 221 1106 1806
616 921 227 1107 1807
586 1114 231 1107 1807
188 596 238 1107 1807
57 215 222 1107 1807
279 475 231 1107 1807
239 193 222 1107 1807
250 1109 221 1107 1807
111 1091 226 1107 1807
616 922 237 1108 1808
586 1115 223 1108 1808
188 597 235 1108 1808
279 476 229 1108 1808
109 158 221 1108 1808
616 923 227 1109 1809
188 598 231 1109 1809
616 924 223 1110 1810
586 1117 222 1110 1810
188 599 223 1110 1810
616 925 226 1111 1811
188 600 235 1111 1811
616 926 223 1112 1812
188 601 233 1112 1812
554 1119 222 1113 1813
188 602 233 1113 1813
586 1121 224 1114 1814
188 603 225 1114 1814
188 604 227 1115 1815
111 1099 223 1115 1815
586 1123 231 1116 1816
616 930 222 1116 1816
188 605 233 1116 1816
239 202 223 1116 1816
586 1124 227 1117 1817
616 931 222 1117 1817
188 606 225 1117 1817
239 203 221 1117 1817
111 1101 221 1117 1817
586 1125 223 1118 1818
616 932 221 1118 1818
188 607 225 1118 1818
586 1126 226 1119 1819
57 229 221 1121 1821
109 171 222 1121 1821
57 230 227 1122 1822
21 799 223 1122 1822
279 491 223 1123 1823
57 232 221 1124 1824
188 614 223 1125 1825
57 233 226 1125 1825
21 802 221 1125 1825
57 234 224 1126 1826
21 803 226 1126 1826
109 176 223 1126 1826
616 941 231 1127 1827
21 804 223 1127 1827
109 177 227 1127 1827
188 617 225 1128 1828
57 236 221 1128 1828
21 805 223 1128 1828
109 178 221 1128 1828
57 237 227 1129 1829
57 238 233 1130 1830
188 620 221 1131 1831
57 239 233 1131 1831
21 808 227 1131 1831
57 240 233 1132 1832
21 809 228 1132 1832
109 182 223 1132 1832
57 241 234 1133 1833
109 183 225 1133 1833
616 948 236 1134 1834
188 623 228 1134 1834
445 1128 223 1134 1834
279 502 222 1134 1834
21 811 229 1134 1834
616 949 230 1135 1835
57 243 233 1135 1835
279 503 225 1135 1835
21 812 228 1135 1835
109 185 221 1135 1835
239 221 225 1135 1835
616 950 238 1136 1836
57 244 227 1136 1836
279 504 223 1136 1836
21 813 228 1136 1836
109 186 223 1136 1836
616 951 242 1137 1837
57 245 223 1137 1837
279 505 223 1137 1837
21 814 229 1137 1837
616 952 246 1138 1838
586 1145 221 1138 1838
21 815 231 1138 1838
616 953 230 1139 1839
188 628 227 1139 1839
57 247 221 1139 1839
279 507 223 1139 1839
616 954 226 1140 1840
57 248 223 1140 1840
21 818 226 1141 1841
616 956 225 1142 1842
586 1149 221 1142 1842
57 250 227 1142 1842
239 228 231 1142 1842
21 819 225 1142 1842
616 957 231 1143 1843
188 632 226 1143 1843
57 251 229 1143 1843
239 229 227 1143 1843
21 820 223 1143 1843
109 193 235 1143 1843
111 1127 221 1144 1844
616 958 237 1144 1844
188 633 228 1144 1844
57 252 236 1144 1844
445 1138 221 1144 1844
239 230 230 1144 1844
21 821 223 1144 1844
109 194 234 1144 1844
616 959 237 1145 1845
188 634 227 1145 1845
57 253 229 1145 1845
239 231 231 1145 1845
109 195 226 1145 1845
616 960 229 1146 1846
188 635 225 1146 1846
57 254 233 1146 1846
239 232 225 1146 1846
616 961 241 1147 1847
188 636 225 1147 1847
57 255 247 1147 1847
616 962 231 1148 1848
57 256 221 1148 1848
239 234 222 1148 1848
21 825 225 1148 1848
616 963 224 1149 1849
239 235 221 1149 1849
586 1157 227 1150 1850
188 639 241 1150 1850
485 570 223 1150 1850
616 965 221 1151 1851
188 640 239 1151 1851
57 259 227 1151 1851
485 571 223 1151 1851
239 237 223 1151 1851
616 966 223 1152 1852
188 641 239 1152 1852
57 260 221 1152 1852
279 520 222 1152 1852
239 238 226 1152 1852
21 829 225 1152 1852
586 1160 234 1153 1853
57 261 222 1153 1853
445 1147 224 1153 1853
109 203 235 1153 1853
546 852 226 1153 1853
616 968 240 1154 1854
633 1145 231 1154 1854
616 969 235 1155 1855
239 241 221 1155 1855
467 363 227 1155 1855
57 265 223 1158 1858
465 60 222 1158 1858
616 972 234 1158 1858
57 266 227 1159 1859
373 262 233 1159 1859
780 374 221 1159 1859
240 56 221 1159 1859
616 973 222 1159 1859
98 1161 223 1160 1860
442 1163 221 1160 1860
164 234 227 1160 1860
315 507 229 1160 1860
785 1157 224 1160 1860
340 578 221 1161 1861
181 518 225 1161 1861
255 24 227 1162 1862
700 1025 223 1162 1862
181 519 223 1162 1862
657 290 233 1162 1862
270 663 231 1162 1862
677 396 231 1163 1863
518 229 221 1163 1863
255 25 226 1163 1863
412 1115 229 1163 1863
657 291 221 1163 1863
262 141 225 1163 1863
709 236 229 1164 1864
709 237 223 1165 1865
412 1117 221 1165 1865
640 749 233 1165 1865
709 238 227 1166 1866
709 239 231 1167 1867
205 891 221 1167 1867
508 1081 221 1167 1867
657 295 231 1167 1867
626 9 223 1168 1868
709 240 223 1168 1868
246 185 225 1168 1868
205 892 221 1168 1868
657 296 227 1168 1868
338 527 229 1169 1869
205 893 227 1169 1869
508 1083 237 1169 1869
212 340 234 1170 1870
205 894 221 1170 1870
508 1084 242 1170 1870
124 1163 243 1170 1870
464 1178 221 1170 1870
312 1164 221 1171 1871
212 341 228 1171 1871
246 188 232 1171 1871
508 1085 223 1171 1871
124 1164 240 1171 1871
763 268 227 1171 1871
312 1165 231 1172 1872
709 244 232 1172 1872
246 189 228 1172 1872
657 300 221 1172 1872
640 756 221 1172 1872
763 269 221 1172 1872
312 1166 225 1173 1873
626 1 227 1173 1873
709 245 226 1173 1873
205 897 226 1173 1873
657 301 233 1173 1873
124 1166 229 1173 1873
763 270 231 1174 1874
312 1167 227 1174 1874
626 2 223 1174 1874
709 246 229 1174 1874
212 344 223 1174 1874
246 191 230 1174 1874
763 271 223 1174 1874
626 3 223 1175 1875
709 247 226 1175 1875
205 899 223 1175 1875
246 192 225 1175 1875
640 759 227 1175 1875
124 1168 247 1175 1875
763 272 231 1175 1875
312 1169 224 1176 1876
626 4 221 1176 1876
338 534 222 1176 1876
709 248 222 1176 1876
246 193 227 1176 1876
657 304 221 1176 1876
763 273 233 1176 1876
626 5 228 1177 1877
709 249 222 1177 1877
246 194 221 1177 1877
657 305 223 1177 1877
426 7 221 1177 1877
464 1185 223 1177 1877
763 274 233 1177 1877
312 1171 227 1178 1878
626 6 223 1178 1878
709 250 226 1178 1878
657 306 226 1178 1878
312 1172 230 1179 1879
626 7 234 1179 1879
338 537 224 1179 1879
709 251 227 1179 1879
657 307 223 1179 1879
464 1187 225 1179 1879
763 276 222 1180 1880
626 8 231 1180 1880
709 252 227 1180 1880
657 308 225 1180 1880
426 10 222 1180 1880
763 277 246 1180 1880
626 9 225 1181 1881
657 309 231 1181 1881
464 1189 225 1181 1881
763 278 227 1181 1881
626 10 223 1182 1882
657 310 225 1182 1882
464 1190 221 1182 1882
312 1176 221 1183 1883
626 11 229 1183 1883
709 255 223 1183 1883
657 311 227 1183 1883
763 280 239 1184 1884
709 256 229 1184 1884
246 201 223 1184 1884
657 312 227 1184 1884
763 281 227 1185 1885
709 257 222 1185 1885
246 202 222 1185 1885
763 282 223 1186 1886
626 14 224 1186 1886
709 258 221 1186 1886
657 314 223 1186 1886
763 283 233 1187 1887
763 284 229 1188 1888
312 1181 226 1188 1888
763 285 225 1189 1889
464 1198 221 1190 1890
763 287 233 1190 1890
312 1184 221 1190 1890
626 19 231 1190 1890
338 549 223 1190 1890
709 263 225 1190 1890
246 208 221 1190 1890
464 1199 221 1191 1891
763 288 226 1191 1891
312 1185 225 1191 1891
626 20 233 1191 1891
709 264 228 1191 1891
657 320 239 1192 1892
464 1200 221 1192 1892
763 289 241 1192 1892
312 1186 230 1192 1892
626 21 231 1192 1892
338 551 221 1192 1892
709 265 227 1192 1892
246 210 225 1192 1892
657 321 228 1193 1893
124 1186 221 1193 1893
763 290 237 1193 1893
338 552 223 1193 1893
709 266 227 1193 1893
246 211 227 1193 1893
508 1108 225 1193 1893
657 322 227 1194 1894
763 291 247 1194 1894
312 1188 221 1194 1894
626 23 237 1194 1894
246 212 221 1194 1894
657 323 229 1195 1895
763 292 227 1195 1895
464 1203 221 1195 1895
312 1189 223 1195 1895
626 24 225 1195 1895
338 554 221 1195 1895
709 268 229 1195 1895
657 324 237 1196 1896
763 293 235 1196 1896
709 269 226 1196 1896
657 325 221 1197 1897
464 1205 221 1197 1897
763 294 223 1197 1897
626 26 227 1197 1897
709 270 225 1197 1897
246 215 221 1197 1897
212 368 221 1197 1897
657 326 235 1198 1898
426 28 222 1198 1898
763 295 229 1198 1898
626 27 225 1198 1898
709 271 223 1198 1898
657 327 229 1199 1899
763 296 233 1199 1899
626 28 227 1199 1899
709 272 227 1199 1899
657 328 230 1200 1900
763 297 229 1200 1900
640 784 226 1200 1900
312 1194 223 1200 1900
246 218 222 1200 1900
657 329 223 1201 1901
763 298 232 1201 1901
626 30 229 1201 1901
657 330 230 1202 1902
763 299 237 1202 1902
640 786 225 1202 1902
626 31 228 1202 1902
709 275 223 1202 1902
763 300 229 1203 1903
640 787 221 1203 1903
626 32 226 1203 1903
709 276 226 1203 1903
657 332 233 1203 1903
763 301 226 1204 1904
464 1212 221 1204 1904
626 33 231 1204 1904
709 277 225 1204 1904
246 222 221 1204 1904
763 302 229 1205 1905
626 34 237 1205 1905
709 278 227 1205 1905
657 334 231 1205 1905
763 303 229 1206 1906
626 35 235 1206 1906
709 279 231 1206 1906
246 224 223 1206 1906
657 335 225 1206 1906
763 304 226 1207 1907
626 36 235 1207 1907
709 280 233 1207 1907
657 336 229 1207 1907
763 305 224 1208 1908
626 37 235 1208 1908
709 281 231 1208 1908
246 226 221 1208 1908
763 306 230 1209 1909
626 38 233 1209 1909
709 282 232 1209 1909
246 227 225 1209 1909
657 338 225 1210 1910
763 307 227 1210 1910
640 794 222 1210 1910
626 39 239 1210 1910
709 283 232 1210 1910
246 228 227 1210 1910
657 339 227 1211 1911
626 40 237 1211 1911
709 284 233 1211 1911
246 229 221 1211 1911
657 340 233 1212 1912
763 309 235 1212 1912
312 1206 221 1212 1912
626 41 239 1212 1912
657 341 226 1213 1913
626 42 239 1213 1913
709 286 223 1213 1913
657 342 230 1214 1914
763 311 226 1214 1914
640 798 221 1214 1914
626 43 235 1214 1914
709 287 224 1214 1914
657 343 227 1215 1915
763 312 233 1215 1915
312 1209 221 1215 1915
665 313 223 1215 1915
626 44 223 1215 1915
657 344 227 1216 1916
763 313 231 1216 1916
665 314 221 1216 1916
626 45 235 1216 1916
709 289 222 1216 1916
657 345 231 1217 1917
426 47 223 1217 1917
763 314 229 1217 1917
640 801 223 1217 1917
626 46 235 1217 1917
709 290 225 1217 1917
246 235 223 1217 1917
657 346 229 1218 1918
763 315 233 1218 1918
626 47 234 1218 1918
657 347 227 1219 1919
763 316 233 1219 1919
464 1227 223 1219 1919
640 803 224 1219 1919
626 48 231 1219 1919
709 292 223 1219 1919
246 237 223 1219 1919
657 348 227 1220 1920
763 317 235 1220 1920
640 804 223 1220 1920
626 49 233 1220 1920
657 349 228 1221 1921
426 51 222 1221 1921
763 318 239 1221 1921
124 1214 221 1221 1921
640 805 221 1221 1921
626 50 233 1221 1921
709 294 223 1221 1921
246 239 225 1221 1921
657 350 229 1222 1922
763 319 237 1222 1922
464 1230 223 1222 1922
626 51 231 1222 1922
709 295 225 1222 1922
246 240 222 1222 1922
657 351 231 1223 1923
426 53 221 1223 1923
763 320 232 1223 1923
464 1231 223 1223 1923
665 321 221 1223 1923
640 807 229 1223 1923
312 1217 227 1223 1923
626 52 232 1223 1923
709 296 221 1223 1923
657 352 226 1224 1924
426 54 221 1224 1924
763 321 226 1224 1924
464 1232 224 1224 1924
640 808 222 1224 1924
312 1218 224 1224 1924
626 53 223 1224 1924
709 297 221 1224 1924
246 242 221 1224 1924
657 353 227 1225 1925
426 55 224 1225 1925
763 322 235 1225 1925
626 54 231 1225 1925
709 298 226 1225 1925
657 354 225 1226 1926
426 56 221 1226 1926
763 323 231 1226 1926
464 1234 221 1226 1926
312 1220 221 1226 1926
626 55 237 1226 1926
338 585 221 1226 1926
709 299 223 1226 1926
246 244 223 1226 1926
763 324 235 1227 1927
640 811 221 1227 1927
626 56 233 1227 1927
709 300 227 1227 1927
763 325 227 1228 1928
626 57 231 1228 1928
709 301 228 1228 1928
246 246 225 1228 1928
763 326 227 1229 1929
626 58 226 1229 1929
709 302 227 1229 1929
246 247 231 1229 1929
763 327 231 1230 1930
640 814 221 1230 1930
626 59 231 1230 1930
709 303 223 1230 1930
657 359 222 1231 1931
763 328 228 1231 1931
626 60 233 1231 1931
709 304 229 1231 1931
246 249 223 1231 1931
657 360 223 1232 1932
763 329 232 1232 1932
640 816 221 1232 1932
626 61 232 1232 1932
640 817 221 1233 1933
626 62 227 1233 1933
709 306 224 1233 1933
246 251 224 1233 1933
709 307 232 1234 1934
626 63 232 1234 1934
763 332 233 1235 1935
709 308 226 1235 1935
626 64 233 1235 1935
657 364 223 1236 1936
763 333 235 1236 1936
709 309 225 1236 1936
626 65 230 1236 1936
246 254 224 1236 1936
657 365 223 1237 1937
763 334 223 1237 1937
709 310 221 1237 1937
626 66 229 1237 1937
246 255 233 1237 1937
763 335 221 1238 1938
709 311 226 1238 1938
626 67 222 1238 1938
657 367 221 1239 1939
626 68 224 1239 1939
763 337 232 1240 1940
640 824 224 1240 1940
709 313 228 1240 1940
626 69 233 1240 1940
246 258 233 1240 1940
657 369 227 1241 1941
763 338 231 1241 1941
709 314 223 1241 1941
626 70 235 1241 1941
246 259 236 1241 1941
763 339 233 1242 1942
626 71 239 1242 1942
709 315 227 1242 1942
246 260 224 1242 1942
657 371 231 1243 1943
426 73 223 1243 1943
763 340 233 1243 1943
709 316 233 1243 1943
626 72 235 1243 1943
246 261 233 1243 1943
657 372 226 1244 1944
426 74 223 1244 1944
464 1252 221 1244 1944
763 341 226 1244 1944
640 828 222 1244 1944
626 73 233 1244 1944
709 317 231 1244 1944
246 262 231 1244 1944
657 373 221 1245 1945
763 342 227 1245 1945
251 226 221 1245 1945
626 74 235 1245 1945
709 318 223 1245 1945
246 263 235 1245 1945
763 343 231 1246 1946
626 75 233 1246 1946
246 264 225 1246 1946
657 375 224 1247 1947
312 1241 222 1247 1947
640 831 222 1247 1947
763 344 231 1247 1947
626 76 235 1247 1947
709 320 221 1247 1947
246 265 227 1247 1947
657 376 227 1248 1948
763 345 221 1248 1948
626 77 223 1248 1948
709 321 224 1248 1948
246 266 231 1248 1948
657 377 227 1249 1949
640 833 227 1249 1949
763 346 239 1249 1949
626 78 236 1249 1949
709 322 231 1249 1949
246 267 227 1249 1949
426 80 221 1250 1950
640 834 225 1250 1950
763 347 239 1250 1950
626 79 236 1250 1950
709 323 227 1250 1950
246 268 227 1250 1950
657 379 227 1251 1951
426 81 224 1251 1951
312 1245 222 1251 1951
640 835 223 1251 1951
763 348 241 1251 1951
626 80 241 1251 1951
709 324 232 1251 1951
246 269 235 1251 1951
657 380 225 1252 1952
426 82 221 1252 1952
312 1246 221 1252 1952
763 349 237 1252 1952
626 81 238 1252 1952
709 325 227 1252 1952
246 270 230 1252 1952
657 381 226 1253 1953
426 83 221 1253 1953
464 1261 223 1253 1953
763 350 221 1253 1953
626 82 239 1253 1953
709 326 232 1253 1953
246 271 227 1253 1953
657 382 221 1254 1954
426 84 223 1254 1954
665 352 222 1254 1954
763 351 230 1254 1954
626 83 239 1254 1954
709 327 227 1254 1954
246 272 227 1254 1954
657 383 229 1255 1955
426 85 221 1255 1955
464 1263 221 1255 1955
763 352 223 1255 1955
626 84 239 1255 1955
709 328 229 1255 1955
657 384 226 1256 1956
426 86 221 1256 1956
763 353 230 1256 1956
626 85 237 1256 1956
709 329 232 1256 1956
246 274 233 1256 1956
640 841 225 1257 1957
763 354 237 1257 1957
709 330 227 1257 1957
626 86 236 1257 1957
657 386 227 1258 1958
464 1266 221 1258 1958
763 355 235 1258 1958
251 239 223 1258 1958
626 87 236 1258 1958
246 276 227 1258 1958
657 387 223 1259 1959
665 357 221 1259 1959
763 356 228 1259 1959
709 332 222 1259 1959
626 88 235 1259 1959
246 277 225 1259 1959
657 388 223 1260 1960
626 89 237 1260 1960
763 357 234 1260 1960
246 278 221 1260 1960
657 389 223 1261 1961
426 91 221 1261 1961
640 845 221 1261 1961
763 358 237 1261 1961
709 334 223 1261 1961
626 90 235 1261 1961
246 279 221 1261 1961
709 335 233 1262 1962
763 359 239 1262 1962
626 91 239 1262 1962
246 280 228 1262 1962
709 336 233 1263 1963
626 92 232 1263 1963
763 360 241 1263 1963
246 281 225 1263 1963
657 392 223 1264 1964
426 94 221 1264 1964
640 848 221 1264 1964
709 337 233 1264 1964
626 93 233 1264 1964
763 361 241 1264 1964
657 393 225 1265 1965
709 338 229 1265 1965
626 94 235 1265 1965
763 362 241 1265 1965
657 394 223 1266 1966
626 95 221 1266 1966
709 339 226 1266 1966
763 363 240 1266 1966
657 395 225 1267 1967
426 97 223 1267 1967
626 96 235 1267 1967
763 364 239 1267 1967
657 396 226 1268 1968
640 852 230 1268 1968
709 341 226 1268 1968
626 97 235 1268 1968
763 365 241 1268 1968
657 397 223 1269 1969
464 1277 221 1269 1969
626 98 241 1269 1969
763 366 231 1269 1969
246 287 222 1269 1969
657 398 225 1270 1970
709 343 230 1270 1970
626 99 241 1270 1970
763 367 239 1270 1970
246 288 237 1270 1970
657 399 225 1271 1971
709 344 221 1271 1971
626 100 239 1271 1971
246 289 225 1271 1971
709 345 227 1272 1972
626 101 241 1272 1972
763 369 233 1272 1972
657 401 228 1272 1972
709 346 223 1273 1973
626 102 241 1273 1973
246 291 225 1273 1973
312 1268 231 1274 1974
709 347 231 1274 1974
626 103 230 1274 1974
763 371 238 1274 1974
246 292 225 1274 1974
464 1283 221 1275 1975
709 348 231 1275 1975
626 104 221 1275 1975
763 372 232 1275 1975
246 293 222 1275 1975
657 404 225 1276 1976
709 349 227 1276 1976
246 294 229 1276 1976
657 405 223 1277 1977
124 1270 221 1277 1977
665 375 221 1277 1977
312 1271 221 1277 1977
709 350 224 1277 1977
212 448 225 1277 1977
246 295 226 1277 1977
657 406 237 1278 1978
426 108 223 1278 1978
640 862 223 1278 1978
312 1272 230 1278 1978
464 1286 224 1278 1978
709 351 225 1278 1978
626 107 224 1278 1978
251 259 221 1278 1978
246 296 221 1278 1978
657 407 225 1279 1979
426 109 222 1279 1979
640 863 222 1279 1979
124 1272 225 1279 1979
464 1287 223 1279 1979
626 108 225 1279 1979
246 297 226 1279 1979
657 408 228 1280 1980
426 110 227 1280 1980
464 1288 221 1280 1980
626 109 224 1280 1980
251 261 222 1280 1980
246 298 222 1280 1980
508 1195 221 1280 1980
640 865 231 1281 1981
312 1275 223 1281 1981
464 1289 221 1281 1981
709 354 223 1281 1981
763 378 229 1281 1981
246 299 223 1281 1981
657 410 222 1282 1982
640 866 224 1282 1982
709 355 229 1282 1982
626 111 221 1282 1982
763 379 230 1282 1982
212 453 233 1282 1982
426 113 225 1283 1983
640 867 221 1283 1983
312 1277 231 1283 1983
464 1291 224 1283 1983
709 356 233 1283 1983
626 112 229 1283 1983
338 642 221 1283 1983
763 380 241 1283 1983
657 412 231 1284 1984
640 868 239 1284 1984
665 382 221 1284 1984
709 357 223 1284 1984
626 113 221 1284 1984
763 381 233 1284 1984
246 302 225 1284 1984
657 413 225 1285 1985
426 115 223 1285 1985
709 358 227 1285 1985
763 382 239 1285 1985
246 303 222 1285 1985
657 414 223 1286 1986
464 1294 247 1286 1986
626 115 233 1286 1986
338 645 223 1286 1986
709 360 221 1287 1987
763 384 234 1287 1987
246 305 227 1287 1987
657 416 225 1288 1988
665 386 229 1288 1988
640 872 221 1288 1988
709 361 224 1288 1988
763 385 241 1288 1988
212 459 221 1288 1988
657 417 225 1289 1989
709 362 237 1289 1989
763 386 231 1289 1989
246 307 232 1289 1989
205 1014 227 1290 1990
426 120 223 1290 1990
709 363 227 1290 1990
338 649 223 1290 1990
246 308 223 1290 1990
657 419 227 1291 1991
554 67 221 1291 1991
665 389 231 1291 1991
312 1285 237 1291 1991
709 364 233 1291 1991
763 389 237 1292 1992
763 390 221 1293 1993
709 367 229 1294 1994
763 391 241 1294 1994
763 392 247 1295 1995
423 1298 227 1301 2001
733 429 229 1301 2001
343 1292 231 1301 2001
423 1299 241 1302 2002
733 430 233 1302 2002
396 789 221 1302 2002
767 1308 233 1302 2002
343 1293 241 1302 2002
423 1300 221 1303 2003
345 126 238 1303 2003
604 70 250 1304 2004
551 430 225 1305 2005
396 792 221 1305 2005
604 71 247 1305 2005
604 72 221 1306 2006
396 794 221 1307 2007
212 19 227 1308 2008
396 797 233 1310 2010
733 8 221 1310 2010
551 436 236 1311 2011
551 437 223 1312 2012
629 116 223 1313 2013
283 1011 227 1314 2014
335 147 223 1315 2015
710 1282 235 1315 2015
551 440 221 1315 2015
464 1323 227 1315 2015
283 1012 225 1315 2015
710 1283 223 1316 2016
551 441 221 1316 2016
464 1324 239 1316 2016
710 1284 223 1317 2017
551 442 222 1317 2017
464 1325 233 1317 2017
710 1285 226 1318 2018
464 1326 233 1318 2018
396 805 222 1318 2018
729 738 231 1318 2018
508 1233 237 1319 2019
710 1286 233 1319 2019
464 1327 230 1319 2019
729 739 247 1319 2019
508 1234 248 1319 2019
551 445 227 1320 2020
464 1328 224 1320 2020
645 157 226 1320 2020
396 807 231 1320 2020
729 740 236 1320 2020
508 1235 235 1320 2020
396 808 224 1321 2021
729 741 227 1321 2021
110 406 221 1321 2021
777 1318 241 1321 2021
356 153 233 1322 2022
365 164 231 1322 2022
66 444 221 1322 2022
342 1330 223 1323 2023
137 1322 222 1323 2023
126 976 230 1323 2023
510 6 221 1324 2024
523 1319 229 1324 2024
551 450 233 1325 2025
578 336 221 1325 2025
191 418 221 1325 2025
42 422 227 1326 2026
637 9 239 1326 2026
765 411 227 1326 2026
42 423 221 1327 2027
619 1303 223 1327 2027
637 10 244 1327 2027
42 424 225 1328 2028
42 426 225 1330 2030
637 13 227 1330 2030
637 15 225 1332 2032
637 16 221 1333 2033
637 18 221 1335 2035
637 19 221 1336 2036
203 24 221 1336 2036
169 642 227 1337 2037
28 162 233 1337 2037
553 1339 223 1339 2039
500 13 231 1340 2040
567 1302 222 1340 2040
567 1303 237 1341 2041
