384 1 231 0 692
735 1 225 0 692
455 1 223 0 692
464 1 223 1 693
384 2 242 1 693
735 2 241 1 693
455 2 247 1 693
384 3 231 2 694
735 3 241 2 694
455 3 242 2 694
464 3 226 3 695
384 4 231 3 695
735 4 242 3 695
455 4 241 3 695
464 4 237 4 696
789 5 233 4 696
735 5 234 4 696
516 1 235 4 696
455 5 246 4 696
478 5 227 4 696
379 5 224 4 696
107 2 221 4 696
464 5 233 5 697
384 6 231 5 697
789 6 225 5 697
735 6 234 5 697
516 2 223 5 697
455 6 233 5 697
478 6 231 5 697
379 6 224 5 697
107 3 223 5 697
464 6 223 6 698
384 7 225 6 698
789 7 229 6 698
735 7 225 6 698
516 3 225 6 698
455 7 236 6 698
379 7 222 6 698
107 4 224 7 699
464 7 223 7 699
384 8 230 7 699
789 8 233 7 699
735 8 233 7 699
455 8 235 7 699
478 8 222 7 699
384 9 227 8 700
735 9 223 8 700
455 9 233 8 700
478 9 222 8 700
384 10 221 9 701
789 10 227 9 701
735 10 235 9 701
478 10 221 9 701
455 10 231 9 701
735 11 221 10 702
107 9 221 12 704
384 13 221 12 704
735 13 237 12 704
478 13 236 12 704
455 13 221 12 704
789 2 225 12 704
107 10 221 13 705
464 13 225 13 705
789 3 225 13 705
735 15 237 14 706
478 15 228 14 706
464 15 223 15 707
735 16 221 15 707
455 16 232 15 707
455 17 227 16 708
516 14 231 17 709
478 18 221 17 709
455 18 231 17 709
384 19 222 18 710
735 19 230 18 710
455 19 231 18 710
516 16 223 19 711
516 17 228 20 712
478 21 237 20 712
384 22 224 21 713
516 18 231 21 713
478 22 222 21 713
455 22 223 21 713
384 23 225 22 714
516 19 224 22 714
478 23 233 22 714
455 23 227 22 714
384 24 221 23 715
464 23 224 23 715
735 24 226 23 715
516 20 229 23 715
478 24 225 23 715
379 24 221 23 715
455 24 228 23 715
789 13 221 23 715
384 25 227 24 716
735 25 227 24 716
516 21 227 24 716
455 28 225 27 719
478 29 224 28 720
464 29 223 29 721
384 32 221 31 723
478 32 231 31 723
735 33 233 32 724
516 29 236 32 724
478 33 228 32 724
789 22 224 32 724
379 33 221 32 724
107 30 225 33 725
384 34 225 33 725
464 33 226 33 725
735 34 231 33 725
516 30 223 33 725
384 35 222 34 726
478 35 221 34 726
384 36 232 35 727
735 36 229 35 727
478 36 225 35 727
789 25 222 35 727
107 33 221 36 728
384 37 230 36 728
516 33 227 36 728
735 37 223 36 728
789 26 223 36 728
455 37 227 36 728
384 38 221 37 729
516 34 221 37 729
735 38 234 37 729
455 38 224 37 729
384 39 224 38 730
464 39 224 39 731
384 40 225 39 731
735 40 226 39 731
478 40 222 39 731
455 40 224 39 731
735 41 231 40 732
455 41 225 40 732
384 42 227 41 733
735 42 228 41 733
789 31 225 41 733
455 42 228 41 733
735 43 227 42 734
478 43 226 42 734
455 43 221 42 734
735 44 226 43 735
735 45 224 44 736
789 34 221 44 736
107 42 221 45 737
735 46 228 45 737
478 46 225 45 737
789 35 221 45 737
735 48 233 47 739
478 48 225 47 739
455 48 223 47 739
107 45 222 48 740
735 49 230 48 740
478 49 222 48 740
455 49 221 48 740
464 49 221 49 741
735 50 230 49 741
478 50 223 49 741
735 51 223 50 742
455 51 225 50 742
735 52 227 51 743
735 53 224 52 744
455 53 226 52 744
455 54 223 53 745
735 55 231 54 746
516 51 221 54 746
455 55 227 54 746
516 52 231 55 747
735 56 235 55 747
455 56 229 55 747
464 56 227 56 748
107 54 221 56 748
464 57 235 57 749
516 54 222 57 749
455 58 242 57 749
379 58 221 57 749
464 58 233 58 750
516 55 221 58 750
478 59 231 58 750
455 59 252 58 750
379 59 221 58 750
107 56 221 58 750
464 59 234 59 751
516 56 227 59 751
478 60 225 59 751
455 60 247 59 751
464 60 231 60 752
516 57 224 60 752
735 61 224 60 752
455 61 250 60 752
464 61 223 61 753
735 62 227 61 753
455 62 241 61 753
107 59 223 61 753
464 62 232 62 754
735 63 227 62 754
455 63 232 62 754
107 60 221 62 754
464 63 230 63 755
735 64 222 63 755
455 64 236 63 755
464 64 222 64 756
735 65 232 64 756
516 61 223 64 756
455 65 242 64 756
107 62 224 64 756
464 65 231 65 757
455 66 236 65 757
464 66 221 66 758
735 67 227 66 758
516 63 221 66 758
455 67 221 66 758
107 64 225 67 759
735 68 227 67 759
455 68 241 67 759
464 68 225 68 760
735 69 223 68 760
455 69 241 68 760
107 66 225 68 760
464 69 231 69 761
516 66 222 69 761
735 70 231 69 761
455 70 239 69 761
107 67 221 69 761
464 70 229 70 762
516 67 224 70 762
789 60 230 70 762
735 71 237 70 762
455 71 237 70 762
464 71 221 71 763
735 72 234 71 763
455 72 242 71 763
107 69 222 71 763
464 72 227 72 764
516 69 223 72 764
735 73 225 72 764
379 73 223 72 764
455 73 244 72 764
107 70 221 72 764
516 70 222 73 765
735 74 227 73 765
455 74 242 73 765
107 71 221 73 765
735 75 239 74 766
455 75 242 74 766
384 76 222 75 767
464 75 232 75 767
516 72 223 75 767
735 76 223 75 767
455 76 242 75 767
384 77 229 76 768
464 76 227 76 768
735 77 221 76 768
455 77 243 76 768
384 78 223 77 769
464 77 229 77 769
455 78 242 77 769
384 79 231 78 770
464 78 227 78 770
455 79 234 78 770
107 76 225 78 770
384 80 227 79 771
379 80 226 79 771
455 80 233 79 771
107 77 226 79 771
384 81 226 80 772
464 80 226 80 772
107 78 232 80 772
384 82 221 81 773
464 81 226 81 773
789 71 230 81 773
455 82 241 81 773
498 11 224 81 773
384 83 231 82 774
150 82 225 82 774
754 77 246 82 774
789 72 222 82 774
478 83 225 82 774
455 83 231 82 774
498 12 227 82 774
384 84 232 83 775
150 83 229 83 775
107 81 221 83 775
557 89 221 84 776
498 14 237 84 776
557 90 225 85 777
498 15 249 85 777
572 84 234 86 778
557 91 234 86 778
568 85 222 86 778
498 16 252 86 778
720 51 228 86 778
660 74 225 87 779
357 34 236 87 779
498 17 230 87 779
37 71 223 87 779
498 18 226 88 780
251 81 221 88 780
702 89 225 89 781
188 32 237 89 781
82 19 234 89 781
334 18 221 89 781
498 19 242 89 781
633 72 233 89 781
150 90 229 90 782
404 54 248 90 782
610 16 255 91 783
663 88 226 91 783
498 21 243 91 783
404 55 242 91 783
596 85 247 92 784
679 95 226 92 784
416 88 227 93 785
446 83 231 94 786
636 94 223 94 786
653 79 223 95 787
446 84 224 95 787
636 95 225 95 787
173 93 229 95 787
503 88 221 95 787
591 87 230 95 787
778 92 235 96 788
446 85 225 96 788
653 80 223 96 788
636 96 234 96 788
125 101 223 96 788
503 89 224 96 788
249 72 227 97 789
778 93 224 97 789
653 81 224 97 789
173 95 225 97 789
636 97 234 97 789
125 102 229 97 789
438 95 240 97 789
503 90 223 97 789
249 73 237 97 789
778 94 225 98 790
446 87 235 98 790
653 82 222 98 790
725 7 239 98 790
446 88 232 99 791
173 97 225 99 791
725 8 231 99 791
438 97 224 99 791
503 92 231 99 791
266 40 222 99 791
438 98 227 100 792
591 93 221 101 793
778 98 227 102 794
172 102 224 102 794
636 102 221 102 794
173 100 231 102 794
438 100 232 102 794
503 95 223 102 794
778 99 222 103 795
438 101 231 103 795
503 96 225 103 795
438 102 223 104 796
446 94 221 105 797
503 98 224 105 797
133 114 221 106 798
133 115 222 107 799
446 96 226 107 799
778 103 221 107 799
249 83 221 108 800
446 97 223 108 800
438 106 221 108 800
446 98 227 109 801
778 105 223 109 801
636 109 221 109 801
249 85 222 110 802
133 118 223 110 802
438 108 226 110 802
446 100 224 111 803
133 119 223 111 803
778 107 221 111 803
173 109 225 111 803
787 92 222 111 803
438 109 226 111 803
400 120 221 111 803
446 101 224 112 804
173 110 226 112 804
446 102 221 113 805
778 109 227 113 805
173 111 227 113 805
438 111 227 113 805
778 110 221 114 806
125 119 222 114 806
173 112 222 114 806
787 95 221 114 806
438 112 228 114 806
133 123 221 115 807
787 96 223 115 807
591 107 227 115 807
125 121 222 116 808
787 97 223 116 808
446 106 227 117 809
787 98 221 117 809
438 115 235 117 809
503 110 221 117 809
173 116 227 118 810
787 99 221 118 810
503 111 221 118 810
778 115 222 119 811
438 117 226 119 811
446 109 223 120 812
438 118 229 120 812
438 119 229 121 813
438 120 227 122 814
266 63 223 122 814
446 112 233 123 815
249 98 225 123 815
133 131 232 123 815
778 119 223 123 815
125 128 224 123 815
438 121 231 123 815
266 64 222 124 816
249 99 225 124 816
636 124 221 124 816
125 129 235 124 816
438 122 253 124 816
636 125 231 125 817
125 130 241 125 817
438 123 240 125 817
266 66 227 125 817
653 110 241 126 818
125 131 235 126 818
446 116 225 127 819
125 132 234 127 819
438 125 238 127 819
266 68 225 127 819
446 117 233 128 820
249 103 221 128 820
125 133 224 128 820
653 112 225 128 820
438 126 243 128 820
266 69 233 128 820
249 104 227 129 821
636 129 228 129 821
173 127 221 129 821
446 119 235 130 822
778 126 224 130 822
636 130 222 130 822
653 114 221 130 822
173 128 221 130 822
446 120 221 131 823
636 132 225 132 824
173 130 221 132 824
636 133 223 133 825
636 134 222 134 826
438 132 222 134 826
636 141 222 141 833
173 151 221 153 845
172 154 222 154 846
636 154 227 154 846
653 138 223 154 846
438 152 221 154 846
446 146 223 157 849
636 157 223 157 849
653 141 221 157 849
636 158 221 158 850
266 99 226 159 851
778 155 221 159 851
172 159 226 159 851
173 157 225 159 851
125 164 232 159 851
133 167 221 159 851
653 143 223 159 851
725 68 231 159 851
438 157 237 159 851
172 160 223 160 852
125 165 235 160 852
636 160 221 160 852
725 69 227 160 852
438 158 233 160 852
249 136 222 161 853
125 166 229 161 853
249 137 230 162 854
125 167 222 162 854
636 162 227 162 854
266 103 225 163 855
173 161 223 163 855
725 1 223 163 855
503 156 222 163 855
438 161 226 163 855
636 164 222 164 856
446 154 222 164 856
249 140 222 165 857
125 170 227 165 857
173 163 225 165 857
503 158 233 165 857
438 163 221 165 857
400 1 223 165 857
446 155 223 166 858
249 141 221 166 858
172 166 222 166 858
125 171 221 166 858
438 164 231 166 858
446 156 222 166 858
266 107 224 167 859
778 163 223 167 859
125 172 223 167 859
400 3 221 167 859
446 157 222 168 860
249 143 221 168 860
172 168 221 168 860
125 173 221 168 860
503 161 224 168 860
653 152 234 168 860
400 4 223 168 860
591 160 223 168 860
172 169 221 169 861
778 165 222 169 861
636 169 236 169 861
653 153 231 169 861
400 5 225 169 861
591 161 223 169 861
778 166 223 170 862
172 170 222 170 862
636 170 235 170 862
653 154 234 170 862
438 169 227 171 863
446 161 225 172 864
778 168 246 172 864
636 172 241 172 864
725 10 224 172 864
125 178 231 173 865
778 169 233 173 865
636 173 234 173 865
725 11 222 173 865
503 166 224 173 865
446 163 221 174 866
636 174 221 174 866
266 115 221 175 867
249 150 221 175 867
172 175 229 175 867
438 173 221 175 867
400 11 225 175 867
446 165 227 176 868
125 181 224 176 868
446 166 221 177 869
778 173 223 177 869
125 182 231 177 869
503 170 223 177 869
400 13 224 177 869
266 118 221 178 870
446 167 233 178 870
778 174 224 178 870
636 178 226 178 870
125 183 221 178 870
266 119 237 179 871
125 184 227 179 871
266 120 246 180 872
249 155 231 180 872
636 180 225 180 872
125 185 222 180 872
446 170 221 181 873
266 121 245 181 873
249 156 230 181 873
172 181 226 181 873
266 122 252 182 874
636 182 224 182 874
172 182 225 182 874
125 187 231 182 874
266 123 245 183 875
249 158 223 183 875
636 183 225 183 875
266 124 244 184 876
172 184 223 184 876
249 160 225 184 876
446 174 221 185 877
266 125 242 185 877
266 126 241 186 878
172 186 231 186 878
725 24 223 186 878
249 162 222 187 879
266 127 222 187 879
266 128 234 187 879
125 193 224 188 880
249 164 234 188 880
446 178 223 188 880
266 129 240 189 881
446 179 237 189 881
266 130 234 190 882
125 195 221 190 882
249 166 222 190 882
446 180 239 190 882
266 131 227 190 882
446 181 233 191 883
266 132 238 191 883
400 9 221 192 884
249 168 223 192 884
446 182 232 192 884
266 133 233 193 885
172 193 227 193 885
125 198 227 193 885
173 191 221 193 885
503 186 233 193 885
653 177 235 193 885
438 191 222 193 885
636 1 236 193 885
503 187 221 194 886
636 2 241 194 886
778 191 224 195 887
503 188 223 195 887
725 33 235 195 887
438 193 233 195 887
249 171 222 195 887
446 185 235 195 887
266 136 234 196 888
249 172 222 196 888
446 186 225 196 888
266 137 222 196 888
172 197 221 197 889
446 187 227 197 889
266 138 230 197 889
249 174 222 198 890
266 139 239 198 890
446 188 221 198 890
438 197 221 199 891
653 183 221 199 891
446 189 236 199 891
266 140 236 199 891
172 200 227 200 892
249 176 233 200 892
446 190 232 200 892
266 141 240 200 892
172 201 224 201 893
438 199 221 201 893
249 177 221 201 893
446 191 227 201 893
266 142 223 201 893
125 207 224 202 894
249 178 226 202 894
446 192 234 202 894
636 11 222 203 895
249 179 231 203 895
446 193 239 203 895
446 194 227 204 896
266 145 243 204 896
125 210 222 205 897
172 205 227 205 897
249 181 223 205 897
400 22 223 205 897
266 146 226 205 897
172 206 226 206 898
249 182 222 206 898
249 183 221 207 899
172 208 224 208 900
653 192 224 208 900
172 209 221 209 901
400 26 223 209 901
400 27 229 210 902
446 200 225 210 902
172 211 224 211 903
653 195 221 211 903
446 202 232 212 904
172 213 227 213 905
266 154 244 213 905
172 214 221 214 906
266 155 244 214 906
249 191 225 215 907
266 156 245 215 907
725 54 221 216 908
636 24 223 216 908
446 206 223 216 908
266 157 242 216 908
778 213 221 217 909
725 56 221 218 910
438 216 222 218 910
173 17 224 218 910
636 26 233 218 910
446 208 232 218 910
133 227 222 219 911
653 203 228 219 911
636 27 236 219 911
400 36 221 219 911
725 58 243 220 912
438 218 241 220 912
503 213 235 220 912
173 19 222 220 912
503 214 232 221 913
173 20 226 221 913
725 60 225 222 914
653 206 228 222 914
438 220 233 222 914
503 215 241 222 914
173 21 234 222 914
636 30 227 222 914
591 214 223 222 914
778 219 227 223 915
133 231 225 223 915
125 228 225 223 915
725 61 224 223 915
503 216 242 223 915
636 31 229 223 915
173 22 233 223 915
446 213 221 223 915
778 220 225 224 916
133 232 224 224 916
438 222 231 224 916
725 62 227 224 916
653 208 229 224 916
503 217 242 224 916
173 23 231 224 916
591 216 224 224 916
400 41 221 224 916
133 233 223 225 917
438 223 222 225 917
725 63 228 225 917
503 218 245 225 917
173 24 226 225 917
591 217 221 225 917
400 42 224 225 917
446 215 225 225 917
125 231 222 226 918
438 224 230 226 918
725 64 223 226 918
653 210 228 226 918
503 219 238 226 918
591 218 229 226 918
446 216 232 226 918
125 232 221 227 919
438 225 226 227 919
725 65 228 227 919
653 211 221 227 919
503 220 243 227 919
173 26 229 227 919
636 35 227 227 919
446 217 241 227 919
172 228 223 228 920
653 212 223 228 920
266 173 237 232 924
636 41 223 233 925
400 50 224 233 925
266 174 242 233 925
172 235 226 235 927
172 236 231 236 928
266 177 237 236 928
172 237 234 237 929
400 54 221 237 929
266 178 239 237 929
400 55 222 238 930
266 179 243 238 930
172 239 231 239 931
125 244 224 239 931
653 223 222 239 931
266 180 247 239 931
446 229 224 239 931
172 240 230 240 932
503 233 223 240 932
249 216 223 240 932
266 181 250 240 932
172 241 226 241 933
133 249 224 241 933
266 182 248 241 933
446 231 221 241 933
172 242 227 242 934
591 234 224 242 934
266 183 246 242 934
172 243 231 243 935
591 235 222 243 935
266 184 246 243 935
172 244 228 244 936
503 237 224 244 936
636 52 224 244 936
266 185 244 244 936
172 245 227 245 937
125 250 224 245 937
438 243 224 245 937
266 186 242 245 937
249 221 232 245 937
125 251 223 246 938
446 236 223 246 938
125 252 225 247 939
133 255 225 247 939
438 245 225 247 939
591 239 221 247 939
266 189 223 248 940
249 224 222 248 940
778 245 238 248 940
125 254 222 249 941
653 233 223 249 941
438 247 222 249 941
173 48 223 249 941
725 87 226 249 941
591 241 233 249 941
400 66 225 249 941
266 190 231 249 941
249 225 231 249 941
778 246 227 249 941
133 258 236 250 942
653 234 229 250 942
438 248 225 250 942
173 49 223 250 942
503 243 230 250 942
636 58 237 250 942
591 242 222 250 942
400 67 223 250 942
249 226 226 250 942
778 247 224 250 942
133 259 228 251 943
173 50 225 251 943
503 244 227 251 943
636 59 222 251 943
266 192 225 251 943
133 260 222 252 944
653 236 227 252 944
438 250 230 252 944
173 51 225 252 944
725 90 240 252 944
503 245 226 252 944
636 60 224 252 944
249 228 223 252 944
653 237 227 253 945
133 262 223 254 946
653 238 243 254 946
725 92 225 254 946
249 231 225 255 947
446 245 222 255 947
125 261 222 256 948
133 264 224 256 948
173 55 225 256 948
266 197 227 256 948
446 246 223 256 948
125 262 228 257 949
173 56 227 257 949
266 198 225 257 949
446 247 222 257 949
446 248 233 258 950
125 264 223 259 951
266 200 226 259 951
446 249 226 259 951
125 265 235 260 952
172 260 221 260 952
400 77 229 260 952
446 250 221 260 952
125 266 226 261 953
125 267 225 262 954
133 270 222 262 954
266 2 229 262 954
400 79 225 262 954
125 268 228 263 955
172 263 221 263 955
266 3 245 263 955
249 239 225 263 955
446 253 233 263 955
125 269 221 264 956
266 4 235 264 956
446 254 221 264 956
653 249 229 265 957
438 263 223 265 957
266 5 225 265 957
636 73 223 265 957
400 82 230 265 957
249 241 232 265 957
125 271 226 266 958
653 250 233 266 958
438 264 221 266 958
266 6 223 266 958
446 256 223 266 958
172 267 221 267 959
653 251 223 267 959
266 7 235 267 959
446 257 233 267 959
125 273 223 268 960
653 252 222 268 960
266 8 239 268 960
446 258 233 268 960
125 274 225 269 961
266 9 231 269 961
446 259 239 269 961
125 275 222 270 962
653 254 221 270 962
266 10 240 270 962
266 11 229 271 963
446 261 237 271 963
125 277 222 272 964
266 12 223 272 964
432 75 221 272 964
400 89 225 272 964
446 262 241 272 964
125 278 225 273 965
266 13 242 273 965
446 263 231 273 965
125 279 224 274 966
636 82 223 274 966
266 14 241 274 966
446 264 222 274 966
125 280 224 275 967
266 15 226 275 967
446 265 223 275 967
125 281 227 276 968
266 16 238 276 968
446 266 225 276 968
172 277 221 277 969
266 17 235 277 969
446 267 227 277 969
653 262 221 278 970
266 18 237 278 970
446 268 222 278 970
438 3 221 279 971
133 287 224 279 971
266 19 245 279 971
446 269 237 279 971
125 285 222 280 972
438 4 222 280 972
266 20 237 280 972
446 270 231 280 972
125 286 221 281 973
653 265 221 281 973
266 21 244 281 973
249 257 227 281 973
400 98 221 281 973
446 271 236 281 973
172 282 221 282 974
125 287 237 282 974
266 22 235 282 974
249 258 223 282 974
446 272 236 282 974
125 288 231 283 975
266 23 239 283 975
446 273 232 283 975
172 284 223 284 976
133 292 221 284 976
266 24 231 284 976
446 274 241 284 976
266 25 237 285 977
446 275 227 285 977
125 291 221 285 977
266 26 226 286 978
446 276 237 286 978
266 27 227 287 979
446 277 231 287 979
125 293 222 288 980
266 28 236 288 980
446 278 233 288 980
125 294 227 289 981
266 29 231 289 981
636 98 221 290 982
266 30 222 290 982
125 296 223 290 982
133 299 221 291 983
266 31 225 291 983
172 292 221 291 983
133 300 222 292 984
432 95 231 292 984
266 32 237 292 984
125 298 222 292 984
438 17 222 293 985
636 101 223 293 985
266 33 232 293 985
249 269 227 293 985
400 110 222 293 985
636 102 224 294 986
266 34 221 294 986
503 287 246 294 986
400 111 226 294 986
446 284 225 294 986
172 295 224 294 986
636 103 221 295 987
266 35 235 295 987
503 288 235 295 987
249 271 222 295 987
266 36 229 296 988
503 289 224 296 988
249 272 221 296 988
125 302 222 296 988
266 37 226 297 989
503 290 234 297 989
249 273 225 297 989
172 298 227 297 989
653 282 221 298 990
636 106 222 298 990
266 38 227 298 990
503 291 226 298 990
249 274 221 298 990
172 299 222 298 990
125 304 229 299 991
266 39 231 299 991
249 275 221 299 991
446 289 230 299 991
125 305 227 299 991
446 290 225 300 992
125 306 224 301 993
266 41 224 301 993
249 277 225 301 993
172 302 226 301 993
125 307 226 301 993
266 42 235 302 994
249 278 226 302 994
446 292 225 302 994
172 303 227 302 994
266 43 242 303 995
446 293 227 303 995
172 304 230 303 995
653 288 221 304 996
266 44 246 304 996
249 280 225 304 996
446 294 225 304 996
125 310 227 304 996
172 305 230 304 996
653 289 225 305 997
446 295 231 305 997
125 311 222 305 997
266 46 222 306 998
446 296 230 306 998
125 312 223 306 998
266 47 221 307 999
249 283 225 307 999
750 307 225 307 999
653 292 221 308 1000
266 48 242 308 1000
249 284 223 308 1000
125 314 225 308 1000
172 309 226 308 1000
653 293 229 309 1001
725 147 221 309 1001
266 49 241 309 1001
249 285 226 309 1001
400 126 223 309 1001
125 315 223 309 1001
636 118 221 310 1002
266 50 234 310 1002
125 316 225 310 1002
266 51 230 311 1003
503 304 224 311 1003
400 128 221 311 1003
125 317 226 311 1003
653 296 223 312 1004
266 52 232 312 1004
249 288 229 312 1004
172 313 230 312 1004
653 297 222 313 1005
266 53 233 313 1005
249 289 221 313 1005
446 303 232 313 1005
125 319 222 313 1005
172 314 225 313 1005
653 298 222 314 1006
266 54 233 314 1006
249 290 230 314 1006
446 304 221 314 1006
125 320 224 314 1006
172 315 224 314 1006
653 299 222 315 1007
266 55 235 315 1007
125 321 223 315 1007
653 300 224 316 1008
636 124 221 316 1008
266 56 226 316 1008
446 306 222 316 1008
125 322 224 316 1008
172 317 225 316 1008
266 57 228 317 1009
446 307 222 317 1009
125 323 226 317 1009
266 58 235 318 1010
446 308 227 318 1010
266 59 223 319 1011
446 309 233 319 1011
125 325 222 319 1011
653 304 224 320 1012
266 60 234 320 1012
446 310 235 320 1012
266 61 230 321 1013
446 311 225 321 1013
653 306 225 322 1014
266 62 226 322 1014
125 328 221 322 1014
172 323 223 322 1014
133 331 222 323 1015
653 307 225 323 1015
636 131 222 323 1015
266 63 233 323 1015
249 299 226 323 1015
125 329 226 323 1015
266 64 233 324 1016
400 141 221 324 1016
125 330 224 324 1016
172 325 232 324 1016
306 331 221 325 1017
591 317 221 325 1017
133 334 225 326 1018
636 134 231 326 1018
173 125 224 326 1018
503 319 235 326 1018
591 318 232 326 1018
432 130 235 327 1019
725 165 229 327 1019
173 126 222 327 1019
503 320 224 327 1019
446 317 231 327 1019
725 167 237 329 1021
767 327 235 329 1021
264 32 224 329 1021
202 330 227 329 1021
687 337 226 329 1021
508 237 238 330 1022
578 329 225 330 1022
736 260 223 331 1023
517 323 252 331 1023
508 238 223 331 1023
621 327 222 331 1023
385 293 227 331 1023
114 122 223 331 1023
481 88 221 331 1023
650 275 223 331 1023
736 261 245 331 1023
508 239 233 332 1024
177 334 231 332 1024
7 319 231 332 1024
736 262 231 332 1024
344 324 221 333 1025
508 240 229 333 1025
121 339 221 333 1025
294 329 223 333 1025
70 336 225 333 1025
470 248 234 333 1025
166 304 221 333 1025
210 320 237 333 1025
556 339 225 333 1025
98 329 223 334 1026
7 321 223 334 1026
509 288 231 334 1026
528 304 233 334 1026
616 141 224 334 1026
431 40 226 335 1027
508 242 241 335 1027
312 321 224 335 1027
562 334 236 335 1027
277 38 224 335 1027
616 142 221 335 1027
508 243 228 336 1028
562 335 231 336 1028
277 39 223 336 1028
431 42 231 337 1029
508 244 232 337 1029
7 324 225 337 1029
616 144 223 337 1029
431 43 225 338 1030
508 245 226 338 1030
7 325 225 338 1030
562 337 223 338 1030
616 145 225 338 1030
508 246 227 339 1031
562 338 233 339 1031
277 42 221 339 1031
431 45 225 339 1031
508 247 225 340 1032
509 294 224 340 1032
528 310 231 340 1032
562 339 235 340 1032
277 43 233 340 1032
750 340 223 340 1032
431 46 223 340 1032
508 248 225 341 1033
277 44 224 341 1033
562 340 222 341 1033
277 66 225 363 1055
508 271 228 363 1055
508 272 223 364 1056
277 68 225 365 1057
616 172 222 365 1057
508 273 225 365 1057
7 353 223 366 1058
562 365 222 366 1058
277 69 226 366 1058
616 173 223 366 1058
508 274 224 366 1058
562 366 223 367 1059
616 174 223 367 1059
277 70 231 367 1059
508 275 223 367 1059
562 367 223 368 1060
616 175 225 368 1060
277 71 225 368 1060
508 276 223 368 1060
562 368 223 369 1061
277 72 221 369 1061
616 176 221 369 1061
508 277 224 369 1061
616 177 222 370 1062
508 278 221 370 1062
7 358 223 371 1063
277 74 225 371 1063
508 279 225 371 1063
277 75 223 372 1064
616 179 224 372 1064
508 280 231 372 1064
7 360 222 373 1065
562 372 227 373 1065
277 76 227 373 1065
616 180 226 373 1065
508 281 222 373 1065
7 361 222 374 1066
562 373 229 374 1066
277 77 226 374 1066
616 181 225 374 1066
562 374 227 375 1067
528 345 222 375 1067
277 78 227 375 1067
616 182 225 375 1067
562 375 221 376 1068
277 79 230 376 1068
616 183 226 376 1068
616 184 225 377 1069
277 80 223 377 1069
616 185 225 378 1070
277 81 230 378 1070
562 378 221 379 1071
616 186 225 379 1071
277 82 225 379 1071
562 379 225 380 1072
277 83 227 380 1072
562 380 221 381 1073
562 382 222 383 1075
277 90 223 387 1079
508 295 221 388 1080
562 387 225 388 1080
562 388 223 389 1081
562 401 221 402 1094
562 402 223 403 1095
7 390 221 403 1095
562 403 224 404 1096
277 107 223 404 1096
562 404 225 405 1097
7 392 223 405 1097
277 109 222 406 1098
562 406 222 407 1099
562 407 222 408 1100
562 408 228 409 1101
562 409 230 410 1102
562 410 227 411 1103
562 411 227 412 1104
562 412 234 413 1105
277 116 221 413 1105
562 413 229 414 1106
616 221 224 414 1106
562 414 230 415 1107
616 222 222 415 1107
562 415 231 416 1108
616 223 221 416 1108
528 387 222 417 1109
562 416 228 417 1109
616 224 221 417 1109
562 417 226 418 1110
616 226 222 419 1111
562 421 221 422 1114
616 230 221 423 1115
616 231 221 424 1116
562 424 223 425 1117
616 233 221 426 1118
508 334 221 427 1119
562 426 226 427 1119
616 234 225 427 1119
562 427 222 428 1120
616 235 225 428 1120
508 336 223 429 1121
277 132 223 429 1121
7 416 221 429 1121
616 236 221 429 1121
508 337 221 430 1122
562 429 224 430 1122
616 237 221 430 1122
508 338 221 431 1123
562 430 224 431 1123
7 418 221 431 1123
277 135 223 432 1124
508 340 227 432 1124
562 432 221 433 1125
277 136 221 433 1125
508 341 223 434 1126
562 433 223 434 1126
562 434 221 435 1127
616 242 221 435 1127
562 435 232 436 1128
616 243 228 436 1128
508 344 227 436 1128
562 436 228 437 1129
562 437 228 438 1130
562 438 223 439 1131
562 439 223 440 1132
562 440 223 441 1133
562 441 231 442 1134
562 442 225 443 1135
562 443 227 444 1136
7 431 222 444 1136
616 251 222 444 1136
7 432 222 445 1137
562 444 226 445 1137
562 445 233 446 1138
562 446 225 447 1139
508 355 223 447 1139
562 447 224 448 1140
508 356 226 448 1140
616 257 221 450 1142
508 358 224 450 1142
562 450 224 451 1143
277 154 225 451 1143
616 258 223 451 1143
508 359 222 451 1143
562 451 223 452 1144
277 155 221 452 1144
616 259 223 452 1144
562 452 235 453 1145
508 361 223 454 1146
562 453 221 454 1146
562 454 226 455 1147
562 455 231 456 1148
562 457 226 458 1150
7 445 225 458 1150
616 265 223 458 1150
508 366 223 459 1151
562 458 223 459 1151
7 446 227 459 1151
616 266 223 459 1151
7 447 225 460 1152
616 267 223 460 1152
508 368 225 461 1153
7 448 227 461 1153
616 268 224 461 1153
277 7 222 461 1153
7 449 225 462 1154
616 269 222 462 1154
277 8 223 462 1154
562 462 222 463 1155
616 270 222 463 1155
562 463 223 464 1156
562 464 221 465 1157
277 11 222 465 1157
277 12 225 466 1158
508 374 225 467 1159
562 466 221 467 1159
277 13 228 467 1159
508 375 222 468 1160
562 467 224 468 1160
562 468 223 469 1161
508 377 222 469 1161
98 465 222 470 1162
562 470 229 471 1163
616 278 221 471 1163
277 17 223 471 1163
562 471 222 472 1164
98 467 222 472 1164
277 18 222 472 1164
508 380 221 472 1164
562 472 221 473 1165
98 468 222 473 1165
616 280 223 473 1165
508 381 231 473 1165
562 473 222 474 1166
750 17 223 474 1166
750 18 222 475 1167
508 383 233 475 1167
562 475 224 476 1168
616 283 229 476 1168
431 182 224 476 1168
508 384 225 476 1168
562 476 239 477 1169
98 472 226 477 1169
509 431 227 477 1169
750 20 227 477 1169
431 183 223 477 1169
277 23 231 477 1169
562 477 225 478 1170
508 386 224 478 1170
562 478 227 479 1171
750 22 224 479 1171
277 25 223 479 1171
562 479 227 480 1172
509 434 223 480 1172
750 23 221 480 1172
7 468 225 481 1173
277 27 224 481 1173
508 389 226 481 1173
562 481 229 482 1174
750 25 222 482 1174
277 28 223 482 1174
277 29 233 483 1175
431 189 224 483 1175
277 30 225 484 1176
508 392 225 484 1176
508 394 227 486 1178
7 474 221 487 1179
562 486 221 487 1179
508 395 223 487 1179
508 396 224 488 1180
562 488 221 489 1181
508 397 231 489 1181
508 398 230 490 1182
508 399 226 491 1183
508 400 226 492 1184
508 401 222 493 1185
562 493 222 494 1186
562 494 221 495 1187
562 495 223 496 1188
508 405 221 497 1189
508 407 221 499 1191
277 46 222 500 1192
277 47 222 501 1193
508 409 226 501 1193
562 501 223 502 1194
750 45 223 502 1194
508 410 224 502 1194
277 49 221 503 1195
508 411 223 504 1196
562 503 221 504 1196
562 504 223 505 1197
277 51 223 505 1197
508 413 225 506 1198
508 414 225 507 1199
562 506 221 507 1199
431 213 223 507 1199
562 507 223 508 1200
508 416 222 509 1201
508 417 226 510 1202
562 509 223 510 1202
277 56 235 510 1202
616 317 223 510 1202
57 502 222 510 1202
508 418 227 511 1203
312 497 223 511 1203
562 510 223 511 1203
277 57 229 511 1203
431 217 224 511 1203
508 419 229 512 1204
277 58 231 512 1204
431 218 222 512 1204
508 420 231 513 1205
277 59 227 513 1205
431 219 224 513 1205
508 421 227 514 1206
277 60 223 514 1206
431 220 224 514 1206
508 422 231 515 1207
562 514 227 515 1207
431 221 224 515 1207
508 423 226 516 1208
7 503 222 516 1208
562 515 229 516 1208
431 222 224 516 1208
508 424 231 517 1209
7 504 222 517 1209
562 516 227 517 1209
431 223 227 517 1209
508 425 226 518 1210
562 517 222 518 1210
431 224 222 518 1210
562 518 225 519 1211
431 225 223 519 1211
7 507 224 520 1212
277 66 224 520 1212
431 226 221 520 1212
7 508 224 521 1213
431 227 221 521 1213
509 475 221 521 1213
7 509 222 522 1214
508 430 222 523 1215
562 522 222 523 1215
750 66 222 523 1215
431 229 225 523 1215
508 431 223 524 1216
7 511 223 524 1216
562 523 225 524 1216
277 70 226 524 1216
508 432 224 525 1217
7 512 224 525 1217
562 524 227 525 1217
277 71 222 525 1217
312 512 222 526 1218
562 525 223 526 1218
7 514 230 527 1219
562 526 221 527 1219
431 233 223 527 1219
7 515 231 528 1220
562 527 226 528 1220
562 528 228 529 1221
431 235 223 529 1221
431 236 224 530 1222
277 77 223 531 1223
431 237 222 531 1223
7 520 223 533 1225
431 239 221 533 1225
508 441 232 534 1226
562 533 221 534 1226
750 77 225 534 1226
562 534 225 535 1227
750 78 221 535 1227
277 81 221 535 1227
508 443 221 536 1228
7 524 221 537 1229
562 536 224 537 1229
562 537 224 538 1230
750 81 221 538 1230
277 85 225 539 1231
312 526 223 540 1232
277 87 225 541 1233
508 449 227 542 1234
508 450 226 543 1235
508 451 228 544 1236
277 90 223 544 1236
508 452 235 545 1237
562 544 223 545 1237
750 88 222 545 1237
277 91 225 545 1237
508 453 233 546 1238
562 545 221 546 1238
277 92 221 546 1238
431 252 221 546 1238
508 454 230 547 1239
562 546 225 547 1239
508 455 233 548 1240
277 94 224 548 1240
509 502 222 548 1240
508 456 225 549 1241
277 95 226 549 1241
750 92 223 549 1241
508 457 237 550 1242
750 93 223 550 1242
277 96 223 550 1242
509 504 224 550 1242
508 458 234 551 1243
750 94 225 551 1243
509 505 225 551 1243
508 459 239 552 1244
7 539 223 552 1244
7 540 227 553 1245
509 507 221 553 1245
508 461 234 554 1246
7 541 225 554 1246
562 553 223 554 1246
277 100 231 554 1246
508 462 231 555 1247
508 464 240 557 1249
562 556 224 557 1249
277 103 227 557 1249
431 263 222 557 1249
277 104 222 558 1250
508 466 223 559 1251
508 470 234 563 1255
508 471 233 564 1256
277 111 238 565 1257
508 473 227 566 1258
277 112 231 566 1258
508 474 233 567 1259
277 113 227 567 1259
508 475 223 568 1260
277 114 227 568 1260
277 115 228 569 1261
312 558 221 572 1264
98 567 226 572 1264
431 278 236 572 1264
277 118 239 572 1264
312 559 226 573 1265
616 380 223 573 1265
98 568 221 573 1265
277 119 237 573 1265
283 263 221 574 1266
694 222 225 575 1267
336 567 227 575 1267
400 392 246 575 1267
272 579 223 575 1267
725 16 221 576 1268
323 499 221 576 1268
646 557 227 577 1269
453 13 225 577 1269
313 486 221 577 1269
264 231 231 577 1269
567 531 230 577 1269
725 17 240 577 1269
323 500 221 577 1269
646 558 227 578 1270
264 232 222 578 1270
567 532 235 578 1270
725 18 237 578 1270
725 19 231 579 1271
700 436 222 580 1272
725 20 223 580 1272
123 560 221 580 1272
264 237 223 583 1275
25 549 227 583 1275
700 439 233 583 1275
725 23 233 583 1275
323 506 221 583 1275
619 552 223 583 1275
123 563 222 583 1275
25 550 221 584 1276
725 24 225 584 1276
323 507 221 584 1276
619 553 222 584 1276
264 239 227 585 1277
25 551 222 585 1277
725 25 233 585 1277
567 540 231 586 1278
25 552 223 586 1278
725 26 223 586 1278
453 23 227 587 1279
25 553 223 587 1279
567 541 225 587 1279
725 27 225 587 1279
25 556 221 590 1282
453 52 227 616 1308
25 582 225 616 1308
25 583 223 617 1309
725 68 222 628 1320
453 65 221 629 1321
725 95 221 655 1347
725 101 223 661 1353
313 583 221 674 1366
547 676 224 675 1367
725 116 223 676 1368
567 631 223 677 1369
725 117 223 677 1369
567 632 223 678 1370
725 118 223 678 1370
567 633 224 679 1371
725 119 226 679 1371
25 646 224 680 1372
567 634 225 680 1372
725 120 223 680 1372
25 647 223 681 1373
567 635 227 681 1373
725 121 221 681 1373
25 648 222 682 1374
567 636 226 682 1374
567 637 221 683 1375
567 638 221 684 1376
725 124 221 684 1376
567 639 227 685 1377
25 652 221 686 1378
567 640 225 686 1378
567 641 221 687 1379
725 127 239 687 1379
725 128 225 688 1380
619 657 224 688 1380
453 125 221 688 1380
567 643 226 689 1381
725 129 235 689 1381
453 126 228 689 1381
646 670 221 690 1382
567 644 227 690 1382
619 659 222 690 1382
453 127 225 690 1382
25 657 224 691 1383
567 645 223 691 1383
725 131 237 691 1383
567 646 226 692 1384
725 132 229 692 1384
547 694 223 693 1385
567 647 227 693 1385
725 133 236 693 1385
619 662 223 693 1385
547 695 223 694 1386
25 660 222 694 1386
725 134 237 694 1386
547 696 222 695 1387
725 135 237 695 1387
453 132 221 695 1387
567 650 223 696 1388
725 136 237 696 1388
453 133 223 696 1388
264 351 222 697 1389
567 651 224 697 1389
725 137 232 697 1389
619 666 221 697 1389
453 134 221 697 1389
567 652 221 698 1390
725 138 237 698 1390
700 555 223 699 1391
567 653 221 699 1391
725 139 229 699 1391
453 136 222 700 1392
646 680 221 700 1392
725 140 236 700 1392
567 654 221 700 1392
453 137 223 701 1393
725 141 233 701 1393
725 142 241 702 1394
725 143 238 703 1395
619 672 221 703 1395
725 144 231 704 1396
619 673 222 704 1396
453 141 221 704 1396
547 706 222 705 1397
725 145 240 705 1397
725 146 239 706 1398
725 147 239 707 1399
725 148 238 708 1400
700 565 222 709 1401
725 149 234 709 1401
725 150 232 710 1402
453 147 221 711 1403
725 151 237 711 1403
725 152 239 712 1404
25 678 221 712 1404
725 153 239 713 1405
25 679 222 713 1405
453 150 227 714 1406
725 154 236 714 1406
453 151 222 715 1407
725 155 228 715 1407
25 681 221 715 1407
725 156 233 716 1408
453 153 223 716 1408
725 157 236 717 1409
725 158 235 718 1410
725 159 235 719 1411
725 160 233 720 1412
725 161 235 721 1413
725 162 234 722 1414
25 688 225 722 1414
725 163 235 723 1415
453 160 223 723 1415
725 164 233 724 1416
453 161 222 724 1416
725 165 233 725 1417
453 162 224 725 1417
646 706 223 726 1418
567 680 222 726 1418
725 166 224 726 1418
453 163 221 726 1418
725 167 233 727 1419
453 164 223 727 1419
700 584 221 728 1420
725 168 233 728 1420
725 169 228 729 1421
725 170 225 730 1422
725 171 221 731 1423
453 168 226 731 1423
725 172 222 732 1424
25 698 225 732 1424
453 169 221 732 1424
725 173 229 733 1425
25 699 224 733 1425
453 170 223 733 1425
646 714 222 734 1426
725 174 231 734 1426
725 175 227 735 1427
725 176 225 736 1428
725 177 223 737 1429
619 706 221 737 1429
453 174 224 737 1429
725 178 239 738 1430
619 707 224 738 1430
453 175 222 738 1430
725 179 221 739 1431
619 708 221 739 1431
725 180 222 740 1432
25 707 221 741 1433
725 181 222 741 1433
725 184 223 744 1436
725 185 222 745 1437
725 186 223 746 1438
25 714 228 748 1440
725 189 233 749 1441
725 190 222 750 1442
725 192 227 752 1444
547 754 221 753 1445
725 193 222 753 1445
725 194 227 754 1446
725 195 221 755 1447
619 724 222 755 1447
725 196 225 756 1448
619 726 223 757 1449
725 198 234 758 1450
619 727 223 758 1450
453 195 222 758 1450
313 668 225 759 1451
123 738 223 759 1451
25 725 221 759 1451
725 199 235 759 1451
216 692 222 759 1451
323 683 225 760 1452
725 200 236 760 1452
567 714 223 760 1452
547 762 225 761 1453
264 415 224 761 1453
725 201 233 761 1453
453 198 223 761 1453
619 730 224 761 1453
313 671 224 762 1454
547 763 223 762 1454
646 742 225 762 1454
264 416 227 762 1454
323 685 224 762 1454
725 202 237 762 1454
619 731 225 762 1454
313 672 223 763 1455
547 764 240 763 1455
646 743 246 763 1455
323 686 226 763 1455
725 203 232 763 1455
453 200 227 763 1455
619 732 232 763 1455
313 673 229 764 1456
243 2 222 764 1456
646 744 224 764 1456
323 687 227 764 1456
725 204 230 764 1456
547 766 226 765 1457
264 419 233 765 1457
567 719 224 765 1457
453 202 221 765 1457
243 4 223 766 1458
313 675 225 766 1458
700 622 224 766 1458
264 420 227 766 1458
725 206 244 766 1458
619 735 227 766 1458
547 768 221 767 1459
264 421 225 767 1459
725 207 240 767 1459
619 736 222 767 1459
547 769 223 768 1460
25 735 222 769 1461
725 209 232 769 1461
547 771 224 770 1462
25 736 222 770 1462
725 210 237 770 1462
453 207 221 770 1462
725 211 235 771 1463
725 212 238 772 1464
725 213 232 773 1465
725 214 223 774 1466
453 211 224 774 1466
25 741 222 775 1467
725 215 230 775 1467
619 744 223 775 1467
547 777 221 776 1468
725 216 229 776 1468
453 213 233 776 1468
619 745 224 776 1468
547 778 232 777 1469
25 743 228 777 1469
725 217 224 777 1469
453 214 230 777 1469
547 779 222 778 1470
264 432 222 778 1470
725 218 231 778 1470
725 219 224 779 1471
547 781 221 780 1472
264 434 221 780 1472
725 220 226 780 1472
619 749 223 780 1472
25 747 223 781 1473
453 219 221 782 1474
547 784 226 783 1475
725 223 232 783 1475
619 752 223 783 1475
725 224 224 784 1476
619 753 223 784 1476
547 786 221 785 1477
25 751 221 785 1477
725 225 229 785 1477
453 222 221 785 1477
619 754 221 785 1477
547 787 222 786 1478
25 752 221 786 1478
453 223 221 786 1478
725 227 225 787 1479
453 224 221 787 1479
453 225 224 788 1480
547 790 225 789 1481
453 226 225 789 1481
547 791 223 790 1482
453 227 222 790 1482
725 231 226 791 1483
725 233 233 793 1485
453 230 222 793 1485
547 795 226 794 1486
25 760 223 794 1486
725 234 229 794 1486
453 231 221 794 1486
547 796 223 795 1487
25 761 221 795 1487
725 235 234 795 1487
646 776 225 796 1488
725 236 235 796 1488
547 798 231 797 1489
725 237 233 797 1489
216 730 222 797 1489
725 238 231 798 1490
725 239 248 799 1491
725 240 250 800 1492
619 769 221 800 1492
646 781 221 801 1493
567 755 221 801 1493
725 241 235 801 1493
547 803 221 802 1494
25 768 226 802 1494
264 456 224 802 1494
725 242 240 802 1494
216 736 228 803 1495
243 42 233 803 1495
700 660 231 804 1496
725 244 231 804 1496
508 712 231 805 1497
336 86 235 805 1497
29 806 228 805 1497
725 245 229 805 1497
567 759 223 805 1497
726 370 222 805 1497
694 453 230 805 1497
508 713 224 806 1498
725 246 241 806 1498
726 371 223 806 1498
508 714 224 807 1499
700 663 228 807 1499
494 327 221 807 1499
725 247 241 807 1499
277 43 232 808 1500
725 248 250 808 1500
134 159 221 808 1500
438 128 221 808 1500
642 19 225 808 1500
121 30 224 808 1500
336 90 225 809 1501
439 731 221 809 1501
747 31 241 809 1501
504 798 224 809 1501
322 796 249 809 1501
725 249 241 809 1501
537 793 237 809 1501
455 155 231 810 1502
224 712 225 810 1502
266 439 222 811 1503
331 148 227 811 1503
217 813 233 811 1503
610 512 246 812 1504
88 781 236 812 1504
213 61 221 813 1505
610 513 237 813 1505
217 815 221 813 1505
131 800 221 813 1505
311 17 224 814 1506
373 802 223 815 1507
610 515 245 815 1507
589 823 223 815 1507
651 814 224 815 1507
399 54 222 815 1507
373 803 225 816 1508
610 516 250 816 1508
629 731 239 816 1508
538 800 224 816 1508
651 815 226 816 1508
782 761 231 816 1508
568 317 227 816 1508
31 818 232 816 1508
455 162 222 817 1509
131 803 235 817 1509
756 135 222 817 1509
716 816 228 817 1509
332 17 231 817 1509
262 56 225 817 1509
610 517 226 817 1509
589 825 224 817 1509
538 801 223 817 1509
150 580 241 817 1509
322 805 222 818 1510
281 11 222 818 1510
692 753 221 818 1510
374 815 225 818 1510
521 84 222 818 1510
610 518 235 818 1510
735 450 229 818 1510
776 671 221 818 1510
564 555 221 818 1510
366 4 231 818 1510
642 29 221 818 1510
311 21 222 818 1510
785 808 227 818 1510
391 742 221 818 1510
256 598 227 818 1510
121 40 226 819 1511
209 665 222 819 1511
320 70 230 819 1511
483 248 227 819 1511
692 754 228 819 1511
35 764 233 819 1511
733 819 236 819 1511
610 519 237 819 1511
157 827 221 819 1511
735 451 221 819 1511
196 808 221 819 1511
776 672 221 819 1511
295 790 224 819 1511
217 821 224 819 1511
366 5 225 819 1511
334 749 223 819 1511
467 20 234 819 1511
121 41 239 820 1512
138 827 224 820 1512
340 230 230 820 1512
716 819 223 820 1512
740 744 228 820 1512
262 59 246 820 1512
482 961 226 820 1512
512 799 224 820 1512
438 140 239 820 1512
311 23 226 820 1512
150 583 232 820 1512
121 42 234 820 1512
340 231 227 821 1513
259 198 221 821 1513
740 745 241 821 1513
482 962 234 821 1513
610 521 243 821 1513
512 800 233 821 1513
104 816 222 821 1513
370 819 222 821 1513
311 24 223 821 1513
150 584 221 821 1513
363 246 234 821 1513
121 43 230 821 1513
320 73 233 822 1514
716 821 221 822 1514
259 199 227 822 1514
740 746 223 822 1514
689 253 228 822 1514
482 963 239 822 1514
431 528 221 822 1514
423 812 225 822 1514
141 209 223 822 1514
399 61 243 822 1514
334 752 224 822 1514
363 247 246 822 1514
507 7 225 822 1514
121 44 224 822 1514
138 830 235 822 1514
423 813 221 823 1515
295 794 237 823 1515
150 586 221 823 1515
467 24 250 823 1515
363 248 227 823 1515
432 22 222 823 1515
584 734 224 823 1515
256 603 226 823 1515
634 151 233 824 1516
374 821 222 824 1516
610 524 233 824 1516
311 27 229 824 1516
150 587 227 824 1516
36 815 227 824 1516
101 807 225 825 1517
242 116 221 825 1517
9 827 225 825 1517
484 664 227 825 1517
159 537 223 825 1517
610 525 234 825 1517
593 506 233 826 1518
607 791 224 826 1518
567 780 233 826 1518
610 526 252 826 1518
196 815 227 826 1518
284 828 228 826 1518
158 96 237 826 1518
57 818 223 826 1518
363 251 223 826 1518
725 267 229 827 1519
593 507 226 827 1519
71 180 239 827 1519
610 527 229 827 1519
345 499 224 827 1519
724 827 239 827 1519
217 829 225 827 1519
667 181 221 827 1519
445 814 234 827 1519
89 831 227 827 1519
322 815 225 827 1519
604 18 222 827 1519
235 389 229 827 1519
530 87 223 828 1520
101 810 222 828 1520
95 509 241 828 1520
506 286 223 828 1520
392 829 222 828 1520
7 815 223 828 1520
602 806 224 828 1520
190 8 221 828 1520
484 667 223 828 1520
668 830 224 828 1520
262 67 223 828 1520
610 528 221 828 1520
644 822 221 828 1520
686 809 226 828 1520
642 39 225 828 1520
610 529 249 829 1521
610 530 241 830 1522
610 531 225 831 1523
610 532 238 832 1524
610 537 229 836 1528
610 538 226 837 1529
610 539 235 838 1530
610 540 236 839 1531
610 541 228 840 1532
610 542 241 841 1533
610 543 240 842 1534
610 544 241 843 1535
610 545 229 844 1536
610 546 247 845 1537
23 321 223 846 1538
54 834 223 846 1538
610 547 237 846 1538
516 845 231 846 1538
562 133 228 847 1539
659 81 227 847 1539
268 733 225 847 1539
363 272 221 847 1539
445 834 223 847 1539
80 851 223 847 1539
576 815 233 847 1539
615 830 232 847 1539
610 548 243 847 1539
410 841 221 848 1540
178 852 247 848 1540
780 57 244 848 1540
80 852 225 848 1540
422 17 223 848 1540
60 856 222 848 1540
610 549 225 848 1540
629 764 221 848 1540
200 47 227 848 1540
516 847 225 848 1540
610 550 247 849 1541
188 332 222 849 1541
610 551 227 850 1542
610 552 229 851 1543
610 554 227 853 1545
610 555 222 854 1546
610 556 221 855 1547
610 557 226 856 1548
610 560 223 859 1551
610 561 223 860 1552
610 562 225 861 1553
610 563 225 862 1554
610 567 223 866 1558
610 578 235 877 1569
610 579 235 878 1570
610 580 234 879 1571
610 583 222 882 1574
610 588 221 887 1579
610 589 234 888 1580
610 592 225 891 1583
610 597 222 896 1588
610 601 224 900 1592
610 602 231 901 1593
610 604 222 903 1595
610 605 223 904 1596
610 613 235 912 1604
610 614 223 913 1605
610 615 232 914 1606
610 616 221 915 1607
610 617 221 916 1608
610 618 221 917 1609
610 620 224 919 1611
610 622 242 921 1613
610 623 241 922 1614
430 826 223 923 1615
610 624 255 923 1615
630 292 231 924 1616
612 176 226 924 1616
188 407 224 924 1616
760 73 222 925 1617
395 857 222 926 1618
646 907 223 926 1618
285 242 226 926 1618
532 129 243 927 1619
255 520 233 927 1619
578 477 222 927 1619
528 252 224 927 1619
317 105 225 927 1619
409 15 225 927 1619
718 834 238 927 1619
531 906 221 928 1620
329 862 231 928 1620
118 385 222 928 1620
321 598 221 928 1620
168 914 233 928 1620
420 783 223 929 1621
287 629 226 929 1621
777 919 232 929 1621
617 159 227 929 1621
117 239 225 929 1621
107 247 231 929 1621
682 931 223 929 1621
32 906 223 929 1621
775 644 245 929 1621
515 58 225 929 1621
364 929 225 929 1621
150 104 221 929 1621
101 913 221 930 1622
501 243 222 930 1622
701 928 235 930 1622
606 6 229 930 1622
321 601 225 931 1623
79 488 225 931 1623
388 83 231 931 1623
611 919 239 931 1623
541 104 221 932 1624
321 602 230 932 1624
611 920 230 932 1624
745 934 227 933 1625
321 603 227 933 1625
611 921 222 933 1625
653 13 225 933 1625
178 938 225 934 1626
745 935 223 934 1626
95 616 224 934 1626
721 352 225 934 1626
321 604 243 934 1626
150 109 221 934 1626
611 922 236 934 1626
653 14 229 934 1626
312 922 226 935 1627
745 936 223 935 1627
321 605 224 935 1627
321 606 239 936 1628
510 189 223 936 1628
611 924 228 936 1628
651 936 226 936 1628
312 924 243 937 1629
517 489 223 937 1629
11 385 222 937 1629
321 607 223 937 1629
611 925 224 937 1629
312 925 235 938 1630
651 938 229 938 1630
312 926 233 939 1631
517 491 221 939 1631
552 936 221 939 1631
11 387 226 939 1631
321 609 237 939 1631
651 939 227 939 1631
264 594 221 940 1632
312 927 230 940 1632
517 492 224 940 1632
386 528 221 940 1632
11 388 225 940 1632
321 610 239 940 1632
611 928 223 940 1632
312 928 223 941 1633
517 493 223 941 1633
321 611 226 941 1633
651 941 227 941 1633
517 494 221 942 1634
321 612 230 942 1634
312 930 221 943 1635
517 495 221 943 1635
264 3 222 943 1635
321 613 226 943 1635
11 392 223 944 1636
321 614 227 944 1636
651 944 222 944 1636
321 615 231 945 1637
321 616 222 946 1638
651 946 223 946 1638
312 934 224 947 1639
321 617 227 947 1639
651 947 224 947 1639
312 935 221 948 1640
517 500 222 948 1640
321 618 221 948 1640
651 948 224 948 1640
312 936 222 949 1641
321 619 229 949 1641
651 949 223 949 1641
312 937 225 950 1642
321 620 225 950 1642
651 950 225 950 1642
321 621 229 951 1643
651 951 225 951 1643
312 939 222 952 1644
611 940 221 952 1644
312 940 224 953 1645
611 941 221 953 1645
651 953 221 953 1645
312 942 224 955 1647
321 625 222 955 1647
651 955 222 955 1647
517 508 222 956 1648
651 956 223 956 1648
312 944 221 957 1649
651 957 221 957 1649
321 628 221 958 1650
611 946 221 958 1650
651 958 225 958 1650
264 19 223 959 1651
321 629 226 959 1651
651 959 222 959 1651
264 20 221 960 1652
321 630 227 960 1652
651 960 225 960 1652
321 631 224 961 1653
611 949 222 961 1653
651 961 225 961 1653
312 949 221 962 1654
321 632 225 962 1654
651 962 224 962 1654
312 950 225 963 1655
517 515 221 963 1655
611 951 223 963 1655
651 963 226 963 1655
517 516 221 964 1656
321 634 221 964 1656
611 952 225 964 1656
651 964 226 964 1656
611 953 223 965 1657
651 965 222 965 1657
264 26 221 966 1658
321 636 222 966 1658
651 966 221 966 1658
264 27 223 967 1659
321 637 225 967 1659
651 967 221 967 1659
312 955 221 968 1660
321 638 226 968 1660
552 966 221 969 1661
321 639 223 969 1661
321 640 227 970 1662
264 31 221 971 1663
321 641 227 971 1663
721 390 221 972 1664
312 962 223 975 1667
312 963 224 976 1668
312 964 223 977 1669
242 46 221 977 1669
312 965 223 978 1670
651 978 222 978 1670
312 966 223 979 1671
321 649 222 979 1671
312 967 223 980 1672
312 968 225 981 1673
611 969 223 981 1673
651 981 226 981 1673
312 969 227 982 1674
312 970 223 983 1675
651 989 225 989 1681
651 990 221 990 1682
651 993 223 993 1685
651 994 223 994 1686
651 995 222 995 1687
651 997 221 997 1689
611 994 221 1006 1698
651 1007 221 1007 1699
651 1020 221 1020 1712
312 1011 221 1023 1715
651 1024 225 1024 1716
611 1013 222 1025 1717
651 1027 222 1027 1719
651 1029 223 1029 1721
651 1030 222 1030 1722
651 1033 225 1033 1725
611 1021 224 1033 1725
651 1034 225 1034 1726
651 1035 225 1035 1727
651 1036 224 1036 1728
611 1024 221 1036 1728
651 1037 221 1037 1729
321 708 223 1038 1730
651 1038 227 1038 1730
651 1039 228 1039 1731
651 1040 223 1040 1732
651 1041 225 1041 1733
312 1030 231 1042 1734
651 1043 227 1043 1735
312 1031 227 1043 1735
651 1044 227 1044 1736
651 1045 229 1045 1737
651 1046 221 1046 1738
312 1034 225 1046 1738
651 1047 223 1047 1739
312 1035 224 1047 1739
312 1036 224 1048 1740
651 1049 225 1049 1741
651 1050 227 1050 1742
312 1038 221 1050 1742
264 111 222 1050 1742
651 1051 225 1051 1743
611 1039 223 1051 1743
264 112 223 1051 1743
651 1052 223 1052 1744
651 1054 223 1054 1746
264 115 222 1054 1746
651 1055 225 1055 1747
651 1056 222 1056 1748
611 1045 222 1057 1749
651 1058 223 1058 1750
651 1059 222 1059 1751
321 730 223 1060 1752
651 1060 223 1060 1752
651 1061 224 1061 1753
312 1050 222 1062 1754
264 123 221 1062 1754
321 733 222 1063 1755
651 1063 222 1063 1755
321 734 223 1064 1756
651 1064 225 1064 1756
321 735 225 1065 1757
651 1065 225 1065 1757
321 736 226 1066 1758
651 1066 223 1066 1758
264 127 223 1066 1758
321 737 221 1067 1759
312 1055 224 1067 1759
611 1056 221 1068 1760
312 1058 221 1070 1762
312 1060 225 1072 1764
312 1061 225 1073 1765
312 1062 221 1074 1766
651 1075 221 1075 1767
312 1063 223 1075 1767
611 1070 222 1082 1774
651 1099 222 1099 1791
312 1087 221 1099 1791
321 771 226 1101 1793
312 1089 225 1101 1793
312 1090 222 1102 1794
312 1091 222 1103 1795
321 774 221 1104 1796
651 1104 221 1104 1796
321 775 222 1105 1797
651 1106 223 1106 1798
651 1107 222 1107 1799
651 1114 221 1114 1806
312 1105 223 1117 1809
651 1118 222 1118 1810
651 1121 226 1121 1813
651 1125 222 1125 1817
651 1139 223 1139 1831
321 822 227 1152 1844
552 1150 221 1152 1844
321 823 227 1153 1845
11 601 221 1153 1845
312 1143 222 1155 1847
312 1144 226 1156 1848
321 827 221 1156 1848
321 828 235 1157 1849
611 1146 233 1158 1850
517 711 225 1158 1850
321 829 221 1158 1850
517 712 229 1159 1851
312 1147 235 1159 1851
221 1159 224 1159 1851
11 608 221 1160 1852
651 1160 221 1160 1852
611 1148 225 1160 1852
264 221 221 1160 1852
123 1141 223 1160 1852
321 831 234 1160 1852
11 609 221 1161 1853
651 1161 222 1161 1853
264 222 222 1161 1853
517 714 234 1161 1853
221 1161 229 1161 1853
242 231 223 1161 1853
598 270 221 1162 1854
312 1150 235 1162 1854
221 1162 232 1162 1854
11 611 221 1163 1855
512 1143 221 1163 1855
312 1151 222 1163 1855
74 264 221 1164 1856
513 1157 221 1164 1856
251 139 226 1164 1856
312 1152 223 1164 1856
390 1160 230 1164 1856
144 39 225 1165 1857
400 3 221 1165 1857
625 222 233 1165 1857
311 68 224 1165 1857
312 1153 227 1165 1857
438 276 225 1167 1859
687 1176 230 1167 1859
312 1155 227 1167 1859
669 1167 237 1167 1859
186 17 225 1167 1859
312 1156 239 1168 1860
312 1157 224 1169 1861
460 251 233 1170 1862
150 345 240 1170 1862
312 1158 222 1170 1862
498 305 232 1171 1863
754 435 226 1171 1863
498 306 247 1172 1864
754 436 236 1172 1864
46 1165 227 1173 1865
312 1161 243 1173 1865
498 308 233 1174 1866
726 740 221 1174 1866
312 1162 237 1174 1866
498 309 243 1175 1867
46 1167 231 1175 1867
124 1162 231 1175 1867
464 1177 234 1175 1867
312 1163 238 1175 1867
626 11 221 1175 1867
205 894 227 1176 1868
246 187 226 1176 1868
508 1084 227 1176 1868
657 298 227 1176 1868
464 1178 222 1176 1868
312 1164 228 1176 1868
338 529 224 1176 1868
205 895 225 1177 1869
508 1085 243 1177 1869
657 299 228 1177 1869
85 14 223 1177 1869
338 530 232 1177 1869
205 896 229 1178 1870
508 1086 240 1178 1870
657 300 225 1178 1870
251 153 227 1178 1870
338 531 221 1178 1870
508 1087 239 1179 1871
85 16 221 1179 1871
312 1167 227 1179 1871
626 2 226 1179 1871
709 246 231 1179 1871
205 898 230 1179 1871
508 1088 234 1179 1871
657 302 222 1180 1872
426 4 225 1180 1872
251 155 238 1180 1872
508 1089 230 1180 1872
205 899 225 1180 1872
657 303 221 1181 1873
665 273 222 1181 1873
312 1169 223 1181 1873
626 4 223 1181 1873
338 534 229 1181 1873
508 1090 233 1182 1874
640 760 227 1182 1874
665 274 230 1182 1874
312 1170 228 1182 1874
508 1091 231 1182 1874
657 305 221 1183 1875
312 1171 223 1183 1875
338 536 223 1183 1875
508 1092 232 1183 1875
312 1172 230 1184 1876
508 1093 233 1184 1876
626 8 222 1185 1877
508 1094 243 1185 1877
426 10 221 1186 1878
124 1173 222 1186 1878
251 161 223 1186 1878
709 253 221 1186 1878
508 1095 239 1187 1879
246 198 221 1187 1879
124 1174 222 1187 1879
312 1175 225 1187 1879
205 906 224 1188 1880
508 1096 243 1188 1880
312 1176 222 1188 1880
626 11 221 1188 1880
338 541 221 1188 1880
508 1097 242 1189 1881
426 13 222 1189 1881
640 767 224 1189 1881
464 1191 222 1189 1881
626 12 226 1189 1881
338 542 221 1189 1881
508 1098 235 1190 1882
426 14 222 1190 1882
124 1177 222 1190 1882
464 1192 225 1190 1882
665 282 223 1190 1882
251 165 222 1190 1882
312 1178 222 1190 1882
626 13 222 1190 1882
709 257 225 1190 1882
338 543 221 1190 1882
508 1099 236 1191 1883
657 313 221 1191 1883
426 15 223 1191 1883
464 1193 222 1191 1883
251 166 221 1191 1883
312 1179 223 1191 1883
508 1100 226 1192 1884
657 314 223 1192 1884
124 1179 229 1192 1884
763 283 221 1192 1884
312 1180 225 1192 1884
626 15 223 1192 1884
338 545 222 1192 1884
709 259 222 1192 1884
508 1101 239 1193 1885
426 17 223 1193 1885
312 1181 224 1193 1885
709 260 225 1193 1885
508 1102 235 1194 1886
426 18 227 1194 1886
464 1196 221 1194 1886
312 1182 224 1194 1886
124 1182 222 1195 1887
640 773 223 1195 1887
665 287 225 1195 1887
338 548 221 1195 1887
508 1104 233 1196 1888
124 1183 229 1196 1888
426 20 223 1196 1888
640 774 222 1196 1888
312 1184 238 1196 1888
626 19 231 1196 1888
338 549 223 1196 1888
709 263 224 1196 1888
205 915 221 1196 1888
85 1 227 1197 1889
464 1199 223 1197 1889
426 22 221 1198 1890
312 1187 222 1199 1891
508 1108 225 1200 1892
657 323 225 1201 1893
426 25 224 1201 1893
124 1188 226 1201 1893
640 779 221 1201 1893
312 1189 224 1201 1893
626 24 229 1201 1893
338 554 230 1201 1893
246 213 225 1201 1893
508 1110 225 1202 1894
85 6 224 1202 1894
657 324 225 1202 1894
124 1189 221 1202 1894
464 1204 226 1202 1894
640 780 221 1202 1894
312 1190 231 1202 1894
626 25 221 1202 1894
657 325 225 1203 1895
426 27 221 1203 1895
464 1205 223 1203 1895
763 294 222 1203 1895
665 295 228 1203 1895
312 1191 222 1203 1895
626 26 232 1203 1895
338 556 231 1203 1895
508 1112 231 1204 1896
85 8 221 1204 1896
312 1195 221 1207 1899
85 12 222 1208 1900
312 1202 221 1214 1906
508 1123 222 1215 1907
85 19 221 1215 1907
508 1125 224 1217 1909
426 41 227 1217 1909
426 42 225 1218 1910
312 1206 223 1218 1910
426 43 226 1219 1911
626 42 222 1219 1911
426 44 222 1220 1912
626 43 223 1220 1912
85 25 224 1221 1913
426 45 226 1221 1913
464 1223 222 1221 1913
426 46 229 1222 1914
312 1210 227 1222 1914
626 45 221 1222 1914
426 47 229 1223 1915
626 46 225 1223 1915
426 48 225 1224 1916
626 47 224 1224 1916
426 49 224 1225 1917
626 48 223 1225 1917
508 1134 223 1226 1918
426 50 228 1226 1918
312 1214 228 1226 1918
626 49 226 1226 1918
426 51 224 1227 1919
312 1215 222 1227 1919
508 1136 224 1228 1920
657 350 223 1228 1920
426 52 222 1228 1920
312 1216 225 1228 1920
338 581 221 1228 1920
426 53 226 1229 1921
312 1217 226 1229 1921
626 52 221 1229 1921
426 54 229 1230 1922
312 1218 225 1230 1922
626 53 223 1230 1922
508 1139 222 1231 1923
426 55 227 1231 1923
312 1219 225 1231 1923
626 54 223 1231 1923
426 56 227 1232 1924
312 1220 221 1232 1924
626 55 221 1232 1924
657 355 221 1233 1925
426 57 226 1233 1925
312 1221 223 1233 1925
508 1142 225 1234 1926
426 58 226 1234 1926
508 1143 227 1235 1927
426 59 225 1235 1927
665 327 222 1235 1927
312 1223 223 1235 1927
508 1144 226 1236 1928
508 1145 226 1237 1929
426 61 223 1237 1929
312 1225 231 1237 1929
426 62 225 1238 1930
312 1226 226 1238 1930
508 1147 231 1239 1931
426 63 223 1239 1931
626 62 222 1239 1931
508 1148 221 1240 1932
426 64 226 1240 1932
312 1228 225 1240 1932
626 63 221 1240 1932
508 1149 225 1241 1933
426 65 226 1241 1933
312 1229 224 1241 1933
508 1150 226 1242 1934
426 66 223 1242 1934
508 1151 227 1243 1935
426 67 225 1243 1935
508 1154 225 1246 1938
246 258 223 1246 1938
508 1155 225 1247 1939
426 71 222 1247 1939
626 70 225 1247 1939
338 600 222 1247 1939
508 1156 225 1248 1940
426 72 222 1248 1940
312 1236 221 1248 1940
508 1157 224 1249 1941
426 73 223 1249 1941
312 1237 221 1249 1941
626 72 221 1249 1941
246 261 224 1249 1941
426 74 221 1250 1942
246 262 222 1250 1942
508 1159 222 1251 1943
508 1160 222 1252 1944
426 76 223 1252 1944
626 75 221 1252 1944
508 1161 225 1253 1945
312 1241 224 1253 1945
426 78 221 1254 1946
312 1242 222 1254 1946
246 266 221 1255 1947
508 1163 223 1255 1947
426 79 223 1255 1947
312 1243 226 1255 1947
665 347 224 1255 1947
508 1164 225 1256 1948
426 80 223 1256 1948
312 1244 224 1256 1948
508 1165 221 1257 1949
508 1166 223 1258 1950
85 62 221 1258 1950
657 380 222 1258 1950
312 1246 224 1258 1950
626 81 222 1258 1950
246 270 221 1259 1951
508 1167 221 1259 1951
426 83 225 1259 1951
665 351 222 1259 1951
426 84 222 1260 1952
763 351 221 1260 1952
508 1169 221 1261 1953
312 1250 221 1262 1954
508 1171 225 1263 1955
508 1172 224 1264 1956
251 239 226 1264 1956
508 1173 221 1265 1957
665 357 222 1265 1957
508 1174 225 1266 1958
426 93 221 1269 1961
426 95 223 1271 1963
508 1181 231 1273 1965
85 77 224 1273 1965
426 97 224 1273 1965
626 96 221 1273 1965
508 1182 227 1274 1966
426 98 223 1274 1966
464 1276 224 1274 1966
124 1261 225 1274 1966
709 341 221 1274 1966
626 97 227 1274 1966
508 1183 225 1275 1967
426 99 226 1275 1967
312 1263 227 1275 1967
709 342 221 1275 1967
626 98 226 1275 1967
508 1184 231 1276 1968
426 100 222 1276 1968
312 1264 221 1276 1968
626 99 227 1276 1968
246 288 223 1277 1969
657 399 223 1277 1969
626 100 223 1277 1969
426 102 224 1278 1970
464 1280 222 1278 1970
626 101 226 1278 1970
657 401 221 1279 1971
665 371 223 1279 1971
85 84 221 1280 1972
312 1268 230 1280 1972
665 372 222 1280 1972
709 347 222 1280 1972
763 371 225 1280 1972
508 1189 221 1281 1973
640 859 222 1281 1973
312 1269 232 1281 1973
665 373 221 1281 1973
763 372 222 1281 1973
657 404 222 1282 1974
640 860 238 1282 1974
665 374 224 1282 1974
312 1270 222 1282 1974
763 373 227 1282 1974
508 1191 221 1283 1975
640 861 221 1283 1975
312 1271 225 1283 1975
626 106 222 1283 1975
85 88 222 1284 1976
657 406 222 1284 1976
665 376 221 1284 1976
312 1272 233 1284 1976
464 1286 221 1284 1976
626 108 227 1285 1977
763 376 222 1285 1977
312 1274 222 1286 1978
763 377 225 1286 1978
85 91 221 1287 1979
312 1275 231 1287 1979
626 110 222 1287 1979
246 299 225 1288 1980
85 92 222 1288 1980
657 410 221 1288 1980
426 112 222 1288 1980
312 1276 229 1288 1980
626 111 225 1288 1980
763 379 223 1288 1980
246 300 226 1289 1981
508 1197 221 1289 1981
426 113 223 1289 1981
640 867 221 1289 1981
312 1277 233 1289 1981
464 1291 222 1289 1981
626 112 221 1289 1981
763 380 223 1289 1981
85 94 225 1290 1982
426 114 222 1290 1982
640 868 227 1290 1982
124 1277 221 1290 1982
312 1278 231 1290 1982
508 1201 225 1293 1985
85 97 226 1293 1985
426 117 225 1293 1985
338 646 225 1293 1985
763 384 225 1293 1985
246 305 224 1294 1986
85 98 221 1294 1986
426 118 221 1294 1986
665 386 221 1294 1986
124 1281 222 1294 1986
640 872 222 1294 1986
312 1282 226 1294 1986
464 1296 223 1294 1986
426 119 222 1295 1987
763 386 221 1295 1987
508 1204 225 1295 1987
85 100 225 1295 1987
205 1014 224 1295 1987
665 388 224 1296 1988
312 1284 226 1296 1988
709 363 227 1296 1988
338 649 227 1296 1988
568 465 223 1296 1988
246 308 233 1296 1988
508 1205 225 1296 1988
85 101 222 1296 1988
657 419 228 1297 1989
784 503 224 1297 1989
665 389 222 1297 1989
763 388 228 1297 1989
568 466 221 1297 1989
85 102 226 1297 1989
657 420 233 1298 1990
426 122 227 1298 1990
312 1286 230 1298 1990
508 1207 246 1298 1990
554 69 225 1299 1991
640 877 221 1299 1991
312 1287 224 1299 1991
338 652 225 1299 1991
657 422 225 1300 1992
426 124 224 1300 1992
665 392 223 1300 1992
508 1209 238 1300 1992
426 125 241 1301 1993
665 393 235 1301 1993
665 394 231 1302 1994
665 395 242 1303 1995
665 396 244 1304 1996
665 397 238 1305 1997
665 398 242 1306 1998
665 399 238 1307 1999
665 400 240 1308 2000
665 401 224 1309 2001
733 2 229 1310 2002
729 724 227 1310 2002
343 1295 221 1310 2002
662 1155 227 1311 2003
423 1302 233 1311 2003
665 403 235 1311 2003
767 1311 224 1311 2003
733 3 239 1311 2003
729 725 222 1311 2003
343 1296 231 1311 2003
604 71 221 1311 2003
508 1220 246 1311 2003
662 1156 233 1312 2004
423 1303 231 1312 2004
733 4 242 1312 2004
343 1297 233 1312 2004
85 117 225 1312 2004
396 794 224 1313 2005
508 1222 239 1313 2005
508 1223 242 1314 2006
767 1315 225 1315 2007
508 1224 241 1315 2007
43 1316 236 1316 2008
215 239 224 1316 2008
282 1318 227 1317 2009
508 1226 241 1317 2009
508 1227 226 1318 2010
690 106 229 1319 2011
171 570 223 1319 2011
