480 71 222 0 763
407 71 238 0 763
676 70 221 0 763
30 74 223 2 765
30 75 226 3 766
480 74 223 3 766
407 74 222 3 766
61 79 224 3 766
407 75 227 4 767
676 74 223 4 767
29 76 221 5 768
601 79 224 5 768
407 76 221 5 768
676 75 239 5 768
29 77 222 6 769
407 77 221 6 769
676 76 226 6 769
30 79 223 7 770
676 77 222 7 770
30 80 221 8 771
407 79 221 8 771
323 2 233 8 771
601 83 224 9 772
407 80 229 9 772
30 82 227 10 773
407 81 228 10 773
323 5 230 11 774
30 84 227 12 775
676 82 230 12 775
323 6 227 12 775
30 85 225 13 776
288 82 221 14 777
386 13 224 14 777
663 82 223 14 777
212 86 224 15 778
27 77 221 15 778
735 87 226 15 778
37 70 221 16 779
660 74 221 16 779
557 92 221 16 779
342 87 225 16 779
306 93 224 17 780
315 25 225 17 780
476 88 221 17 780
152 86 225 18 781
269 92 228 18 781
489 29 223 18 781
557 94 221 18 781
344 80 223 18 781
602 67 241 18 781
321 53 226 19 782
618 91 224 19 782
153 77 222 19 782
206 56 232 20 783
420 60 227 20 783
78 79 221 20 783
579 98 231 20 783
102 84 237 20 783
174 72 222 21 784
522 92 223 21 784
679 95 223 21 784
749 83 225 21 784
518 92 239 21 784
208 95 222 22 785
5 92 221 22 785
658 93 223 22 785
294 89 221 22 785
167 94 228 22 785
658 94 223 23 786
508 1 221 23 786
732 44 223 23 786
54 82 223 24 787
665 9 233 24 787
671 102 222 24 787
373 82 225 24 787
98 90 221 24 787
589 102 224 24 787
732 45 227 24 787
665 10 221 25 788
671 103 229 25 788
373 83 221 25 788
671 104 226 26 789
373 84 221 26 789
589 104 237 26 789
589 105 237 27 790
671 106 221 28 791
392 100 248 28 791
54 87 222 29 792
343 83 225 29 792
684 75 225 29 792
671 107 221 29 792
373 87 221 29 792
559 89 221 29 792
392 101 241 29 792
397 68 228 30 793
302 104 221 30 793
684 76 229 30 793
226 94 221 30 793
671 108 222 30 793
589 108 225 30 793
392 102 225 30 793
177 103 225 30 793
397 69 225 31 794
684 77 227 31 794
671 109 223 31 794
589 109 232 31 794
177 104 223 32 795
397 70 221 32 795
684 78 225 32 795
671 110 223 32 795
302 107 223 33 796
671 111 224 33 796
589 111 225 33 796
671 112 222 34 797
671 113 225 35 798
589 113 229 35 798
177 108 221 35 798
99 96 225 36 799
302 110 221 36 799
671 114 235 36 799
589 114 227 36 799
99 97 225 37 800
671 115 233 37 800
589 115 233 37 800
302 112 221 38 801
671 116 227 38 801
589 116 233 38 801
302 113 223 39 802
671 117 231 39 802
589 117 229 39 802
382 102 221 40 803
671 118 241 40 803
589 118 223 40 803
671 119 234 41 804
589 119 225 41 804
671 120 233 42 805
671 121 237 43 806
337 108 224 43 806
177 116 221 43 806
99 104 225 44 807
589 122 227 44 807
177 117 226 44 807
175 59 223 44 807
684 91 221 45 808
671 123 229 45 808
589 123 235 45 808
177 118 225 45 808
175 60 223 45 808
732 66 223 45 808
99 106 221 46 809
684 92 224 46 809
302 120 225 46 809
671 124 221 46 809
589 124 235 46 809
177 119 225 46 809
175 61 225 46 809
99 107 221 47 810
684 93 223 47 810
671 125 230 47 810
589 125 236 47 810
175 62 224 47 810
684 94 225 48 811
302 122 224 48 811
671 126 233 48 811
589 126 235 48 811
177 121 226 48 811
397 87 231 48 811
175 63 228 48 811
684 95 223 49 812
671 127 229 49 812
589 127 235 49 812
99 110 225 50 813
684 96 223 50 813
671 128 233 50 813
589 128 223 50 813
671 129 221 51 814
589 130 226 52 815
589 131 231 53 816
177 126 222 53 816
589 132 230 54 817
397 93 223 54 817
684 101 225 55 818
175 70 224 55 818
302 130 222 56 819
439 49 226 56 819
527 126 223 56 819
589 134 225 56 819
177 129 223 56 819
205 127 225 56 819
397 95 224 56 819
738 61 225 56 819
684 103 223 57 820
302 131 221 57 820
671 135 231 57 820
508 35 225 57 820
205 128 222 57 820
175 72 222 57 820
392 129 231 57 820
99 118 237 57 820
151 128 221 58 821
684 104 226 58 821
372 104 223 58 821
589 136 227 58 821
397 97 231 58 821
99 119 224 59 822
527 129 225 59 822
589 137 229 59 822
177 132 233 59 822
397 98 222 59 822
392 131 221 59 822
99 120 246 60 823
54 118 221 60 823
372 106 241 60 823
671 138 230 60 823
177 133 223 60 823
175 75 235 60 823
684 107 224 61 824
372 107 227 61 824
302 135 222 61 824
671 139 223 61 824
177 134 221 61 824
738 66 223 61 824
99 122 239 61 824
579 140 222 62 825
439 55 230 62 825
589 140 225 62 825
177 135 221 62 825
738 67 228 62 825
99 123 241 62 825
439 56 227 63 826
579 142 231 64 827
439 57 235 64 827
177 137 238 64 827
205 135 221 64 827
99 125 244 64 827
684 111 224 65 828
589 143 221 65 828
177 138 235 65 828
392 137 229 65 828
382 128 225 66 829
684 112 239 66 829
589 144 239 66 829
177 139 225 66 829
382 129 223 67 830
684 113 221 67 830
302 141 224 67 830
439 60 221 67 830
589 145 229 67 830
177 140 229 67 830
175 82 224 67 830
382 130 222 68 831
372 114 223 68 831
439 61 233 68 831
732 89 223 68 831
175 83 225 68 831
392 140 231 68 831
99 129 241 68 831
52 129 228 69 832
382 131 225 69 832
54 127 221 69 832
372 115 223 69 832
439 62 237 69 832
732 90 226 69 832
99 130 233 69 832
382 132 223 70 833
684 116 227 70 833
302 144 222 70 833
372 116 222 70 833
589 148 221 70 833
382 133 221 71 834
589 149 229 71 834
732 92 227 71 834
392 143 235 71 834
382 134 223 72 835
684 118 234 72 835
372 118 229 72 835
226 136 221 72 835
439 65 223 72 835
671 150 228 72 835
527 142 221 72 835
177 145 233 72 835
99 133 221 72 835
671 151 222 73 836
589 151 225 73 836
175 88 227 73 836
684 120 223 74 837
671 152 223 74 837
373 132 222 74 837
99 135 232 74 837
684 121 224 75 838
671 153 222 75 838
589 153 223 75 838
177 148 221 75 838
684 122 225 76 839
671 154 223 76 839
589 154 222 76 839
397 115 223 76 839
175 91 224 76 839
684 123 225 77 840
397 116 222 77 840
99 138 223 78 841
302 152 221 78 841
684 124 222 78 841
99 139 225 79 842
684 125 221 79 842
439 72 221 79 842
671 157 221 79 842
589 157 223 79 842
175 94 223 79 842
99 140 221 80 843
382 142 225 80 843
684 126 223 80 843
457 151 221 80 843
671 158 224 80 843
589 158 221 80 843
99 141 224 81 844
589 159 227 81 844
177 154 227 81 844
175 96 221 81 844
392 153 222 81 844
382 144 221 82 845
671 160 225 82 845
589 160 229 82 845
373 140 222 82 845
684 129 223 83 846
589 161 221 83 846
99 144 224 84 847
684 130 225 84 847
671 162 225 84 847
589 162 225 84 847
175 99 221 84 847
684 131 226 85 848
671 163 227 85 848
589 163 223 85 848
99 146 226 86 849
671 164 230 86 849
589 164 235 86 849
151 157 222 86 849
684 133 226 87 850
439 80 222 87 850
589 165 222 87 850
175 102 223 87 850
99 148 225 88 851
684 134 226 88 851
439 81 224 88 851
671 166 234 88 851
177 161 225 88 851
175 103 225 88 851
684 135 227 89 852
589 167 235 89 852
175 104 223 89 852
392 161 221 89 852
684 136 231 90 853
671 168 221 90 853
589 168 231 90 853
98 156 222 90 853
684 137 221 91 854
671 169 227 91 854
589 169 228 91 854
175 106 222 91 854
671 170 221 92 855
589 170 232 92 855
397 131 221 92 855
671 171 227 93 856
589 171 235 93 856
589 172 222 94 857
671 173 223 95 858
589 173 225 95 858
397 134 222 95 858
684 142 221 96 859
589 174 233 96 859
175 111 225 96 859
589 175 229 97 860
671 176 225 98 861
589 176 231 98 861
589 177 232 99 862
671 178 224 100 863
589 178 229 100 863
589 179 225 101 864
684 148 227 102 865
99 162 224 102 865
589 180 226 102 865
99 163 223 103 866
671 181 230 103 866
589 181 223 103 866
99 164 222 104 867
589 185 224 107 870
99 168 222 108 871
589 186 225 108 871
99 169 222 109 872
671 188 227 110 873
175 125 226 110 873
671 189 223 111 874
671 190 238 112 875
671 191 233 113 876
671 192 226 114 877
671 194 226 116 879
175 131 223 116 879
684 164 223 118 881
589 196 229 118 881
175 133 221 118 881
177 191 226 118 881
684 165 222 119 882
671 197 227 119 882
175 134 227 119 882
99 180 221 120 883
671 198 232 120 883
177 193 224 120 883
671 199 227 121 884
589 199 223 121 884
177 194 221 121 884
684 168 231 122 885
671 200 227 122 885
439 115 221 122 885
99 183 222 123 886
671 201 233 123 886
589 201 224 123 886
684 170 223 124 887
99 184 221 124 887
671 202 231 124 887
589 202 223 124 887
671 203 223 125 888
671 204 228 126 889
684 173 223 127 890
99 187 221 127 890
671 205 234 127 890
439 120 221 127 890
589 205 227 127 890
99 188 223 128 891
671 206 225 128 891
589 206 221 128 891
177 201 221 128 891
684 175 223 129 892
99 189 222 129 892
671 207 234 129 892
589 207 234 129 892
671 208 236 130 893
589 208 225 130 893
671 209 235 131 894
589 209 227 131 894
671 210 228 132 895
589 210 227 132 895
671 211 233 133 896
589 211 226 133 896
177 206 228 133 896
671 212 227 134 897
177 207 221 134 897
671 213 223 135 898
175 151 226 136 899
177 209 231 136 899
671 215 221 137 900
589 215 227 137 900
177 210 228 137 900
671 216 223 138 901
589 216 221 138 901
175 153 225 138 901
177 211 231 138 901
372 185 221 139 902
669 207 221 139 902
671 217 226 139 902
671 220 233 142 905
671 221 241 143 906
589 221 223 143 906
177 216 222 143 906
671 222 235 144 907
589 222 229 144 907
684 191 225 145 908
671 223 243 145 908
589 223 233 145 908
382 208 225 146 909
671 224 226 146 909
589 224 239 146 909
392 218 222 146 909
175 161 221 146 909
671 225 238 147 910
684 193 223 147 910
589 225 237 147 910
175 162 222 147 910
382 210 222 147 910
684 194 223 148 911
671 226 225 148 911
177 223 222 150 913
671 229 222 151 914
589 229 226 151 914
177 224 221 151 914
671 230 229 152 915
589 230 224 152 915
177 225 225 152 915
671 231 241 153 916
589 231 231 153 916
684 200 222 154 917
671 232 243 154 917
439 147 232 154 917
99 214 222 154 917
589 232 234 154 917
177 227 227 154 917
382 217 223 154 917
671 233 243 155 918
589 233 231 155 918
177 228 229 155 918
175 170 227 155 918
671 234 227 156 919
99 216 221 156 919
589 234 223 156 919
177 229 225 156 919
175 171 225 156 919
397 195 222 156 919
671 235 234 157 920
177 230 221 157 920
177 231 221 158 921
671 238 233 160 923
175 178 223 163 926
671 242 229 164 927
671 244 235 166 929
589 244 223 166 929
671 245 225 167 930
589 245 223 167 930
671 246 228 168 931
177 241 222 168 931
671 247 227 169 932
671 250 223 172 935
671 251 221 173 936
175 188 222 173 936
177 246 223 173 936
382 236 221 174 937
439 167 221 174 937
343 228 221 174 937
589 252 236 174 937
175 189 223 174 937
397 213 225 174 937
392 246 223 174 937
382 237 225 175 938
671 253 233 175 938
589 253 224 175 938
175 190 229 175 938
397 214 224 175 938
732 196 225 175 938
382 238 225 176 939
671 254 223 176 939
302 250 226 176 939
589 254 222 176 939
177 249 221 176 939
589 255 228 177 940
671 256 225 178 941
589 256 226 178 941
175 193 223 178 941
372 225 222 178 941
684 225 221 179 942
671 257 225 179 942
589 257 231 179 942
177 252 227 179 942
175 194 229 179 942
392 251 224 179 942
684 226 225 180 943
382 242 223 180 943
99 240 225 180 943
589 258 231 180 943
177 253 224 180 943
684 227 224 180 943
671 259 231 181 944
99 241 223 181 944
457 252 222 181 944
589 259 225 181 944
177 254 226 181 944
671 260 233 182 945
589 260 233 182 945
177 255 225 182 945
397 221 224 182 945
382 245 227 183 946
671 261 231 183 946
589 261 231 183 946
175 198 225 183 946
397 222 230 183 946
392 255 221 183 946
684 230 221 183 946
382 246 221 184 947
439 177 221 184 947
589 262 225 184 947
175 199 227 184 947
397 223 223 184 947
732 205 222 184 947
382 247 224 185 948
671 263 234 185 948
397 224 225 185 948
382 248 222 186 949
671 264 235 186 949
589 264 225 186 949
175 201 225 186 949
671 265 227 187 950
589 265 227 187 950
175 202 221 187 950
671 266 229 188 951
175 203 225 188 951
671 267 224 189 952
177 262 230 189 952
671 268 229 190 953
671 269 226 191 954
671 270 226 192 955
589 270 222 192 955
671 271 226 193 956
589 271 223 193 956
671 272 243 194 957
589 272 221 194 957
671 273 240 195 958
589 273 227 195 958
177 268 222 195 958
671 274 222 196 959
589 274 225 196 959
671 275 230 197 960
671 276 227 198 961
589 276 233 198 961
589 277 221 199 962
671 280 221 201 964
177 275 223 202 965
175 217 221 202 965
99 3 224 202 965
382 265 224 202 965
589 281 226 203 966
177 276 225 203 966
382 266 223 203 966
671 282 223 203 966
177 277 225 204 967
671 283 221 204 967
177 278 224 205 968
175 220 227 205 968
382 268 223 205 968
671 284 228 205 968
177 279 226 206 969
382 269 223 206 969
671 285 227 206 969
177 280 225 207 970
175 222 221 207 970
671 286 223 207 970
589 287 224 209 972
177 282 225 209 972
671 288 221 209 972
589 289 225 211 974
177 284 223 211 974
671 290 227 211 974
372 258 223 211 974
439 205 223 211 974
589 290 229 212 975
99 13 223 212 975
671 291 223 212 975
372 259 221 212 975
589 291 232 213 976
589 294 233 216 979
175 231 224 216 979
99 17 223 216 979
671 295 221 216 979
439 210 223 216 979
589 295 228 217 980
671 297 226 218 981
589 297 221 219 982
177 295 227 222 985
99 23 231 222 985
439 216 222 222 985
589 301 221 223 986
177 296 225 223 986
589 302 223 224 987
177 299 221 226 989
732 251 221 230 993
392 302 222 230 993
589 309 225 231 994
177 304 222 231 994
99 32 221 231 994
382 294 223 231 994
671 310 227 231 994
177 305 221 232 995
671 311 227 232 995
439 226 225 232 995
302 307 223 233 996
177 307 225 234 997
671 314 222 236 999
589 314 223 236 999
382 299 223 236 999
671 315 230 236 999
589 315 227 237 1000
175 252 222 237 1000
177 310 225 237 1000
99 38 221 237 1000
372 284 221 237 1000
671 316 229 237 1000
589 316 230 238 1001
175 253 221 238 1001
177 311 227 238 1001
671 317 233 238 1001
589 317 227 239 1002
671 318 225 239 1002
177 313 222 240 1003
671 319 223 240 1003
589 319 233 241 1004
589 320 227 242 1005
392 314 223 242 1005
151 313 221 242 1005
177 315 223 242 1005
671 321 236 242 1005
684 33 227 242 1005
439 236 222 243 1006
589 321 247 243 1006
99 44 231 243 1006
589 322 231 244 1007
99 45 225 244 1007
589 323 229 245 1008
589 324 221 246 1009
589 326 225 248 1011
589 327 223 249 1012
589 328 222 250 1013
589 329 222 251 1014
99 52 226 251 1014
372 298 222 251 1014
671 330 235 251 1014
589 330 233 252 1015
732 273 225 252 1015
99 53 221 252 1015
671 331 223 252 1015
589 331 235 253 1016
508 231 221 253 1016
177 326 222 253 1016
55 322 223 255 1018
208 328 227 255 1018
302 329 223 255 1018
365 3 223 255 1018
294 322 222 255 1018
772 329 221 255 1018
703 310 231 256 1019
749 3 225 256 1019
563 329 221 256 1019
772 330 223 256 1019
384 329 221 256 1019
207 312 223 256 1019
536 331 227 256 1019
416 324 225 257 1020
304 319 223 257 1020
297 261 223 257 1020
193 315 222 257 1020
391 253 240 258 1021
578 329 231 259 1022
610 30 221 259 1022
489 271 225 260 1023
621 327 221 260 1023
212 332 249 261 1024
508 239 222 261 1024
7 319 225 261 1024
562 331 221 261 1024
212 333 223 262 1025
294 329 222 262 1025
562 332 221 262 1025
470 248 229 262 1025
166 304 226 262 1025
210 321 221 263 1026
556 340 232 263 1026
221 333 237 263 1026
757 307 221 264 1027
263 149 227 264 1027
779 299 221 264 1027
407 48 229 266 1029
174 318 243 266 1029
407 49 239 267 1030
174 319 253 267 1030
407 50 241 268 1031
174 320 245 268 1031
3 255 222 269 1032
407 51 233 269 1032
174 321 250 269 1032
3 256 227 270 1033
407 52 237 270 1033
174 322 254 270 1033
3 257 237 271 1034
407 53 239 271 1034
206 310 224 273 1036
206 311 235 274 1037
290 348 224 275 1038
512 325 221 275 1038
512 326 223 276 1039
537 331 226 276 1039
512 327 222 277 1040
181 315 223 277 1040
233 352 235 277 1040
77 347 231 277 1040
290 351 223 278 1041
512 328 222 278 1041
77 349 225 279 1042
512 330 222 280 1043
188 299 223 284 1047
556 364 221 287 1050
407 70 224 288 1051
136 129 223 288 1051
601 363 221 289 1052
174 342 233 290 1053
136 132 224 291 1054
174 343 233 291 1054
174 345 223 293 1056
174 347 223 295 1058
712 364 237 295 1058
712 365 226 296 1059
174 350 221 298 1061
407 81 222 299 1062
174 351 221 299 1062
188 315 228 300 1063
174 353 221 301 1064
174 360 223 308 1071
174 361 221 309 1072
174 378 222 326 1089
174 391 221 339 1102
174 404 221 352 1115
559 299 226 352 1115
694 72 224 353 1116
174 413 221 361 1124
684 152 225 362 1125
684 156 221 365 1128
684 159 221 369 1132
559 317 225 370 1133
684 161 221 371 1134
167 76 226 371 1134
559 318 223 371 1134
750 450 221 379 1142
559 329 221 382 1145
174 438 227 386 1149
174 441 223 389 1152
174 445 225 393 1156
174 446 231 394 1157
174 450 225 398 1161
174 451 226 399 1162
174 458 221 406 1169
174 459 222 407 1170
174 460 223 408 1171
174 463 227 411 1174
174 465 227 413 1176
174 466 222 414 1177
3 402 221 415 1178
174 477 221 425 1188
174 486 221 434 1197
174 491 224 439 1202
174 492 225 440 1203
174 499 222 447 1210
174 506 224 455 1218
494 46 225 455 1218
174 509 223 458 1221
174 510 223 459 1222
174 514 225 463 1226
174 515 222 464 1227
174 516 227 465 1228
174 518 223 467 1230
174 520 227 468 1231
263 122 228 469 1232
174 521 233 469 1232
408 543 222 471 1234
99 272 233 472 1235
174 524 222 472 1235
174 526 225 474 1237
174 527 229 475 1238
174 528 229 476 1239
174 529 229 477 1240
174 531 222 479 1242
174 532 225 480 1243
174 533 222 481 1244
174 534 221 482 1245
174 536 228 484 1247
712 554 222 485 1248
174 537 233 485 1248
390 551 223 486 1249
174 538 231 486 1249
40 218 233 487 1250
665 358 225 487 1250
455 560 224 488 1251
333 555 222 488 1251
536 563 225 488 1251
579 567 221 488 1251
451 563 229 489 1252
333 556 221 489 1252
174 542 241 491 1254
104 557 249 491 1254
437 518 226 492 1255
174 543 246 492 1255
320 7 222 492 1255
174 544 237 493 1256
542 530 225 493 1256
174 545 236 494 1257
384 567 222 494 1257
174 546 241 495 1258
360 6 221 495 1258
45 225 221 495 1258
785 556 241 495 1258
644 560 227 495 1258
174 547 231 496 1259
646 547 227 496 1259
174 548 226 497 1260
197 570 222 497 1260
661 419 223 497 1260
174 549 245 498 1261
197 571 223 498 1261
174 550 226 498 1261
661 421 223 499 1262
174 551 222 500 1263
197 573 227 500 1263
661 422 235 500 1263
197 574 227 501 1264
661 424 243 502 1265
661 426 238 504 1267
174 556 247 505 1268
197 578 223 505 1268
661 427 233 505 1268
174 557 227 506 1269
197 579 222 506 1269
661 428 238 506 1269
174 558 239 507 1270
661 429 222 507 1270
174 559 235 508 1271
661 430 225 508 1271
661 431 233 509 1272
174 561 227 510 1273
664 569 238 510 1273
661 432 241 510 1273
174 562 242 511 1274
552 578 237 511 1274
661 433 229 511 1274
174 563 235 512 1275
197 585 221 512 1275
552 579 225 512 1275
174 564 239 513 1276
197 586 221 513 1276
664 572 231 513 1276
552 580 226 513 1276
174 565 239 514 1277
664 573 223 514 1277
174 566 238 514 1277
661 437 226 515 1278
174 567 239 515 1278
664 575 223 516 1279
552 583 247 516 1279
174 568 239 516 1279
664 576 225 517 1280
552 584 227 517 1280
174 569 239 517 1280
664 577 223 518 1281
552 585 225 518 1281
661 440 221 518 1281
174 570 239 518 1281
664 578 236 519 1282
552 586 229 519 1282
174 571 237 519 1282
197 593 223 520 1283
664 579 231 520 1283
552 587 233 520 1283
661 442 221 520 1283
174 572 241 520 1283
552 588 227 521 1284
174 573 237 521 1284
552 589 223 522 1285
661 444 222 522 1285
174 574 237 522 1285
664 582 237 523 1286
552 590 226 523 1286
174 575 222 523 1286
552 591 226 524 1287
661 446 221 524 1287
174 576 225 524 1287
664 584 238 525 1288
552 592 234 525 1288
174 577 221 525 1288
664 585 221 526 1289
552 593 229 526 1289
664 586 236 527 1290
552 594 230 527 1290
174 579 227 527 1290
664 587 230 528 1291
197 601 225 528 1291
552 595 222 528 1291
174 580 237 528 1291
664 588 235 529 1292
552 596 233 529 1292
174 581 238 529 1292
664 589 237 530 1293
552 597 229 530 1293
664 590 236 531 1294
552 598 233 531 1294
664 591 235 532 1295
552 599 232 532 1295
174 584 221 532 1295
197 606 224 533 1296
664 592 239 533 1296
552 600 243 533 1296
661 455 222 533 1296
174 585 227 533 1296
664 593 238 534 1297
552 601 237 534 1297
174 586 223 534 1297
664 594 233 535 1298
552 602 239 535 1298
661 457 227 535 1298
664 595 225 536 1299
552 603 233 536 1299
661 458 235 536 1299
174 588 246 536 1299
664 596 225 537 1300
552 604 229 537 1300
661 459 223 537 1300
174 589 241 537 1300
552 605 237 538 1301
661 460 221 538 1301
174 590 244 538 1301
664 598 225 539 1302
552 606 235 539 1302
174 591 232 539 1302
664 599 226 540 1303
552 607 223 540 1303
174 592 241 540 1303
664 600 229 541 1304
552 608 221 541 1304
174 593 245 541 1304
664 601 221 542 1305
552 609 227 542 1305
661 464 233 542 1305
174 594 245 542 1305
664 602 234 543 1306
661 465 221 543 1306
174 595 248 543 1306
664 603 223 544 1307
661 466 233 544 1307
174 596 241 544 1307
664 604 229 545 1308
552 612 233 545 1308
174 597 235 545 1308
552 613 224 546 1309
661 468 227 546 1309
174 598 242 546 1309
661 469 221 547 1310
174 599 237 547 1310
664 607 223 548 1311
197 621 223 548 1311
552 615 224 548 1311
174 600 239 548 1311
174 601 239 549 1312
664 609 223 550 1313
661 472 229 550 1313
174 602 225 550 1313
197 624 221 551 1314
552 618 222 551 1314
174 603 225 551 1314
664 611 229 552 1315
206 590 231 553 1316
664 613 228 554 1317
552 621 235 554 1317
661 476 230 554 1317
174 606 223 554 1317
661 477 225 555 1318
664 615 228 556 1319
206 594 223 557 1320
552 624 225 557 1320
661 479 224 557 1320
174 609 239 557 1320
206 595 229 558 1321
552 625 225 558 1321
661 480 235 558 1321
174 610 243 558 1321
206 596 232 559 1322
664 618 223 559 1322
552 626 223 559 1322
661 481 227 559 1322
174 611 243 559 1322
206 597 222 560 1323
552 627 223 560 1323
174 612 244 560 1323
664 620 227 561 1324
661 483 228 561 1324
174 613 222 561 1324
664 621 225 562 1325
661 484 231 562 1325
174 614 225 562 1325
206 600 221 563 1326
661 485 227 563 1326
174 615 243 563 1326
664 623 221 564 1327
206 601 226 564 1327
552 631 227 564 1327
174 623 241 571 1334
206 609 221 572 1335
664 631 235 572 1335
552 639 237 572 1335
661 494 225 572 1335
664 632 227 573 1336
552 640 228 573 1336
661 495 223 573 1336
664 633 233 574 1337
206 611 226 574 1337
552 641 231 574 1337
661 496 231 574 1337
664 634 233 575 1338
552 642 231 575 1338
664 635 233 576 1339
552 643 235 576 1339
664 636 221 577 1340
552 644 223 577 1340
661 499 221 577 1340
664 637 221 578 1341
552 645 225 578 1341
664 638 227 579 1342
664 639 227 580 1343
552 647 221 580 1343
664 640 223 581 1344
664 641 221 582 1345
664 642 225 583 1346
552 650 221 583 1346
664 643 223 584 1347
552 651 223 584 1347
664 644 221 585 1348
664 645 221 586 1349
664 646 231 587 1350
552 654 233 587 1350
661 509 233 587 1350
664 647 233 588 1351
552 655 225 588 1351
661 510 223 588 1351
552 656 233 589 1352
661 511 228 589 1352
664 649 227 590 1353
206 627 221 590 1353
552 657 231 590 1353
661 512 231 590 1353
174 642 221 590 1353
552 658 227 591 1354
661 513 227 591 1354
174 643 221 591 1354
664 651 225 592 1355
552 659 225 592 1355
661 514 237 592 1355
661 515 231 593 1356
206 631 221 594 1357
552 661 223 594 1357
661 516 231 594 1357
664 654 227 595 1358
552 662 227 595 1358
661 517 230 595 1358
552 664 223 597 1360
661 519 224 597 1360
664 657 225 598 1361
661 520 229 598 1361
206 636 227 599 1362
664 658 222 599 1362
552 666 221 599 1362
552 668 228 601 1364
206 639 222 602 1365
552 669 225 602 1365
661 524 225 602 1365
664 663 227 604 1367
664 664 238 605 1368
552 672 233 605 1368
661 527 229 605 1368
664 665 223 606 1369
552 673 231 606 1369
661 528 241 606 1369
664 666 235 607 1370
552 674 233 607 1370
661 529 242 607 1370
552 675 228 608 1371
661 530 238 608 1371
552 676 229 609 1372
661 531 237 609 1372
661 532 239 610 1373
174 662 222 610 1373
552 678 237 611 1374
661 533 243 611 1374
664 671 221 612 1375
661 534 238 612 1375
552 680 235 613 1376
661 535 241 613 1376
174 665 223 613 1376
664 673 228 614 1377
661 536 237 614 1377
174 666 221 614 1377
661 537 241 615 1378
174 667 233 615 1378
552 683 233 616 1379
661 538 224 616 1379
174 668 231 616 1379
552 684 225 617 1380
661 539 235 617 1380
174 669 227 617 1380
552 685 226 618 1381
661 540 231 618 1381
174 670 232 618 1381
206 656 221 619 1382
552 686 229 619 1382
661 541 235 619 1382
174 671 232 619 1382
552 687 224 620 1383
661 542 234 620 1383
174 672 229 620 1383
206 658 221 621 1384
552 688 227 621 1384
661 543 237 621 1384
552 689 223 622 1385
661 544 237 622 1385
174 674 226 622 1385
552 690 225 623 1386
661 545 239 623 1386
174 675 225 623 1386
661 546 236 624 1387
664 684 223 625 1388
661 547 225 625 1388
661 548 233 626 1389
552 694 221 627 1390
661 549 239 627 1390
661 550 239 628 1391
552 696 221 629 1392
661 551 233 629 1392
552 697 229 630 1393
661 552 240 630 1393
552 698 234 631 1394
661 553 229 631 1394
552 699 235 632 1395
661 554 233 632 1395
552 700 234 633 1396
661 555 242 633 1396
552 701 231 634 1397
661 556 237 634 1397
552 702 227 635 1398
661 557 231 635 1398
552 703 235 636 1399
661 558 235 636 1399
661 559 227 637 1400
661 560 247 638 1401
661 561 239 639 1402
661 562 239 640 1403
661 563 235 641 1404
661 564 237 642 1405
661 566 221 644 1407
552 712 225 645 1408
661 567 221 645 1408
552 713 225 646 1409
661 569 241 647 1410
552 715 221 648 1411
661 570 237 648 1411
552 716 221 649 1412
661 571 229 649 1412
661 572 234 650 1413
552 718 225 651 1414
661 573 238 651 1414
552 719 223 652 1415
661 574 241 652 1415
552 720 233 653 1416
661 575 238 653 1416
552 721 229 654 1417
661 576 242 654 1417
552 722 222 655 1418
661 577 229 655 1418
664 715 231 656 1419
552 723 229 656 1419
661 578 243 656 1419
664 716 226 657 1420
661 579 223 657 1420
661 580 221 658 1421
552 726 231 659 1422
661 581 221 659 1422
552 727 231 660 1423
661 582 222 660 1423
552 728 230 661 1424
552 729 227 662 1425
552 731 223 664 1427
661 586 221 664 1427
552 733 223 666 1429
552 734 221 667 1430
552 736 223 669 1432
661 591 227 669 1432
661 592 227 670 1433
661 593 239 671 1434
661 594 239 672 1435
661 595 225 673 1436
661 596 236 674 1437
552 742 222 675 1438
661 597 225 675 1438
552 743 233 676 1439
661 598 235 676 1439
552 744 223 677 1440
661 599 242 677 1440
661 600 244 678 1441
661 601 235 679 1442
552 747 229 680 1443
661 602 240 680 1443
664 740 223 680 1443
664 741 226 682 1445
552 749 227 682 1445
661 604 231 682 1445
552 750 231 683 1446
661 605 243 683 1446
664 743 222 683 1446
661 606 243 684 1447
552 752 231 685 1448
661 607 246 685 1448
664 745 223 685 1448
661 608 241 686 1449
552 754 229 687 1450
661 609 234 687 1450
661 610 238 688 1451
664 748 223 688 1451
552 756 228 689 1452
661 611 243 689 1452
664 749 223 689 1452
552 757 223 690 1453
661 612 241 690 1453
552 758 222 691 1454
661 613 227 691 1454
664 751 223 691 1454
661 614 221 692 1455
664 752 229 692 1455
664 753 223 693 1456
661 616 225 694 1457
664 754 223 694 1457
552 762 227 695 1458
664 755 223 695 1458
661 618 224 696 1459
664 756 225 696 1459
661 619 224 697 1460
664 757 223 698 1461
661 620 229 698 1461
664 758 231 699 1462
552 766 225 699 1462
661 621 223 699 1462
664 759 227 700 1463
552 767 221 700 1463
664 760 231 701 1464
552 768 223 701 1464
664 762 225 703 1466
661 625 225 703 1466
552 771 225 703 1466
664 763 239 704 1467
661 626 223 704 1467
664 764 225 705 1468
664 765 231 706 1469
664 766 238 707 1470
661 629 231 707 1470
664 767 241 708 1471
661 630 226 708 1471
664 768 239 708 1471
661 631 241 709 1472
552 777 231 709 1472
661 632 223 710 1473
552 778 229 710 1473
664 770 223 710 1473
661 633 235 711 1474
661 634 238 712 1475
664 772 231 713 1476
552 782 231 714 1477
664 774 225 715 1478
661 639 226 717 1480
661 640 245 718 1481
664 778 237 718 1481
661 641 229 719 1482
661 642 221 720 1483
664 780 227 720 1483
76 718 223 727 1490
717 797 223 727 1490
484 638 233 728 1491
319 801 227 728 1491
682 804 223 731 1494
724 804 225 733 1496
313 714 233 733 1496
197 807 223 734 1497
268 691 221 734 1497
644 799 225 734 1497
313 715 238 734 1497
197 808 224 735 1498
80 809 221 735 1498
494 326 225 735 1498
644 800 229 735 1498
336 88 243 735 1498
313 716 227 735 1498
197 809 223 736 1499
188 289 231 736 1499
336 89 240 736 1499
313 717 237 736 1499
340 218 222 737 1500
197 810 221 737 1500
188 290 235 737 1500
104 803 225 737 1500
224 711 221 738 1501
197 811 221 738 1501
394 803 223 738 1501
480 247 227 738 1501
782 754 232 738 1501
771 676 223 738 1501
196 799 227 739 1502
129 819 233 741 1504
266 1 224 741 1504
682 814 226 741 1504
129 820 231 742 1505
503 806 223 742 1505
143 54 225 742 1505
129 821 223 743 1506
143 55 235 743 1506
644 808 223 743 1506
129 822 225 744 1507
80 818 221 744 1507
143 56 226 744 1507
644 809 239 744 1507
336 99 252 746 1509
143 59 226 747 1510
313 4 232 747 1510
336 100 233 747 1510
197 821 221 748 1511
188 301 239 748 1511
313 5 237 748 1511
336 101 229 748 1511
143 61 230 749 1512
188 302 230 749 1512
313 6 233 749 1512
572 819 240 749 1512
336 102 235 749 1512
143 62 223 750 1513
188 303 232 750 1513
313 7 235 750 1513
572 820 234 750 1513
336 103 237 750 1513
143 63 226 751 1514
188 304 225 751 1514
313 8 237 751 1514
572 821 233 751 1514
336 104 231 751 1514
188 305 229 752 1515
313 9 237 752 1515
336 105 231 752 1515
572 822 236 752 1515
143 65 221 753 1516
755 817 221 753 1516
755 818 236 754 1517
104 821 221 755 1518
143 67 233 755 1518
188 308 233 755 1518
572 825 221 755 1518
336 109 225 756 1519
313 14 226 757 1520
572 827 223 757 1520
336 110 225 757 1520
313 15 226 758 1521
336 111 229 758 1521
572 828 224 758 1521
313 16 227 759 1522
336 112 233 759 1522
572 829 230 759 1522
129 838 233 760 1523
336 113 230 760 1523
572 830 232 760 1523
129 839 222 761 1524
644 826 221 761 1524
313 18 231 761 1524
572 831 226 761 1524
104 828 223 762 1525
313 19 226 762 1525
572 832 227 762 1525
129 841 221 763 1526
644 828 226 763 1526
313 20 239 763 1526
572 833 227 763 1526
104 830 222 764 1527
313 21 235 764 1527
572 834 229 765 1528
644 830 223 765 1528
313 22 230 765 1528
572 835 231 766 1529
104 832 224 766 1529
313 23 225 766 1529
572 836 231 767 1530
313 24 242 767 1530
572 837 225 768 1531
644 833 227 768 1531
572 838 221 769 1532
313 1 242 769 1532
644 834 224 769 1532
572 839 223 770 1533
313 2 240 770 1533
104 836 223 770 1533
188 323 223 770 1533
644 835 229 770 1533
447 745 221 771 1534
572 840 225 771 1534
104 837 224 771 1534
313 3 242 771 1534
644 836 223 771 1534
104 838 222 772 1535
313 4 243 772 1535
188 325 229 772 1535
644 837 223 772 1535
313 5 227 773 1536
188 326 223 773 1536
572 843 223 774 1537
313 6 244 774 1537
188 327 227 774 1537
644 839 225 774 1537
572 844 221 775 1538
104 841 227 775 1538
313 7 247 775 1538
313 8 240 776 1539
644 841 225 776 1539
572 846 229 777 1540
69 44 223 777 1540
104 843 228 777 1540
313 9 244 777 1540
572 847 229 778 1541
104 844 228 778 1541
644 843 229 778 1541
572 848 231 779 1542
129 857 221 779 1542
104 845 223 779 1542
313 11 248 779 1542
644 844 227 779 1542
572 849 247 779 1542
313 12 235 780 1543
644 845 226 780 1543
572 850 223 780 1543
313 13 239 781 1544
644 846 227 781 1544
572 851 239 781 1544
143 94 223 782 1545
104 848 225 782 1545
313 14 233 782 1545
572 852 239 782 1545
50 840 227 783 1546
104 850 226 784 1547
313 16 244 784 1547
644 849 223 784 1547
572 854 230 784 1547
79 412 221 785 1548
104 851 231 785 1548
313 17 239 785 1548
572 855 240 785 1548
313 18 233 786 1549
313 19 236 787 1550
313 21 233 789 1552
620 862 227 789 1552
655 113 222 790 1553
270 356 221 791 1554
666 861 225 792 1555
666 862 221 793 1556
638 849 223 793 1556
404 828 247 793 1556
131 851 232 793 1556
725 305 221 794 1557
704 865 235 795 1558
131 853 221 795 1558
247 865 221 796 1559
247 866 226 797 1560
288 43 231 798 1561
247 868 223 799 1562
221 869 226 799 1562
288 44 227 799 1562
167 504 221 799 1562
717 869 240 799 1562
274 11 225 801 1564
