381 6 226 0 701
77 7 221 0 701
199 7 233 0 701
77 8 237 1 702
247 8 232 1 702
77 9 235 2 703
199 9 235 2 703
77 10 239 3 704
247 10 222 3 704
77 11 241 4 705
247 11 230 4 705
381 11 223 5 706
77 12 230 5 706
381 12 221 6 707
77 13 239 6 707
199 13 227 6 707
247 13 227 6 707
550 13 224 7 708
370 13 225 7 708
381 13 223 7 708
77 14 239 7 708
247 14 225 7 708
381 14 223 8 709
77 15 239 8 709
199 15 227 8 709
381 15 223 9 710
77 16 244 9 710
381 16 235 10 711
77 17 245 10 711
247 17 225 10 711
381 17 232 11 712
77 18 229 11 712
199 18 225 11 712
381 18 230 12 713
77 19 235 12 713
77 20 239 13 714
199 20 233 13 714
381 20 224 14 715
77 21 238 14 715
199 21 232 14 715
381 21 231 15 716
77 22 225 15 716
247 22 227 15 716
381 22 223 16 717
77 23 223 16 717
247 23 221 16 717
77 24 225 17 718
247 24 226 17 718
77 25 227 18 719
199 25 231 18 719
247 25 221 18 719
381 25 221 19 720
247 26 224 19 720
77 27 227 20 721
199 27 221 20 721
247 27 226 20 721
381 27 223 21 722
77 28 241 21 722
247 28 224 21 722
381 28 229 22 723
77 29 225 22 723
381 29 222 23 724
77 30 231 23 724
381 30 227 24 725
77 31 224 24 725
247 31 225 24 725
77 32 226 25 726
381 32 227 26 727
77 33 225 26 727
247 34 221 27 728
77 35 225 28 729
77 36 221 29 730
381 35 230 29 730
247 36 221 29 730
77 37 231 30 731
247 37 225 30 731
381 37 221 31 732
247 38 230 31 732
381 38 235 32 733
77 39 235 32 733
247 39 229 32 733
77 40 225 33 734
381 40 223 34 735
77 41 222 34 735
381 41 228 35 736
77 42 231 35 736
199 42 225 36 737
370 42 223 36 737
77 43 221 36 737
381 42 229 36 737
247 43 224 36 737
199 43 227 37 738
550 43 229 37 738
381 43 222 37 738
199 44 233 38 739
381 44 221 38 739
77 45 223 38 739
247 45 223 38 739
199 45 221 39 740
77 46 221 39 740
247 46 228 39 740
199 46 225 40 741
550 46 225 40 741
247 47 221 40 741
199 47 221 41 742
550 47 221 41 742
381 47 231 41 742
199 49 223 43 744
77 50 229 43 744
381 49 223 43 744
247 51 221 44 745
199 51 221 44 745
370 51 224 45 746
77 52 227 45 746
199 52 233 45 746
199 53 222 46 747
77 54 223 47 748
199 54 230 47 748
77 55 222 48 749
381 55 221 49 750
199 56 223 50 751
381 57 231 51 752
247 58 221 51 752
199 58 223 52 753
381 59 223 53 754
247 60 225 54 755
199 60 225 54 755
550 60 221 54 755
77 61 225 54 755
381 60 222 54 755
199 64 232 58 759
381 64 223 58 759
199 66 222 60 761
381 66 231 60 761
77 67 221 60 761
381 67 224 61 762
247 68 222 62 763
381 68 227 62 763
77 69 223 62 763
199 69 221 63 764
381 69 226 63 764
77 70 224 63 764
199 70 227 64 765
77 71 231 64 765
370 71 229 65 766
622 163 231 65 766
370 72 227 66 767
77 73 231 66 767
199 73 231 67 768
735 85 231 75 776
89 88 222 75 776
577 88 226 75 776
735 86 229 76 777
736 15 222 76 777
428 90 231 76 777
577 89 225 76 777
428 91 229 77 778
355 88 223 77 778
577 90 236 77 778
494 84 228 78 779
114 3 223 78 779
89 91 225 78 779
577 91 225 79 780
494 85 228 79 780
760 41 221 79 780
290 91 221 80 781
494 86 225 80 781
195 27 222 80 781
428 94 221 80 781
355 91 225 80 781
114 5 231 80 781
130 83 221 81 782
494 87 227 81 782
195 28 237 81 782
255 62 223 81 782
355 92 232 81 782
114 6 225 81 782
494 88 224 82 783
195 29 228 82 783
776 94 221 82 783
114 7 227 82 783
195 30 231 83 784
255 64 225 83 784
114 8 234 83 784
601 96 223 84 785
494 90 225 84 785
255 65 227 84 785
114 9 226 84 785
171 47 221 84 785
601 97 227 85 786
716 93 227 85 786
494 91 231 85 786
760 47 229 85 786
402 91 223 85 786
255 66 224 85 786
114 10 221 85 786
171 48 227 85 786
325 90 221 86 787
4 84 223 86 787
760 48 223 86 787
785 85 228 86 787
195 2 222 86 787
171 49 226 86 787
325 91 225 87 788
760 49 222 87 788
114 12 221 87 788
130 90 221 88 789
4 86 223 88 789
255 69 223 88 789
325 93 221 89 790
760 51 224 89 790
463 103 221 90 791
402 96 224 90 791
171 53 221 90 791
325 95 223 91 792
114 16 223 91 792
494 98 231 92 793
760 54 221 92 793
195 8 221 92 793
114 17 225 92 793
325 97 222 93 794
114 18 228 93 794
171 56 223 93 794
325 98 227 94 795
760 56 227 94 795
195 10 221 94 795
402 101 221 95 796
255 76 221 95 796
114 20 221 95 796
255 77 223 96 797
195 12 223 96 797
114 22 224 97 798
325 102 223 98 799
760 60 231 98 799
255 79 225 98 799
686 88 221 98 799
114 23 227 98 799
325 103 223 99 800
114 24 224 99 800
325 104 230 100 801
601 113 221 101 802
760 63 221 101 802
601 114 221 102 803
494 109 221 103 804
114 28 223 103 804
696 105 223 104 805
760 66 221 104 805
463 119 223 106 807
601 118 223 106 807
696 107 225 106 807
114 31 221 106 807
463 120 227 107 808
402 113 223 107 808
255 88 222 107 808
325 112 221 108 809
494 114 224 108 809
195 24 221 108 809
114 33 221 108 809
760 71 221 109 810
686 99 221 109 810
195 25 224 109 810
402 116 224 110 811
558 101 221 110 811
255 91 223 110 811
195 26 223 110 811
4 109 223 111 812
494 117 223 111 812
255 92 225 111 812
463 125 223 112 813
4 110 232 112 813
114 37 229 112 813
463 126 226 113 814
601 125 222 113 814
4 111 225 113 814
255 94 229 113 814
114 38 227 113 814
601 126 229 114 815
325 118 221 114 815
494 120 221 114 815
4 112 223 114 815
785 113 221 114 815
114 39 235 114 815
325 119 229 115 816
4 113 224 115 816
494 121 222 115 816
785 114 221 115 816
255 96 221 115 816
171 78 224 115 816
325 120 225 116 817
4 114 225 116 817
494 122 226 116 817
785 115 225 116 817
494 123 222 117 818
785 116 231 117 818
686 107 239 117 818
171 80 224 117 818
494 124 223 118 819
4 116 233 118 819
402 124 225 118 819
785 117 225 118 819
686 108 224 118 819
463 132 237 119 820
4 117 222 119 820
785 118 225 119 820
4 118 221 120 821
760 82 223 120 821
278 132 221 120 821
171 83 232 121 822
325 125 223 121 822
402 127 223 121 822
785 120 223 121 822
760 84 225 122 823
325 127 223 123 824
760 85 233 123 824
686 113 233 123 824
696 125 221 124 825
760 86 237 124 825
686 114 243 124 825
760 87 225 125 826
231 102 221 125 826
686 115 237 125 826
402 132 222 126 827
231 103 224 126 827
402 133 225 127 828
785 126 221 127 828
278 139 229 127 828
686 117 229 127 828
171 90 233 127 828
601 140 221 128 829
402 134 221 128 829
4 126 223 128 829
785 127 231 128 829
686 118 235 128 829
171 91 223 128 829
601 141 221 129 830
402 135 231 129 830
4 127 221 129 830
494 135 221 129 830
760 91 223 129 830
785 128 224 129 830
114 54 221 129 830
601 142 223 130 831
325 134 225 130 831
402 136 228 130 831
278 142 222 130 831
255 111 232 130 831
686 120 221 130 831
114 55 221 130 831
601 143 233 131 832
402 137 223 131 832
494 137 222 131 832
494 138 223 132 833
4 130 224 132 833
195 48 221 132 833
114 57 227 132 833
463 146 222 133 834
494 139 230 133 834
195 49 228 133 834
114 58 223 133 834
402 140 223 134 835
4 132 227 134 835
255 115 221 134 835
601 147 225 135 836
325 139 221 135 836
696 136 227 135 836
195 51 229 135 836
325 140 223 136 837
601 148 222 136 837
696 137 222 136 837
601 149 226 137 838
325 141 223 137 838
494 143 221 137 838
195 53 221 137 838
463 151 221 138 839
325 142 222 138 839
601 150 227 138 839
4 136 221 138 839
325 143 223 139 840
696 140 224 139 840
195 55 221 139 840
255 120 223 139 840
4 138 223 140 841
195 56 235 140 841
4 139 222 141 842
195 57 239 141 842
601 154 221 142 843
195 58 239 142 843
463 156 221 143 844
195 59 237 143 844
601 156 223 144 845
195 60 239 144 845
195 61 233 145 846
601 158 222 146 847
195 62 235 146 847
195 63 233 147 848
195 64 231 148 849
195 65 233 149 850
195 66 231 150 851
255 132 221 151 852
195 67 239 151 852
601 164 223 152 853
4 150 221 152 853
696 153 223 152 853
195 68 231 152 853
114 77 225 152 853
601 165 225 153 854
4 151 221 153 854
195 69 234 153 854
325 158 221 154 855
601 166 225 154 855
195 70 234 154 855
601 167 224 155 856
696 156 224 155 856
195 71 229 155 856
601 168 221 156 857
494 162 223 156 857
195 72 233 156 857
325 161 221 157 858
601 169 224 157 858
195 73 225 157 858
601 170 224 158 859
494 164 223 158 859
195 74 241 158 859
494 165 225 159 860
696 160 221 159 860
195 75 239 159 860
494 166 225 160 861
195 76 239 160 861
195 77 233 161 862
195 78 231 162 863
4 161 221 163 864
195 79 235 163 864
601 176 227 164 865
195 80 231 164 865
494 171 223 165 866
601 177 225 165 866
696 166 223 165 866
195 81 228 165 866
601 178 227 166 867
195 82 232 166 867
601 179 230 167 868
696 168 224 167 868
255 148 221 167 868
195 83 235 167 868
325 172 222 168 869
601 180 228 168 869
195 84 221 168 869
494 175 221 169 870
601 181 223 169 870
4 168 223 170 871
601 182 232 170 871
195 86 223 170 871
195 87 224 171 872
4 170 221 172 873
195 88 225 172 873
4 171 221 173 874
195 89 226 173 874
4 173 222 175 876
195 91 223 175 876
195 92 222 176 877
4 175 222 177 878
402 185 222 179 880
4 177 224 179 880
601 191 223 179 880
195 95 221 179 880
4 178 222 180 881
601 192 225 180 881
195 96 223 180 881
601 193 226 181 882
696 182 221 181 882
195 97 233 181 882
114 106 225 181 882
4 180 221 182 883
760 144 222 182 883
195 98 233 182 883
255 163 223 182 883
325 187 221 183 884
601 195 222 183 884
696 184 221 183 884
195 99 227 183 884
4 182 223 184 885
601 196 221 184 885
278 196 224 184 885
195 100 223 184 885
171 147 223 185 886
4 183 225 185 886
494 191 223 185 886
278 197 223 185 886
114 110 221 186 887
4 185 227 187 888
601 199 227 187 888
278 199 225 187 888
601 200 223 188 889
171 151 223 189 890
402 196 221 190 891
195 106 225 190 891
325 196 221 192 893
601 204 227 192 893
760 154 222 192 893
696 193 223 192 893
255 173 224 192 893
195 108 224 192 893
402 199 221 193 894
4 191 223 193 894
4 192 221 194 895
601 206 221 194 895
696 195 224 194 895
195 110 227 194 895
4 193 227 195 896
696 196 223 195 896
494 202 223 196 897
4 194 222 196 897
114 121 226 197 898
4 195 223 197 898
195 113 235 197 898
325 202 225 198 899
114 122 223 198 899
402 204 221 198 899
558 189 222 198 899
195 114 233 198 899
114 123 233 199 900
4 197 221 199 900
601 211 223 199 900
255 180 226 199 900
195 115 233 199 900
494 206 224 200 901
4 198 221 200 901
601 212 224 200 901
696 201 226 200 901
278 212 225 200 901
195 116 234 200 901
4 199 223 201 902
601 213 221 201 902
696 202 225 201 902
114 1 222 201 902
195 117 235 201 902
255 182 221 201 902
4 200 223 202 903
601 214 225 202 903
696 203 224 202 903
601 215 221 203 904
696 204 224 203 904
195 119 231 204 905
4 202 223 204 905
760 166 226 204 905
601 216 224 204 905
696 205 224 204 905
255 185 223 204 905
4 203 225 205 906
760 167 221 205 906
601 217 225 205 906
696 206 224 205 906
114 5 231 205 906
195 121 229 206 907
686 195 221 206 907
494 212 222 206 907
4 204 227 206 907
601 218 223 206 907
696 207 226 206 907
278 218 221 206 907
195 122 229 207 908
402 213 221 207 908
696 208 226 207 908
195 123 223 208 909
4 206 221 208 909
696 209 222 208 909
402 216 223 210 911
696 211 225 210 911
195 126 224 211 912
696 212 227 211 912
195 127 231 212 913
4 210 224 212 913
696 213 222 212 913
195 128 232 213 914
494 219 229 213 914
4 211 221 213 914
195 129 231 214 915
4 212 221 214 915
696 215 231 214 915
114 14 224 214 915
195 130 233 215 916
601 227 225 215 916
114 15 225 215 916
195 131 231 216 917
171 178 221 216 917
696 217 225 216 917
325 221 222 217 918
114 17 222 217 918
494 228 225 222 923
601 234 224 222 923
696 223 224 222 923
195 138 223 222 923
494 229 225 223 924
601 235 224 223 924
114 23 223 223 924
195 139 230 223 924
325 228 223 223 924
601 236 226 224 925
696 225 223 224 925
114 24 224 224 925
255 205 224 224 925
195 140 229 224 925
325 229 225 224 925
696 226 227 225 926
114 25 223 225 926
195 141 222 225 926
494 232 223 226 927
114 26 223 226 927
195 142 221 226 927
4 225 223 227 928
114 27 227 227 928
195 143 231 227 928
114 28 227 228 929
195 144 231 228 929
4 227 225 229 930
114 29 230 229 930
195 145 235 229 930
4 228 227 230 931
195 146 235 230 931
195 147 229 231 932
601 244 221 232 933
494 239 221 233 934
195 149 229 233 934
494 240 225 234 935
4 232 226 234 935
114 34 221 234 935
195 150 233 234 935
494 241 223 235 936
4 233 235 235 936
601 247 227 235 936
760 5 224 235 936
114 35 223 235 936
195 151 226 235 936
601 248 225 236 937
114 36 225 236 937
195 152 229 236 937
494 243 221 237 938
114 37 233 237 938
494 244 221 238 939
760 8 221 238 939
114 38 230 238 939
195 154 227 238 939
4 237 221 239 940
760 9 223 239 940
195 155 228 239 940
325 244 224 239 940
4 238 221 240 941
601 252 223 240 941
760 10 225 240 941
195 156 227 240 941
325 245 222 240 941
785 240 225 241 942
760 11 225 241 942
325 246 221 241 942
785 241 225 242 943
760 12 224 242 943
494 249 221 242 943
171 205 223 243 944
785 242 225 243 944
760 13 223 243 944
195 159 231 243 944
171 206 224 244 945
785 243 224 244 945
760 14 224 244 945
195 160 230 244 945
494 251 221 244 945
171 207 223 244 945
785 244 225 245 946
760 15 224 245 946
195 161 227 245 946
171 208 222 245 946
760 16 224 246 947
195 162 222 246 947
171 209 223 246 947
4 245 221 247 948
601 259 223 247 948
760 17 224 247 948
195 163 223 247 948
195 165 226 249 950
171 213 224 251 952
195 167 223 251 952
171 214 224 252 953
114 52 221 252 953
195 168 225 252 953
114 53 224 253 954
114 54 223 254 955
114 55 223 255 956
195 171 223 255 956
255 236 221 255 956
114 56 221 256 957
195 172 226 256 957
255 237 221 256 957
171 219 221 257 958
114 57 222 257 958
195 173 223 257 958
195 174 226 258 959
255 239 221 258 959
195 175 235 259 960
171 222 222 259 960
114 60 223 260 961
195 176 231 260 961
114 61 225 261 962
195 177 235 261 962
171 224 221 262 963
114 62 223 262 963
195 178 237 262 963
114 63 221 263 964
195 179 233 263 964
785 263 221 264 965
195 180 229 264 965
171 227 221 265 966
114 65 221 265 966
195 181 229 265 966
195 182 227 266 967
195 183 234 267 968
195 184 238 268 969
114 69 226 269 970
195 185 236 269 970
195 186 235 270 971
114 70 225 270 971
195 187 230 271 972
114 71 223 271 972
195 188 226 272 973
195 189 224 273 974
114 73 223 273 974
255 257 223 276 977
785 276 225 277 978
325 282 223 278 979
195 194 224 278 979
114 78 225 278 979
785 279 222 280 981
195 196 222 280 981
785 280 221 281 982
195 197 223 281 982
785 281 225 282 983
195 198 221 282 983
785 282 224 283 984
195 199 225 283 984
785 283 226 284 985
785 284 225 285 986
785 285 223 286 987
785 286 222 287 988
785 287 222 288 989
402 295 221 288 989
785 288 223 289 990
785 289 225 290 991
195 206 223 290 991
494 297 222 291 992
760 61 221 291 992
785 290 222 291 992
696 292 223 291 992
195 207 230 291 992
114 91 233 291 992
558 283 224 292 993
494 298 224 292 993
195 208 235 292 993
114 92 229 292 993
255 273 226 292 993
171 255 221 293 994
4 291 227 293 994
601 305 223 293 994
785 292 222 293 994
195 209 231 293 994
601 306 223 294 995
195 210 233 294 995
114 94 223 294 995
601 307 222 295 996
195 211 237 295 996
4 294 233 296 997
601 308 232 296 997
195 212 237 296 997
114 96 228 296 997
494 303 229 297 998
4 295 239 297 998
601 309 223 297 998
195 213 232 297 998
494 304 223 298 999
4 297 221 299 1000
494 305 225 299 1000
601 311 221 299 1000
601 312 222 300 1001
195 216 235 300 1001
114 100 225 300 1001
4 299 235 301 1002
195 217 239 301 1002
4 300 233 302 1003
601 314 221 302 1003
195 218 241 302 1003
4 301 225 303 1004
494 309 225 303 1004
195 219 242 303 1004
601 316 221 304 1005
195 220 243 304 1005
601 317 221 305 1006
195 221 243 305 1006
4 304 224 306 1007
325 310 223 306 1007
601 318 223 306 1007
278 318 221 306 1007
195 222 243 306 1007
4 305 221 307 1008
325 311 223 307 1008
195 223 229 307 1008
325 312 222 308 1009
195 224 237 308 1009
4 307 228 309 1010
325 313 222 309 1010
278 321 223 309 1010
195 225 241 309 1010
4 308 230 310 1011
325 314 222 310 1011
195 226 237 310 1011
325 315 222 311 1012
278 323 221 311 1012
195 227 225 311 1012
558 303 221 311 1012
601 324 221 312 1013
278 324 222 312 1013
195 228 223 312 1013
114 112 221 312 1013
278 325 223 313 1014
195 229 230 313 1014
255 294 225 313 1014
494 320 224 314 1015
4 312 227 314 1015
785 313 221 314 1015
114 114 221 314 1015
171 277 233 315 1016
601 327 225 315 1016
494 322 222 316 1017
601 328 222 316 1017
153 312 233 316 1017
560 324 234 316 1017
578 324 227 316 1017
616 132 233 316 1017
443 223 225 317 1018
176 57 231 317 1018
410 318 230 317 1018
441 262 236 317 1018
716 325 224 317 1018
195 233 222 317 1018
696 318 223 317 1018
596 320 223 318 1019
735 29 221 318 1019
676 326 227 318 1019
716 326 223 318 1019
286 322 221 318 1019
129 334 223 319 1020
678 191 221 319 1020
148 323 225 319 1020
699 222 226 320 1021
314 329 225 320 1021
129 335 226 320 1021
6 266 227 320 1021
6 268 229 322 1023
83 264 227 322 1023
601 335 235 323 1024
244 326 221 323 1024
470 247 223 323 1024
210 319 222 323 1024
556 338 231 324 1025
470 248 222 324 1025
556 339 240 325 1026
736 263 221 325 1026
212 334 240 325 1026
601 337 224 325 1026
470 249 222 325 1026
556 340 240 325 1026
221 333 223 326 1027
600 310 235 326 1027
601 338 223 326 1027
556 341 229 326 1027
461 301 223 327 1028
779 300 223 327 1028
556 342 226 327 1028
421 338 223 329 1030
470 253 229 329 1030
470 254 229 330 1031
470 255 229 331 1032
210 327 222 331 1032
174 326 225 337 1038
407 60 222 340 1041
601 354 221 342 1043
601 355 221 343 1044
601 356 229 344 1045
3 268 221 344 1045
601 357 225 345 1046
601 358 221 346 1047
601 359 229 347 1048
601 360 223 348 1049
601 361 225 349 1050
601 362 235 350 1051
736 289 228 351 1052
601 363 223 351 1052
601 364 225 352 1053
601 365 225 353 1054
601 366 223 354 1055
601 367 223 355 1056
601 368 225 356 1057
601 369 225 357 1058
601 370 223 358 1059
278 371 224 359 1060
601 371 225 359 1060
601 372 223 360 1061
601 373 222 361 1062
601 374 227 362 1063
407 87 229 367 1068
549 369 221 370 1071
314 44 221 370 1071
83 314 223 372 1073
18 370 223 372 1073
311 148 224 373 1074
549 372 222 373 1074
299 43 225 373 1074
174 364 224 375 1076
174 365 225 376 1077
601 388 222 376 1077
174 366 221 377 1078
3 301 221 377 1078
694 34 221 377 1078
3 302 223 378 1079
407 98 228 378 1079
3 303 222 379 1080
407 99 226 379 1080
601 392 221 380 1081
174 370 227 381 1082
3 305 225 381 1082
3 307 222 383 1084
3 309 221 385 1086
601 398 221 386 1087
3 311 221 387 1088
229 404 221 390 1091
229 405 221 391 1092
684 151 227 423 1124
286 437 225 434 1135
556 460 221 446 1147
779 419 222 447 1148
556 461 221 447 1148
556 466 221 452 1153
601 465 221 453 1154
556 468 221 454 1155
601 466 221 454 1155
601 467 221 455 1156
210 466 221 471 1172
3 403 247 479 1180
3 404 235 480 1181
3 405 225 481 1182
76 409 229 481 1182
138 501 239 485 1186
3 418 238 494 1195
3 419 246 495 1196
3 420 246 496 1197
74 517 225 503 1204
601 517 223 505 1206
601 518 221 506 1207
601 519 222 507 1208
407 228 221 509 1210
601 521 221 509 1210
407 230 221 511 1212
407 231 223 512 1213
407 232 221 513 1214
407 233 221 514 1215
407 234 221 515 1216
407 235 221 516 1217
601 529 221 517 1218
601 530 221 518 1219
601 531 223 519 1220
694 177 225 521 1222
601 533 224 521 1222
601 534 221 522 1223
601 537 222 525 1226
396 15 241 526 1227
601 538 223 526 1227
3 453 223 529 1230
3 454 226 530 1231
99 268 223 530 1231
3 455 231 531 1232
3 456 235 532 1233
493 525 229 533 1234
3 457 234 533 1234
99 271 229 533 1234
3 458 227 534 1235
263 126 227 535 1236
3 460 222 536 1237
3 461 225 537 1238
3 462 226 538 1239
752 579 235 539 1240
423 537 235 539 1240
3 464 225 540 1241
3 465 233 541 1242
73 217 235 541 1242
74 555 223 541 1242
471 552 222 541 1242
3 466 221 542 1243
759 538 225 542 1243
471 553 223 542 1243
77 78 222 543 1244
181 55 221 543 1244
3 467 231 543 1244
191 342 237 545 1246
3 469 227 545 1246
406 596 230 545 1246
3 470 225 546 1247
128 40 225 546 1247
787 242 221 547 1248
3 471 241 547 1248
327 591 231 548 1249
140 585 236 548 1249
201 723 221 548 1249
3 473 223 549 1250
228 565 224 549 1250
669 556 227 550 1251
3 474 242 550 1251
310 548 223 550 1251
462 390 227 550 1251
32 535 221 550 1251
787 246 224 551 1252
310 549 221 551 1252
686 541 225 552 1253
407 271 236 552 1253
3 476 233 552 1253
310 550 233 552 1253
402 39 243 552 1253
669 559 233 553 1254
407 272 245 553 1254
686 542 222 553 1254
181 66 227 554 1255
3 478 239 554 1255
759 550 224 554 1255
471 565 227 554 1255
3 479 226 555 1256
407 275 232 556 1257
3 480 225 556 1257
407 276 235 557 1258
3 481 225 557 1258
233 570 225 558 1259
407 277 225 558 1259
3 482 223 558 1259
759 554 223 558 1259
233 571 225 559 1260
407 278 231 559 1260
3 483 229 559 1260
290 570 235 559 1260
759 555 225 559 1260
77 95 225 560 1261
407 279 225 560 1261
3 484 229 560 1261
290 571 225 560 1261
233 573 223 561 1262
77 96 229 561 1262
407 280 227 561 1262
290 572 221 561 1262
407 281 231 562 1263
3 486 229 562 1263
3 487 222 563 1264
407 283 229 564 1265
407 284 221 565 1266
778 570 227 565 1266
3 490 224 566 1267
605 123 223 566 1267
760 336 222 566 1267
407 286 222 567 1268
3 491 223 567 1268
605 124 226 567 1268
407 287 225 568 1269
3 492 230 568 1269
605 125 233 568 1269
719 244 227 568 1269
3 493 238 569 1270
293 565 221 569 1270
407 289 223 570 1271
3 494 238 570 1271
605 127 224 570 1271
293 566 225 570 1271
719 246 228 570 1271
132 547 231 571 1272
3 495 231 571 1272
3 496 223 572 1273
132 549 221 573 1274
3 497 227 573 1274
132 550 221 574 1275
3 498 229 574 1275
293 570 225 574 1275
132 551 225 575 1276
778 580 223 575 1276
3 499 221 575 1276
772 587 226 575 1276
132 552 227 576 1277
3 500 226 576 1277
605 133 222 576 1277
293 572 231 576 1277
3 501 231 577 1278
132 554 222 578 1279
3 502 229 578 1279
293 574 221 578 1279
132 555 225 579 1280
293 575 221 579 1280
132 556 232 580 1281
293 576 221 580 1281
132 557 231 581 1282
293 577 224 581 1282
132 558 231 582 1283
293 578 223 582 1283
3 507 233 583 1284
719 259 222 583 1284
407 303 226 584 1285
3 508 221 584 1285
132 561 222 585 1286
407 304 225 585 1286
3 511 223 587 1288
416 592 221 588 1289
132 564 222 588 1289
778 593 221 588 1289
3 512 223 588 1289
663 594 224 588 1289
132 565 223 589 1290
293 585 222 589 1290
3 514 227 590 1291
3 515 239 591 1292
293 587 223 591 1292
3 516 239 592 1293
293 588 224 592 1293
760 362 230 592 1293
778 598 224 593 1294
719 269 221 593 1294
772 605 225 593 1294
3 518 223 594 1295
600 578 223 594 1295
293 590 227 594 1295
719 270 221 594 1295
3 519 223 595 1296
719 271 223 595 1296
772 607 226 595 1296
3 520 223 596 1297
605 153 223 596 1297
3 521 223 597 1298
663 603 224 597 1298
605 155 221 598 1299
3 522 225 598 1299
663 604 221 598 1299
416 603 221 599 1300
3 523 223 599 1300
3 524 223 600 1301
600 584 224 600 1301
293 596 221 600 1301
13 570 221 600 1301
416 605 221 601 1302
117 516 223 601 1302
3 525 226 601 1302
30 280 225 601 1302
293 597 223 601 1302
760 371 221 601 1302
416 606 221 602 1303
3 526 226 602 1303
30 281 222 602 1303
760 372 224 602 1303
663 608 222 602 1303
407 9 222 603 1304
3 527 227 603 1304
30 282 226 603 1304
293 599 225 603 1304
760 373 225 603 1304
240 594 221 604 1305
416 608 224 604 1305
3 528 223 604 1305
605 161 222 604 1305
30 283 232 604 1305
181 117 221 605 1306
3 529 225 605 1306
605 162 223 605 1306
30 284 224 605 1306
293 601 225 605 1306
663 611 223 605 1306
3 530 226 606 1307
605 163 223 606 1307
30 285 227 606 1307
293 602 225 606 1307
3 531 227 607 1308
605 164 229 607 1308
30 286 233 607 1308
416 612 225 608 1309
3 532 225 608 1309
181 120 222 608 1309
364 616 221 608 1309
13 578 222 608 1309
3 533 221 609 1310
605 166 223 609 1310
30 288 224 609 1310
293 605 225 609 1310
240 600 221 609 1310
416 614 221 610 1311
3 534 225 610 1311
181 122 224 610 1311
605 167 221 610 1311
719 286 224 610 1311
293 606 225 610 1311
3 535 224 611 1312
181 123 223 611 1312
30 290 227 611 1312
293 607 223 611 1312
30 291 229 612 1313
748 618 221 612 1313
293 608 222 612 1313
416 617 221 613 1314
496 258 227 613 1314
293 609 225 613 1314
760 383 223 613 1314
240 604 221 613 1314
416 618 223 614 1315
3 538 227 614 1315
30 293 231 614 1315
293 610 223 614 1315
760 384 223 614 1315
416 619 223 615 1316
496 260 225 615 1316
293 611 225 615 1316
315 301 223 615 1316
496 261 224 616 1317
30 295 225 616 1317
293 612 225 616 1317
496 262 223 617 1318
30 296 224 617 1318
293 613 221 617 1318
315 303 223 617 1318
416 622 221 618 1319
181 130 221 618 1319
496 263 233 618 1319
30 297 229 618 1319
416 623 222 619 1320
181 131 225 619 1320
30 298 231 619 1320
293 615 223 619 1320
3 2 225 619 1320
416 624 221 620 1321
181 132 222 620 1321
30 299 235 620 1321
293 616 222 620 1321
3 3 225 620 1321
30 300 235 621 1322
3 4 223 621 1322
240 612 224 622 1323
181 134 221 622 1323
30 301 231 622 1323
760 392 223 622 1323
240 613 221 623 1324
30 302 222 623 1324
293 619 229 623 1324
3 6 221 623 1324
416 628 221 624 1325
240 614 221 624 1325
8 579 227 625 1326
520 633 225 625 1326
775 349 223 626 1327
751 68 227 627 1328
286 630 221 627 1328
521 805 222 627 1328
775 350 233 627 1328
520 635 223 627 1328
500 613 222 628 1329
221 635 223 628 1329
707 581 221 628 1329
181 141 228 629 1330
605 186 224 629 1330
3 12 223 629 1330
663 635 225 629 1330
117 545 222 630 1331
496 275 223 630 1331
605 187 223 630 1331
3 13 225 630 1331
663 636 231 630 1331
181 143 221 631 1332
605 188 225 631 1332
3 14 222 631 1332
315 317 233 631 1332
416 636 221 632 1333
719 308 226 632 1333
315 318 223 632 1333
416 637 223 633 1334
719 309 224 633 1334
3 16 240 633 1334
663 639 221 633 1334
411 7 227 633 1334
719 310 227 634 1335
663 640 221 634 1335
315 320 229 634 1335
605 192 224 635 1336
719 311 229 635 1336
315 321 225 635 1336
416 640 225 636 1337
719 312 229 636 1337
315 322 225 636 1337
416 641 223 637 1338
663 643 221 637 1338
411 11 223 637 1338
605 195 222 638 1339
3 21 235 638 1339
663 644 223 638 1339
3 22 231 639 1340
416 644 224 640 1341
605 197 221 640 1341
181 152 223 640 1341
3 23 221 640 1341
663 646 225 640 1341
605 198 221 641 1342
315 327 227 641 1342
496 287 225 642 1343
315 328 225 642 1343
407 49 227 643 1344
719 319 231 643 1344
3 26 221 643 1344
605 201 221 644 1345
719 320 227 644 1345
3 27 233 644 1345
496 290 225 645 1346
605 202 222 645 1346
605 212 224 655 1356
734 634 224 711 1412
579 817 226 801 1502
579 818 224 802 1503
288 243 223 802 1503
579 819 225 803 1504
512 790 230 803 1504
512 791 222 804 1505
512 792 227 805 1506
288 246 221 805 1506
512 793 230 806 1507
579 823 225 807 1508
479 703 226 807 1508
27 471 222 807 1508
579 824 225 808 1509
247 814 221 808 1509
479 704 223 808 1509
27 472 221 808 1509
288 249 224 808 1509
54 804 221 808 1509
247 815 221 809 1510
479 705 229 809 1510
27 473 223 809 1510
288 250 227 809 1510
299 317 223 810 1511
479 706 223 810 1511
27 474 229 810 1511
631 444 231 810 1511
631 445 225 811 1512
27 475 222 811 1512
479 708 230 812 1513
299 319 223 812 1513
479 709 225 813 1514
27 477 221 813 1514
631 447 222 813 1514
479 710 223 814 1515
479 711 225 815 1516
479 712 227 816 1517
479 713 225 817 1518
479 714 227 818 1519
479 715 225 819 1520
631 453 223 819 1520
27 483 235 819 1520
420 681 225 819 1520
573 828 222 819 1520
54 815 221 820 1521
479 716 229 820 1521
27 484 227 820 1521
381 167 221 820 1521
479 717 221 821 1522
27 485 223 821 1522
381 168 224 821 1522
122 8 229 826 1527
631 463 225 829 1530
122 15 221 833 1534
122 16 225 834 1535
122 33 227 851 1552
54 847 229 851 1552
579 868 222 852 1553
276 841 224 852 1553
726 425 221 852 1553
122 34 230 852 1553
27 516 226 852 1553
54 848 223 852 1553
233 865 225 853 1554
122 35 231 853 1554
27 517 222 853 1554
480 299 221 853 1554
54 849 225 853 1554
479 750 227 854 1555
64 841 221 854 1555
27 518 236 854 1555
480 300 222 854 1555
380 800 221 854 1555
579 871 225 855 1556
479 751 223 855 1556
27 519 231 855 1556
187 854 223 855 1556
573 864 223 855 1556
339 846 223 856 1557
27 520 224 856 1557
339 847 227 857 1558
27 521 225 857 1558
479 754 221 858 1559
339 850 223 860 1561
27 524 222 860 1561
276 850 223 861 1562
27 525 222 861 1562
420 723 221 861 1562
54 857 223 861 1562
137 861 223 861 1562
27 526 226 862 1563
420 724 222 862 1563
380 808 221 862 1563
480 308 222 862 1563
31 872 221 862 1563
531 848 222 863 1564
573 872 223 863 1564
276 853 223 864 1565
233 876 226 864 1565
420 727 225 865 1566
27 530 223 866 1567
137 866 223 866 1567
276 856 222 867 1568
726 440 221 867 1568
27 531 223 867 1568
480 313 222 867 1568
339 858 223 868 1569
27 532 226 868 1569
726 441 221 868 1569
31 878 223 868 1569
233 881 223 869 1570
122 51 222 869 1570
631 503 222 869 1570
420 731 223 869 1570
54 865 221 869 1570
276 859 224 870 1571
122 52 224 870 1571
631 504 223 870 1571
480 316 221 870 1571
339 861 225 871 1572
726 444 229 871 1572
27 535 221 871 1572
480 317 223 871 1572
420 733 225 871 1572
54 867 224 871 1572
479 768 223 872 1573
122 54 222 872 1573
27 536 222 872 1573
480 318 221 872 1573
531 858 221 873 1574
631 507 223 873 1574
420 735 225 873 1574
187 872 223 873 1574
339 864 227 874 1575
479 770 221 874 1575
233 886 224 874 1575
631 508 229 874 1575
122 56 222 874 1575
573 883 225 875 1576
339 865 224 875 1576
631 509 221 875 1576
27 539 225 875 1576
122 57 223 875 1576
187 874 221 875 1576
726 449 223 876 1577
631 510 227 876 1577
122 58 221 876 1577
27 540 223 876 1577
420 738 224 876 1577
31 886 224 876 1577
573 885 223 876 1577
233 889 225 877 1578
726 450 221 877 1578
631 511 225 877 1578
573 886 224 877 1578
137 877 222 877 1578
339 868 225 878 1579
276 867 221 878 1579
233 890 222 878 1579
726 451 221 878 1579
631 512 227 878 1579
31 888 221 878 1579
573 887 224 878 1579
233 891 223 879 1580
726 452 223 879 1580
631 513 227 879 1580
122 61 221 879 1580
420 741 225 879 1580
573 888 225 879 1580
276 869 224 880 1581
587 879 222 880 1581
233 892 223 880 1581
573 889 224 880 1581
137 880 221 880 1581
339 871 225 881 1582
276 870 222 881 1582
233 893 221 881 1582
631 515 226 881 1582
276 871 225 882 1583
339 872 229 882 1583
233 894 223 882 1583
726 455 227 882 1583
631 516 224 882 1583
122 64 229 882 1583
276 872 221 883 1584
339 873 229 883 1584
40 552 221 883 1584
276 873 225 884 1585
339 874 223 884 1585
631 518 225 884 1585
122 66 230 884 1585
137 884 221 885 1586
339 875 225 885 1586
726 458 227 885 1586
122 67 229 885 1586
339 876 225 886 1587
233 898 225 886 1587
631 520 222 886 1587
122 68 227 886 1587
631 521 221 887 1588
122 69 227 887 1588
479 784 225 888 1589
339 878 230 888 1589
122 70 227 888 1589
187 887 224 888 1589
122 71 228 889 1590
631 523 222 889 1590
339 880 227 890 1591
233 902 221 890 1591
122 72 221 890 1591
631 524 223 890 1591
137 890 222 890 1591
339 881 225 891 1592
631 525 221 891 1592
137 891 222 891 1592
339 883 229 893 1594
631 527 228 893 1594
187 892 222 893 1594
137 893 221 893 1594
339 884 223 894 1595
716 901 227 894 1595
233 906 231 894 1595
633 887 233 896 1597
230 882 226 896 1597
394 901 227 899 1600
151 432 237 899 1600
102 901 223 899 1600
101 890 231 899 1600
494 428 223 900 1601
392 909 233 900 1601
431 614 225 900 1601
776 761 221 900 1601
288 82 223 900 1601
712 913 221 907 1608
712 916 221 910 1611
603 912 223 910 1611
99 649 223 912 1613
721 340 225 914 1615
749 599 227 915 1616
181 273 231 915 1616
146 835 222 915 1616
146 836 221 916 1617
499 870 228 916 1617
527 925 221 917 1618
27 583 229 919 1620
603 921 223 919 1620
144 107 226 920 1621
27 584 225 920 1621
603 923 223 921 1622
74 31 225 924 1625
278 936 224 924 1625
74 32 221 925 1626
278 937 233 925 1626
293 922 223 926 1627
778 931 227 926 1627
27 591 223 927 1628
73 603 233 927 1628
603 929 221 927 1628
778 933 223 928 1629
391 860 223 928 1629
416 71 222 928 1629
74 36 225 929 1630
86 631 225 929 1630
27 593 225 929 1630
73 605 225 929 1630
74 37 223 930 1631
27 594 229 930 1631
778 935 221 930 1631
73 606 224 930 1631
778 936 227 931 1632
27 595 222 931 1632
73 607 221 931 1632
74 39 225 932 1633
87 352 224 932 1633
778 937 226 932 1633
86 634 224 932 1633
27 596 221 932 1633
144 120 227 933 1634
87 353 224 933 1634
778 938 230 933 1634
27 597 221 933 1634
74 41 225 934 1635
778 939 229 934 1635
27 598 225 934 1635
86 636 224 934 1635
74 42 225 935 1636
87 355 223 935 1636
778 940 226 935 1636
696 162 238 935 1636
86 637 222 935 1636
144 123 235 936 1637
696 163 225 936 1637
27 600 222 936 1637
74 44 223 937 1638
778 942 227 937 1638
601 948 223 937 1638
293 933 221 937 1638
87 357 221 937 1638
696 164 222 937 1638
73 613 221 937 1638
74 45 226 938 1639
778 943 225 938 1639
87 358 223 938 1639
696 165 231 938 1639
27 602 228 938 1639
391 870 223 938 1639
778 944 229 939 1640
86 641 222 939 1640
73 615 221 939 1640
778 946 225 941 1642
87 361 222 941 1642
601 952 225 941 1642
86 643 224 941 1642
391 873 223 941 1642
416 84 228 941 1642
144 129 222 942 1643
74 49 223 942 1643
778 947 228 942 1643
87 362 226 942 1643
601 953 223 942 1643
696 169 224 942 1643
86 644 221 942 1643
391 874 221 942 1643
778 948 223 943 1644
601 954 226 943 1644
27 607 223 943 1644
696 170 222 943 1644
144 131 223 944 1645
146 864 227 944 1645
293 940 221 944 1645
601 955 221 944 1645
27 608 221 944 1645
86 646 224 944 1645
696 171 225 944 1645
144 132 225 945 1646
601 956 223 945 1646
27 609 225 945 1646
73 621 221 945 1646
391 877 230 945 1646
144 133 225 946 1647
74 53 223 946 1647
293 942 221 946 1647
601 957 226 946 1647
778 951 225 946 1647
696 173 221 946 1647
27 610 228 946 1647
73 622 225 946 1647
144 134 223 947 1648
146 867 221 947 1648
74 54 227 947 1648
27 611 221 947 1648
696 174 230 947 1648
73 623 221 947 1648
146 868 223 948 1649
293 944 223 948 1649
391 880 221 948 1649
74 56 227 949 1650
87 369 221 949 1650
778 954 221 949 1650
27 613 222 949 1650
391 880 222 949 1650
144 137 225 950 1651
87 370 224 950 1651
74 57 221 950 1651
778 955 223 950 1651
144 138 225 951 1652
74 58 230 951 1652
293 947 224 951 1652
86 653 221 951 1652
696 178 225 951 1652
27 615 225 951 1652
144 139 223 952 1653
87 372 225 952 1653
74 59 224 952 1653
601 963 221 952 1653
27 616 225 952 1653
778 957 225 952 1653
144 140 222 953 1654
74 60 225 953 1654
778 958 235 953 1654
27 617 222 953 1654
696 180 223 953 1654
416 96 223 953 1654
146 874 221 954 1655
144 141 227 954 1655
74 61 227 954 1655
27 618 221 954 1655
696 181 224 954 1655
144 142 229 955 1656
778 960 223 955 1656
293 951 223 955 1656
74 62 230 955 1656
27 619 227 955 1656
696 182 223 955 1656
73 631 226 955 1656
278 967 221 955 1656
416 98 221 955 1656
391 886 224 956 1657
74 63 224 956 1657
778 961 221 956 1657
696 183 226 956 1657
86 659 221 957 1658
74 64 227 957 1658
73 633 225 957 1658
778 963 227 958 1659
27 622 223 958 1659
696 185 225 958 1659
74 66 225 959 1660
778 964 227 959 1660
73 635 221 959 1660
696 186 223 959 1660
74 67 224 960 1661
293 956 222 960 1661
73 636 225 960 1661
696 187 233 960 1661
416 103 222 960 1661
74 68 221 961 1662
27 625 229 961 1662
696 188 223 961 1662
87 382 222 962 1663
778 967 221 962 1663
86 664 222 962 1663
696 189 223 962 1663
87 383 221 963 1664
778 968 226 963 1664
27 627 223 963 1664
696 190 234 963 1664
87 384 225 964 1665
601 975 221 964 1665
778 969 227 964 1665
86 666 225 964 1665
27 628 225 964 1665
278 976 223 964 1665
696 191 225 964 1665
87 385 230 965 1666
293 961 223 965 1666
86 667 222 965 1666
74 72 222 965 1666
27 629 231 965 1666
73 641 228 965 1666
696 192 239 965 1666
416 108 223 965 1666
144 153 221 966 1667
87 386 226 966 1667
86 668 222 966 1667
74 73 222 966 1667
27 630 229 966 1667
73 642 227 966 1667
696 193 235 966 1667
416 109 223 966 1667
87 387 221 967 1668
778 972 222 967 1668
293 963 221 967 1668
74 74 224 967 1668
73 643 228 967 1668
27 631 234 967 1668
696 194 241 967 1668
416 110 223 967 1668
778 973 235 968 1669
293 964 223 968 1669
86 670 223 968 1669
74 75 223 968 1669
27 632 228 968 1669
696 195 247 968 1669
73 644 227 968 1669
416 111 223 968 1669
144 156 222 969 1670
87 389 223 969 1670
86 671 222 969 1670
74 76 221 969 1670
27 633 223 969 1670
696 196 239 969 1670
73 645 222 969 1670
416 112 226 969 1670
778 975 235 970 1671
87 390 223 970 1671
86 672 227 970 1671
293 966 221 970 1671
27 634 222 970 1671
73 646 224 970 1671
696 197 240 970 1671
416 113 221 970 1671
87 391 225 971 1672
778 976 222 971 1672
86 673 225 971 1672
293 967 224 971 1672
27 635 222 971 1672
696 198 238 971 1672
416 114 221 971 1672
144 159 227 972 1673
601 983 222 972 1673
86 674 225 972 1673
778 977 221 972 1673
293 968 224 972 1673
27 636 226 972 1673
696 199 238 972 1673
293 969 224 973 1674
86 675 227 973 1674
74 80 222 973 1674
27 637 223 973 1674
696 200 238 973 1674
146 894 224 974 1675
144 161 226 974 1675
87 394 221 974 1675
86 676 224 974 1675
778 979 231 974 1675
27 638 222 974 1675
649 403 221 975 1676
144 162 221 975 1676
601 986 223 975 1676
87 395 222 975 1676
86 677 225 975 1676
778 980 221 975 1676
27 639 223 975 1676
696 202 225 975 1676
87 396 225 976 1677
86 678 226 976 1677
778 981 221 976 1677
27 640 227 976 1677
696 203 232 976 1677
73 652 221 976 1677
416 119 224 976 1677
649 405 221 977 1678
601 988 221 977 1678
86 679 227 977 1678
87 397 221 977 1678
778 982 226 977 1678
27 641 221 977 1678
73 653 223 977 1678
416 120 223 977 1678
86 680 223 978 1679
87 398 223 978 1679
778 983 225 978 1679
696 205 223 978 1679
73 654 221 978 1679
416 121 221 978 1679
601 990 223 979 1680
696 206 227 979 1680
73 655 221 979 1680
144 167 227 980 1681
778 985 221 980 1681
27 644 223 980 1681
649 409 221 981 1682
144 168 222 981 1682
87 401 227 981 1682
27 645 227 981 1682
144 169 225 982 1683
778 987 223 982 1683
86 684 224 982 1683
144 170 223 983 1684
601 994 225 983 1684
696 210 223 983 1684
73 659 222 983 1684
146 904 223 983 1684
144 171 223 984 1685
87 404 221 984 1685
601 995 226 984 1685
778 989 227 984 1685
73 660 223 984 1685
696 211 227 984 1685
649 413 221 984 1685
144 172 224 985 1686
601 996 227 985 1686
778 990 224 985 1686
696 212 225 985 1686
416 128 221 985 1686
146 906 225 985 1686
144 173 226 986 1687
87 406 223 986 1687
601 997 228 986 1687
778 991 222 986 1687
696 213 229 986 1687
416 129 221 986 1687
146 907 223 986 1687
144 174 243 987 1688
87 407 225 987 1688
293 983 225 987 1688
778 992 224 987 1688
278 999 221 987 1688
146 908 226 987 1688
87 408 221 988 1689
293 984 221 988 1689
778 993 223 988 1689
696 215 228 988 1689
146 909 221 988 1689
144 176 221 989 1690
87 409 223 989 1690
778 994 225 989 1690
86 691 221 989 1690
74 96 221 989 1690
696 216 227 989 1690
278 1001 221 989 1690
146 910 229 989 1690
144 177 221 990 1691
778 995 231 990 1691
86 692 225 990 1691
278 1002 223 990 1691
146 911 227 990 1691
144 178 225 991 1692
778 996 231 991 1692
74 98 223 991 1692
696 218 231 991 1692
278 1003 225 991 1692
146 912 223 991 1692
144 179 221 992 1693
778 997 229 992 1693
27 656 223 992 1693
73 668 221 992 1693
74 99 222 992 1693
696 219 233 992 1693
416 135 221 992 1693
146 913 229 992 1693
144 180 234 993 1694
778 998 233 993 1694
27 657 223 993 1694
86 695 221 993 1694
73 669 225 993 1694
74 100 223 993 1694
696 220 233 993 1694
416 136 227 993 1694
146 914 229 993 1694
144 181 231 994 1695
293 990 224 994 1695
778 999 224 994 1695
73 670 226 994 1695
86 696 221 994 1695
696 221 225 994 1695
278 1006 225 994 1695
293 991 227 995 1696
778 1000 225 995 1696
601 1006 221 995 1696
27 659 221 995 1696
73 671 225 995 1696
696 222 224 995 1696
278 1007 228 995 1696
146 916 221 995 1696
144 183 229 996 1697
293 992 227 996 1697
778 1001 223 996 1697
601 1007 223 996 1697
86 698 224 996 1697
73 672 225 996 1697
696 223 223 996 1697
278 1008 228 996 1697
144 184 225 997 1698
293 993 233 997 1698
778 1002 223 997 1698
86 699 224 997 1698
73 673 225 997 1698
696 224 233 997 1698
278 1009 225 997 1698
144 185 221 998 1699
293 994 233 998 1699
778 1003 223 998 1699
601 1009 223 998 1699
86 700 224 998 1699
73 674 227 998 1699
696 225 229 998 1699
278 1010 228 998 1699
778 1004 227 999 1700
27 663 221 999 1700
601 1010 227 999 1700
86 701 221 999 1700
73 675 226 999 1700
696 226 235 999 1700
278 1011 230 999 1700
416 142 221 999 1700
144 187 224 1000 1701
778 1005 225 1000 1701
27 664 225 1000 1701
391 886 221 1000 1701
73 676 226 1000 1701
391 932 227 1000 1701
696 227 231 1000 1701
278 1012 229 1000 1701
416 143 221 1000 1701
144 188 227 1001 1702
293 997 223 1001 1702
778 1006 221 1001 1702
27 665 222 1001 1702
601 1012 223 1001 1702
73 677 233 1001 1702
696 228 235 1001 1702
278 1013 229 1001 1702
144 189 226 1002 1703
293 998 223 1002 1703
27 666 225 1002 1703
601 1013 221 1002 1703
86 704 222 1002 1703
696 229 226 1002 1703
416 145 227 1002 1703
778 1008 225 1003 1704
293 999 226 1003 1704
27 667 223 1003 1704
73 679 225 1003 1704
601 1014 223 1003 1704
696 230 238 1003 1704
278 1015 221 1003 1704
416 146 221 1003 1704
144 191 231 1004 1705
293 1000 225 1004 1705
778 1009 228 1004 1705
73 680 227 1004 1705
696 231 235 1004 1705
278 1016 223 1004 1705
144 192 231 1005 1706
293 1001 223 1005 1706
778 1010 230 1005 1706
601 1016 221 1005 1706
696 232 239 1005 1706
74 112 221 1005 1706
86 707 221 1005 1706
278 1017 221 1005 1706
416 148 221 1005 1706
144 193 221 1006 1707
778 1011 228 1006 1707
27 670 235 1006 1707
696 233 239 1006 1707
416 149 223 1006 1707
146 927 231 1006 1707
144 194 229 1007 1708
778 1012 225 1007 1708
27 671 229 1007 1708
696 234 235 1007 1708
278 1019 221 1007 1708
146 928 223 1007 1708
778 1013 226 1008 1709
87 428 221 1008 1709
601 1019 221 1008 1709
27 672 237 1008 1709
696 235 238 1008 1709
86 710 223 1008 1709
144 196 222 1009 1710
778 1014 229 1009 1710
27 673 228 1009 1710
86 711 231 1009 1710
696 236 241 1009 1710
144 197 224 1010 1711
293 1006 222 1010 1711
778 1015 227 1010 1711
27 674 231 1010 1711
86 712 222 1010 1711
696 237 239 1010 1711
416 153 222 1010 1711
144 198 221 1011 1712
293 1007 221 1011 1712
27 675 233 1011 1712
74 118 227 1011 1712
696 238 245 1011 1712
278 1023 221 1011 1712
416 154 229 1011 1712
144 199 224 1012 1713
778 1017 223 1012 1713
74 119 224 1012 1713
696 239 239 1012 1713
87 433 223 1013 1714
27 677 227 1013 1714
696 240 242 1013 1714
416 156 223 1013 1714
144 201 221 1014 1715
778 1019 222 1014 1715
87 434 228 1014 1715
27 678 226 1014 1715
74 121 224 1014 1715
86 716 221 1014 1715
416 157 223 1014 1715
146 935 226 1014 1715
649 443 221 1014 1715
144 202 224 1015 1716
778 1020 229 1015 1716
27 679 221 1015 1716
73 691 221 1015 1716
696 242 226 1015 1716
144 203 225 1016 1717
778 1021 225 1016 1717
293 1012 223 1016 1717
87 436 223 1016 1717
74 123 225 1016 1717
416 159 225 1016 1717
146 937 230 1016 1717
144 204 223 1017 1718
778 1022 227 1017 1718
27 681 227 1017 1718
74 124 223 1017 1718
696 244 235 1017 1718
416 160 222 1017 1718
146 938 221 1017 1718
87 438 221 1018 1719
27 682 229 1018 1719
74 125 223 1018 1719
696 245 235 1018 1719
416 161 224 1018 1719
146 939 221 1018 1719
778 1024 227 1019 1720
87 439 222 1019 1720
27 683 229 1019 1720
696 246 231 1019 1720
416 162 229 1019 1720
146 940 223 1019 1720
27 684 221 1020 1721
74 127 225 1020 1721
696 247 229 1020 1721
416 163 231 1020 1721
278 1032 222 1020 1721
146 941 223 1020 1721
778 1026 225 1021 1722
87 441 225 1021 1722
27 685 227 1021 1722
74 128 223 1021 1722
696 248 231 1021 1722
416 164 227 1021 1722
278 1033 222 1021 1722
146 942 221 1021 1722
778 1027 225 1022 1723
87 442 223 1022 1723
27 686 221 1022 1723
74 129 225 1022 1723
86 724 222 1022 1723
696 249 229 1022 1723
416 165 227 1022 1723
278 1034 222 1022 1723
144 210 223 1023 1724
778 1028 227 1023 1724
87 443 227 1023 1724
27 687 225 1023 1724
416 166 223 1023 1724
86 725 221 1023 1724
696 250 235 1023 1724
278 1035 221 1023 1724
146 944 227 1023 1724
778 1029 221 1024 1725
293 1020 223 1024 1725
27 688 228 1024 1725
74 131 225 1024 1725
696 251 236 1024 1725
86 726 226 1024 1725
278 1036 221 1024 1725
144 212 229 1025 1726
778 1030 225 1025 1726
27 689 225 1025 1726
74 132 226 1025 1726
696 252 234 1025 1726
144 213 225 1026 1727
293 1022 224 1026 1727
74 133 225 1026 1727
416 169 225 1026 1727
696 253 239 1026 1727
144 214 226 1027 1728
293 1023 224 1027 1728
778 1032 229 1027 1728
27 691 227 1027 1728
87 447 223 1027 1728
74 134 224 1027 1728
416 170 221 1027 1728
696 254 238 1027 1728
86 729 222 1027 1728
144 215 230 1028 1729
87 448 221 1028 1729
27 692 227 1028 1729
86 730 226 1028 1729
144 216 229 1029 1730
293 1025 226 1029 1730
87 449 225 1029 1730
74 136 227 1029 1730
696 256 227 1029 1730
146 950 221 1029 1730
144 217 231 1030 1731
293 1026 223 1030 1731
87 450 227 1030 1731
74 137 231 1030 1731
696 257 234 1030 1731
86 732 230 1030 1731
278 1042 223 1030 1731
144 218 225 1031 1732
293 1027 222 1031 1732
778 1036 221 1031 1732
87 451 221 1031 1732
27 695 226 1031 1732
74 138 233 1031 1732
696 258 233 1031 1732
86 733 223 1031 1732
146 952 228 1031 1732
144 219 224 1032 1733
293 1028 224 1032 1733
778 1037 223 1032 1733
27 696 225 1032 1733
74 139 231 1032 1733
696 259 234 1032 1733
86 734 227 1032 1733
278 1044 223 1032 1733
146 953 225 1032 1733
144 220 225 1033 1734
293 1029 221 1033 1734
87 453 225 1033 1734
27 697 221 1033 1734
74 140 231 1033 1734
391 932 221 1033 1734
696 260 225 1033 1734
144 221 223 1034 1735
293 1030 224 1034 1735
87 454 225 1034 1735
27 698 227 1034 1735
73 710 221 1034 1735
74 141 221 1034 1735
416 177 227 1034 1735
86 736 223 1034 1735
144 222 230 1035 1736
778 1040 225 1035 1736
87 455 227 1035 1736
27 699 225 1035 1736
86 737 223 1035 1736
146 956 223 1035 1736
144 223 225 1036 1737
778 1041 225 1036 1737
87 456 227 1036 1737
27 700 223 1036 1737
86 738 227 1036 1737
146 957 225 1036 1737
278 1 232 1036 1737
293 1033 228 1037 1738
778 1042 221 1037 1738
87 457 225 1037 1738
27 701 223 1037 1738
86 739 223 1037 1738
146 958 227 1037 1738
278 2 225 1037 1738
778 1043 223 1038 1739
87 458 226 1038 1739
601 1049 225 1038 1739
27 702 222 1038 1739
86 740 223 1038 1739
146 959 225 1038 1739
278 3 221 1038 1739
601 1050 229 1039 1740
87 459 225 1039 1740
27 703 224 1039 1740
416 182 221 1039 1740
696 266 221 1039 1740
146 960 227 1039 1740
778 1045 229 1040 1741
87 460 226 1040 1741
601 1051 226 1040 1741
27 704 225 1040 1741
146 961 227 1040 1741
278 5 226 1041 1742
391 932 226 1041 1742
778 1046 223 1041 1742
601 1052 225 1041 1742
87 461 226 1041 1742
27 705 226 1041 1742
146 962 221 1041 1742
391 932 225 1041 1742
278 6 229 1042 1743
778 1047 223 1042 1743
293 1038 228 1042 1743
601 1053 227 1042 1743
27 706 223 1042 1743
87 462 223 1042 1743
146 963 224 1042 1743
86 744 225 1042 1743
649 471 221 1042 1743
278 7 225 1043 1744
778 1048 223 1043 1744
293 1039 229 1043 1744
87 463 223 1043 1744
146 964 221 1043 1744
778 1049 225 1044 1745
601 1055 227 1044 1745
27 708 222 1044 1745
87 464 223 1044 1745
391 932 225 1044 1745
416 187 222 1044 1745
391 976 223 1044 1745
146 965 225 1044 1745
778 1050 223 1045 1746
87 465 223 1045 1746
391 977 223 1045 1746
146 966 224 1045 1746
144 233 223 1046 1747
778 1051 227 1046 1747
293 1042 225 1046 1747
601 1057 224 1046 1747
27 710 233 1046 1747
416 189 225 1046 1747
696 273 234 1046 1747
649 475 221 1046 1747
391 977 225 1047 1748
778 1052 225 1047 1748
87 467 226 1047 1748
416 190 222 1047 1748
391 979 224 1047 1748
696 274 231 1047 1748
778 1053 227 1048 1749
87 468 221 1048 1749
27 712 225 1048 1749
74 155 225 1048 1749
696 275 235 1048 1749
86 750 224 1048 1749
391 979 229 1048 1749
293 1045 221 1049 1750
27 713 230 1049 1750
74 156 221 1049 1750
696 276 236 1049 1750
146 970 224 1049 1750
86 751 227 1049 1750
778 1055 233 1050 1751
27 714 232 1050 1751
74 157 223 1050 1751
416 193 222 1050 1751
696 277 235 1050 1751
391 979 231 1050 1751
778 1056 237 1051 1752
293 1047 223 1051 1752
144 238 221 1051 1752
87 471 223 1051 1752
74 158 227 1051 1752
27 715 228 1051 1752
696 278 232 1051 1752
86 753 226 1051 1752
278 16 224 1052 1753
778 1057 231 1052 1753
293 1048 222 1052 1753
87 472 224 1052 1753
27 716 233 1052 1753
74 159 221 1052 1753
416 195 223 1052 1753
696 279 229 1052 1753
391 984 226 1052 1753
146 973 223 1052 1753
86 754 224 1052 1753
778 1058 225 1053 1754
87 473 225 1053 1754
27 717 230 1053 1754
74 160 222 1053 1754
696 280 232 1053 1754
391 985 223 1053 1754
86 755 225 1053 1754
278 18 224 1054 1755
778 1059 221 1054 1755
27 718 227 1054 1755
74 161 227 1054 1755
696 281 229 1054 1755
391 986 223 1054 1755
86 756 225 1054 1755
278 19 222 1055 1756
778 1060 233 1055 1756
601 1066 221 1055 1756
87 475 228 1055 1756
27 719 223 1055 1756
696 282 232 1055 1756
391 986 227 1055 1756
86 757 221 1055 1756
278 20 225 1056 1757
778 1061 233 1056 1757
74 163 222 1056 1757
696 283 236 1056 1757
86 758 227 1056 1757
278 21 224 1057 1758
778 1062 235 1057 1758
27 721 228 1057 1758
391 989 224 1057 1758
696 284 235 1057 1758
86 759 229 1057 1758
278 22 225 1058 1759
144 245 225 1058 1759
27 722 229 1058 1759
87 478 225 1058 1759
696 285 235 1058 1759
146 979 224 1058 1759
86 760 223 1058 1759
144 246 221 1059 1760
778 1064 237 1059 1760
601 1070 222 1059 1760
293 1055 225 1059 1760
27 723 225 1059 1760
696 286 235 1059 1760
146 980 228 1059 1760
278 24 225 1060 1761
778 1065 233 1060 1761
601 1071 227 1060 1761
87 480 224 1060 1761
74 167 221 1060 1761
73 736 221 1060 1761
696 287 221 1060 1761
146 981 226 1060 1761
278 25 221 1061 1762
778 1066 230 1061 1762
601 1072 231 1061 1762
87 481 225 1061 1762
27 725 224 1061 1762
73 737 227 1061 1762
696 288 239 1061 1762
146 982 221 1061 1762
86 763 223 1061 1762
649 490 224 1061 1762
144 249 221 1062 1763
778 1067 233 1062 1763
601 1073 233 1062 1763
87 482 224 1062 1763
27 726 225 1062 1763
696 289 237 1062 1763
146 983 224 1062 1763
86 764 221 1062 1763
649 491 223 1062 1763
278 27 223 1063 1764
778 1068 235 1063 1764
601 1074 230 1063 1764
87 483 224 1063 1764
27 727 225 1063 1764
696 290 236 1063 1764
649 492 225 1063 1764
278 28 231 1064 1765
144 251 225 1064 1765
601 1075 231 1064 1765
778 1069 233 1064 1765
87 484 223 1064 1765
27 728 225 1064 1765
696 291 235 1064 1765
73 740 223 1064 1765
146 985 228 1064 1765
649 493 222 1064 1765
278 29 223 1065 1766
144 252 223 1065 1766
601 1076 222 1065 1766
778 1070 233 1065 1766
87 485 226 1065 1766
27 729 226 1065 1766
696 292 237 1065 1766
73 741 226 1065 1766
146 986 229 1065 1766
278 30 227 1066 1767
601 1077 221 1066 1767
778 1071 235 1066 1767
391 998 223 1066 1767
696 293 231 1066 1767
73 742 222 1066 1767
146 987 230 1066 1767
278 31 227 1067 1768
144 254 223 1067 1768
601 1078 225 1067 1768
87 487 222 1067 1768
778 1072 235 1067 1768
27 731 225 1067 1768
696 294 225 1067 1768
146 988 224 1067 1768
86 769 222 1067 1768
278 32 222 1068 1769
601 1079 221 1068 1769
87 488 225 1068 1769
778 1073 225 1068 1769
27 732 231 1068 1769
416 211 224 1068 1769
391 1000 221 1068 1769
696 295 230 1068 1769
146 989 225 1068 1769
86 770 225 1068 1769
601 1080 223 1069 1770
87 489 221 1069 1770
27 733 221 1069 1770
74 176 224 1069 1770
696 296 231 1069 1770
73 745 222 1069 1770
146 990 233 1069 1770
86 771 227 1069 1770
144 257 227 1070 1771
293 1066 221 1070 1771
601 1081 227 1070 1771
87 490 225 1070 1771
74 177 223 1070 1771
696 297 231 1070 1771
73 746 221 1070 1771
146 991 221 1070 1771
86 772 225 1070 1771
305 1166 221 1070 1771
278 35 221 1071 1772
144 258 227 1071 1772
601 1082 224 1071 1772
778 1076 226 1071 1772
87 491 222 1071 1772
74 178 224 1071 1772
416 214 221 1071 1772
696 298 229 1071 1772
73 747 223 1071 1772
146 992 224 1071 1772
86 773 223 1071 1772
278 36 221 1072 1773
144 259 226 1072 1773
601 1083 237 1072 1773
778 1077 223 1072 1773
416 215 223 1072 1773
391 1004 221 1072 1773
73 748 225 1072 1773
696 299 224 1072 1773
146 993 227 1072 1773
86 774 223 1072 1773
278 37 222 1073 1774
144 260 221 1073 1774
601 1084 223 1073 1774
778 1078 229 1073 1774
87 493 226 1073 1774
74 180 225 1073 1774
416 216 222 1073 1774
696 300 231 1073 1774
391 1005 224 1073 1774
146 994 223 1073 1774
278 38 221 1074 1775
601 1085 229 1074 1775
778 1079 231 1074 1775
293 1070 222 1074 1775
87 494 225 1074 1775
74 181 224 1074 1775
416 217 223 1074 1775
696 301 227 1074 1775
601 1086 227 1075 1776
778 1080 231 1075 1776
293 1071 221 1075 1776
87 495 227 1075 1776
74 182 229 1075 1776
416 218 223 1075 1776
696 302 231 1075 1776
391 1007 223 1075 1776
278 40 223 1076 1777
601 1087 221 1076 1777
293 1072 223 1076 1777
27 740 223 1076 1777
87 496 225 1076 1777
74 183 228 1076 1777
696 303 236 1076 1777
146 997 221 1076 1777
278 41 225 1077 1778
87 497 227 1077 1778
74 184 227 1077 1778
696 304 237 1077 1778
391 1009 222 1077 1778
86 779 221 1077 1778
278 42 222 1078 1779
601 1089 223 1078 1779
778 1083 222 1078 1779
293 1074 223 1078 1779
27 742 221 1078 1779
87 498 230 1078 1779
416 221 225 1078 1779
696 305 235 1078 1779
278 43 221 1079 1780
778 1084 229 1079 1780
601 1090 223 1079 1780
27 743 224 1079 1780
87 499 225 1079 1780
74 186 227 1079 1780
696 306 225 1079 1780
86 781 225 1079 1780
146 1000 226 1079 1780
778 1085 232 1080 1781
27 744 229 1080 1781
87 500 222 1080 1781
74 187 227 1080 1781
391 1012 223 1080 1781
696 307 221 1080 1781
86 782 226 1080 1781
146 1001 225 1080 1781
278 45 223 1081 1782
778 1086 229 1081 1782
27 745 226 1081 1782
601 1092 221 1081 1782
87 501 223 1081 1782
416 224 221 1081 1782
74 188 225 1081 1782
696 308 229 1081 1782
146 1002 222 1081 1782
278 46 223 1082 1783
27 746 221 1082 1783
601 1093 229 1082 1783
87 502 225 1082 1783
74 189 221 1082 1783
391 1014 221 1082 1783
696 309 232 1082 1783
146 1003 225 1082 1783
278 47 221 1083 1784
778 1088 225 1083 1784
87 503 225 1083 1784
601 1094 228 1083 1784
416 226 224 1083 1784
391 1015 223 1083 1784
696 310 234 1083 1784
146 1004 225 1083 1784
778 1089 233 1084 1785
87 504 227 1084 1785
601 1095 229 1084 1785
416 227 227 1084 1785
74 191 223 1084 1785
391 1016 222 1084 1785
696 311 237 1084 1785
146 1005 223 1084 1785
778 1090 231 1085 1786
87 505 226 1085 1786
601 1096 224 1085 1786
416 228 227 1085 1786
74 192 223 1085 1786
73 761 223 1085 1786
696 312 234 1085 1786
778 1091 231 1086 1787
87 506 225 1086 1787
391 1018 223 1086 1787
696 313 233 1086 1787
778 1092 229 1087 1788
27 751 222 1087 1788
87 507 223 1087 1788
391 1019 231 1087 1788
696 314 233 1087 1788
86 789 221 1087 1788
778 1093 230 1088 1789
27 752 223 1088 1789
87 508 224 1088 1789
416 231 225 1088 1789
391 1020 229 1088 1789
73 764 221 1088 1789
696 315 233 1088 1789
778 1094 230 1089 1790
601 1100 225 1089 1790
391 1021 230 1089 1790
73 765 223 1089 1790
696 316 229 1089 1790
778 1095 225 1090 1791
144 277 223 1090 1791
27 754 223 1090 1791
87 510 227 1090 1791
416 233 223 1090 1791
391 1022 226 1090 1791
146 1011 223 1090 1791
696 317 222 1090 1791
778 1096 224 1091 1792
27 755 221 1091 1792
87 511 227 1091 1792
391 1023 228 1091 1792
696 318 224 1091 1792
293 1088 227 1092 1793
144 279 223 1092 1793
87 512 228 1092 1793
416 235 223 1092 1793
391 1024 229 1092 1793
696 319 229 1092 1793
293 1089 222 1093 1794
144 280 221 1093 1794
87 513 229 1093 1794
27 757 223 1093 1794
391 1025 231 1093 1794
146 1014 226 1093 1794
696 320 229 1093 1794
86 795 221 1093 1794
778 1099 225 1094 1795
87 514 228 1094 1795
27 758 225 1094 1795
416 237 223 1094 1795
391 1026 230 1094 1795
146 1015 224 1094 1795
696 321 235 1094 1795
778 1100 225 1095 1796
87 515 230 1095 1796
416 238 222 1095 1796
391 1027 231 1095 1796
696 322 233 1095 1796
778 1101 225 1096 1797
601 1107 226 1096 1797
87 516 229 1096 1797
27 760 224 1096 1797
391 1028 229 1096 1797
696 323 233 1096 1797
778 1102 225 1097 1798
601 1108 225 1097 1798
87 517 227 1097 1798
27 761 224 1097 1798
416 240 229 1097 1798
391 1029 230 1097 1798
696 324 229 1097 1798
778 1103 225 1098 1799
87 518 226 1098 1799
27 762 225 1098 1799
391 1030 221 1098 1799
696 325 230 1098 1799
778 1104 225 1099 1800
601 1110 226 1099 1800
87 519 231 1099 1800
27 763 223 1099 1800
416 242 221 1099 1800
391 1031 221 1099 1800
146 1020 221 1099 1800
696 326 229 1099 1800
778 1105 227 1100 1801
601 1111 229 1100 1801
87 520 227 1100 1801
416 243 223 1100 1801
146 1021 231 1100 1801
696 327 233 1100 1801
86 802 224 1100 1801
778 1106 233 1101 1802
601 1112 227 1101 1802
27 765 226 1101 1802
87 521 231 1101 1802
391 1033 223 1101 1802
146 1022 221 1101 1802
696 328 233 1101 1802
86 803 221 1101 1802
778 1107 225 1102 1803
416 245 221 1102 1803
87 522 229 1102 1803
696 329 233 1102 1803
86 804 226 1102 1803
778 1108 227 1103 1804
601 1114 223 1103 1804
27 767 227 1103 1804
416 246 227 1103 1804
87 523 233 1103 1804
391 1035 223 1103 1804
696 330 231 1103 1804
87 524 233 1104 1805
416 247 222 1104 1805
696 331 237 1104 1805
778 1110 225 1105 1806
416 248 221 1105 1806
87 525 232 1105 1806
146 1026 221 1105 1806
696 332 237 1105 1806
144 293 227 1106 1807
778 1111 227 1106 1807
27 770 223 1106 1807
87 526 229 1106 1807
146 1027 223 1106 1807
696 333 234 1106 1807
305 1202 222 1107 1808
87 527 232 1107 1808
416 250 225 1107 1808
74 214 221 1107 1808
146 1028 225 1107 1808
696 334 233 1107 1808
27 772 221 1108 1809
778 1113 227 1108 1809
416 251 233 1108 1809
87 528 231 1108 1809
146 1029 221 1108 1809
696 335 238 1108 1809
27 773 229 1109 1810
87 529 231 1109 1810
778 1114 224 1109 1810
146 1030 223 1109 1810
696 336 237 1109 1810
27 774 225 1110 1811
416 253 222 1110 1811
87 530 229 1110 1811
778 1115 229 1110 1811
146 1031 224 1110 1811
696 337 238 1110 1811
27 775 226 1111 1812
87 531 230 1111 1812
778 1116 227 1111 1812
146 1032 225 1111 1812
696 338 240 1111 1812
27 776 226 1112 1813
87 532 231 1112 1813
601 1123 221 1112 1813
778 1117 231 1112 1813
696 339 233 1112 1813
144 300 221 1113 1814
27 777 221 1113 1814
87 533 231 1113 1814
778 1118 223 1113 1814
601 1124 228 1113 1814
696 340 225 1113 1814
27 778 227 1114 1815
778 1119 226 1114 1815
87 534 229 1114 1815
68 1166 223 1114 1815
696 341 238 1114 1815
293 1111 221 1115 1816
27 779 229 1115 1816
778 1120 230 1115 1816
601 1126 226 1115 1816
74 222 221 1115 1816
146 1036 227 1115 1816
696 342 245 1115 1816
144 303 221 1116 1817
778 1121 227 1116 1817
416 259 221 1116 1817
601 1127 221 1116 1817
696 343 224 1116 1817
146 1037 221 1116 1817
293 1113 223 1117 1818
778 1122 223 1117 1818
601 1128 232 1117 1818
146 1038 221 1117 1818
778 1123 225 1118 1819
601 1129 228 1118 1819
87 538 224 1118 1819
293 1115 226 1119 1820
27 783 221 1119 1820
278 83 221 1119 1820
778 1124 231 1119 1820
146 1040 224 1119 1820
293 1116 229 1120 1821
27 784 225 1120 1821
87 540 227 1120 1821
601 1131 226 1120 1821
778 1125 231 1120 1821
74 227 223 1120 1821
391 1052 222 1120 1821
146 1041 222 1120 1821
278 85 222 1121 1822
27 785 228 1121 1822
87 541 224 1121 1822
778 1126 228 1121 1822
144 3 223 1122 1823
416 265 229 1122 1823
27 786 225 1122 1823
87 542 223 1122 1823
778 1127 233 1122 1823
391 1054 223 1122 1823
86 824 221 1123 1824
416 266 223 1123 1824
27 787 227 1123 1824
778 1128 230 1123 1824
87 543 225 1123 1824
391 1055 222 1123 1824
86 825 227 1124 1825
27 788 223 1124 1825
416 267 228 1124 1825
778 1129 232 1124 1825
601 1135 223 1124 1825
74 231 221 1124 1825
87 544 222 1124 1825
391 1056 225 1124 1825
73 800 222 1124 1825
86 826 222 1125 1826
27 789 225 1125 1826
416 268 227 1125 1826
601 1136 221 1125 1826
778 1130 225 1125 1826
74 232 223 1125 1826
87 545 223 1125 1826
144 7 226 1126 1827
86 827 221 1126 1827
293 1122 222 1126 1827
27 790 225 1126 1827
416 269 224 1126 1827
601 1137 222 1126 1827
778 1131 229 1126 1827
87 546 227 1126 1827
391 1058 225 1126 1827
144 8 225 1127 1828
293 1123 223 1127 1828
27 791 225 1127 1828
416 270 225 1127 1828
778 1132 225 1127 1828
87 547 229 1127 1828
391 1059 227 1127 1828
73 803 223 1127 1828
696 354 221 1127 1828
144 9 230 1128 1829
416 271 221 1128 1829
778 1133 230 1128 1829
87 548 225 1128 1829
391 1060 229 1128 1829
144 10 225 1129 1830
416 272 224 1129 1830
778 1134 230 1129 1830
74 236 229 1129 1830
87 549 225 1129 1830
391 1061 224 1129 1830
696 356 223 1129 1830
144 11 227 1130 1831
416 273 225 1130 1831
778 1135 226 1130 1831
87 550 226 1130 1831
144 12 226 1130 1831
86 832 221 1131 1832
27 795 223 1131 1832
416 274 224 1131 1832
778 1136 223 1131 1832
391 1063 225 1131 1832
144 13 229 1132 1833
416 275 227 1132 1833
293 1128 225 1132 1833
778 1137 229 1132 1833
601 1143 221 1132 1833
87 552 224 1132 1833
144 14 228 1133 1834
86 834 223 1133 1834
416 276 231 1133 1834
293 1129 227 1133 1834
778 1138 233 1133 1834
87 553 225 1133 1834
74 240 226 1133 1834
391 1065 221 1133 1834
144 15 225 1134 1835
293 1130 225 1134 1835
87 554 225 1134 1835
74 241 223 1134 1835
391 1066 221 1134 1835
146 1055 221 1134 1835
696 361 229 1134 1835
144 16 225 1135 1836
278 99 222 1135 1836
416 278 235 1135 1836
778 1140 225 1135 1836
293 1131 228 1135 1836
601 1146 227 1135 1836
87 555 222 1135 1836
68 1187 223 1135 1836
146 1056 221 1135 1836
391 1067 224 1135 1836
144 17 224 1135 1836
86 837 231 1136 1837
278 100 221 1136 1837
778 1141 227 1136 1837
416 279 226 1136 1837
601 1147 221 1136 1837
87 556 223 1136 1837
391 1068 227 1136 1837
146 1057 224 1136 1837
696 363 225 1136 1837
144 18 227 1136 1837
278 101 221 1137 1838
27 801 230 1137 1838
601 1148 227 1137 1838
293 1133 229 1137 1838
87 557 221 1137 1838
391 1069 225 1137 1838
146 1058 221 1137 1838
696 364 224 1137 1838
144 19 225 1137 1838
27 802 223 1138 1839
416 281 221 1138 1839
778 1143 225 1138 1839
601 1149 226 1138 1839
293 1134 229 1138 1839
146 1059 227 1138 1839
391 1070 225 1138 1839
696 365 225 1138 1839
144 20 228 1138 1839
778 1144 223 1139 1840
416 282 221 1139 1840
601 1150 229 1139 1840
293 1135 230 1139 1840
146 1060 229 1139 1840
696 366 224 1139 1840
144 21 224 1139 1840
27 804 225 1140 1841
778 1145 226 1140 1841
416 283 227 1140 1841
601 1151 224 1140 1841
293 1136 223 1140 1841
146 1061 232 1140 1841
696 367 227 1140 1841
144 22 225 1140 1841
778 1146 231 1141 1842
278 105 221 1141 1842
293 1137 228 1141 1842
146 1062 231 1141 1842
696 368 229 1141 1842
144 23 228 1141 1842
86 843 222 1142 1843
27 806 231 1142 1843
778 1147 232 1142 1843
293 1138 225 1142 1843
146 1063 231 1142 1843
144 24 225 1142 1843
86 844 226 1143 1844
27 807 227 1143 1844
416 286 233 1143 1844
778 1148 229 1143 1844
293 1139 223 1143 1844
146 1064 231 1143 1844
696 370 222 1143 1844
144 25 227 1143 1844
27 808 228 1144 1845
416 287 233 1144 1845
778 1149 232 1144 1845
601 1155 223 1144 1845
87 564 221 1144 1845
146 1065 228 1144 1845
696 371 227 1144 1845
144 26 225 1144 1845
778 1150 231 1145 1846
27 809 225 1145 1846
278 109 223 1145 1846
416 288 233 1145 1846
87 565 223 1145 1846
146 1066 231 1145 1846
391 1077 225 1145 1846
144 27 229 1145 1846
778 1151 235 1146 1847
416 289 232 1146 1847
27 810 224 1146 1847
293 1142 237 1146 1847
601 1157 226 1146 1847
146 1067 224 1146 1847
696 373 222 1146 1847
144 28 227 1146 1847
416 290 231 1147 1848
778 1152 221 1147 1848
27 811 225 1147 1848
293 1143 223 1147 1848
146 1068 226 1147 1848
696 374 229 1147 1848
144 29 231 1147 1848
27 812 221 1148 1849
416 291 226 1148 1849
778 1153 241 1148 1849
278 112 224 1148 1849
293 1144 225 1148 1849
87 568 224 1148 1849
146 1069 221 1148 1849
696 375 231 1148 1849
391 1080 225 1148 1849
144 30 231 1148 1849
778 1154 241 1149 1850
416 292 225 1149 1850
293 1145 227 1149 1850
601 1160 221 1149 1850
696 376 232 1149 1850
146 1070 226 1149 1850
391 1081 223 1149 1850
144 31 231 1149 1850
778 1155 240 1150 1851
416 293 223 1150 1851
27 814 227 1150 1851
293 1146 231 1150 1851
696 377 223 1150 1851
391 1082 224 1150 1851
146 1071 231 1150 1851
144 32 229 1150 1851
778 1156 242 1151 1852
416 294 221 1151 1852
27 815 227 1151 1852
293 1147 227 1151 1852
601 1162 229 1151 1852
696 378 235 1151 1852
391 1083 223 1151 1852
146 1072 231 1151 1852
144 33 234 1151 1852
86 853 225 1152 1853
278 116 224 1152 1853
778 1157 236 1152 1853
416 295 224 1152 1853
293 1148 225 1152 1853
601 1163 225 1152 1853
696 379 225 1152 1853
391 1084 235 1152 1853
146 1073 229 1152 1853
73 828 221 1152 1853
86 854 222 1153 1854
278 117 229 1153 1854
778 1158 239 1153 1854
293 1149 221 1153 1854
74 260 221 1153 1854
601 1164 227 1153 1854
696 380 231 1153 1854
73 829 223 1153 1854
144 35 228 1153 1854
86 855 222 1154 1855
278 118 227 1154 1855
778 1159 233 1154 1855
27 818 221 1154 1855
74 261 225 1154 1855
391 1085 225 1154 1855
601 1166 221 1155 1856
146 1076 221 1155 1856
27 820 222 1156 1857
601 1167 225 1156 1857
73 832 227 1156 1857
144 38 233 1157 1858
498 298 221 1157 1858
312 1152 225 1157 1858
312 1153 229 1158 1859
168 7 223 1159 1860
319 1169 223 1160 1861
195 154 223 1160 1861
195 155 229 1161 1862
195 156 231 1162 1863
605 171 225 1162 1863
195 157 241 1163 1864
424 68 221 1164 1865
424 69 221 1165 1866
424 70 221 1166 1867
195 163 221 1169 1870
195 164 222 1170 1871
12 33 222 1170 1871
12 34 221 1171 1872
12 35 224 1172 1873
12 36 223 1173 1874
304 1172 225 1173 1874
424 86 223 1182 1883
713 252 225 1182 1883
713 253 229 1183 1884
558 229 232 1185 1886
530 453 223 1185 1886
750 256 228 1185 1886
664 300 221 1185 1886
195 179 225 1185 1886
750 257 229 1186 1887
664 301 221 1186 1887
142 499 229 1187 1888
613 1100 225 1187 1888
142 500 227 1188 1889
613 1101 233 1188 1889
142 501 231 1189 1890
424 94 227 1190 1891
613 1105 224 1192 1893
12 55 224 1192 1893
535 17 227 1192 1893
613 1106 224 1193 1894
535 18 221 1193 1894
148 344 230 1193 1894
613 1107 232 1194 1895
492 446 224 1194 1895
148 345 233 1194 1895
492 447 227 1195 1896
535 20 231 1195 1896
148 346 229 1195 1896
613 1109 228 1196 1897
12 59 227 1196 1897
492 448 231 1196 1897
535 21 231 1196 1897
148 347 226 1196 1897
195 191 226 1197 1898
12 60 225 1197 1898
535 22 234 1197 1898
148 348 224 1197 1898
195 192 226 1198 1899
12 61 225 1198 1899
535 23 232 1198 1899
148 349 221 1198 1899
613 1112 230 1199 1900
12 62 225 1199 1900
492 451 222 1199 1900
613 1113 227 1200 1901
535 25 235 1200 1901
148 351 231 1200 1901
424 105 226 1201 1902
760 4 229 1201 1902
613 1114 231 1201 1902
12 64 222 1201 1902
424 106 234 1202 1903
760 5 223 1202 1903
530 470 227 1202 1903
424 107 225 1203 1904
530 471 222 1203 1904
142 516 235 1204 1905
613 1117 231 1204 1905
613 1118 222 1205 1906
148 356 227 1205 1906
613 1119 235 1206 1907
760 9 224 1206 1907
530 474 222 1206 1907
558 251 221 1206 1907
424 111 225 1206 1907
195 201 221 1207 1908
535 32 222 1207 1908
148 358 225 1207 1908
613 1121 233 1208 1909
760 11 221 1208 1909
530 477 221 1209 1910
91 293 227 1209 1910
148 360 224 1209 1910
613 1123 221 1210 1911
91 294 224 1210 1911
148 361 227 1210 1911
535 35 224 1210 1911
558 255 222 1210 1911
12 74 223 1211 1912
148 362 225 1211 1912
535 37 223 1212 1913
148 363 228 1212 1913
148 364 223 1213 1914
613 1127 235 1214 1915
12 77 231 1214 1915
148 365 232 1214 1915
613 1128 222 1215 1916
91 299 221 1215 1916
148 366 221 1215 1916
613 1130 227 1217 1918
91 301 223 1217 1918
558 262 225 1217 1918
142 530 225 1218 1919
535 43 221 1218 1919
558 263 224 1218 1919
12 82 228 1219 1920
138 141 229 1220 1921
148 371 223 1220 1921
142 533 224 1221 1922
535 46 221 1221 1922
148 372 228 1221 1922
558 266 224 1221 1922
760 25 221 1222 1923
91 306 233 1222 1923
535 47 221 1222 1923
558 267 233 1222 1923
91 307 221 1223 1924
558 268 223 1223 1924
760 27 222 1224 1925
492 476 225 1224 1925
535 49 225 1224 1925
558 269 237 1224 1925
142 537 239 1225 1926
558 270 233 1225 1926
142 538 238 1226 1927
760 29 221 1226 1927
558 271 229 1226 1927
558 272 234 1227 1928
142 540 231 1228 1929
558 273 239 1228 1929
142 541 224 1229 1930
535 54 227 1229 1930
148 380 223 1229 1930
558 274 223 1229 1930
142 542 223 1230 1931
760 33 221 1230 1931
748 1240 223 1233 1934
748 1241 227 1234 1935
535 60 225 1235 1936
748 1242 228 1235 1936
748 1243 235 1236 1937
748 1245 230 1238 1939
535 68 223 1243 1944
558 288 221 1243 1944
558 289 235 1244 1945
760 48 223 1245 1946
142 557 233 1245 1946
558 290 227 1245 1946
760 49 221 1246 1947
142 558 234 1246 1947
613 1159 221 1246 1947
558 291 221 1246 1947
748 1253 222 1246 1947
142 559 235 1247 1948
558 292 226 1247 1948
142 560 226 1248 1949
91 332 221 1248 1949
492 500 222 1248 1949
558 293 222 1248 1949
760 52 223 1249 1950
492 501 222 1249 1950
558 294 224 1249 1950
142 562 241 1250 1951
91 334 221 1250 1951
558 295 224 1250 1951
760 54 226 1251 1952
142 563 231 1251 1952
530 519 221 1251 1952
492 503 221 1251 1952
558 296 232 1251 1952
142 564 222 1252 1953
760 55 227 1252 1953
492 505 221 1253 1954
142 566 221 1254 1955
424 159 229 1255 1956
424 161 223 1257 1958
424 168 226 1264 1965
12 128 221 1265 1966
424 170 228 1266 1967
424 175 221 1271 1972
424 176 224 1272 1973
424 177 226 1273 1974
713 65 239 1273 1974
713 66 223 1274 1975
424 179 226 1275 1976
713 67 233 1275 1976
424 180 221 1276 1977
713 68 233 1276 1977
424 181 222 1277 1978
713 69 233 1277 1978
713 70 239 1278 1979
424 183 221 1279 1980
713 71 223 1279 1980
713 72 233 1280 1981
424 185 225 1281 1982
713 73 221 1281 1982
530 550 225 1282 1983
351 20 223 1282 1983
530 551 222 1283 1984
713 75 222 1283 1984
351 22 224 1284 1985
713 76 229 1284 1985
530 553 227 1285 1986
713 77 223 1285 1986
424 190 223 1286 1987
713 78 227 1286 1987
424 191 221 1287 1988
424 193 221 1289 1990
424 195 225 1291 1992
713 83 221 1291 1992
195 287 231 1293 1994
530 561 225 1293 1994
12 156 225 1293 1994
91 377 221 1293 1994
558 338 230 1293 1994
195 288 235 1294 1995
530 562 229 1294 1995
760 97 231 1294 1995
12 157 225 1294 1995
91 378 221 1294 1995
492 546 221 1294 1995
558 339 232 1294 1995
351 34 225 1296 1997
713 89 224 1297 1998
424 202 221 1298 1999
713 90 226 1298 1999
424 203 225 1299 2000
713 91 227 1299 2000
424 204 225 1300 2001
713 92 237 1300 2001
713 93 225 1301 2002
424 206 227 1302 2003
713 94 229 1302 2003
713 95 224 1303 2004
713 96 223 1304 2005
351 43 223 1305 2006
713 97 228 1305 2006
351 44 226 1306 2007
713 98 227 1306 2007
351 45 227 1307 2008
713 99 234 1307 2008
351 46 224 1308 2009
424 212 224 1308 2009
713 100 227 1308 2009
424 213 225 1309 2010
351 47 225 1309 2010
713 101 229 1309 2010
351 48 226 1310 2011
713 102 223 1310 2011
351 49 231 1311 2012
424 215 225 1311 2012
713 103 228 1311 2012
351 50 232 1312 2013
713 104 235 1312 2013
530 581 227 1313 2014
351 51 241 1313 2014
351 52 223 1314 2015
530 583 227 1315 2016
12 178 227 1315 2016
535 140 225 1315 2016
558 360 227 1315 2016
713 107 224 1315 2016
424 220 233 1316 2017
320 576 225 1316 2017
351 54 230 1316 2017
492 568 221 1316 2017
713 108 247 1316 2017
320 577 227 1317 2018
760 120 239 1317 2018
424 221 231 1317 2018
530 585 230 1317 2018
535 142 233 1317 2018
558 362 225 1317 2018
713 109 225 1317 2018
142 630 225 1318 2019
760 121 224 1318 2019
424 222 221 1318 2019
351 56 223 1318 2019
530 586 227 1318 2019
535 143 227 1318 2019
12 181 230 1318 2019
320 579 245 1319 2020
424 223 226 1319 2020
12 182 233 1319 2020
558 364 227 1319 2020
