228 1 236 0 686
687 2 237 0 686
228 2 246 1 687
127 10 227 1 687
687 3 235 1 687
228 3 225 2 688
449 6 221 2 688
687 4 225 2 688
687 5 223 3 689
208 1 227 4 690
228 5 235 4 690
449 8 221 4 690
687 6 227 4 690
208 2 221 5 691
228 6 233 5 691
532 4 227 5 691
687 7 223 5 691
208 3 225 6 692
228 7 232 6 692
127 15 223 6 692
532 5 226 6 692
687 8 223 6 692
228 8 234 7 693
532 6 237 7 693
687 9 224 7 693
208 5 223 8 694
208 6 222 9 695
228 10 233 9 695
687 11 229 9 695
228 11 233 10 696
532 9 231 10 696
228 12 239 11 697
532 10 232 11 697
687 13 230 11 697
228 13 237 12 698
228 14 227 13 699
102 1 222 14 700
228 15 237 14 700
102 2 222 15 701
687 17 231 15 701
102 3 233 16 702
228 17 237 16 702
687 18 223 16 702
102 4 233 17 703
228 18 231 17 703
687 19 227 17 703
102 5 233 18 704
228 19 225 18 704
687 20 224 18 704
102 6 231 19 705
127 28 222 19 705
228 20 231 19 705
228 21 225 20 706
687 22 223 20 706
687 23 223 21 707
228 23 227 22 708
687 24 224 22 708
102 10 222 23 709
127 32 221 23 709
228 25 230 24 710
102 12 225 25 711
228 26 227 25 711
532 24 224 25 711
228 27 233 26 712
687 28 223 26 712
102 15 227 28 714
228 29 226 28 714
687 30 223 28 714
102 16 224 29 715
228 30 227 29 715
228 32 231 31 717
228 33 227 32 718
228 34 226 33 719
127 43 221 34 720
228 35 227 34 720
228 36 233 35 721
687 37 225 35 721
228 37 227 36 722
102 24 227 37 723
228 38 229 37 723
449 42 221 38 724
228 39 236 38 724
102 26 222 39 725
208 36 222 39 725
449 43 221 39 725
102 27 221 40 726
127 49 222 40 726
228 41 231 40 726
228 42 227 41 727
127 51 221 42 728
228 43 231 42 728
228 44 226 43 729
532 42 221 43 729
127 53 222 44 730
228 45 225 44 730
532 43 225 44 730
127 54 221 45 731
127 55 225 46 732
228 47 223 46 732
687 48 222 46 732
228 48 226 47 733
228 50 222 49 735
228 51 225 50 736
228 53 239 52 738
228 54 241 53 739
228 55 234 54 740
228 56 242 55 741
532 54 221 55 741
127 65 221 56 742
228 57 243 56 742
228 58 235 57 743
228 59 234 58 744
127 68 223 59 745
228 60 225 59 745
228 61 227 60 746
127 70 221 61 747
228 62 235 61 747
532 60 224 61 747
127 71 224 62 748
228 63 235 62 748
127 72 223 63 749
127 73 223 64 750
228 65 231 64 750
228 66 221 65 751
532 65 222 66 752
228 68 227 67 753
228 69 231 68 754
228 70 239 69 755
228 71 239 70 756
102 58 221 71 757
127 80 222 71 757
228 72 237 71 757
228 73 238 72 758
102 60 223 73 759
127 82 223 73 759
228 74 247 73 759
228 75 242 74 760
687 76 223 74 760
228 76 243 75 761
228 77 227 76 762
532 75 227 76 762
102 64 223 77 763
228 78 224 77 763
228 80 221 79 765
102 67 223 80 766
228 81 223 80 766
532 79 239 80 766
687 82 236 80 766
102 68 224 81 767
449 85 224 81 767
228 82 228 81 767
532 80 239 81 767
687 83 225 81 767
102 69 221 82 768
127 91 223 82 768
228 83 223 82 768
532 81 242 82 768
687 84 226 82 768
102 70 231 83 769
228 84 237 83 769
532 82 235 83 769
687 85 239 83 769
127 93 235 84 770
449 88 232 84 770
228 85 228 84 770
532 83 234 84 770
687 86 231 84 770
102 72 222 85 771
449 89 221 85 771
228 86 225 85 771
532 84 222 85 771
127 95 241 86 772
449 90 225 86 772
687 88 233 86 772
102 74 226 87 773
127 96 226 87 773
228 88 223 87 773
687 89 237 87 773
102 75 236 88 774
127 97 227 88 774
687 90 227 88 774
102 76 226 89 775
127 98 227 89 775
449 93 225 89 775
516 81 227 89 775
455 85 225 90 776
498 14 227 90 776
27 76 227 90 776
551 85 224 93 779
331 65 225 93 779
539 8 221 93 779
778 84 227 93 779
85 79 221 93 779
675 89 233 93 779
331 66 231 94 780
110 78 225 94 780
754 84 230 94 780
632 71 225 95 781
470 4 228 95 781
70 92 221 95 781
637 43 237 95 781
470 5 228 96 782
415 82 221 97 783
451 95 221 98 784
11 3 221 98 784
667 82 225 98 784
9 95 221 98 784
484 8 226 98 784
11 4 229 99 785
667 83 227 99 785
484 9 224 99 785
11 5 223 100 786
600 70 221 100 786
667 84 227 100 786
486 83 223 100 786
484 10 229 100 786
415 85 239 100 786
451 98 224 101 787
11 6 221 101 787
486 84 225 101 787
484 11 227 101 787
415 86 237 102 788
11 7 227 102 788
126 100 225 102 788
532 101 232 102 788
41 96 221 102 788
415 87 225 103 789
655 19 229 103 789
788 59 226 103 789
11 8 225 103 789
291 87 221 103 789
126 101 226 103 789
30 99 225 103 789
667 87 224 103 789
484 13 238 103 789
415 88 221 104 790
592 94 224 104 790
11 9 227 104 790
279 98 221 104 790
367 78 231 104 790
126 102 231 104 790
532 103 223 104 790
650 42 225 104 790
667 88 221 104 790
484 14 233 104 790
415 89 223 105 791
368 35 223 105 791
367 79 233 105 791
126 103 221 105 791
532 104 225 105 791
650 43 223 105 791
484 15 225 105 791
415 90 231 106 792
592 96 221 106 792
368 36 227 106 792
11 11 222 106 792
345 34 225 106 792
30 102 223 106 792
22 46 225 106 792
650 44 222 106 792
694 69 221 106 792
486 89 225 106 792
484 16 226 106 792
415 91 221 107 793
368 37 225 107 793
176 47 229 107 793
345 35 228 107 793
367 81 229 107 793
650 45 223 107 793
667 91 224 107 793
486 90 224 107 793
210 88 221 107 793
484 17 222 107 793
176 48 221 108 794
11 13 221 108 794
126 106 225 108 794
367 82 226 108 794
532 107 223 108 794
650 46 223 108 794
349 96 222 109 795
592 99 227 109 795
368 39 221 109 795
11 14 221 109 795
509 57 238 109 795
345 37 221 109 795
367 83 223 109 795
650 47 221 109 795
484 19 222 109 795
650 48 222 110 796
484 20 225 110 796
415 95 221 111 797
509 59 236 111 797
509 60 223 112 798
126 110 221 112 798
30 108 225 112 798
650 50 226 112 798
484 22 223 112 798
592 103 227 113 799
509 61 227 113 799
126 111 223 113 799
367 87 242 113 799
30 109 221 113 799
650 51 224 113 799
210 94 221 113 799
592 104 226 114 800
415 98 222 114 800
345 42 237 114 800
367 88 221 114 800
532 113 225 114 800
650 52 231 114 800
22 54 225 114 800
667 98 232 114 800
486 97 221 114 800
592 105 221 115 801
367 89 221 115 801
532 114 225 115 801
667 99 222 115 801
484 25 223 115 801
368 46 222 116 802
11 21 237 116 802
345 44 224 116 802
721 96 226 116 802
650 54 225 116 802
667 100 223 116 802
484 26 223 116 802
592 107 223 117 803
667 101 234 117 803
650 56 233 118 804
667 102 234 118 804
11 24 223 119 805
650 57 237 119 805
667 103 227 119 805
484 29 223 119 805
650 58 232 120 806
484 30 221 120 806
367 95 221 121 807
650 59 233 121 807
667 105 223 121 807
126 120 226 122 808
532 121 225 122 808
650 60 222 122 808
592 113 224 123 809
296 125 225 123 809
368 53 222 123 809
509 71 231 123 809
650 61 235 123 809
592 114 224 124 810
345 52 222 124 810
532 123 225 124 810
650 62 241 124 810
592 115 221 125 811
650 63 229 125 811
667 109 223 125 811
592 116 223 126 812
126 124 221 126 812
650 64 240 126 812
11 32 221 127 813
650 65 234 127 813
667 111 222 127 813
415 112 221 128 814
650 66 239 128 814
484 38 221 128 814
650 67 239 129 815
667 113 225 129 815
650 68 246 130 816
22 70 223 130 816
415 115 221 131 817
509 79 221 131 817
11 36 224 131 817
650 69 237 131 817
415 116 221 132 818
592 122 221 132 818
532 131 224 132 818
650 70 235 132 818
667 116 223 132 818
345 61 224 133 819
650 71 241 133 819
349 121 221 133 819
415 118 238 134 820
11 39 225 134 820
345 62 221 134 820
650 72 237 134 820
592 125 225 135 821
415 119 233 135 821
650 73 236 135 821
592 126 225 136 822
509 84 221 136 822
650 74 237 136 822
667 120 223 136 822
415 121 221 137 823
11 42 224 137 823
345 65 224 137 823
650 75 235 137 823
415 122 242 138 824
650 76 239 138 824
667 122 223 138 824
486 121 221 138 824
345 67 237 139 825
650 77 236 139 825
592 130 227 140 826
650 78 242 140 826
415 125 225 141 827
650 79 243 141 827
667 125 223 141 827
415 126 235 142 828
509 90 223 142 828
11 47 229 142 828
688 133 221 142 828
345 70 223 142 828
650 80 237 142 828
415 127 248 143 829
650 81 223 143 829
592 134 223 144 830
509 92 228 144 830
667 128 221 144 830
592 135 225 145 831
126 143 223 145 831
650 83 232 145 831
349 134 221 146 832
592 137 222 147 833
368 77 222 147 833
650 85 227 147 833
349 135 221 147 833
592 138 221 148 834
650 86 238 148 834
667 132 222 148 834
650 87 223 149 835
667 133 221 149 835
368 80 222 150 836
11 55 224 150 836
650 88 225 150 836
349 138 221 150 836
667 134 221 150 836
592 141 223 151 837
368 81 221 151 837
650 89 227 151 837
592 142 223 152 838
650 90 237 152 838
592 143 223 153 839
650 91 223 153 839
368 84 223 154 840
650 92 224 154 840
592 145 223 155 841
368 85 223 155 841
650 93 232 155 841
667 139 221 155 841
368 87 221 157 843
11 62 221 157 843
650 95 222 157 843
368 88 224 158 844
592 149 221 159 845
368 89 223 159 845
650 97 226 159 845
368 90 221 160 846
650 98 221 160 846
368 91 221 161 847
11 66 223 161 847
650 99 233 161 847
650 100 232 162 848
484 72 227 163 849
650 101 221 163 849
484 73 221 164 850
650 102 233 164 850
650 103 235 165 851
650 104 224 166 852
650 105 227 168 854
667 151 222 168 854
592 158 224 168 854
650 106 227 169 855
650 107 225 170 856
592 160 227 170 856
415 154 223 170 856
650 108 239 170 856
367 148 221 174 860
532 175 223 176 862
650 117 223 180 866
592 171 221 181 867
474 169 221 181 867
650 119 222 182 868
415 166 225 182 868
650 120 227 183 869
650 121 227 184 870
415 169 222 185 871
650 123 225 186 872
415 170 227 186 872
368 116 221 186 872
509 134 221 186 872
11 91 221 186 872
650 124 231 187 873
474 175 221 187 873
484 21 221 188 874
368 118 221 188 874
11 93 221 188 874
650 126 224 189 875
650 127 235 190 876
667 174 221 191 877
650 128 232 191 877
650 129 232 192 878
368 122 223 192 878
121 192 221 192 878
667 177 227 194 880
650 131 227 194 880
532 193 221 194 880
667 178 223 195 881
650 132 231 195 881
650 133 235 196 882
650 134 229 197 883
688 188 223 197 883
650 135 229 198 884
650 136 235 199 885
509 147 221 199 885
650 137 241 200 886
650 138 235 201 887
650 139 237 202 888
650 141 221 204 890
11 110 221 205 891
650 143 221 206 892
667 189 224 206 892
650 144 237 207 893
484 40 225 207 893
11 112 227 207 893
667 191 221 208 894
650 145 240 208 894
415 192 221 208 894
345 136 223 208 894
11 113 226 208 894
650 146 234 209 895
650 147 235 210 896
650 148 233 211 897
650 149 227 212 898
650 150 242 213 899
650 151 243 214 900
650 153 226 216 902
650 154 221 217 903
667 200 222 217 903
650 155 227 218 904
650 156 225 219 905
650 157 225 220 906
532 219 227 221 907
650 158 229 221 907
667 204 226 221 907
650 159 242 222 908
667 205 221 222 908
650 160 242 223 909
22 163 221 223 909
650 161 221 223 909
650 162 227 225 911
650 163 241 226 912
667 209 222 226 912
650 164 231 227 913
650 165 229 228 914
667 211 223 228 914
650 166 227 229 915
415 213 229 229 915
345 157 222 229 915
667 213 224 230 916
650 167 225 230 916
592 220 221 230 916
650 168 238 231 917
667 215 225 232 918
650 169 235 232 918
650 170 233 233 919
650 171 224 234 920
650 172 233 235 921
650 173 231 236 922
650 174 239 237 923
650 175 226 238 924
650 176 232 239 925
592 229 221 239 925
592 230 222 240 926
11 145 227 240 926
650 178 237 241 927
11 146 223 241 927
650 179 233 242 928
368 172 221 242 928
667 226 223 243 929
650 181 224 244 930
368 174 221 244 930
650 182 240 245 931
667 228 223 245 931
11 150 224 245 931
650 183 227 246 932
667 229 224 246 932
11 151 223 246 932
650 184 227 247 933
667 230 221 247 933
11 152 234 247 933
650 185 223 248 934
650 186 237 249 935
650 188 221 251 937
650 189 222 252 938
650 190 223 253 939
667 237 222 254 940
650 192 236 255 941
667 238 224 255 941
11 160 225 255 941
650 193 235 256 942
650 194 231 257 943
650 195 221 258 944
650 196 227 259 945
11 164 221 259 945
650 197 243 260 946
650 198 238 260 946
11 166 231 261 947
650 199 247 261 947
667 245 222 262 948
11 167 233 262 948
650 200 237 262 948
667 246 223 263 949
650 201 226 264 950
532 262 224 264 950
11 169 224 264 950
650 202 241 264 950
667 248 225 265 951
650 203 235 265 951
650 204 244 266 952
667 250 223 267 953
650 205 234 267 953
650 206 246 268 954
486 251 221 269 955
667 252 221 269 955
11 174 227 269 955
650 207 241 269 955
486 252 223 270 956
11 175 225 270 956
22 210 221 270 956
650 208 239 270 956
486 253 223 271 957
667 254 222 271 957
11 176 227 271 957
650 209 233 271 957
11 177 223 272 958
667 256 223 273 959
11 178 225 273 959
650 211 238 274 960
11 179 225 274 960
650 212 237 274 960
650 213 228 275 961
126 274 225 276 962
11 181 222 276 962
650 214 223 277 963
650 215 242 278 964
650 216 236 279 965
667 262 226 279 965
650 217 241 280 966
650 218 225 281 967
650 219 237 282 968
667 265 223 282 968
484 115 221 282 968
126 280 221 282 968
650 220 235 283 969
667 266 226 283 969
650 221 241 283 969
667 267 225 284 970
650 222 247 284 970
667 268 223 285 971
650 223 245 286 972
667 269 227 286 972
650 224 247 287 973
667 270 231 287 973
650 225 245 288 974
368 218 221 288 974
423 272 221 289 975
650 226 243 289 975
667 272 223 289 975
650 227 246 290 976
650 228 241 291 977
650 229 227 292 978
650 230 241 293 979
11 4 223 293 979
650 231 247 294 980
650 232 237 295 981
11 6 221 295 981
650 233 233 296 982
11 7 222 296 982
650 234 227 297 983
532 295 225 297 983
11 8 222 297 983
650 235 238 298 984
788 254 222 298 984
11 10 226 299 985
126 297 225 299 985
592 291 222 301 987
11 13 235 302 988
484 135 221 302 988
368 232 221 302 988
126 301 222 303 989
345 231 226 303 989
11 15 223 304 990
484 137 223 304 990
126 302 224 304 990
667 288 223 305 991
592 295 221 305 991
650 245 241 308 994
11 19 227 308 994
484 141 225 308 994
650 246 235 309 995
11 20 223 309 995
484 142 225 309 995
650 247 235 310 996
650 248 244 311 997
345 239 221 311 997
650 249 235 312 998
11 23 223 312 998
650 250 225 313 999
11 24 225 313 999
650 251 227 314 1000
484 147 221 314 1000
368 244 221 314 1000
667 298 223 315 1001
345 243 224 315 1001
650 253 234 316 1002
22 256 223 316 1002
650 254 237 317 1003
667 300 227 317 1003
368 247 221 317 1003
650 255 231 318 1004
532 316 222 318 1004
667 301 223 318 1004
345 246 227 318 1004
650 256 229 319 1005
667 302 235 319 1005
667 303 239 320 1006
11 31 221 320 1006
484 153 221 320 1006
345 248 221 320 1006
368 250 221 320 1006
650 258 221 321 1007
667 304 229 321 1007
367 295 239 321 1007
22 261 225 321 1007
126 319 221 321 1007
509 269 225 321 1007
91 256 222 321 1007
592 312 223 322 1008
11 33 223 322 1008
367 296 248 322 1008
592 313 227 323 1009
415 307 231 323 1009
367 297 224 323 1009
126 321 227 323 1009
650 261 236 324 1010
367 298 221 324 1010
126 322 223 324 1010
509 272 223 324 1010
650 262 223 325 1011
532 3 231 325 1011
11 36 232 325 1011
484 158 221 325 1011
367 299 235 325 1011
345 253 231 325 1011
22 265 225 325 1011
509 273 221 325 1011
486 308 231 326 1012
650 263 242 326 1012
532 4 225 326 1012
667 309 233 326 1012
11 37 229 326 1012
367 300 224 326 1012
345 254 225 326 1012
126 324 222 326 1012
28 312 225 327 1013
667 310 222 327 1013
42 78 221 328 1014
42 79 223 329 1015
587 314 221 329 1015
572 322 233 329 1015
126 327 232 330 1016
188 267 222 330 1016
532 8 225 330 1016
415 314 229 330 1016
126 328 225 331 1017
188 268 225 331 1017
650 268 240 331 1017
777 314 227 331 1017
7 312 232 331 1017
470 240 223 332 1018
650 269 231 332 1018
587 317 225 332 1018
470 241 231 333 1019
336 319 227 333 1019
126 331 231 333 1019
650 271 241 334 1020
490 261 239 334 1020
157 335 242 334 1020
785 318 235 334 1020
560 327 233 334 1020
342 330 234 336 1022
209 175 229 336 1022
668 331 241 336 1022
661 181 229 336 1022
582 324 231 337 1023
133 339 225 337 1023
574 321 225 337 1023
536 336 242 339 1025
126 337 224 340 1026
559 209 225 340 1026
367 6 225 341 1027
489 275 225 341 1027
596 329 225 342 1028
230 314 221 342 1028
442 332 228 342 1028
701 333 221 342 1028
238 313 235 343 1029
422 327 235 343 1029
534 339 224 343 1029
256 116 227 343 1029
395 267 226 343 1029
487 30 226 343 1029
23 339 236 343 1029
442 333 223 343 1029
701 334 231 343 1029
127 352 221 343 1029
690 274 228 343 1029
126 341 222 343 1029
194 323 223 344 1030
513 329 228 344 1030
534 340 224 344 1030
422 328 241 344 1030
256 117 223 344 1030
395 268 225 344 1030
487 31 232 344 1030
295 308 222 344 1030
168 322 231 344 1030
388 339 227 344 1030
701 335 229 344 1030
690 275 226 344 1030
126 342 221 344 1030
194 324 254 345 1031
238 315 241 345 1031
422 329 229 345 1031
534 341 223 345 1031
395 269 221 345 1031
487 32 221 345 1031
295 309 227 345 1031
230 317 221 345 1031
23 341 232 345 1031
701 336 221 345 1031
126 343 221 345 1031
194 325 228 346 1032
513 331 225 346 1032
238 316 222 346 1032
422 330 225 346 1032
256 119 223 346 1032
534 342 225 346 1032
395 270 226 346 1032
329 273 223 346 1032
487 33 233 346 1032
230 318 223 346 1032
388 341 223 346 1032
701 337 223 346 1032
690 277 227 346 1032
127 355 225 346 1032
19 334 228 347 1033
648 53 221 347 1033
534 343 225 347 1033
295 311 227 347 1033
701 338 225 347 1033
584 251 233 348 1034
19 335 236 348 1034
422 332 226 348 1034
534 344 221 348 1034
256 121 223 348 1034
395 272 228 348 1034
295 312 221 348 1034
442 338 225 348 1034
168 326 225 348 1034
690 279 221 348 1034
584 252 222 349 1035
648 55 223 349 1035
422 333 225 349 1035
256 122 223 349 1035
395 273 223 349 1035
295 313 229 349 1035
442 339 223 349 1035
388 344 223 349 1035
584 253 237 350 1036
19 337 225 350 1036
422 334 222 350 1036
395 274 223 350 1036
256 123 225 350 1036
442 340 225 350 1036
388 345 221 350 1036
127 359 221 350 1036
126 348 223 350 1036
584 254 225 351 1037
19 338 229 351 1037
780 353 223 351 1037
238 321 223 351 1037
395 275 223 351 1037
256 124 222 351 1037
230 323 223 351 1037
442 341 229 351 1037
690 282 223 351 1037
19 339 221 352 1038
194 331 223 352 1038
238 322 223 352 1038
329 279 226 352 1038
256 125 221 352 1038
230 324 223 352 1038
584 256 227 353 1039
19 340 230 353 1039
780 355 225 353 1039
238 323 224 353 1039
422 337 223 353 1039
256 126 221 353 1039
701 344 221 353 1039
19 341 221 354 1040
422 338 221 354 1040
23 8 221 354 1040
19 342 236 355 1041
238 325 222 355 1041
534 351 222 355 1041
256 128 221 355 1041
238 326 223 356 1042
534 352 224 356 1042
422 340 221 356 1042
487 43 223 356 1042
690 287 222 356 1042
19 344 233 357 1043
295 321 225 357 1043
701 348 223 357 1043
690 288 226 357 1043
127 366 222 357 1043
422 342 237 358 1044
256 131 231 358 1044
295 322 227 358 1044
388 353 221 358 1044
127 367 221 358 1044
126 356 225 359 1045
584 262 222 359 1045
19 346 231 359 1045
194 338 224 359 1045
487 46 221 359 1045
23 13 221 359 1045
442 349 225 359 1045
126 357 222 359 1045
127 368 223 360 1046
584 263 227 360 1046
19 347 224 360 1046
395 284 225 360 1046
256 133 224 360 1046
487 47 227 360 1046
295 324 223 360 1046
442 350 223 360 1046
584 264 228 361 1047
534 357 223 361 1047
295 325 222 361 1047
23 15 231 361 1047
442 351 226 361 1047
701 352 224 361 1047
388 356 222 361 1047
19 349 234 362 1048
194 341 223 362 1048
238 332 223 362 1048
422 346 221 362 1048
534 358 227 362 1048
256 135 221 362 1048
487 49 227 362 1048
23 16 225 362 1048
295 326 222 362 1048
442 352 221 362 1048
168 340 225 362 1048
388 357 222 362 1048
584 266 227 363 1049
19 350 221 363 1049
395 287 222 363 1049
534 359 223 363 1049
295 327 223 363 1049
230 335 221 363 1049
701 354 225 363 1049
388 358 221 363 1049
584 267 239 364 1050
19 351 222 364 1050
238 334 223 364 1050
395 288 231 364 1050
329 291 221 364 1050
422 348 223 364 1050
487 51 225 364 1050
295 328 222 364 1050
23 18 222 364 1050
442 354 224 364 1050
269 362 222 364 1050
701 355 223 364 1050
690 295 222 364 1050
584 268 229 365 1051
395 289 231 365 1051
442 355 223 365 1051
701 356 225 365 1051
388 360 221 366 1052
584 269 233 366 1052
126 4 222 366 1052
395 290 233 366 1052
295 330 221 366 1052
442 356 227 366 1052
701 357 221 366 1052
388 361 231 367 1053
690 297 227 367 1053
584 270 223 367 1053
19 354 221 367 1053
238 337 222 367 1053
395 291 225 367 1053
422 351 239 367 1053
487 54 221 367 1053
295 331 221 367 1053
23 21 232 367 1053
442 357 222 367 1053
388 362 227 368 1054
690 298 231 368 1054
584 271 227 368 1054
126 6 225 368 1054
395 292 227 368 1054
422 352 227 368 1054
23 22 221 368 1054
442 358 223 368 1054
269 366 221 368 1054
584 272 228 369 1055
19 356 222 369 1055
238 339 222 369 1055
487 56 224 369 1055
701 360 227 369 1055
388 364 226 370 1056
127 378 221 370 1056
584 273 233 370 1056
19 357 223 370 1056
238 340 221 370 1056
780 372 222 370 1056
422 354 229 370 1056
23 24 222 370 1056
442 360 225 370 1056
388 365 224 371 1057
127 379 227 371 1057
584 274 226 371 1057
126 9 221 371 1057
780 373 225 371 1057
329 298 221 371 1057
422 355 229 371 1057
487 58 221 371 1057
23 25 223 371 1057
442 361 229 371 1057
701 362 227 372 1058
690 302 225 372 1058
127 380 225 372 1058
388 366 227 372 1058
584 275 235 372 1058
19 359 227 372 1058
238 342 224 372 1058
126 10 223 372 1058
780 374 227 372 1058
295 336 223 372 1058
23 26 225 372 1058
442 362 223 372 1058
701 363 228 373 1059
388 367 225 373 1059
127 381 226 373 1059
584 276 237 373 1059
780 375 226 373 1059
422 357 221 373 1059
487 60 225 373 1059
701 364 233 374 1060
127 382 222 374 1060
690 304 221 374 1060
584 277 239 374 1060
780 376 221 374 1060
329 301 221 374 1060
422 358 223 374 1060
534 370 221 374 1060
487 61 221 374 1060
690 305 224 375 1061
388 369 231 375 1061
584 278 244 375 1061
395 299 222 375 1061
422 359 231 375 1061
23 29 221 375 1061
442 365 225 375 1061
690 306 223 376 1062
127 384 221 376 1062
701 366 223 376 1062
388 370 233 376 1062
584 279 241 376 1062
19 363 223 376 1062
238 346 228 376 1062
780 378 225 376 1062
648 82 221 376 1062
701 367 223 376 1062
690 307 223 377 1063
19 364 221 377 1063
238 347 229 377 1063
329 304 223 377 1063
780 379 223 377 1063
487 64 223 377 1063
295 341 221 377 1063
388 372 221 378 1064
19 365 226 378 1064
395 302 227 378 1064
519 285 222 378 1064
238 348 223 378 1064
422 362 223 378 1064
487 65 225 378 1064
388 373 225 379 1065
584 282 225 379 1065
19 366 228 379 1065
395 303 221 379 1065
238 349 221 379 1065
487 66 223 379 1065
442 369 221 379 1065
388 374 229 380 1066
584 283 221 380 1066
19 367 223 380 1066
513 365 221 380 1066
126 18 223 380 1066
238 350 221 380 1066
295 344 222 380 1066
23 34 221 380 1066
442 370 224 380 1066
388 375 223 381 1067
690 311 221 381 1067
584 284 232 381 1067
395 305 228 381 1067
238 351 227 381 1067
329 308 227 381 1067
487 68 221 381 1067
23 35 234 381 1067
269 379 223 381 1067
388 376 223 382 1068
690 312 225 382 1068
584 285 237 382 1068
487 69 228 382 1068
690 313 221 383 1069
388 377 226 383 1069
584 286 226 383 1069
395 307 225 383 1069
238 353 221 383 1069
701 374 226 383 1069
388 378 225 384 1070
584 287 225 384 1070
329 311 221 384 1070
648 90 221 384 1070
388 379 228 385 1071
194 364 226 385 1071
238 355 224 385 1071
534 381 222 385 1071
23 39 221 385 1071
388 380 229 386 1072
584 289 235 386 1072
701 377 221 386 1072
388 381 222 387 1073
584 290 226 387 1073
19 374 223 387 1073
442 377 225 387 1073
388 382 222 388 1074
690 318 221 388 1074
584 291 223 388 1074
395 312 221 388 1074
534 384 225 388 1074
329 315 221 388 1074
422 372 232 388 1074
701 379 228 388 1074
19 376 223 389 1075
584 292 235 389 1075
238 359 224 389 1075
487 76 223 389 1075
442 379 222 389 1075
701 380 221 389 1075
584 293 231 390 1076
126 28 221 390 1076
534 386 221 390 1076
388 385 223 391 1077
584 294 233 391 1077
238 361 221 391 1077
442 381 226 391 1077
701 382 224 391 1077
19 379 227 392 1078
395 316 225 392 1078
701 383 229 392 1078
19 380 235 393 1079
584 296 237 393 1079
23 47 221 393 1079
442 383 221 393 1079
701 384 229 393 1079
690 324 221 394 1080
584 297 236 394 1080
395 318 221 394 1080
238 364 221 394 1080
701 385 225 394 1080
690 325 221 395 1081
584 298 223 395 1081
395 319 223 395 1081
238 365 223 395 1081
534 391 223 395 1081
487 82 222 395 1081
19 383 221 396 1082
126 34 225 396 1082
238 366 223 396 1082
534 392 229 396 1082
23 50 240 396 1082
701 387 227 396 1082
690 327 222 396 1082
19 384 225 397 1083
194 376 222 397 1083
584 300 238 397 1083
395 321 225 397 1083
23 51 221 397 1083
442 387 222 397 1083
127 406 223 397 1083
19 385 226 398 1084
584 301 222 398 1084
395 322 227 398 1084
126 36 223 398 1084
422 382 224 398 1084
23 52 231 398 1084
442 388 231 398 1084
701 389 224 398 1084
19 386 228 399 1085
584 302 236 399 1085
395 323 225 399 1085
422 383 228 399 1085
127 408 221 399 1085
19 387 228 400 1086
584 303 235 400 1086
395 324 224 400 1086
238 370 223 400 1086
422 384 229 400 1086
534 396 222 400 1086
23 54 231 400 1086
295 364 225 400 1086
388 395 222 400 1086
584 304 232 401 1087
395 325 221 401 1087
238 371 221 401 1087
388 396 223 401 1087
584 305 233 402 1088
395 326 221 402 1088
238 372 224 402 1088
584 306 227 403 1089
238 373 230 403 1089
422 387 231 403 1089
442 393 223 403 1089
701 394 226 403 1089
422 388 226 404 1090
487 91 221 404 1090
256 177 222 404 1090
701 395 221 404 1090
19 392 226 405 1091
584 308 233 405 1091
395 329 222 405 1091
422 389 226 405 1091
238 375 223 405 1091
701 396 222 405 1091
19 393 229 406 1092
584 309 226 406 1092
395 330 224 406 1092
422 390 222 406 1092
238 376 227 406 1092
701 397 225 406 1092
19 394 231 407 1093
690 337 222 407 1093
584 310 222 407 1093
395 331 226 407 1093
238 377 227 407 1093
442 397 222 407 1093
19 395 223 408 1094
584 311 225 408 1094
395 332 226 408 1094
238 378 227 408 1094
19 396 222 409 1095
584 312 227 409 1095
395 333 227 409 1095
422 393 221 409 1095
487 96 221 409 1095
238 379 229 409 1095
23 63 221 409 1095
19 397 222 410 1096
584 313 231 410 1096
238 380 223 410 1096
487 97 222 410 1096
19 398 223 411 1097
584 314 231 411 1097
422 395 224 411 1097
238 381 226 411 1097
487 98 224 411 1097
127 420 223 412 1098
19 399 221 412 1098
584 315 229 412 1098
238 382 229 412 1098
487 99 221 412 1098
23 66 225 412 1098
329 339 231 412 1098
295 376 225 412 1098
442 402 223 412 1098
238 383 228 413 1099
329 340 225 413 1099
295 377 231 413 1099
256 186 221 413 1099
230 385 223 413 1099
19 401 235 414 1100
584 317 226 414 1100
422 398 221 414 1100
238 384 224 414 1100
295 378 231 414 1100
329 341 228 414 1100
442 404 225 414 1100
19 402 224 415 1101
584 318 227 415 1101
395 339 221 415 1101
238 385 225 415 1101
329 342 225 415 1101
23 69 222 415 1101
295 379 226 415 1101
584 319 226 416 1102
238 386 227 416 1102
23 70 221 416 1102
295 380 227 416 1102
256 189 222 416 1102
442 406 225 416 1102
701 407 224 416 1102
194 396 221 417 1103
584 320 224 417 1103
487 104 225 417 1103
238 387 228 417 1103
295 381 223 417 1103
256 190 225 417 1103
701 408 222 417 1103
19 405 224 418 1104
584 321 225 418 1104
395 342 223 418 1104
534 414 224 418 1104
295 382 224 418 1104
23 72 221 418 1104
442 408 221 418 1104
701 409 221 418 1104
584 322 223 419 1105
395 343 223 419 1105
295 383 227 419 1105
256 192 221 419 1105
442 409 223 419 1105
584 323 227 420 1106
238 390 225 420 1106
295 384 225 420 1106
701 411 223 420 1106
295 385 225 421 1107
256 194 224 421 1107
442 411 223 421 1107
19 409 225 422 1108
584 325 223 422 1108
422 406 223 422 1108
238 392 221 422 1108
487 109 221 422 1108
295 386 233 422 1108
442 412 222 422 1108
690 353 221 422 1108
584 326 226 423 1109
238 393 223 423 1109
487 110 225 423 1109
534 419 221 423 1109
295 387 228 423 1109
23 77 221 423 1109
442 413 229 423 1109
701 414 221 423 1109
19 411 227 424 1110
584 327 225 424 1110
395 348 225 424 1110
422 408 223 424 1110
238 394 224 424 1110
487 111 227 424 1110
534 420 224 424 1110
295 388 232 424 1110
388 419 221 425 1111
19 412 224 425 1111
780 427 221 425 1111
238 395 227 425 1111
534 421 222 425 1111
295 389 226 425 1111
23 79 221 425 1111
442 415 226 425 1111
388 420 223 425 1111
584 329 228 426 1112
395 350 221 426 1112
238 396 225 426 1112
295 390 225 426 1112
442 416 225 426 1112
388 421 223 427 1113
584 330 221 427 1113
422 411 221 427 1113
780 429 221 427 1113
256 200 224 427 1113
295 391 226 427 1113
442 417 231 427 1113
584 331 227 428 1114
194 407 221 428 1114
395 352 222 428 1114
422 412 224 428 1114
238 398 223 428 1114
534 424 221 428 1114
256 201 223 428 1114
701 419 221 428 1114
194 408 221 429 1115
395 353 223 429 1115
422 413 225 429 1115
238 399 225 429 1115
534 425 225 429 1115
256 202 223 429 1115
295 393 226 429 1115
442 419 229 429 1115
701 420 225 429 1115
388 424 221 430 1116
584 333 224 430 1116
395 354 221 430 1116
534 426 221 430 1116
238 400 226 430 1116
256 203 224 430 1116
295 394 224 430 1116
701 421 224 430 1116
584 334 232 431 1117
238 401 226 431 1117
256 204 222 431 1117
295 395 223 431 1117
701 422 225 431 1117
127 440 221 432 1118
584 335 231 432 1118
422 416 221 432 1118
238 402 226 432 1118
256 205 223 432 1118
295 396 225 432 1118
23 86 222 432 1118
701 423 223 432 1118
584 336 231 433 1119
422 417 224 433 1119
256 206 221 433 1119
238 403 226 433 1119
295 397 223 433 1119
701 424 225 433 1119
690 364 221 434 1120
584 337 223 434 1120
194 413 223 434 1120
422 418 225 434 1120
238 404 221 434 1120
256 207 226 434 1120
295 398 223 434 1120
442 424 223 434 1120
23 88 222 434 1120
701 425 227 434 1120
584 338 226 435 1121
19 422 235 435 1121
487 122 222 435 1121
238 405 221 435 1121
295 399 222 435 1121
701 426 228 435 1121
690 366 221 436 1122
584 339 226 436 1122
19 423 231 436 1122
487 123 221 436 1122
295 400 223 436 1122
238 406 227 436 1122
256 209 225 436 1122
701 427 225 436 1122
422 421 226 437 1123
295 401 225 437 1123
701 428 225 437 1123
584 341 224 438 1124
422 422 223 438 1124
238 408 223 438 1124
701 429 223 438 1124
127 447 224 439 1125
388 433 222 439 1125
19 426 229 439 1125
422 423 225 439 1125
780 441 224 439 1125
584 343 225 440 1126
19 427 228 440 1126
395 364 222 440 1126
780 442 223 440 1126
701 431 223 440 1126
127 449 221 441 1127
584 344 223 441 1127
19 428 227 441 1127
701 432 231 441 1127
584 345 225 442 1128
19 429 221 442 1128
487 129 221 442 1128
256 215 223 442 1128
701 433 232 442 1128
584 346 233 443 1129
422 427 221 443 1129
487 130 228 443 1129
256 216 221 443 1129
23 97 221 443 1129
701 434 227 443 1129
584 347 225 444 1130
701 435 225 444 1130
584 348 231 445 1131
19 432 228 445 1131
422 429 221 445 1131
256 218 224 445 1131
701 436 235 445 1131
690 376 221 446 1132
584 349 227 446 1132
422 430 224 446 1132
780 448 223 446 1132
701 437 235 446 1132
584 350 229 447 1133
19 434 222 447 1133
422 431 221 447 1133
487 134 224 447 1133
256 220 225 447 1133
238 417 223 447 1133
442 437 231 447 1133
23 101 221 447 1133
701 438 233 447 1133
584 351 226 448 1134
395 372 231 448 1134
487 135 232 448 1134
238 418 223 448 1134
442 438 228 448 1134
23 102 225 448 1134
701 439 227 448 1134
584 352 233 449 1135
395 373 227 449 1135
422 433 223 449 1135
487 136 227 449 1135
126 87 221 449 1135
238 419 224 449 1135
442 439 223 449 1135
584 353 233 450 1136
19 437 227 450 1136
487 137 221 450 1136
256 223 222 450 1136
442 440 221 450 1136
701 441 221 450 1136
388 445 221 451 1137
584 354 232 451 1137
690 381 221 451 1137
395 375 222 451 1137
422 435 226 451 1137
487 138 223 451 1137
442 441 222 451 1137
701 442 226 451 1137
395 376 221 452 1138
487 139 221 452 1138
126 90 223 452 1138
256 225 222 452 1138
701 443 228 452 1138
388 447 223 453 1139
19 440 221 453 1139
487 140 225 453 1139
256 226 221 453 1139
780 455 221 453 1139
701 444 224 453 1139
584 357 233 454 1140
388 448 221 454 1140
487 141 221 454 1140
256 227 224 454 1140
701 445 223 454 1140
127 463 223 455 1141
584 358 233 455 1141
126 93 224 455 1141
256 228 221 455 1141
238 425 222 455 1141
701 446 222 455 1141
584 359 234 456 1142
422 440 223 456 1142
780 458 221 456 1142
701 447 222 456 1142
256 230 223 457 1143
329 384 221 457 1143
238 427 221 457 1143
701 448 229 457 1143
584 361 235 458 1144
388 452 222 458 1144
256 231 221 458 1144
238 428 224 458 1144
701 449 226 458 1144
388 453 221 459 1145
584 362 227 459 1145
238 429 221 459 1145
701 450 223 459 1145
388 454 221 460 1146
584 363 230 460 1146
238 430 223 460 1146
701 451 222 460 1146
584 364 224 461 1147
487 148 223 461 1147
256 234 223 461 1147
238 431 224 461 1147
442 451 225 461 1147
701 452 227 461 1147
388 456 223 462 1148
584 365 236 462 1148
256 235 227 462 1148
701 453 229 462 1148
388 457 224 463 1149
395 387 227 463 1149
584 366 239 463 1149
19 450 221 463 1149
238 433 226 463 1149
701 454 231 463 1149
584 367 231 464 1150
422 448 223 464 1150
256 237 223 464 1150
238 434 223 464 1150
442 454 221 464 1150
701 455 227 464 1150
395 389 221 465 1151
584 368 231 465 1151
19 452 223 465 1151
256 238 222 465 1151
238 435 223 465 1151
701 456 225 465 1151
584 369 235 466 1152
19 453 229 466 1152
449 211 221 466 1152
238 436 226 466 1152
701 457 225 466 1152
395 391 223 467 1153
584 370 225 467 1153
19 454 223 467 1153
126 105 225 467 1153
256 240 225 467 1153
701 458 225 467 1153
584 371 229 468 1154
19 455 223 468 1154
256 241 223 468 1154
701 459 221 468 1154
584 372 224 469 1155
780 471 223 469 1155
127 478 221 470 1156
19 457 222 470 1156
256 243 224 470 1156
442 460 223 470 1156
701 461 231 470 1156
127 479 228 471 1157
584 374 225 471 1157
19 458 229 471 1157
256 244 221 471 1157
127 480 223 472 1158
256 245 223 472 1158
127 481 225 473 1159
584 376 223 473 1159
256 246 224 473 1159
238 443 221 473 1159
127 482 223 474 1160
584 377 224 474 1160
19 461 231 474 1160
256 247 227 474 1160
701 465 223 474 1160
127 483 229 475 1161
584 378 235 475 1161
256 248 227 475 1161
238 445 223 475 1161
295 439 221 475 1161
701 466 225 475 1161
127 484 224 476 1162
584 379 237 476 1162
19 463 227 476 1162
422 460 221 476 1162
295 440 221 476 1162
329 403 221 476 1162
127 485 221 477 1163
584 380 227 477 1163
19 464 228 477 1163
534 473 221 477 1163
701 468 229 477 1163
584 381 232 478 1164
701 469 225 478 1164
584 382 228 479 1165
395 403 223 479 1165
194 458 221 479 1165
701 470 223 479 1165
584 383 228 480 1166
701 471 231 480 1166
584 384 227 481 1167
238 451 223 481 1167
256 254 223 481 1167
23 135 226 481 1167
701 472 227 481 1167
127 490 223 481 1167
584 385 241 482 1168
256 255 227 482 1168
701 473 234 482 1168
395 407 221 483 1169
584 386 239 483 1169
256 256 225 483 1169
701 474 238 483 1169
584 387 235 484 1170
19 471 227 484 1170
422 468 225 484 1170
329 411 221 484 1170
230 456 221 484 1170
701 475 235 484 1170
584 388 242 485 1171
19 472 229 485 1171
422 469 227 485 1171
256 258 228 485 1171
269 483 221 485 1171
127 494 225 485 1171
388 480 224 486 1172
584 389 247 486 1172
256 259 225 486 1172
701 477 231 486 1172
127 495 225 486 1172
584 390 242 487 1173
534 483 223 487 1173
701 478 231 487 1173
584 391 224 488 1174
422 472 224 488 1174
701 479 221 488 1174
584 392 223 489 1175
126 127 230 489 1175
534 485 223 489 1175
701 480 225 489 1175
230 461 227 489 1175
127 498 221 489 1175
395 414 226 490 1176
584 393 221 490 1176
19 477 221 490 1176
422 474 227 490 1176
701 481 221 490 1176
127 499 222 490 1176
395 415 224 491 1177
584 394 221 491 1177
19 478 226 491 1177
487 178 223 491 1177
701 482 223 491 1177
395 416 223 492 1178
584 395 227 492 1178
667 475 221 492 1178
701 483 227 492 1178
127 501 227 493 1179
395 417 225 493 1179
422 477 227 493 1179
19 480 221 493 1179
690 423 221 493 1179
487 180 221 493 1179
256 266 221 493 1179
534 489 221 493 1179
701 484 225 493 1179
269 491 221 493 1179
127 502 227 493 1179
690 424 224 494 1180
256 267 223 494 1180
780 496 221 494 1180
701 485 226 494 1180
127 503 228 495 1181
19 482 224 495 1181
513 480 221 495 1181
690 425 223 495 1181
295 459 223 495 1181
238 465 222 495 1181
780 497 221 495 1181
701 486 225 495 1181
395 420 222 496 1182
19 483 224 496 1182
701 487 222 496 1182
127 505 223 497 1183
690 427 221 497 1183
487 184 227 497 1183
295 461 221 497 1183
127 506 225 498 1184
19 485 229 498 1184
126 136 223 498 1184
487 185 223 498 1184
238 468 222 498 1184
127 507 223 499 1185
19 486 221 499 1185
487 186 221 499 1185
230 471 221 499 1185
19 487 223 500 1186
126 138 222 500 1186
487 187 221 500 1186
534 496 223 500 1186
190 267 223 500 1186
780 502 221 500 1186
19 488 225 501 1187
190 268 221 501 1187
127 510 221 502 1188
395 426 221 502 1188
19 489 229 502 1188
422 486 221 502 1188
534 498 222 502 1188
295 466 221 502 1188
701 493 224 502 1188
127 511 221 503 1189
19 490 235 503 1189
487 190 224 503 1189
238 473 221 503 1189
329 430 223 503 1189
295 467 222 503 1189
701 494 222 503 1189
230 475 222 503 1189
126 142 227 504 1190
256 277 222 504 1190
295 468 226 504 1190
701 495 226 504 1190
584 408 225 505 1191
395 429 224 505 1191
422 489 228 505 1191
126 143 229 505 1191
256 278 223 505 1191
295 469 223 505 1191
701 496 222 505 1191
584 409 225 506 1192
648 212 222 506 1192
487 193 227 506 1192
256 279 222 506 1192
534 502 223 506 1192
295 470 231 506 1192
23 160 225 506 1192
584 410 238 507 1193
395 431 221 507 1193
487 194 225 507 1193
194 486 221 507 1193
256 280 223 507 1193
534 503 227 507 1193
238 477 225 507 1193
295 471 226 507 1193
23 161 225 507 1193
584 411 235 508 1194
422 492 221 508 1194
487 195 221 508 1194
126 146 222 508 1194
534 504 223 508 1194
238 478 225 508 1194
584 412 231 509 1195
534 505 226 509 1195
238 479 226 509 1195
584 413 227 510 1196
19 497 224 510 1196
690 440 221 510 1196
534 506 221 510 1196
584 414 228 511 1197
19 498 231 511 1197
648 217 221 511 1197
534 507 227 511 1197
23 165 221 511 1197
395 436 229 512 1198
19 499 227 512 1198
126 150 221 512 1198
584 416 227 513 1199
395 437 228 513 1199
584 417 227 514 1200
395 438 226 514 1200
19 501 222 514 1200
238 484 221 514 1200
329 441 221 514 1200
701 505 223 515 1201
19 502 225 515 1201
422 499 221 515 1201
648 221 221 515 1201
19 503 225 516 1202
126 154 221 516 1202
701 507 223 517 1203
126 155 221 517 1203
238 487 223 517 1203
534 513 222 517 1203
701 508 225 518 1204
584 421 233 518 1204
395 442 223 518 1204
422 502 223 518 1204
19 505 223 518 1204
690 448 221 518 1204
194 497 221 518 1204
295 482 226 518 1204
238 488 223 518 1204
780 520 221 518 1204
701 509 221 519 1205
230 490 221 519 1205
442 508 221 519 1205
584 422 229 519 1205
395 443 221 519 1205
690 449 221 519 1205
126 157 223 519 1205
487 206 227 519 1205
194 498 221 519 1205
256 292 228 519 1205
534 515 230 519 1205
238 489 227 519 1205
168 497 221 519 1205
701 510 227 520 1206
127 528 223 520 1206
584 423 237 520 1206
395 444 223 520 1206
422 504 234 520 1206
690 450 225 520 1206
534 516 226 520 1206
23 174 226 520 1206
230 492 222 521 1207
442 510 225 521 1207
584 424 239 521 1207
19 508 223 521 1207
422 505 233 521 1207
126 159 221 521 1207
295 485 221 521 1207
23 175 222 521 1207
442 511 223 522 1208
584 425 238 522 1208
23 176 227 522 1208
329 449 221 522 1208
269 520 221 522 1208
701 513 225 523 1209
584 426 221 523 1209
19 510 221 523 1209
422 507 223 523 1209
238 493 221 523 1209
230 495 222 524 1210
442 513 226 524 1210
584 427 236 524 1210
422 508 227 524 1210
19 511 222 524 1210
126 162 227 524 1210
534 520 223 524 1210
23 178 221 524 1210
701 515 222 524 1210
442 514 223 525 1211
584 428 237 525 1211
19 512 224 525 1211
23 179 221 525 1211
295 489 223 525 1211
701 516 221 525 1211
230 497 223 526 1212
584 429 231 526 1212
422 510 222 526 1212
23 180 225 526 1212
584 430 231 527 1213
422 511 223 527 1213
690 457 221 527 1213
487 214 223 527 1213
534 523 222 527 1213
295 491 222 527 1213
701 518 227 527 1213
584 431 233 528 1214
422 512 247 528 1214
513 513 223 528 1214
690 458 222 528 1214
487 215 224 528 1214
256 301 233 528 1214
295 492 223 528 1214
23 182 227 528 1214
238 498 230 528 1214
701 519 223 528 1214
395 453 227 529 1215
19 516 223 529 1215
422 513 225 529 1215
690 459 229 529 1215
534 525 223 529 1215
701 520 225 529 1215
230 501 222 530 1216
584 433 221 530 1216
19 517 223 530 1216
422 514 225 530 1216
690 460 227 530 1216
256 303 221 530 1216
23 184 225 530 1216
329 457 223 530 1216
230 502 225 531 1217
584 434 230 531 1217
19 518 221 531 1217
422 515 225 531 1217
487 218 222 531 1217
256 304 225 531 1217
23 185 221 531 1217
449 277 223 532 1218
584 435 233 532 1218
19 519 221 532 1218
487 219 223 532 1218
256 305 221 532 1218
584 436 235 533 1219
19 520 229 533 1219
126 171 224 533 1219
701 524 232 533 1219
23 1 227 534 1220
584 437 235 534 1220
256 307 221 534 1220
329 461 222 534 1220
584 438 243 535 1221
534 531 223 535 1221
701 526 222 535 1221
23 3 224 536 1222
584 439 239 536 1222
422 520 221 536 1222
256 309 222 536 1222
238 506 221 536 1222
701 527 223 536 1222
23 4 221 536 1222
584 440 247 537 1223
422 521 226 537 1223
690 467 224 537 1223
487 224 225 537 1223
194 516 221 537 1223
534 533 222 537 1223
238 507 222 537 1223
701 528 229 537 1223
442 527 222 538 1224
584 441 248 538 1224
256 311 221 538 1224
701 529 223 538 1224
230 510 221 539 1225
584 442 235 539 1225
395 463 223 539 1225
19 526 224 539 1225
690 469 226 539 1225
422 523 223 539 1225
780 541 221 539 1225
442 529 223 540 1226
584 443 235 540 1226
449 285 221 540 1226
422 524 226 540 1226
701 531 228 541 1227
23 8 227 541 1227
584 444 238 541 1227
19 528 226 541 1227
422 525 222 541 1227
701 532 228 542 1228
584 445 232 542 1228
422 526 227 542 1228
256 315 223 542 1228
23 10 221 543 1229
701 533 231 543 1229
127 551 221 543 1229
584 446 237 543 1229
19 530 227 543 1229
422 527 225 543 1229
256 316 224 543 1229
23 11 222 544 1230
701 534 231 544 1230
584 447 241 544 1230
648 250 221 544 1230
19 531 227 544 1230
701 535 231 545 1231
648 251 221 545 1231
584 448 239 545 1231
701 536 225 546 1232
584 449 246 546 1232
422 530 223 546 1232
127 555 224 547 1233
442 536 221 547 1233
395 471 223 547 1233
584 450 223 547 1233
19 534 223 547 1233
487 234 221 547 1233
422 531 226 547 1233
584 451 235 548 1234
584 452 227 549 1235
422 533 221 549 1235
534 545 221 549 1235
127 558 221 550 1236
388 544 221 550 1236
584 453 241 550 1236
126 188 221 550 1236
127 559 222 551 1237
584 454 233 551 1237
19 538 221 551 1237
422 535 225 551 1237
534 547 223 551 1237
127 560 226 552 1238
584 455 241 552 1238
422 536 225 552 1238
127 561 224 553 1239
584 456 238 553 1239
256 326 221 553 1239
780 555 222 553 1239
127 562 223 554 1240
584 457 236 554 1240
126 192 221 554 1240
238 524 221 554 1240
23 22 223 555 1241
230 526 222 555 1241
19 542 229 555 1241
584 458 241 555 1241
256 328 221 555 1241
178 552 223 556 1242
442 545 227 556 1242
127 564 221 556 1242
388 550 221 556 1242
584 459 237 556 1242
690 486 243 556 1242
422 540 225 556 1242
329 483 225 556 1242
230 528 223 557 1243
584 460 227 557 1243
513 542 221 557 1243
487 244 221 557 1243
422 541 222 557 1243
388 552 221 558 1244
584 461 235 558 1244
19 545 222 558 1244
126 196 221 558 1244
780 560 221 558 1244
238 528 221 558 1244
127 567 225 559 1245
442 549 221 560 1246
127 568 222 560 1246
584 463 241 560 1246
238 530 223 560 1246
701 551 225 561 1247
23 28 225 561 1247
442 550 227 561 1247
584 464 233 561 1247
422 545 231 561 1247
238 531 228 561 1247
178 558 221 562 1248
442 551 223 562 1248
584 465 235 562 1248
395 486 221 562 1248
238 532 227 562 1248
23 30 222 563 1249
178 559 223 563 1249
19 550 225 563 1249
584 466 232 563 1249
487 250 227 563 1249
690 493 224 563 1249
256 336 221 563 1249
127 572 221 564 1250
648 270 223 564 1250
487 251 234 564 1250
238 534 223 564 1250
701 555 221 565 1251
584 468 227 565 1251
19 552 221 565 1251
534 561 223 565 1251
256 338 221 565 1251
238 535 227 565 1251
701 556 223 566 1252
395 490 224 566 1252
584 469 228 566 1252
422 550 226 566 1252
238 536 224 567 1253
178 563 223 567 1253
584 470 231 567 1253
238 537 221 567 1253
584 471 231 568 1254
329 495 221 568 1254
238 538 225 569 1255
701 559 221 569 1255
23 36 222 569 1255
178 565 225 569 1255
395 493 222 569 1255
584 472 227 569 1255
487 256 221 569 1255
690 499 227 569 1255
422 553 227 569 1255
295 533 225 569 1255
238 539 221 570 1256
442 559 226 570 1256
584 473 233 570 1256
19 557 226 570 1256
487 257 221 570 1256
690 500 225 570 1256
422 554 233 570 1256
126 208 227 570 1256
238 540 221 571 1257
23 38 224 571 1257
442 560 221 571 1257
388 565 228 571 1257
584 474 223 571 1257
487 258 223 571 1257
423 554 223 571 1257
690 501 224 571 1257
256 344 230 571 1257
126 209 223 571 1257
295 535 227 571 1257
238 541 222 572 1258
23 39 221 572 1258
442 561 223 572 1258
19 559 225 572 1258
690 502 229 572 1258
194 551 223 572 1258
238 542 232 573 1259
23 40 235 573 1259
121 572 221 573 1259
19 560 229 573 1259
690 503 222 573 1259
487 1 223 573 1259
761 562 235 574 1260
23 41 223 574 1260
23 42 241 575 1261
489 508 222 575 1261
442 564 228 575 1261
23 43 224 576 1262
23 44 247 577 1263
287 269 225 577 1263
776 423 221 577 1263
667 560 224 577 1263
371 616 223 578 1264
287 270 222 578 1264
23 46 228 579 1265
178 575 225 579 1265
257 489 223 579 1265
102 566 237 579 1265
532 32 222 580 1266
178 576 237 580 1266
582 567 227 580 1266
583 576 226 580 1266
2 567 227 580 1266
23 48 227 581 1267
178 577 227 581 1267
583 577 221 581 1267
667 564 221 581 1267
687 582 224 581 1267
582 569 226 582 1268
667 565 225 582 1268
2 569 221 582 1268
295 546 222 582 1268
102 569 222 582 1268
23 50 221 583 1269
687 584 229 583 1269
319 578 225 583 1269
504 566 227 584 1270
62 509 221 584 1270
319 579 236 584 1270
102 571 231 584 1270
200 7 223 585 1271
342 578 225 585 1271
71 3 225 585 1271
504 567 227 585 1271
741 553 233 585 1271
658 579 226 585 1271
667 568 227 585 1271
256 358 221 585 1271
295 549 233 585 1271
71 4 231 586 1272
23 53 223 586 1272
504 568 225 586 1272
178 582 236 586 1272
741 554 221 586 1272
658 580 224 586 1272
582 573 226 586 1272
667 569 227 586 1272
687 587 227 586 1272
295 550 232 586 1272
319 581 225 586 1272
102 573 224 586 1272
342 580 223 587 1273
71 5 223 587 1273
23 54 235 587 1273
504 569 232 587 1273
178 583 233 587 1273
658 581 221 587 1273
583 583 229 587 1273
687 588 223 587 1273
295 551 223 587 1273
319 582 232 587 1273
342 581 223 588 1274
504 570 231 588 1274
658 582 224 588 1274
583 584 226 588 1274
295 552 223 588 1274
319 583 223 588 1274
342 582 225 589 1275
582 576 221 589 1275
504 572 222 590 1276
583 586 225 590 1276
295 554 231 590 1276
687 591 226 590 1276
668 585 223 590 1276
582 578 239 591 1277
667 574 226 591 1277
668 586 221 591 1277
342 585 230 592 1278
582 579 240 592 1278
658 586 221 592 1278
667 575 223 592 1278
319 587 223 592 1278
200 15 225 593 1279
504 575 224 593 1279
582 580 227 593 1279
741 561 231 593 1279
667 576 223 593 1279
582 581 240 594 1280
504 577 223 595 1281
582 582 234 595 1281
667 578 222 595 1281
353 151 221 595 1281
504 578 223 596 1282
582 583 233 596 1282
658 590 223 596 1282
667 579 225 596 1282
504 579 225 597 1283
582 584 235 597 1283
658 591 221 597 1283
667 580 225 597 1283
504 580 228 598 1284
178 594 221 598 1284
741 566 221 598 1284
200 21 225 599 1285
583 595 221 599 1285
667 582 222 599 1285
687 600 221 599 1285
200 22 227 599 1285
582 587 235 600 1286
583 596 225 600 1286
658 594 224 600 1286
667 583 222 600 1286
295 564 221 600 1286
658 595 222 601 1287
504 584 223 602 1288
582 589 227 602 1288
583 598 227 602 1288
658 596 225 602 1288
667 585 225 602 1288
295 566 222 602 1288
582 590 233 603 1289
583 599 231 603 1289
658 597 223 603 1289
667 586 224 603 1289
295 567 222 603 1289
582 591 221 604 1290
583 600 221 604 1290
667 587 222 604 1290
200 27 222 605 1291
582 592 221 605 1291
583 602 223 606 1292
583 603 223 607 1293
295 571 222 608 1294
102 594 223 608 1294
23 75 223 608 1294
504 590 221 608 1294
582 595 235 608 1294
583 604 224 608 1294
295 572 223 609 1295
102 595 222 609 1295
23 76 221 609 1295
582 596 235 609 1295
583 605 224 609 1295
295 573 221 610 1296
504 592 223 610 1296
582 597 237 610 1296
741 578 226 610 1296
687 611 221 611 1297
582 598 239 611 1297
200 34 221 612 1298
582 599 223 612 1298
583 608 224 612 1298
295 576 221 613 1299
583 609 224 613 1299
687 614 221 614 1300
23 81 221 614 1300
582 601 233 614 1300
583 610 223 614 1300
687 615 222 614 1300
582 602 221 615 1301
295 579 224 616 1302
582 603 239 616 1302
583 612 222 616 1302
658 610 223 616 1302
582 604 231 617 1303
583 613 222 617 1303
658 611 223 617 1303
687 618 221 617 1303
582 605 238 618 1304
583 614 225 618 1304
295 582 226 618 1304
23 86 222 619 1305
582 606 235 619 1305
295 583 222 619 1305
687 620 221 620 1306
582 607 236 620 1306
658 614 221 620 1306
504 603 223 621 1307
582 608 225 621 1307
658 615 223 621 1307
295 585 221 621 1307
504 604 225 622 1308
582 609 227 622 1308
200 45 224 623 1309
504 605 226 623 1309
582 610 223 623 1309
295 587 221 623 1309
582 611 238 624 1310
687 625 222 624 1310
342 618 222 624 1310
102 611 221 625 1311
582 612 237 625 1311
667 608 222 625 1311
319 620 221 625 1311
102 612 221 626 1312
582 613 239 626 1312
667 609 224 626 1312
582 614 236 627 1313
667 610 225 627 1313
687 628 221 627 1313
504 610 223 628 1314
583 624 223 628 1314
582 615 235 628 1314
667 611 227 628 1314
687 629 222 628 1314
582 616 234 629 1315
667 612 225 629 1315
687 630 221 629 1315
200 52 223 629 1315
582 617 237 630 1316
658 624 222 630 1316
667 613 223 630 1316
687 631 224 630 1316
504 613 225 630 1316
200 53 221 630 1316
582 618 239 631 1317
583 628 221 632 1318
582 619 235 632 1318
582 620 237 633 1319
319 628 225 633 1319
504 617 221 634 1320
582 622 221 635 1321
319 630 222 635 1321
504 618 223 635 1321
582 623 233 636 1322
687 637 223 636 1322
504 619 222 636 1322
583 633 222 637 1323
582 624 238 637 1323
319 632 221 637 1323
504 620 221 637 1323
582 625 237 638 1324
319 633 221 638 1324
687 639 225 638 1324
504 621 222 638 1324
582 626 237 639 1325
687 640 222 639 1325
504 622 221 639 1325
582 627 237 640 1326
658 634 223 640 1326
319 635 225 640 1326
582 628 237 641 1327
687 642 221 641 1327
102 628 221 641 1327
200 64 223 641 1327
583 638 221 642 1328
342 636 223 642 1328
504 625 225 642 1328
583 639 221 643 1329
582 630 221 643 1329
504 626 222 643 1329
687 645 223 644 1330
582 632 223 645 1331
687 647 225 646 1332
200 69 224 647 1333
741 615 226 647 1333
658 641 225 647 1333
295 611 223 647 1333
504 630 222 647 1333
102 634 223 647 1333
582 635 235 648 1334
741 616 223 648 1334
667 631 222 648 1334
687 649 223 648 1334
658 643 222 649 1335
667 632 222 649 1335
668 644 226 649 1335
71 2 222 650 1336
582 637 224 650 1336
741 618 225 650 1336
658 644 221 650 1336
583 647 221 651 1337
667 634 221 651 1337
504 634 224 651 1337
583 648 222 652 1338
582 639 231 652 1338
741 620 225 652 1338
319 647 223 652 1338
342 646 221 652 1338
200 75 221 653 1339
741 621 231 653 1339
319 648 222 653 1339
687 654 223 653 1339
583 650 225 654 1340
23 121 225 654 1340
582 641 222 654 1340
741 622 237 654 1340
658 648 223 654 1340
668 649 221 654 1340
319 649 222 654 1340
687 655 227 654 1340
342 648 225 654 1340
71 1 221 655 1341
741 623 225 655 1341
668 650 223 655 1341
504 638 225 655 1341
178 652 223 655 1341
583 652 225 655 1341
741 624 223 656 1342
504 639 222 656 1342
687 657 225 656 1342
23 124 221 657 1343
741 625 239 657 1343
319 652 221 657 1343
504 640 227 657 1343
687 658 226 657 1343
342 651 226 657 1343
200 80 221 657 1343
23 125 221 658 1344
582 645 233 658 1344
741 626 239 658 1344
668 653 224 658 1344
319 653 223 658 1344
582 646 231 659 1345
667 6 221 659 1345
295 623 221 659 1345
687 660 222 659 1345
658 654 221 660 1346
102 647 223 660 1346
583 657 224 660 1346
582 648 227 661 1347
741 629 235 661 1347
667 8 222 661 1347
687 662 221 661 1347
102 648 221 661 1347
583 658 221 661 1347
582 649 232 662 1348
741 630 226 662 1348
319 657 224 662 1348
102 649 221 662 1348
200 85 225 662 1348
583 659 222 662 1348
582 650 227 663 1349
71 9 225 663 1349
741 631 226 663 1349
667 10 228 663 1349
319 658 221 663 1349
504 646 227 663 1349
687 664 223 663 1349
583 660 221 663 1349
582 651 229 664 1350
71 10 221 664 1350
741 632 225 664 1350
583 661 223 664 1350
582 652 232 665 1351
741 633 229 665 1351
200 88 224 665 1351
583 662 221 665 1351
582 653 227 666 1352
741 634 227 666 1352
582 654 231 666 1352
741 635 225 667 1353
582 655 223 667 1353
668 663 221 668 1354
178 665 221 668 1354
667 16 223 669 1355
687 670 224 669 1355
504 652 222 669 1355
582 657 224 670 1356
741 638 222 670 1356
667 17 223 670 1356
582 658 224 671 1357
687 672 222 671 1357
582 660 223 673 1359
687 674 222 673 1359
319 668 221 673 1359
582 661 221 673 1359
658 668 224 674 1360
582 662 223 675 1361
741 643 222 675 1361
741 644 231 676 1362
178 673 221 676 1362
582 664 221 677 1363
178 674 221 677 1363
582 665 237 678 1364
583 675 225 678 1364
582 666 222 679 1365
741 647 228 679 1365
200 102 222 679 1365
582 667 229 680 1366
23 149 222 681 1367
582 669 221 682 1368
582 670 235 683 1369
741 651 224 683 1369
582 671 235 684 1370
102 671 221 684 1370
178 681 223 684 1370
741 653 223 685 1371
658 679 226 685 1371
741 654 223 686 1372
295 651 221 687 1373
582 675 221 688 1374
582 676 221 689 1375
582 677 232 690 1376
582 678 221 691 1377
741 660 223 692 1378
741 662 221 694 1380
342 689 223 695 1381
342 690 225 696 1382
741 665 225 697 1383
658 691 223 697 1383
582 685 224 698 1384
741 666 225 698 1384
658 693 223 699 1385
741 667 226 699 1385
295 663 222 699 1385
319 694 221 699 1385
741 668 221 700 1386
583 697 222 701 1387
582 688 221 701 1387
741 669 228 701 1387
353 257 221 701 1387
667 48 223 701 1387
687 702 221 701 1387
23 169 223 701 1387
658 696 222 702 1388
741 670 225 702 1388
504 685 227 702 1388
295 666 221 702 1388
319 697 224 702 1388
102 689 222 702 1388
23 170 221 702 1388
583 699 224 703 1389
582 690 227 703 1389
658 697 227 703 1389
741 671 225 703 1389
504 686 225 703 1389
319 698 221 703 1389
583 700 233 704 1390
582 691 226 704 1390
658 698 225 704 1390
741 672 235 704 1390
667 51 221 704 1390
295 668 225 704 1390
504 687 223 704 1390
319 699 223 704 1390
102 691 225 704 1390
178 701 224 704 1390
200 13 223 704 1390
583 701 224 705 1391
582 692 226 705 1391
667 52 235 705 1391
295 669 227 705 1391
504 688 222 705 1391
102 692 222 705 1391
582 693 224 706 1392
741 674 221 706 1392
667 53 233 706 1392
295 670 222 706 1392
504 689 227 706 1392
102 693 227 706 1392
582 694 223 707 1393
741 675 223 707 1393
667 54 233 707 1393
295 671 223 707 1393
504 690 222 707 1393
102 694 224 707 1393
200 16 221 707 1393
582 695 221 708 1394
741 676 231 708 1394
667 55 231 708 1394
295 672 223 708 1394
504 691 221 708 1394
102 695 222 708 1394
200 17 223 708 1394
741 677 225 709 1395
667 56 226 709 1395
102 696 231 709 1395
583 706 223 710 1396
582 697 226 710 1396
667 57 227 710 1396
504 693 226 710 1396
102 697 231 710 1396
583 707 221 711 1397
582 698 223 711 1397
741 679 226 711 1397
667 58 223 711 1397
504 694 225 711 1397
102 698 231 711 1397
342 705 222 711 1397
582 699 224 712 1398
667 59 223 712 1398
102 699 229 712 1398
741 681 224 713 1399
504 696 223 713 1399
102 700 223 713 1399
583 710 223 714 1400
582 701 221 714 1400
583 711 227 715 1401
582 702 225 715 1401
741 683 235 715 1401
295 679 233 715 1401
667 62 225 715 1401
504 698 228 715 1401
102 702 237 715 1401
23 183 221 715 1401
583 712 226 716 1402
582 703 233 716 1402
668 711 221 716 1402
741 684 236 716 1402
295 680 233 716 1402
504 699 221 716 1402
102 703 237 716 1402
23 184 222 716 1402
583 713 224 717 1403
582 704 224 717 1403
741 685 229 717 1403
295 681 229 717 1403
667 64 226 717 1403
504 700 226 717 1403
102 704 233 717 1403
583 714 224 718 1404
582 705 224 718 1404
295 682 233 718 1404
667 65 223 718 1404
504 701 222 718 1404
102 705 234 718 1404
583 715 227 719 1405
741 687 232 719 1405
504 702 223 719 1405
102 706 233 719 1405
583 716 227 720 1406
741 688 234 720 1406
504 703 222 720 1406
102 707 233 720 1406
583 717 225 720 1406
741 689 234 721 1407
668 716 221 721 1407
667 68 221 721 1407
504 704 221 721 1407
102 708 233 721 1407
583 718 223 721 1407
582 709 223 722 1408
741 690 235 722 1408
667 69 221 722 1408
102 709 234 722 1408
583 719 225 722 1408
582 710 225 723 1409
295 687 226 723 1409
504 706 222 723 1409
102 710 233 723 1409
23 191 228 723 1409
583 720 225 724 1410
582 711 229 724 1410
741 692 235 724 1410
295 688 232 724 1410
667 71 223 724 1410
504 707 225 724 1410
102 711 233 724 1410
583 721 225 725 1411
582 712 221 725 1411
295 689 223 725 1411
102 712 222 725 1411
582 713 227 726 1412
583 722 223 726 1412
741 694 228 726 1412
687 727 221 726 1412
319 721 223 726 1412
102 713 227 726 1412
200 35 221 726 1412
582 714 226 727 1413
741 695 229 727 1413
295 691 223 727 1413
687 728 223 727 1413
319 722 223 727 1413
102 714 235 727 1413
583 724 229 728 1414
741 696 227 728 1414
667 75 228 728 1414
342 722 225 728 1414
582 716 224 729 1415
583 725 223 729 1415
741 697 235 729 1415
667 76 223 729 1415
342 723 225 729 1415
582 717 221 730 1416
295 694 221 730 1416
583 727 232 731 1417
200 40 221 731 1417
583 728 232 732 1418
342 726 225 732 1418
582 720 223 733 1419
583 729 231 733 1419
668 728 223 733 1419
295 697 221 733 1419
504 716 224 733 1419
583 730 226 734 1420
741 702 231 734 1420
295 698 221 734 1420
583 731 225 735 1421
582 722 227 735 1421
741 703 223 735 1421
71 82 223 735 1421
582 723 221 736 1422
741 704 225 736 1422
504 719 224 736 1422
71 83 223 736 1422
582 724 228 737 1423
741 705 240 737 1423
582 725 230 738 1424
741 706 240 738 1424
504 721 223 738 1424
102 725 222 738 1424
582 726 231 739 1425
741 707 233 739 1425
319 734 221 739 1425
342 733 225 739 1425
582 727 229 740 1426
741 708 232 740 1426
504 723 231 740 1426
582 728 226 741 1427
741 709 225 741 1427
504 724 223 741 1427
371 780 221 741 1427
582 729 227 742 1428
741 710 227 742 1428
668 738 223 743 1429
582 730 222 743 1429
741 711 233 743 1429
295 707 225 743 1429
667 90 223 743 1429
668 739 221 744 1430
582 731 222 744 1430
741 712 225 744 1430
342 738 222 744 1430
371 783 226 744 1430
741 713 235 745 1431
667 92 223 745 1431
342 739 222 745 1431
371 784 225 745 1431
658 740 221 746 1432
667 93 222 746 1432
504 729 226 746 1432
102 733 224 746 1432
200 55 223 746 1432
71 93 222 746 1432
371 785 222 746 1432
583 743 223 747 1433
295 711 223 747 1433
667 94 222 747 1433
504 730 225 747 1433
23 215 221 747 1433
102 734 222 747 1433
371 786 225 747 1433
582 735 221 748 1434
741 716 224 748 1434
583 744 223 748 1434
504 731 223 748 1434
102 735 223 748 1434
342 742 226 748 1434
371 787 222 748 1434
582 736 226 749 1435
668 744 221 749 1435
741 717 227 749 1435
667 96 223 749 1435
319 744 225 749 1435
102 736 222 749 1435
371 788 225 749 1435
668 745 221 750 1436
582 737 226 750 1436
319 745 223 750 1436
102 737 221 750 1436
342 744 224 750 1436
371 789 224 750 1436
582 738 223 751 1437
741 719 221 751 1437
583 747 221 751 1437
667 98 224 751 1437
504 734 223 751 1437
102 738 225 751 1437
200 60 222 751 1437
371 790 224 751 1437
582 739 224 752 1438
583 748 235 752 1438
295 716 223 752 1438
504 735 222 752 1438
583 749 221 753 1439
102 740 222 753 1439
371 792 223 753 1439
582 741 226 754 1440
741 722 229 754 1440
200 63 224 754 1440
668 750 223 755 1441
200 64 221 755 1441
668 751 221 756 1442
582 743 226 756 1442
741 724 223 756 1442
583 753 223 757 1443
582 744 237 757 1443
741 725 227 757 1443
295 721 224 757 1443
504 740 223 757 1443
582 745 226 758 1444
295 722 223 758 1444
582 746 221 759 1445
741 727 223 759 1445
319 754 223 759 1445
583 757 223 761 1447
741 729 223 761 1447
295 725 226 761 1447
319 756 221 761 1447
741 730 224 762 1448
667 109 221 762 1448
371 801 222 762 1448
62 688 221 762 1448
741 731 227 763 1449
371 802 221 763 1449
741 732 227 764 1450
741 733 234 765 1451
504 748 223 765 1451
583 762 224 766 1452
741 734 222 766 1452
582 754 222 767 1453
583 763 224 767 1453
741 735 236 767 1453
582 755 221 768 1454
583 764 225 768 1454
741 736 238 768 1454
582 756 225 769 1455
583 765 223 769 1455
741 737 227 769 1455
741 738 239 770 1456
504 753 222 770 1456
582 758 221 771 1457
741 739 229 771 1457
582 759 227 772 1458
583 768 223 772 1458
741 740 226 772 1458
687 773 222 772 1458
582 760 237 773 1459
583 769 225 773 1459
741 741 231 773 1459
582 761 237 774 1460
583 770 227 774 1460
741 742 231 774 1460
582 762 229 775 1461
741 743 224 775 1461
504 758 223 775 1461
582 763 232 775 1461
583 772 223 776 1462
582 764 239 777 1463
583 773 225 777 1463
741 745 222 777 1463
668 774 221 778 1464
583 775 221 779 1465
62 705 222 779 1465
295 744 225 780 1466
687 781 221 780 1466
62 706 221 780 1466
583 777 226 781 1467
295 745 227 781 1467
319 776 225 781 1467
582 769 221 781 1467
295 746 222 782 1468
667 129 223 782 1468
319 777 222 782 1468
342 776 221 782 1468
741 751 224 783 1469
295 747 225 783 1469
23 251 222 783 1469
504 766 225 783 1469
200 92 221 783 1469
582 771 233 783 1469
504 767 223 784 1470
200 93 221 784 1470
582 772 223 784 1470
741 753 230 785 1471
295 749 222 785 1471
319 780 226 785 1471
504 768 221 785 1471
200 94 223 785 1471
582 773 231 785 1471
658 780 224 786 1472
178 783 221 786 1472
319 781 223 786 1472
504 769 225 786 1472
582 774 226 786 1472
741 755 225 787 1473
319 782 226 787 1473
504 770 225 787 1473
102 774 221 787 1473
668 783 223 787 1473
582 775 225 787 1473
582 776 232 789 1475
741 757 234 789 1475
178 786 224 789 1475
319 784 223 789 1475
504 772 225 789 1475
342 783 222 789 1475
582 777 222 790 1476
178 787 221 790 1476
319 785 223 790 1476
71 137 221 790 1476
582 778 227 791 1477
319 786 222 791 1477
342 785 221 791 1477
741 760 221 792 1478
319 787 227 792 1478
667 139 222 792 1478
200 101 223 792 1478
582 780 228 793 1479
583 789 224 793 1479
741 761 235 793 1479
319 788 227 793 1479
342 787 223 793 1479
582 781 237 794 1480
741 762 222 794 1480
319 789 225 794 1480
668 790 223 794 1480
582 782 236 795 1481
741 763 233 795 1481
319 790 222 795 1481
582 783 232 796 1482
658 790 221 796 1482
583 792 221 796 1482
741 764 222 796 1482
102 783 223 796 1482
200 105 221 796 1482
582 784 233 797 1483
583 793 221 797 1483
687 798 221 797 1483
71 144 221 797 1483
741 766 227 798 1484
687 799 230 798 1484
295 763 221 799 1485
319 794 223 799 1485
71 146 223 799 1485
457 794 225 800 1486
23 269 224 801 1487
668 797 231 801 1487
23 270 242 802 1488
446 785 221 802 1488
371 841 221 802 1488
71 149 228 802 1488
668 798 229 802 1488
178 800 221 803 1489
23 271 247 803 1489
342 797 227 803 1489
668 799 221 803 1489
658 798 223 804 1490
295 768 223 804 1490
23 272 235 804 1490
23 273 235 805 1491
23 274 223 806 1492
23 275 239 807 1493
23 276 235 808 1494
288 234 225 808 1494
579 810 223 808 1494
668 805 233 809 1495
23 278 222 810 1496
616 611 234 811 1497
23 279 228 811 1497
668 807 235 811 1497
23 280 232 812 1498
405 736 223 812 1498
668 808 231 812 1498
668 809 233 813 1499
601 810 221 814 1500
233 811 223 814 1500
98 802 223 814 1500
619 776 225 814 1500
668 810 237 814 1500
601 811 222 815 1501
450 807 221 815 1501
668 811 246 815 1501
233 813 233 816 1502
189 755 223 816 1502
530 69 221 816 1502
668 812 239 816 1502
264 464 223 817 1503
601 813 223 817 1503
233 814 234 817 1503
506 269 229 817 1503
233 815 226 818 1504
535 139 221 818 1504
29 813 226 818 1504
482 953 223 819 1505
313 722 228 819 1505
160 804 227 819 1505
587 804 222 819 1505
740 737 222 820 1506
603 806 221 820 1506
167 447 223 820 1506
358 473 238 820 1506
453 250 224 820 1506
216 746 221 820 1506
568 314 232 820 1506
31 815 233 820 1506
518 815 233 820 1506
25 780 221 821 1507
538 798 221 821 1507
413 228 227 821 1507
271 756 225 821 1507
284 816 221 821 1507
667 168 222 821 1507
322 802 225 821 1507
235 376 227 821 1507
381 153 224 821 1507
281 8 222 821 1507
164 335 221 821 1507
396 295 227 822 1508
25 781 224 822 1508
523 803 231 822 1508
358 475 225 822 1508
537 799 226 822 1508
498 391 225 822 1508
468 814 232 822 1508
284 817 226 822 1508
422 806 225 822 1508
445 802 233 822 1508
491 671 224 822 1508
101 798 223 822 1508
603 809 222 823 1509
276 797 233 823 1509
188 298 233 823 1509
512 795 225 823 1509
200 14 235 823 1509
516 814 223 823 1509
271 758 223 823 1509
732 767 230 823 1509
565 815 238 823 1509
688 207 226 823 1509
235 378 224 823 1509
38 279 221 823 1509
583 14 227 823 1509
668 819 239 824 1510
763 224 223 824 1510
159 529 224 824 1510
687 825 235 824 1510
97 630 226 824 1510
102 811 228 824 1510
160 809 222 824 1510
583 15 228 824 1510
164 338 225 824 1510
6 16 225 824 1510
668 820 228 824 1510
694 466 225 825 1511
476 275 227 825 1511
217 820 223 825 1511
112 801 230 825 1511
687 826 233 825 1511
97 631 231 825 1511
102 812 221 825 1511
481 576 224 825 1511
530 78 227 825 1511
506 277 247 825 1511
192 52 225 825 1511
583 16 229 825 1511
6 17 223 825 1511
668 821 232 825 1511
159 531 225 826 1512
694 467 223 826 1512
335 818 225 826 1512
476 276 221 826 1512
112 802 237 826 1512
444 826 223 826 1512
141 206 226 826 1512
547 821 226 826 1512
235 381 231 826 1512
133 828 222 826 1512
25 786 223 827 1513
200 18 225 827 1513
537 804 221 827 1513
157 828 231 827 1513
150 583 229 827 1513
421 40 226 827 1513
322 808 226 827 1513
490 754 225 827 1513
281 14 223 827 1513
213 69 223 827 1513
374 818 221 827 1513
7 808 223 827 1513
284 823 222 828 1514
370 819 235 828 1514
311 24 221 828 1514
201 988 222 828 1514
150 584 221 828 1514
363 246 222 828 1514
121 43 241 828 1514
395 752 229 828 1514
209 668 221 828 1514
138 829 238 828 1514
129 829 233 828 1514
716 821 224 828 1514
512 801 221 829 1515
200 20 223 829 1515
589 830 225 829 1515
562 108 221 829 1515
516 820 229 829 1515
278 826 235 829 1515
302 826 221 829 1515
589 831 230 830 1516
659 57 231 830 1516
88 792 225 830 1516
211 252 231 830 1516
129 831 231 830 1516
512 803 227 831 1517
423 814 222 831 1517
589 832 235 831 1517
659 58 226 831 1517
399 63 221 831 1517
31 826 223 831 1517
483 254 222 831 1517
129 832 233 831 1517
302 828 221 831 1517
512 804 231 832 1518
423 815 224 832 1518
589 833 227 832 1518
644 819 229 832 1518
659 59 227 832 1518
95 507 221 832 1518
129 833 222 832 1518
105 797 221 832 1518
200 24 221 833 1519
589 834 235 833 1519
644 820 223 833 1519
284 828 224 833 1519
217 828 224 833 1519
129 834 227 833 1519
643 596 221 833 1519
423 817 235 834 1520
644 821 227 834 1520
7 815 223 834 1520
484 667 223 834 1520
335 827 221 835 1521
112 811 221 835 1521
171 78 224 835 1521
463 24 221 835 1521
788 791 224 835 1521
272 832 223 835 1521
785 818 225 835 1521
687 836 229 835 1521
102 822 227 835 1521
209 675 237 835 1521
331 4 229 835 1521
211 257 225 835 1521
101 811 230 835 1521
531 806 221 835 1521
506 287 239 835 1521
578 378 221 835 1521
435 707 223 835 1521
70 35 231 835 1521
164 349 221 835 1521
6 27 223 835 1521
763 236 224 836 1522
582 823 235 836 1522
444 836 221 836 1522
185 7 222 836 1522
788 792 223 836 1522
785 819 229 836 1522
687 837 231 836 1522
102 823 231 836 1522
209 676 221 836 1522
322 817 224 836 1522
506 288 227 836 1522
392 831 226 836 1522
583 27 221 836 1522
164 350 222 836 1522
763 237 235 837 1523
42 478 221 837 1523
625 17 229 837 1523
112 813 237 837 1523
426 21 225 837 1523
687 838 227 837 1523
102 824 236 837 1523
331 6 226 837 1523
160 822 221 837 1523
506 289 229 837 1523
392 832 224 837 1523
583 28 222 837 1523
668 833 227 837 1523
763 238 233 837 1523
444 838 227 838 1524
112 814 221 838 1524
426 22 229 838 1524
272 835 227 838 1524
788 794 225 838 1524
687 839 234 838 1524
102 825 235 838 1524
530 91 223 838 1524
506 290 226 838 1524
583 29 223 838 1524
366 8 223 838 1524
763 239 236 838 1524
668 834 227 838 1524
42 480 227 839 1525
625 19 226 839 1525
444 839 222 839 1525
112 815 233 839 1525
788 795 225 839 1525
88 801 223 839 1525
687 840 223 839 1525
209 679 224 839 1525
211 261 223 839 1525
506 291 237 839 1525
763 240 221 839 1525
668 835 226 839 1525
42 481 221 840 1526
112 816 226 840 1526
426 24 227 840 1526
102 827 224 840 1526
506 292 237 840 1526
668 836 231 840 1526
42 482 223 841 1527
299 333 221 841 1527
426 25 223 841 1527
185 12 227 841 1527
785 824 221 841 1527
687 842 227 841 1527
102 828 229 841 1527
101 817 226 841 1527
160 826 223 841 1527
506 293 233 841 1527
164 355 221 841 1527
668 837 226 842 1528
629 750 227 842 1528
426 26 235 842 1528
74 841 221 842 1528
102 829 237 842 1528
209 682 221 842 1528
506 294 223 842 1528
192 69 221 842 1528
422 4 223 842 1528
668 838 237 842 1528
112 819 223 843 1529
444 843 225 843 1529
426 27 221 843 1529
779 800 224 843 1529
185 14 223 843 1529
788 799 221 843 1529
102 830 238 843 1529
687 844 225 843 1529
506 295 230 843 1529
422 5 222 843 1529
594 31 225 843 1529
164 357 221 844 1530
668 839 237 844 1530
6 35 221 844 1530
625 24 223 844 1530
112 820 225 844 1530
444 844 223 844 1530
426 28 233 844 1530
185 15 231 844 1530
102 831 234 844 1530
687 845 233 844 1530
101 820 223 844 1530
392 839 221 844 1530
422 6 223 844 1530
763 245 221 844 1530
668 840 237 845 1531
6 36 223 845 1531
629 753 223 845 1531
625 25 223 845 1531
476 295 227 845 1531
112 821 223 845 1531
185 16 227 845 1531
788 801 225 845 1531
102 832 226 845 1531
490 772 231 845 1531
763 246 222 845 1531
668 841 235 846 1532
6 37 221 846 1532
426 30 225 846 1532
185 17 224 846 1532
785 829 221 846 1532
74 845 231 846 1532
102 833 235 846 1532
530 99 221 846 1532
763 247 222 846 1532
42 488 226 846 1532
668 842 228 847 1533
6 38 223 847 1533
629 755 231 847 1533
426 31 223 847 1533
785 830 223 847 1533
272 844 221 847 1533
74 846 225 847 1533
102 834 229 847 1533
481 598 225 847 1533
506 299 230 847 1533
583 38 224 847 1533
42 489 223 848 1534
668 843 231 848 1534
687 849 225 848 1534
102 835 223 848 1534
331 17 221 848 1534
392 843 225 848 1534
506 300 245 848 1534
422 10 225 848 1534
763 249 225 848 1534
583 39 223 848 1534
42 490 223 848 1534
489 782 221 849 1535
668 844 229 849 1535
629 757 223 849 1535
112 825 221 849 1535
444 849 231 849 1535
185 20 222 849 1535
785 832 225 849 1535
272 846 221 849 1535
687 850 234 849 1535
331 18 234 849 1535
101 825 225 849 1535
490 776 223 849 1535
506 301 226 849 1535
392 844 233 849 1535
593 523 222 849 1535
583 40 235 849 1535
668 845 221 850 1536
6 41 227 850 1536
629 758 221 850 1536
476 300 221 850 1536
112 826 242 850 1536
185 21 228 850 1536
785 833 223 850 1536
438 163 221 850 1536
74 849 221 850 1536
687 851 237 850 1536
102 837 234 850 1536
331 19 232 850 1536
101 826 227 850 1536
490 777 227 850 1536
506 302 225 850 1536
392 845 228 850 1536
583 41 228 850 1536
593 524 225 850 1536
112 827 239 851 1537
185 22 225 851 1537
785 834 222 851 1537
687 852 222 851 1537
101 827 221 851 1537
506 303 243 851 1537
392 846 223 851 1537
583 42 225 851 1537
331 1 221 851 1537
668 847 231 852 1538
6 43 226 852 1538
112 828 231 852 1538
185 23 236 852 1538
687 853 236 852 1538
101 828 227 852 1538
506 304 239 852 1538
583 43 224 852 1538
331 2 231 852 1538
6 44 225 853 1539
785 836 222 853 1539
185 24 239 853 1539
687 854 235 853 1539
481 604 231 853 1539
506 305 241 853 1539
583 44 223 853 1539
331 3 227 853 1539
6 45 227 854 1540
112 830 225 854 1540
185 25 234 854 1540
785 837 221 854 1540
687 855 239 854 1540
101 830 235 854 1540
668 850 227 854 1540
6 46 222 855 1541
112 831 223 855 1541
185 26 235 855 1541
785 838 227 855 1541
687 856 242 855 1541
101 831 229 855 1541
80 852 221 855 1541
583 46 222 855 1541
668 851 230 855 1541
610 549 229 856 1542
6 47 221 856 1542
112 832 232 856 1542
185 27 241 856 1542
785 839 225 856 1542
687 857 241 856 1542
481 607 222 856 1542
101 832 227 856 1542
583 47 225 856 1542
112 833 239 857 1543
335 849 221 857 1543
185 28 239 857 1543
687 858 235 857 1543
481 608 225 857 1543
101 833 243 857 1543
211 279 221 857 1543
593 531 223 857 1543
583 48 225 857 1543
331 7 230 857 1543
668 853 235 857 1543
6 49 223 858 1544
112 834 229 858 1544
185 29 231 858 1544
687 859 235 858 1544
515 172 223 858 1544
209 698 223 858 1544
101 834 242 858 1544
392 853 223 858 1544
331 8 226 858 1544
668 854 228 858 1544
164 372 227 858 1544
625 39 227 859 1545
112 835 225 859 1545
185 30 237 859 1545
687 860 223 859 1545
101 835 231 859 1545
160 844 222 859 1545
506 311 243 859 1545
331 9 239 859 1545
668 855 223 859 1545
112 836 231 860 1546
687 861 231 860 1546
506 312 235 860 1546
331 10 226 860 1546
112 837 229 861 1547
438 174 221 861 1547
185 32 237 861 1547
687 862 235 861 1547
506 313 242 861 1547
331 11 233 861 1547
112 838 231 862 1548
185 33 234 862 1548
687 863 238 862 1548
506 314 235 862 1548
331 12 231 862 1548
583 53 221 862 1548
164 376 225 863 1549
476 313 231 863 1549
112 839 228 863 1549
625 43 221 863 1549
785 846 225 863 1549
185 34 233 863 1549
506 315 225 863 1549
6 55 226 864 1550
112 840 227 864 1550
625 44 224 864 1550
687 865 241 864 1550
506 316 240 864 1550
668 860 229 864 1550
583 55 225 864 1550
6 56 229 865 1551
25 824 229 865 1551
629 773 224 865 1551
112 841 242 865 1551
733 858 221 865 1551
625 45 226 865 1551
785 848 223 865 1551
74 864 221 865 1551
779 822 233 865 1551
687 866 227 865 1551
133 867 221 865 1551
209 705 223 865 1551
490 792 225 865 1551
422 27 231 865 1551
668 861 222 865 1551
518 17 221 866 1552
625 46 223 866 1552
785 849 224 866 1552
185 37 221 866 1552
74 865 227 866 1552
687 867 239 866 1552
209 706 221 866 1552
458 868 221 866 1552
506 318 227 866 1552
7 847 221 866 1552
157 868 239 866 1552
164 380 227 867 1553
429 888 225 867 1553
112 843 221 867 1553
782 805 222 867 1553
354 750 221 867 1553
665 660 221 867 1553
223 298 227 867 1553
592 29 223 868 1554
375 148 231 868 1554
242 153 231 868 1554
556 60 225 869 1555
150 36 225 869 1555
482 1003 227 869 1555
295 833 226 869 1555
455 208 237 869 1555
597 289 222 869 1555
403 193 226 869 1555
127 878 224 869 1555
593 543 227 869 1555
6 61 222 870 1556
322 851 225 870 1556
79 420 225 870 1556
684 584 223 871 1557
458 874 229 872 1558
604 56 226 872 1558
481 624 221 873 1559
57 858 221 873 1559
687 874 233 873 1559
112 850 222 874 1560
574 858 226 874 1560
665 667 222 874 1560
166 838 230 874 1560
83 303 226 874 1560
747 4 223 874 1560
112 851 229 875 1561
574 859 221 875 1561
373 856 239 875 1561
455 214 222 875 1561
395 799 222 875 1561
95 550 223 875 1561
393 615 221 875 1561
403 199 225 875 1561
747 5 232 875 1561
374 866 222 875 1561
164 389 238 876 1562
157 877 227 876 1562
81 856 233 876 1562
6 67 221 876 1562
574 860 239 876 1562
687 877 239 876 1562
126 514 223 876 1562
79 426 221 876 1562
666 868 233 876 1562
112 853 236 877 1563
665 670 229 877 1563
556 69 225 878 1564
589 880 223 879 1565
9 875 223 879 1565
397 245 227 879 1565
272 877 227 880 1566
503 867 228 880 1566
98 869 222 881 1567
589 882 224 881 1567
463 71 222 882 1568
538 861 221 884 1570
288 52 229 885 1571
463 74 223 885 1571
299 381 221 889 1575
549 872 233 889 1575
676 882 228 889 1575
549 873 229 890 1576
676 883 223 890 1576
426 74 225 890 1576
668 886 230 890 1576
549 874 228 891 1577
676 884 223 891 1577
717 884 234 892 1578
668 888 221 892 1578
549 876 227 893 1579
64 865 221 893 1579
549 877 236 894 1580
299 386 225 894 1580
64 866 225 894 1580
530 147 221 894 1580
668 890 224 894 1580
549 878 237 895 1581
64 867 223 895 1581
334 818 224 895 1581
668 891 231 895 1581
549 879 238 895 1581
64 868 222 896 1582
668 892 226 896 1582
549 880 236 896 1582
668 893 225 897 1583
549 881 246 897 1583
299 390 222 897 1583
64 870 222 898 1584
530 151 227 898 1584
734 807 221 898 1584
180 46 226 899 1585
180 48 239 901 1587
9 897 223 901 1587
668 897 225 901 1587
549 885 237 901 1587
334 825 221 902 1588
530 155 221 902 1588
263 478 223 902 1588
224 798 225 902 1588
549 886 231 902 1588
668 898 225 902 1588
676 896 223 903 1589
530 156 225 903 1589
549 887 235 903 1589
668 899 227 903 1589
334 827 223 904 1590
549 888 231 904 1590
668 900 231 904 1590
334 828 222 905 1591
549 889 224 905 1591
668 901 221 906 1592
549 890 232 906 1592
224 802 224 906 1592
668 902 229 907 1593
549 891 231 907 1593
668 903 221 908 1594
530 161 223 908 1594
549 892 236 908 1594
668 904 224 909 1595
549 893 238 910 1596
676 903 221 910 1596
530 163 223 910 1596
549 894 239 910 1596
530 164 223 911 1597
549 895 235 911 1597
224 807 224 912 1598
668 907 231 912 1598
334 835 223 912 1598
530 165 221 912 1598
422 74 233 912 1598
549 896 239 912 1598
668 908 227 913 1599
334 836 224 913 1599
530 166 223 913 1599
422 75 227 913 1599
668 909 225 914 1600
694 555 224 914 1600
87 319 221 914 1600
334 837 225 914 1600
530 167 224 914 1600
676 908 223 915 1601
334 838 222 915 1601
422 77 225 915 1601
676 909 225 916 1602
668 911 223 916 1602
334 839 226 916 1602
481 667 230 916 1602
530 169 225 916 1602
422 78 229 916 1602
668 912 232 917 1603
334 840 226 917 1603
481 668 235 917 1603
422 79 223 917 1603
676 911 223 918 1604
668 913 233 918 1604
694 559 221 918 1604
334 841 228 918 1604
481 669 232 918 1604
668 914 225 919 1605
728 744 221 919 1605
481 670 226 919 1605
422 81 227 919 1605
668 915 228 920 1606
87 325 221 920 1606
728 745 222 920 1606
481 671 224 920 1606
334 843 227 920 1606
422 82 229 920 1606
87 326 226 921 1607
728 746 230 921 1607
481 672 229 921 1607
334 844 221 921 1607
530 174 221 921 1607
422 83 238 921 1607
426 106 221 922 1608
87 327 225 922 1608
728 747 223 922 1608
86 609 224 922 1608
481 673 235 922 1608
334 845 227 922 1608
422 84 238 922 1608
668 1 223 923 1609
728 748 225 923 1609
87 328 221 923 1609
481 674 226 923 1609
334 846 227 923 1609
422 85 233 923 1609
668 2 223 924 1610
728 749 222 924 1610
481 676 224 925 1611
334 848 227 925 1611
422 87 223 925 1611
334 849 228 926 1612
422 88 227 926 1612
728 752 227 927 1613
481 678 231 927 1613
334 850 225 927 1613
422 89 233 927 1613
481 679 227 928 1614
334 851 225 928 1614
547 923 222 928 1614
422 90 224 928 1614
676 922 221 929 1615
422 91 228 929 1615
481 681 226 930 1616
334 853 227 930 1616
530 183 226 930 1616
422 92 229 930 1616
422 93 241 932 1618
676 925 221 932 1618
87 337 223 932 1618
363 350 223 932 1618
691 454 222 932 1618
391 849 221 932 1618
700 782 226 932 1618
263 508 235 932 1618
422 94 226 932 1618
676 926 230 933 1619
374 923 223 933 1619
363 351 231 933 1619
547 928 221 933 1619
422 95 231 933 1619
87 339 221 934 1620
363 352 232 934 1620
500 905 237 935 1621
374 926 223 936 1622
428 132 239 937 1623
203 50 221 938 1624
637 6 235 938 1624
331 42 240 939 1625
475 454 237 939 1625
764 865 229 939 1625
185 110 228 939 1625
331 43 233 940 1626
764 866 223 940 1626
185 111 237 940 1626
331 44 227 941 1627
185 112 228 941 1627
331 45 221 942 1628
475 457 223 942 1628
764 868 224 942 1628
185 113 225 942 1628
331 46 223 943 1629
764 869 222 943 1629
481 694 221 943 1629
331 47 223 944 1630
475 459 221 944 1630
185 115 241 944 1630
256 717 221 944 1630
331 48 247 945 1631
703 921 223 945 1631
185 116 241 945 1631
331 49 235 946 1632
185 117 239 946 1632
331 50 233 947 1633
185 118 239 947 1633
703 924 221 948 1634
331 51 224 948 1634
185 119 237 948 1634
331 52 226 949 1635
185 120 226 949 1635
331 53 241 950 1636
680 881 222 950 1636
764 876 221 950 1636
185 121 237 950 1636
487 379 227 951 1637
703 927 221 951 1637
331 54 230 951 1637
515 72 221 951 1637
185 122 239 951 1637
185 123 237 952 1638
481 704 221 953 1639
185 124 235 953 1639
185 125 235 954 1640
703 931 222 955 1641
185 126 237 955 1641
55 946 224 956 1642
515 77 222 956 1642
185 127 242 956 1642
703 933 223 957 1643
185 128 241 957 1643
55 948 224 958 1644
331 61 227 958 1644
185 129 228 958 1644
703 935 222 959 1645
331 62 226 959 1645
515 80 223 959 1645
680 890 231 959 1645
185 130 237 959 1645
703 936 225 960 1646
331 63 224 960 1646
680 891 222 960 1646
185 131 233 960 1646
55 951 225 961 1647
331 64 225 961 1647
515 82 221 961 1647
680 892 225 961 1647
185 132 235 961 1647
703 938 223 962 1648
55 952 221 962 1648
331 65 223 962 1648
185 133 237 962 1648
703 939 225 963 1649
331 66 227 963 1649
680 894 223 963 1649
185 134 223 963 1649
703 940 221 964 1650
331 67 221 964 1650
515 85 221 964 1650
680 895 227 964 1650
764 890 222 964 1650
185 135 224 964 1650
703 941 221 965 1651
331 68 231 965 1651
515 86 222 965 1651
680 896 225 965 1651
764 891 225 965 1651
185 136 231 965 1651
185 137 231 966 1652
331 70 235 967 1653
680 898 227 967 1653
185 138 232 967 1653
331 71 223 968 1654
680 899 227 968 1654
185 139 233 968 1654
703 945 221 969 1655
331 72 237 969 1655
680 900 231 969 1655
185 140 225 969 1655
331 73 233 970 1656
680 901 223 970 1656
185 141 231 970 1656
331 74 235 971 1657
680 902 227 971 1657
185 142 233 971 1657
703 948 221 972 1658
331 75 227 972 1658
680 903 223 972 1658
185 143 237 972 1658
487 401 221 972 1658
331 76 229 973 1659
680 904 223 973 1659
185 144 237 973 1659
487 402 221 973 1659
331 77 237 974 1660
185 145 238 974 1660
487 403 221 974 1660
331 78 235 975 1661
703 951 221 975 1661
185 146 234 975 1661
331 79 222 976 1662
680 907 222 976 1662
185 147 241 976 1662
185 148 236 977 1663
331 81 236 978 1664
185 149 239 978 1664
703 955 223 979 1665
185 150 229 979 1665
331 83 224 980 1666
185 151 227 980 1666
331 84 225 981 1667
331 85 223 982 1668
487 411 223 983 1669
331 86 223 983 1669
185 154 229 983 1669
487 412 223 984 1670
680 915 221 984 1670
481 735 221 984 1670
185 155 221 984 1670
756 297 221 985 1671
487 414 223 986 1672
331 89 225 986 1672
680 917 223 986 1672
764 912 221 986 1672
487 415 223 986 1672
331 90 221 987 1673
680 918 223 987 1673
185 158 225 987 1673
567 935 221 988 1674
331 91 223 988 1674
185 159 221 988 1674
331 92 224 989 1675
764 915 225 989 1675
185 160 227 989 1675
331 93 223 990 1676
475 505 225 990 1676
481 741 222 990 1676
185 161 228 990 1676
331 94 222 991 1677
680 922 226 991 1677
185 162 235 991 1677
331 95 225 992 1678
680 923 231 992 1678
481 743 227 992 1678
185 163 235 992 1678
331 96 237 993 1679
680 924 227 993 1679
185 164 229 993 1679
331 97 233 994 1680
475 509 223 994 1680
680 925 223 994 1680
185 165 233 994 1680
567 942 225 994 1680
703 971 221 994 1680
487 423 223 994 1680
331 98 227 995 1681
185 166 235 995 1681
487 424 225 995 1681
567 943 225 995 1681
703 972 221 995 1681
331 99 231 996 1682
680 927 223 996 1682
185 167 226 996 1682
331 100 236 997 1683
185 168 222 997 1683
331 101 238 998 1684
680 929 226 998 1684
185 169 231 998 1684
331 102 231 999 1685
680 930 221 999 1685
185 170 224 999 1685
331 103 231 1000 1686
185 171 236 1000 1686
567 948 223 1001 1687
331 104 226 1001 1687
764 927 221 1001 1687
680 932 226 1001 1687
185 172 235 1001 1687
487 430 222 1001 1687
703 978 221 1002 1688
331 105 227 1002 1688
680 933 233 1002 1688
185 173 239 1002 1688
331 106 222 1003 1689
680 934 227 1003 1689
185 174 233 1003 1689
331 107 232 1004 1690
680 935 233 1004 1690
185 175 227 1004 1690
487 433 221 1004 1690
331 108 225 1005 1691
680 936 223 1005 1691
185 176 225 1005 1691
567 953 221 1006 1692
475 521 221 1006 1692
680 937 225 1006 1692
185 177 232 1006 1692
703 983 221 1006 1692
331 110 235 1006 1692
567 954 225 1006 1692
185 178 235 1007 1693
567 955 225 1007 1693
331 111 225 1007 1693
185 179 235 1008 1694
331 112 225 1008 1694
680 940 224 1009 1695
185 180 229 1009 1695
331 113 225 1009 1695
567 957 223 1009 1695
680 941 227 1010 1696
756 322 222 1010 1696
185 181 232 1010 1696
487 439 222 1010 1696
331 114 225 1010 1696
515 132 221 1010 1696
703 987 221 1010 1696
185 182 235 1011 1697
331 115 226 1011 1697
567 959 225 1011 1697
185 183 231 1012 1698
331 116 227 1012 1698
567 960 225 1012 1698
680 944 228 1013 1699
185 184 235 1013 1699
331 117 234 1013 1699
567 961 223 1013 1699
680 945 233 1014 1700
185 185 231 1014 1700
331 118 227 1014 1700
331 119 223 1015 1701
680 947 227 1016 1702
185 187 231 1016 1702
331 120 232 1016 1702
703 993 221 1017 1703
680 948 229 1017 1703
185 188 227 1017 1703
331 121 239 1017 1703
680 949 221 1018 1704
185 189 235 1018 1704
331 122 238 1018 1704
185 190 231 1019 1705
703 996 229 1020 1706
185 191 235 1020 1706
331 124 225 1020 1706
256 793 221 1020 1706
475 536 221 1021 1707
185 192 237 1021 1707
331 125 237 1021 1707
487 450 221 1021 1707
680 953 227 1022 1708
185 193 237 1022 1708
331 126 233 1022 1708
185 194 234 1023 1709
331 127 233 1023 1709
680 955 230 1024 1710
185 195 227 1024 1710
256 797 224 1024 1710
331 128 231 1024 1710
487 453 227 1024 1710
185 196 236 1025 1711
256 798 223 1025 1711
331 129 237 1025 1711
764 952 221 1026 1712
185 197 227 1026 1712
756 339 225 1027 1713
185 198 223 1027 1713
331 131 230 1027 1713
185 199 226 1028 1714
331 132 227 1028 1714
331 133 228 1029 1715
331 134 223 1030 1716
703 1007 221 1030 1716
185 202 235 1031 1717
331 135 231 1031 1717
703 1008 223 1031 1717
475 547 221 1032 1718
680 963 223 1032 1718
185 203 224 1032 1718
331 136 221 1032 1718
680 964 226 1033 1719
487 462 225 1033 1719
331 137 234 1033 1719
185 205 226 1034 1720
256 807 221 1034 1720
331 138 224 1034 1720
703 1011 222 1034 1720
185 206 222 1035 1721
487 464 224 1035 1721
331 139 224 1035 1721
703 1012 221 1035 1721
331 140 229 1036 1722
331 141 228 1037 1723
331 142 227 1038 1724
185 210 221 1039 1725
331 143 221 1039 1725
487 468 223 1039 1725
764 966 221 1040 1726
680 971 226 1040 1726
185 211 239 1040 1726
256 813 223 1040 1726
487 469 221 1040 1726
331 144 236 1040 1726
680 972 223 1041 1727
331 146 224 1042 1728
475 558 221 1043 1729
680 974 232 1043 1729
185 214 234 1043 1729
331 147 235 1043 1729
185 215 227 1044 1730
331 148 234 1044 1730
475 560 227 1045 1731
185 216 233 1045 1731
487 474 221 1045 1731
331 149 235 1045 1731
185 217 239 1046 1732
331 150 225 1046 1732
680 978 222 1047 1733
185 218 238 1047 1733
331 151 228 1047 1733
487 476 221 1048 1734
185 219 224 1048 1734
331 152 221 1048 1734
475 564 223 1049 1735
764 975 222 1049 1735
680 980 227 1049 1735
185 220 237 1049 1735
331 153 239 1049 1735
475 565 222 1050 1736
481 801 223 1050 1736
185 221 225 1050 1736
185 222 241 1051 1737
331 155 222 1051 1737
487 480 222 1051 1737
185 223 240 1052 1738
331 156 227 1052 1738
185 224 239 1053 1739
331 157 227 1053 1739
481 805 221 1054 1740
185 225 242 1054 1740
703 1031 223 1055 1741
475 570 221 1055 1741
185 226 237 1055 1741
331 159 227 1055 1741
475 571 221 1056 1742
481 807 221 1056 1742
185 227 236 1056 1742
703 1033 224 1057 1743
481 808 225 1057 1743
185 228 239 1057 1743
185 229 239 1058 1744
703 1035 222 1059 1745
185 230 236 1059 1745
185 231 227 1060 1746
703 1037 223 1061 1747
185 232 241 1061 1747
703 1038 225 1062 1748
680 993 221 1062 1748
185 233 239 1062 1748
331 166 226 1062 1748
185 234 236 1063 1749
331 167 237 1063 1749
680 995 221 1064 1750
185 235 237 1064 1750
331 168 233 1064 1750
185 236 239 1065 1751
185 237 225 1066 1752
331 170 224 1066 1752
703 1043 221 1067 1753
680 998 231 1067 1753
185 238 239 1067 1753
331 171 225 1067 1753
703 1044 225 1068 1754
680 999 227 1068 1754
185 239 231 1068 1754
185 240 227 1069 1755
331 173 227 1069 1755
55 1060 226 1070 1756
185 241 237 1070 1756
331 174 225 1070 1756
764 997 222 1071 1757
185 242 237 1071 1757
487 500 223 1071 1757
331 175 233 1071 1757
185 243 229 1072 1758
331 176 233 1072 1758
487 501 225 1072 1758
331 177 233 1073 1759
487 502 223 1073 1759
703 1050 221 1074 1760
185 245 231 1074 1760
331 178 224 1074 1760
487 504 223 1075 1761
185 246 229 1075 1761
331 179 227 1075 1761
703 1052 221 1076 1762
487 505 223 1076 1762
185 247 227 1076 1762
331 180 237 1076 1762
55 1067 223 1077 1763
185 248 221 1077 1763
703 1054 223 1078 1764
185 249 239 1078 1764
703 1055 224 1079 1765
475 594 221 1079 1765
185 250 243 1079 1765
185 251 233 1080 1766
703 1057 221 1081 1767
185 252 231 1081 1767
515 203 221 1082 1768
703 1058 221 1082 1768
55 1072 221 1082 1768
764 1008 221 1082 1768
185 253 241 1082 1768
331 186 222 1082 1768
703 1059 225 1083 1769
680 1014 223 1083 1769
185 254 233 1083 1769
680 1015 221 1084 1770
185 255 233 1084 1770
331 188 222 1084 1770
680 1016 225 1085 1771
185 256 234 1085 1771
55 1076 221 1086 1772
185 257 239 1086 1772
331 190 223 1086 1772
55 1077 224 1087 1773
185 258 240 1087 1773
331 191 225 1087 1773
703 1064 223 1088 1774
55 1078 223 1088 1774
185 259 235 1088 1774
331 192 221 1088 1774
703 1065 227 1089 1775
185 260 236 1089 1775
703 1066 223 1090 1776
764 1016 227 1090 1776
185 261 235 1090 1776
331 194 230 1090 1776
703 1067 221 1091 1777
185 262 233 1091 1777
703 1068 221 1092 1778
185 263 231 1092 1778
331 196 228 1092 1778
185 264 237 1093 1779
185 265 241 1094 1780
331 198 222 1094 1780
703 1071 231 1095 1781
55 1085 223 1095 1781
185 266 247 1095 1781
331 199 224 1095 1781
703 1072 224 1096 1782
185 267 241 1096 1782
331 200 227 1096 1782
703 1073 223 1097 1783
185 268 242 1097 1783
331 201 234 1097 1783
703 1074 221 1098 1784
185 269 241 1098 1784
703 1075 224 1099 1785
185 270 241 1099 1785
331 203 231 1099 1785
185 271 240 1100 1786
331 204 235 1100 1786
185 272 238 1101 1787
331 205 227 1101 1787
185 273 229 1102 1788
331 206 231 1102 1788
185 274 233 1103 1789
185 275 229 1104 1790
331 208 228 1104 1790
703 1081 222 1105 1791
185 276 228 1106 1792
331 209 222 1106 1792
487 534 221 1106 1792
185 277 235 1106 1792
185 278 247 1108 1794
331 211 222 1108 1794
185 279 239 1109 1795
185 280 228 1109 1795
331 214 227 1110 1796
185 281 239 1110 1796
331 215 222 1111 1797
185 282 223 1111 1797
487 540 223 1112 1798
331 216 237 1112 1798
331 217 225 1113 1799
185 284 230 1114 1800
487 542 227 1114 1800
703 1090 222 1114 1800
764 1040 225 1114 1800
331 218 240 1114 1800
487 543 228 1115 1801
703 1091 223 1115 1801
331 219 223 1116 1802
185 287 222 1116 1802
481 50 221 1117 1803
185 288 229 1117 1803
331 221 235 1117 1803
331 223 221 1119 1805
141 230 221 1120 1806
764 1047 222 1121 1807
331 225 222 1121 1807
331 226 221 1122 1808
331 227 221 1123 1809
764 1050 225 1124 1810
331 228 223 1124 1810
331 229 223 1126 1812
487 554 221 1126 1812
185 296 225 1126 1812
185 297 231 1126 1812
331 230 231 1126 1812
680 1058 221 1127 1813
331 231 225 1127 1813
331 232 224 1128 1814
764 1055 223 1129 1815
185 300 224 1129 1815
331 233 233 1129 1815
331 234 227 1130 1816
331 235 221 1131 1817
475 647 222 1132 1818
331 236 228 1132 1818
487 561 224 1132 1818
55 1123 221 1133 1819
331 237 232 1133 1819
487 562 225 1133 1819
388 278 222 1134 1820
55 1124 221 1134 1820
331 238 234 1134 1820
487 563 223 1134 1820
475 650 221 1135 1821
331 239 227 1135 1821
331 240 234 1136 1822
331 241 238 1137 1823
365 195 221 1137 1823
331 242 239 1138 1824
185 309 222 1138 1824
331 243 242 1139 1825
487 568 223 1139 1825
331 244 246 1140 1826
331 245 232 1141 1827
185 312 224 1141 1827
487 570 223 1141 1827
388 286 222 1142 1828
764 1068 221 1142 1828
331 246 221 1142 1828
703 1119 221 1142 1828
703 1120 221 1143 1829
567 1091 221 1143 1829
185 315 221 1144 1830
567 1092 222 1144 1830
487 573 221 1144 1830
331 249 221 1145 1831
185 317 223 1146 1832
487 575 224 1146 1832
680 1078 221 1147 1833
185 318 224 1147 1833
487 576 221 1147 1833
185 319 227 1148 1834
764 1075 225 1149 1835
185 320 232 1149 1835
764 1076 227 1150 1836
185 321 233 1150 1836
331 254 223 1150 1836
185 322 228 1151 1837
331 255 232 1151 1837
487 580 223 1151 1837
538 1129 223 1152 1838
185 323 227 1152 1838
487 581 221 1152 1838
475 668 222 1153 1839
538 1130 223 1153 1839
185 324 223 1153 1839
185 325 225 1154 1840
764 1081 223 1155 1841
680 1086 222 1155 1841
567 1103 221 1155 1841
703 1132 221 1155 1841
481 89 223 1155 1841
703 1133 227 1156 1842
365 214 221 1156 1842
703 1134 221 1157 1843
487 586 225 1157 1843
703 1135 227 1158 1844
481 92 223 1158 1844
487 587 221 1158 1844
703 1136 232 1159 1845
487 588 226 1159 1845
185 331 221 1160 1846
487 589 233 1160 1846
185 332 223 1161 1847
487 590 228 1161 1847
55 1152 222 1162 1848
680 1093 221 1162 1848
703 1139 222 1162 1848
487 591 228 1162 1848
487 592 229 1164 1850
680 1095 224 1164 1850
331 268 221 1164 1850
703 1141 222 1164 1850
487 593 225 1165 1851
764 1091 221 1165 1851
680 1096 221 1165 1851
331 269 221 1165 1851
185 336 223 1165 1851
703 1142 221 1166 1852
487 594 228 1166 1852
331 270 223 1166 1852
703 1143 225 1166 1852
487 595 225 1167 1853
680 1098 223 1167 1853
331 271 223 1167 1853
487 596 221 1168 1854
331 272 228 1168 1854
481 102 221 1168 1854
764 1095 225 1169 1855
331 273 233 1169 1855
487 598 221 1170 1856
185 342 225 1171 1857
703 1148 222 1171 1857
487 600 227 1171 1857
388 316 225 1172 1858
331 276 223 1172 1858
185 343 225 1172 1858
256 945 223 1172 1858
703 1149 221 1172 1858
365 1 221 1173 1859
475 688 225 1173 1859
55 1163 225 1173 1859
764 1099 224 1173 1859
487 1 231 1173 1859
538 1151 221 1174 1860
515 55 223 1174 1860
764 1100 226 1174 1860
756 487 237 1175 1861
764 1101 225 1175 1861
680 1106 221 1175 1861
506 627 224 1176 1862
764 1102 225 1176 1862
397 542 224 1176 1862
531 51 223 1176 1862
581 543 223 1176 1862
597 596 226 1177 1863
459 1152 223 1177 1863
587 1161 221 1177 1863
652 473 235 1177 1863
269 68 241 1177 1863
405 126 224 1178 1864
608 593 227 1178 1864
22 1117 223 1178 1864
701 149 227 1178 1864
764 1104 221 1178 1864
555 1162 242 1178 1864
268 1057 231 1178 1864
147 1179 221 1178 1864
199 728 239 1178 1864
112 268 229 1179 1865
315 5 226 1179 1865
487 7 236 1179 1865
199 729 247 1179 1865
202 95 222 1179 1865
715 407 221 1180 1866
112 269 252 1180 1866
770 613 229 1180 1866
357 262 228 1180 1866
378 1142 223 1181 1867
125 616 222 1181 1867
454 1178 225 1181 1867
773 6 227 1181 1867
789 46 223 1182 1868
179 494 227 1182 1868
758 1168 222 1183 1869
378 1144 225 1183 1869
773 8 224 1183 1869
667 531 221 1184 1870
667 532 224 1185 1871
702 1180 223 1185 1871
698 1181 234 1185 1871
773 10 222 1185 1871
667 533 222 1186 1872
702 1181 221 1186 1872
773 11 223 1186 1872
667 534 227 1187 1873
702 1182 221 1187 1873
758 1173 223 1188 1874
702 1183 229 1188 1874
773 13 223 1188 1874
773 14 223 1189 1875
125 626 222 1191 1877
702 1186 221 1191 1877
758 1179 221 1194 1880
667 542 221 1195 1881
667 543 221 1196 1882
702 1193 222 1198 1884
702 1194 228 1199 1885
75 160 223 1201 1887
773 28 239 1203 1889
75 163 223 1204 1890
773 29 228 1204 1890
702 1200 221 1205 1891
773 30 231 1205 1891
125 641 221 1206 1892
702 1201 223 1206 1892
773 31 231 1206 1892
702 1202 222 1207 1893
702 1204 223 1209 1895
773 34 222 1209 1895
596 268 221 1210 1896
702 1206 229 1211 1897
773 36 227 1211 1897
702 1207 231 1212 1898
773 37 228 1212 1898
702 1208 228 1213 1899
773 38 231 1213 1899
758 1199 224 1214 1900
125 649 221 1214 1900
702 1209 227 1214 1900
698 1210 227 1214 1900
773 39 231 1214 1900
249 224 222 1215 1901
75 174 221 1215 1901
702 1210 225 1215 1901
698 1211 235 1215 1901
702 1211 225 1216 1902
179 528 223 1216 1902
702 1213 222 1218 1904
702 1214 223 1219 1905
702 1215 221 1220 1906
454 1222 226 1225 1911
454 1223 223 1226 1912
454 1224 223 1227 1913
454 1225 223 1228 1914
667 576 221 1229 1915
28 43 221 1232 1918
249 242 227 1233 1919
249 243 227 1234 1920
249 245 222 1236 1922
249 247 224 1238 1924
702 1234 223 1239 1925
667 588 221 1241 1927
667 589 222 1242 1928
702 1238 222 1243 1929
179 555 221 1243 1929
667 591 221 1244 1930
789 109 223 1245 1931
667 592 223 1245 1931
702 1240 225 1245 1931
179 557 224 1245 1931
773 70 233 1245 1931
667 593 222 1246 1932
773 71 223 1246 1932
667 595 221 1248 1934
698 1244 223 1248 1934
72 60 221 1248 1934
698 1245 225 1249 1935
773 74 221 1249 1935
75 209 221 1250 1936
702 1245 223 1250 1936
773 75 225 1250 1936
702 1246 222 1251 1937
773 76 225 1251 1937
249 261 224 1251 1937
789 116 222 1252 1938
702 1247 221 1252 1938
773 77 221 1252 1938
773 78 225 1253 1939
702 1250 225 1255 1941
698 1252 227 1256 1942
454 1254 223 1257 1943
702 1252 231 1257 1943
773 82 227 1257 1943
698 1254 225 1258 1944
773 83 225 1258 1944
773 84 227 1259 1945
773 85 232 1260 1946
596 319 223 1261 1947
596 320 223 1262 1948
773 87 225 1262 1948
196 1245 221 1263 1949
702 1259 222 1264 1950
698 1260 221 1264 1950
702 1260 225 1265 1951
179 577 221 1265 1951
698 1261 227 1265 1951
773 90 223 1265 1951
702 1261 226 1266 1952
179 578 223 1266 1952
698 1262 226 1266 1952
125 702 223 1267 1953
698 1263 235 1267 1953
773 92 221 1267 1953
702 1263 227 1268 1954
702 1264 224 1269 1955
698 1266 233 1270 1956
667 618 221 1271 1957
75 230 222 1271 1957
702 1266 232 1271 1957
773 96 224 1271 1957
179 584 223 1272 1958
125 708 221 1273 1959
773 98 222 1273 1959
125 709 223 1274 1960
179 586 222 1274 1960
72 86 225 1274 1960
667 622 223 1275 1961
702 1270 221 1275 1961
773 100 227 1275 1961
667 623 225 1276 1962
75 235 221 1276 1962
179 588 224 1276 1962
698 1272 235 1276 1962
702 1272 223 1277 1963
773 102 221 1277 1963
789 142 223 1278 1964
378 1239 221 1278 1964
773 103 227 1278 1964
698 1274 235 1278 1964
667 626 227 1279 1965
378 1240 231 1279 1965
702 1274 223 1279 1965
773 104 225 1279 1965
125 715 222 1280 1966
667 627 227 1280 1966
378 1241 223 1280 1966
702 1275 223 1280 1966
179 592 221 1280 1966
773 105 227 1280 1966
378 1242 225 1281 1967
667 628 227 1281 1967
702 1276 221 1281 1967
698 1277 223 1281 1967
773 106 226 1281 1967
454 1279 223 1282 1968
378 1243 222 1282 1968
667 629 223 1282 1968
702 1277 227 1282 1968
698 1278 225 1282 1968
773 107 228 1282 1968
249 292 222 1282 1968
125 718 223 1283 1969
702 1278 223 1283 1969
179 595 223 1283 1969
773 108 231 1283 1969
698 1279 231 1283 1969
698 1280 228 1284 1970
773 109 226 1284 1970
378 1247 221 1286 1972
702 1281 225 1286 1972
698 1282 228 1286 1972
773 111 229 1286 1972
125 722 223 1287 1973
454 1284 225 1287 1973
378 1248 221 1287 1973
702 1282 229 1287 1973
773 112 225 1287 1973
454 1285 225 1288 1974
378 1249 227 1288 1974
702 1283 225 1288 1974
773 113 227 1288 1974
758 1274 221 1288 1974
454 1286 224 1289 1975
378 1250 227 1289 1975
702 1284 223 1289 1975
72 101 224 1289 1975
773 114 227 1289 1975
454 1287 229 1290 1976
378 1251 226 1290 1976
702 1285 231 1290 1976
72 102 222 1290 1976
773 115 227 1290 1976
249 300 221 1290 1976
454 1288 223 1291 1977
702 1286 226 1291 1977
179 603 221 1291 1977
72 103 222 1291 1977
773 116 223 1291 1977
454 1289 221 1292 1978
702 1287 227 1292 1978
773 117 226 1292 1978
702 1288 221 1293 1979
72 105 221 1293 1979
702 1289 221 1294 1980
179 606 222 1294 1980
773 119 231 1294 1980
72 106 221 1294 1980
125 730 223 1294 1980
454 1292 221 1295 1981
702 1290 225 1295 1981
773 120 221 1295 1981
702 1291 229 1296 1982
72 108 221 1296 1982
773 121 237 1296 1982
702 1292 223 1297 1983
72 109 221 1297 1983
773 122 236 1297 1983
454 1295 222 1298 1984
702 1293 223 1298 1984
72 110 221 1298 1984
773 123 235 1298 1984
596 356 226 1298 1984
758 7 222 1299 1985
378 1260 226 1299 1985
773 124 237 1299 1985
378 1261 225 1300 1986
702 1295 226 1300 1986
72 112 222 1300 1986
773 125 235 1300 1986
378 1262 221 1301 1987
702 1296 225 1301 1987
773 126 241 1301 1987
702 1297 228 1302 1988
773 127 235 1302 1988
378 1264 223 1303 1989
702 1298 222 1303 1989
773 128 241 1303 1989
378 1265 226 1304 1990
773 129 233 1304 1990
702 1300 225 1305 1991
179 617 221 1305 1991
454 7 221 1306 1992
702 1301 224 1306 1992
773 131 226 1306 1992
378 1268 225 1307 1993
179 619 221 1307 1993
773 132 225 1307 1993
378 1269 224 1308 1994
454 9 221 1308 1994
773 133 223 1308 1994
125 744 226 1308 1994
378 1270 225 1309 1995
702 1304 231 1309 1995
773 134 228 1309 1995
28 121 222 1310 1996
702 1305 221 1310 1996
773 135 234 1310 1996
125 746 221 1310 1996
378 1272 226 1311 1997
454 12 223 1311 1997
773 136 226 1311 1997
378 1273 221 1312 1998
773 137 222 1312 1998
125 748 227 1312 1998
789 177 225 1312 1998
758 21 227 1312 1998
454 14 236 1313 1999
773 138 224 1313 1999
125 749 233 1313 1999
667 662 221 1315 2001
702 1311 221 1316 2002
773 141 225 1316 2002
773 142 223 1317 2003
789 182 221 1317 2003
378 1279 223 1318 2004
75 277 223 1318 2004
72 130 221 1318 2004
378 1281 223 1320 2006
378 1282 224 1321 2007
702 1317 223 1322 2008
702 1318 223 1323 2009
596 381 221 1323 2009
28 136 221 1324 2010
702 1320 227 1325 2011
773 150 223 1325 2011
378 1287 221 1326 2012
378 1288 231 1327 2013
72 139 225 1327 2013
249 337 221 1327 2013
702 1323 221 1328 2014
378 1289 225 1328 2014
698 1324 222 1328 2014
773 153 225 1328 2014
378 1290 225 1329 2015
698 1325 227 1329 2015
773 154 225 1329 2015
789 194 221 1329 2015
596 388 221 1330 2016
196 1313 225 1330 2016
249 341 222 1331 2017
72 144 223 1332 2018
249 342 227 1332 2018
28 144 225 1332 2018
702 1328 223 1333 2019
378 1294 225 1333 2019
249 343 221 1333 2019
196 1316 221 1333 2019
667 681 226 1333 2019
702 1329 232 1334 2020
378 1295 227 1334 2020
596 392 221 1334 2020
789 199 221 1334 2020
249 344 222 1334 2020
196 1317 233 1334 2020
758 43 229 1334 2020
702 1330 224 1335 2021
378 1296 226 1335 2021
75 294 223 1335 2021
28 147 227 1335 2021
715 75 228 1336 2022
356 154 235 1336 2022
667 684 221 1336 2022
666 71 223 1337 2023
164 398 227 1337 2023
152 1330 227 1337 2023
28 149 224 1337 2023
283 1021 228 1338 2024
777 1321 225 1338 2024
555 1323 221 1338 2024
63 1312 236 1338 2024
208 1336 227 1339 2025
449 191 227 1342 2028
