22 0 223 17 747
227 2 221 19 747
227 4 223 21 749
22 3 228 20 750
22 4 229 21 751
227 6 227 23 751
22 5 228 22 752
489 0 221 22 752
10 3 221 23 752
22 6 224 23 753
489 1 223 23 753
227 9 221 26 754
159 1 221 25 755
489 3 223 25 755
10 7 225 27 756
6 2 231 27 757
489 5 228 27 757
227 12 227 29 757
6 3 225 28 758
6 7 223 32 762
489 12 221 34 764
22 20 221 37 767
22 21 234 38 768
773 3 227 42 771
22 25 226 42 772
489 20 221 42 772
773 4 225 43 772
22 26 237 43 773
489 21 225 43 773
773 5 231 44 773
159 21 221 45 775
650 87 225 47 777
435 87 227 47 778
625 56 222 48 778
607 51 226 49 779
377 119 222 49 779
609 96 239 50 780
625 58 242 50 780
377 120 226 50 780
441 91 235 50 781
609 97 222 51 781
377 122 231 52 782
23 92 221 53 782
690 95 225 53 783
238 67 229 53 783
609 99 223 53 783
493 74 223 53 783
690 96 224 54 784
238 68 232 54 784
609 100 229 54 784
607 56 225 54 784
493 75 231 54 784
23 94 235 55 784
690 97 221 55 785
238 69 231 55 785
493 76 223 55 785
377 125 223 55 785
23 95 235 56 785
690 98 229 56 786
238 70 229 56 786
609 102 229 56 786
557 99 231 56 786
298 23 231 56 786
23 96 225 57 786
609 103 226 57 787
493 78 229 57 787
377 127 222 57 787
377 128 225 58 788
238 73 225 59 789
609 105 222 59 789
493 80 222 59 789
377 129 233 59 789
419 79 225 60 789
458 105 246 60 789
238 74 227 60 790
718 35 221 60 790
377 130 233 60 790
419 80 237 61 790
730 90 223 61 790
191 104 233 61 790
238 75 241 61 791
718 36 228 61 791
730 91 225 62 791
23 101 221 62 791
191 105 222 62 791
504 89 226 62 792
690 104 223 62 792
238 76 247 62 792
557 105 223 62 792
298 29 223 62 792
419 82 225 63 792
191 106 235 63 792
504 90 222 63 793
632 82 231 63 793
238 77 222 63 793
609 109 229 63 793
493 84 226 63 793
458 109 227 63 793
718 38 223 63 793
377 133 224 63 793
419 83 227 64 793
191 107 237 64 793
214 91 221 63 794
504 91 233 64 794
295 72 235 64 794
238 78 231 64 794
609 110 227 64 794
493 85 223 64 794
557 107 221 64 794
701 98 223 64 794
295 73 223 65 795
238 79 233 65 795
609 111 223 65 795
458 111 223 65 795
442 98 221 65 795
419 85 225 66 795
23 105 221 66 795
214 93 239 65 796
295 74 225 66 796
238 80 231 66 796
609 112 223 66 796
493 87 235 66 796
701 100 246 66 796
442 99 221 66 796
730 96 221 67 796
214 94 243 66 797
504 94 225 67 797
295 75 227 67 797
238 81 232 67 797
458 113 227 67 797
701 101 231 67 797
442 100 223 67 797
298 34 221 67 797
377 137 225 67 797
23 107 225 68 797
214 95 226 67 798
295 76 221 68 798
238 82 227 68 798
458 114 223 68 798
238 83 223 69 799
458 115 227 69 799
23 109 225 70 799
214 97 221 69 800
504 97 222 70 800
632 89 225 70 800
295 78 235 70 800
238 84 235 70 800
493 91 233 70 800
458 116 231 70 800
557 113 232 70 800
701 104 225 70 800
442 103 225 70 800
298 37 229 70 800
377 140 228 70 800
419 90 229 71 800
730 100 223 71 800
214 98 245 70 801
504 98 222 71 801
295 79 230 71 801
238 85 228 71 801
493 92 228 71 801
458 117 228 71 801
214 99 225 71 802
632 91 221 72 802
238 86 223 72 802
609 118 225 72 802
493 94 224 73 803
23 113 233 74 803
504 101 225 74 804
632 93 225 74 804
557 117 229 74 804
238 89 239 75 805
442 108 221 75 805
730 105 223 76 805
504 103 223 76 806
632 95 221 76 806
295 84 227 76 806
238 90 241 76 806
493 97 233 76 806
701 110 221 76 806
442 109 224 76 806
388 114 223 76 807
214 104 231 76 807
419 97 222 78 807
23 117 222 78 807
238 92 231 78 808
609 124 221 78 808
377 148 225 78 808
419 98 224 79 808
23 118 223 79 808
238 93 234 79 809
493 100 222 79 809
419 99 221 80 809
23 119 224 80 809
214 107 225 79 810
504 107 226 80 810
238 94 235 80 810
442 113 221 80 810
377 150 227 80 810
214 108 227 80 811
504 108 221 81 811
632 100 221 81 811
238 95 223 81 811
388 119 221 81 812
214 109 221 81 812
504 110 225 83 813
632 102 222 83 813
238 97 226 83 813
493 104 227 83 813
388 121 223 83 814
419 104 221 85 814
191 128 225 85 814
504 112 222 85 815
690 127 223 85 815
442 118 222 85 815
377 155 229 85 815
504 113 223 86 816
295 94 231 86 816
238 100 225 86 816
214 113 221 86 816
377 156 223 86 816
191 130 223 87 816
632 106 221 86 817
388 124 224 86 817
238 101 225 87 817
493 108 223 87 817
442 120 221 87 817
419 108 222 89 818
493 110 221 89 819
557 132 221 89 819
377 159 225 89 819
191 133 225 90 819
458 136 224 90 820
504 118 229 91 821
238 105 232 91 821
718 66 223 91 821
388 129 221 91 822
504 119 227 92 822
295 100 221 92 822
609 138 224 92 822
730 122 225 93 822
191 136 222 93 822
504 120 224 93 823
238 107 221 93 823
493 114 223 93 823
214 120 229 93 823
388 131 221 93 824
504 121 223 94 824
690 136 223 94 824
238 108 227 94 824
609 140 231 94 824
493 115 228 94 824
458 140 222 94 824
377 164 221 94 824
632 114 225 94 825
419 117 221 98 827
557 140 225 98 827
504 125 221 98 828
295 106 224 98 828
609 144 222 98 828
458 144 222 98 828
419 119 233 100 829
730 129 225 100 829
557 142 226 100 829
504 127 225 100 830
295 108 229 100 830
238 114 235 100 830
493 121 223 100 830
458 146 226 100 830
214 127 223 100 830
701 134 223 100 830
377 170 221 100 830
419 120 229 101 830
191 144 223 101 830
388 138 225 100 831
504 128 229 101 831
295 109 223 101 831
238 115 233 101 831
609 147 226 101 831
458 147 228 101 831
442 134 227 101 831
419 121 231 102 831
557 144 221 102 831
504 129 223 102 832
295 110 222 102 832
238 116 223 102 832
419 122 226 103 832
23 142 221 103 832
504 130 221 103 833
632 122 221 103 833
690 145 227 103 833
295 111 221 103 833
238 117 227 103 833
609 149 231 103 833
442 136 221 103 833
419 123 231 104 833
730 133 221 104 833
504 131 223 104 834
295 112 221 104 834
238 118 228 104 834
609 150 225 104 834
458 150 225 104 834
377 174 221 104 834
419 124 221 105 834
191 148 223 105 834
504 132 231 105 835
295 113 226 105 835
238 119 224 105 835
609 151 230 105 835
442 138 224 105 835
23 146 223 107 836
214 134 225 106 837
504 134 227 107 837
632 126 221 107 837
238 121 227 107 837
419 127 229 108 837
730 137 224 108 837
191 151 230 108 837
690 150 223 108 838
238 122 227 108 838
609 154 227 108 838
493 129 229 108 838
214 135 225 108 838
377 178 223 108 838
23 149 222 110 839
191 153 223 110 839
238 124 231 110 840
419 130 222 111 840
23 150 225 111 840
442 144 221 111 841
419 131 222 112 841
191 155 237 112 841
458 157 227 112 841
504 139 222 112 842
295 120 222 112 842
238 126 232 112 842
701 146 221 112 842
442 145 224 112 842
377 182 227 112 842
419 132 225 113 842
191 156 236 113 842
458 158 231 113 842
504 140 223 113 843
295 121 225 113 843
238 127 223 113 843
442 146 223 113 843
377 183 228 113 843
419 133 230 114 843
730 143 225 114 843
191 157 227 114 843
458 159 230 114 843
504 141 229 114 844
609 160 225 114 844
377 184 221 114 844
419 134 229 115 844
23 154 227 115 844
191 158 227 115 844
557 157 225 115 844
504 142 225 115 845
238 129 231 115 845
493 136 223 115 845
458 161 228 115 845
214 142 235 115 845
701 149 221 115 845
377 185 227 115 845
504 148 223 121 851
238 135 223 121 851
609 167 226 121 851
458 167 227 121 851
442 154 224 121 851
238 137 223 123 853
442 156 225 123 853
23 163 229 124 853
191 167 237 124 853
504 151 221 124 854
632 143 221 124 854
295 132 223 124 854
238 138 225 124 854
609 170 230 124 854
442 157 234 124 854
238 139 221 125 855
238 140 224 126 856
191 171 229 128 857
295 136 223 128 858
609 174 224 128 858
442 161 221 128 858
238 143 222 129 859
23 169 229 130 859
295 138 222 130 860
238 144 239 130 860
493 151 222 130 860
458 176 225 130 860
701 164 227 130 860
442 163 223 130 860
377 200 231 130 860
23 170 221 131 860
557 173 223 131 860
504 158 223 131 861
690 173 223 131 861
295 139 223 131 861
238 145 235 131 861
609 177 222 131 861
458 177 222 131 861
701 165 223 131 861
442 164 223 131 861
377 201 223 131 861
23 171 229 132 861
191 175 223 132 861
557 174 226 132 861
504 159 225 132 862
632 151 222 132 862
690 174 224 132 862
238 146 239 132 862
493 153 222 132 862
701 166 223 132 862
442 165 227 132 862
718 107 226 132 862
419 152 225 133 862
23 172 231 133 862
191 176 237 133 862
557 175 222 133 862
504 160 224 133 863
295 141 225 133 863
238 147 239 133 863
493 154 222 133 863
701 167 225 133 863
377 203 229 133 863
419 153 225 134 863
238 148 235 134 864
609 180 221 134 864
458 180 222 134 864
609 181 227 135 865
458 181 222 135 865
442 168 223 135 865
191 179 226 136 865
295 144 230 136 866
238 150 233 136 866
609 182 222 136 866
458 182 224 136 866
442 169 226 136 866
458 182 223 137 866
238 151 223 137 867
609 183 224 137 867
493 158 225 137 867
442 170 227 137 867
458 183 223 138 867
238 152 222 138 868
609 184 228 138 868
493 159 222 138 868
442 171 223 138 868
609 185 224 139 869
493 160 221 139 869
458 185 222 139 869
442 172 225 139 869
191 183 222 140 869
458 185 223 140 869
504 167 221 140 870
609 186 221 140 870
493 161 221 140 870
442 173 221 140 870
191 184 224 141 870
504 168 222 141 871
609 187 226 141 871
419 161 224 142 871
690 184 221 142 872
238 156 244 142 872
609 188 224 142 872
214 169 224 142 872
701 176 221 142 872
442 175 225 142 872
191 186 230 143 872
458 188 227 143 872
504 170 227 143 873
238 157 225 143 873
609 189 224 143 873
214 170 230 143 873
191 187 229 144 873
504 171 223 144 874
238 158 235 144 874
214 171 234 144 874
442 177 223 144 874
377 214 223 144 874
419 164 221 145 874
191 188 224 145 874
238 159 238 145 875
609 192 225 146 876
214 173 235 146 876
442 179 222 146 876
238 161 224 147 877
609 193 234 147 877
214 174 229 147 877
442 180 224 147 877
191 191 224 148 877
609 194 228 148 878
214 175 235 148 878
442 181 222 148 878
419 168 221 149 878
504 176 223 149 879
609 195 226 149 879
493 170 223 149 879
442 182 222 149 879
377 219 221 149 879
504 177 222 150 880
238 164 221 150 880
609 196 230 150 880
214 177 231 150 880
238 165 225 151 881
609 197 223 151 881
214 178 231 151 881
419 171 224 152 881
191 195 228 152 881
238 166 223 152 882
609 198 224 152 882
214 179 225 152 882
442 185 222 152 882
419 172 221 153 882
504 180 225 153 883
238 167 223 153 883
609 199 226 153 883
214 180 221 153 883
377 223 222 153 883
191 197 221 154 883
238 168 224 154 884
609 200 227 154 884
214 181 223 154 884
191 198 221 155 884
238 169 221 155 885
609 201 237 155 885
214 182 223 155 885
442 188 223 155 885
609 202 225 156 886
214 183 227 156 886
191 200 223 157 886
609 203 225 157 887
214 184 221 157 887
442 190 227 157 887
609 204 226 158 888
214 185 242 158 888
238 173 223 159 889
609 205 223 159 889
458 205 221 159 889
214 186 227 159 889
442 192 228 159 889
377 229 223 159 889
23 200 223 161 890
191 204 232 161 890
504 188 232 161 891
238 175 235 161 891
458 207 223 161 891
701 195 223 161 891
442 194 227 161 891
377 231 231 161 891
191 205 227 162 891
632 181 224 161 892
493 183 221 162 892
214 189 237 162 892
442 195 221 162 892
377 232 222 162 892
419 182 221 163 892
191 206 234 163 892
504 190 225 163 893
690 205 221 163 893
295 171 223 163 893
238 177 222 163 893
609 209 233 163 893
458 209 228 163 893
214 190 221 163 893
442 196 227 163 893
377 233 227 163 893
419 183 222 164 893
191 207 226 164 893
557 206 222 164 893
504 191 225 164 894
295 172 223 164 894
238 178 231 164 894
609 210 228 164 894
458 210 223 164 894
442 197 227 164 894
718 139 221 164 894
191 208 227 165 894
557 207 224 165 894
690 207 221 165 895
238 179 225 165 895
609 211 237 165 895
493 186 222 165 895
458 211 225 165 895
214 192 226 165 895
442 198 226 165 895
609 212 229 166 896
214 193 222 166 896
442 199 222 166 896
504 194 221 167 897
238 181 225 167 897
609 213 233 167 897
377 237 221 167 897
191 211 221 168 897
295 176 221 168 898
238 182 225 168 898
609 214 241 168 898
442 201 228 168 898
191 212 222 169 898
504 196 221 169 899
295 177 229 169 899
238 183 223 169 899
442 202 227 169 899
609 216 221 170 900
191 214 233 171 900
557 213 222 171 900
504 198 224 171 901
295 179 222 171 901
609 217 222 171 901
493 192 221 171 901
718 146 225 171 901
191 215 228 172 901
557 214 226 172 901
504 199 227 172 902
238 186 221 172 902
493 193 223 172 902
458 218 225 172 902
442 205 223 172 902
191 216 226 173 902
504 200 231 173 903
295 181 227 173 903
238 187 225 173 903
493 194 224 173 903
442 206 233 173 903
377 243 221 173 903
23 213 222 174 903
388 211 221 173 904
504 201 222 174 904
295 182 223 174 904
238 188 226 174 904
493 195 222 174 904
442 207 233 174 904
632 194 221 174 905
388 212 221 174 905
504 202 227 175 905
295 183 225 175 905
238 189 223 175 905
609 221 232 175 905
214 202 243 175 905
442 208 221 175 905
191 219 229 176 905
504 203 225 176 906
295 184 221 176 906
609 222 231 176 906
214 203 233 176 906
442 209 229 176 906
377 246 222 176 906
191 220 224 177 906
295 185 224 177 907
609 223 226 177 907
493 198 225 177 907
458 223 225 177 907
214 204 238 177 907
442 210 232 177 907
609 224 236 178 908
458 224 226 178 908
214 205 241 178 908
442 211 231 178 908
191 222 224 179 908
504 206 227 179 909
238 193 231 179 909
609 225 224 179 909
214 206 225 179 909
238 194 221 180 910
442 213 221 180 910
609 227 223 181 911
214 208 233 181 911
442 214 224 181 911
191 225 222 182 911
609 228 231 182 912
442 215 224 182 912
191 227 224 184 913
238 198 222 184 914
214 211 227 184 914
214 212 223 185 915
557 228 223 186 915
458 232 223 186 916
442 219 231 186 916
609 233 221 187 917
442 220 223 187 917
191 231 231 188 917
295 196 221 188 918
609 234 231 188 918
458 234 221 188 918
214 215 241 188 918
377 258 223 188 918
23 228 233 189 918
191 232 226 189 918
504 216 225 189 919
295 197 226 189 919
238 203 227 189 919
609 235 222 189 919
701 223 227 189 919
504 217 224 190 920
295 198 228 190 920
609 236 232 190 920
458 236 221 190 920
214 217 231 190 920
377 260 221 190 920
557 233 226 191 920
504 218 226 191 921
238 205 231 191 921
191 235 226 191 921
609 237 229 191 921
493 212 223 191 921
214 218 231 191 921
295 200 230 192 922
238 206 221 192 922
191 236 233 192 922
609 238 234 192 922
214 219 223 192 922
442 225 226 192 922
557 235 221 193 922
295 201 225 193 923
238 207 225 193 923
609 239 234 193 923
493 214 221 193 923
214 220 221 193 923
377 263 221 193 923
23 233 221 194 923
504 221 225 194 924
295 202 223 194 924
609 240 225 194 924
214 221 223 194 924
191 238 229 195 924
557 237 225 195 924
504 222 227 195 925
295 203 223 195 925
238 209 221 195 925
609 241 233 195 925
493 216 221 195 925
442 228 221 195 925
504 223 221 196 926
632 215 224 196 926
690 238 223 196 926
295 204 224 196 926
238 210 224 196 926
609 242 224 196 926
442 229 223 196 926
504 224 221 197 927
632 216 223 197 927
609 243 229 197 927
214 224 225 197 927
504 225 223 198 928
632 217 221 198 928
295 206 221 198 928
191 242 222 198 928
609 244 222 198 928
214 225 224 198 928
295 208 224 200 930
609 246 224 200 930
504 228 223 201 931
191 245 222 201 931
609 247 222 201 931
442 234 225 201 931
377 271 221 201 931
388 239 223 201 932
504 229 225 202 932
238 216 221 202 932
609 248 226 202 932
442 235 225 202 932
295 211 221 203 933
609 249 223 203 933
442 236 221 203 933
238 218 222 204 934
609 250 233 204 934
442 237 221 204 934
377 274 222 204 934
504 232 221 205 935
295 213 227 205 935
238 219 226 205 935
609 251 237 205 935
377 275 221 205 935
191 249 231 206 935
504 233 221 206 936
690 248 221 206 936
295 214 226 206 936
609 252 233 206 936
493 227 222 206 936
214 233 233 206 936
701 240 222 206 936
377 276 223 206 936
214 234 232 207 937
504 235 235 208 938
609 254 225 208 938
191 252 221 209 938
504 236 229 209 939
609 255 223 209 939
730 239 224 210 939
504 237 225 210 940
295 218 231 210 940
238 224 227 210 940
191 254 225 210 940
609 256 235 210 940
504 238 221 211 941
295 219 221 211 941
238 225 221 211 941
191 255 237 211 941
609 257 226 211 941
214 238 232 211 941
442 244 221 211 941
295 220 223 212 942
191 256 225 212 942
609 258 229 212 942
214 239 224 212 942
191 256 222 213 942
504 240 221 213 943
295 221 222 213 943
609 259 226 213 943
214 240 227 213 943
557 256 221 213 943
191 257 222 214 943
504 241 225 214 944
238 228 227 214 944
23 254 221 215 944
191 258 228 215 944
238 229 241 215 945
609 261 229 215 945
214 242 223 215 945
557 258 223 215 945
377 285 224 215 945
504 245 222 218 948
557 261 223 218 948
295 227 223 219 949
191 263 229 220 949
504 247 231 220 950
295 228 233 220 950
238 234 239 220 950
609 266 223 220 950
214 247 225 220 950
191 264 230 221 950
504 248 229 221 951
295 229 225 221 951
238 235 239 221 951
238 236 240 222 952
504 250 227 223 953
238 237 225 223 953
191 267 229 223 953
609 269 224 223 953
493 244 234 223 953
214 250 225 223 953
191 268 224 224 954
609 270 222 224 954
214 251 225 224 954
191 269 227 225 955
609 271 225 225 955
493 246 222 225 955
214 252 235 225 955
609 272 221 226 956
442 259 223 226 956
419 247 221 227 957
295 235 225 227 957
191 271 223 227 957
609 273 223 227 957
493 248 231 227 957
214 254 225 227 957
377 297 221 227 957
295 236 222 228 958
238 242 221 228 958
191 272 224 228 958
609 274 235 228 958
214 255 224 228 958
609 275 223 229 959
23 270 232 231 960
504 258 223 231 961
690 273 221 231 961
295 239 232 231 961
238 245 237 231 961
191 275 225 231 961
609 277 235 231 961
458 277 231 231 961
377 301 223 231 961
238 246 225 232 962
191 276 231 232 962
609 278 227 232 962
730 262 223 233 962
23 272 226 233 962
504 260 221 233 963
238 247 229 233 963
191 277 233 233 963
609 279 226 233 963
493 254 230 233 963
557 276 222 233 963
377 303 223 233 963
23 273 232 234 963
632 253 225 233 964
504 261 230 234 964
238 248 237 234 964
191 278 226 234 964
609 280 226 234 964
458 280 223 234 964
298 201 221 234 964
23 274 222 235 964
504 262 225 235 965
690 277 227 235 965
238 249 240 235 965
191 279 230 235 965
493 256 222 235 965
701 269 224 235 965
377 305 223 235 965
23 275 227 236 965
419 256 222 236 966
690 278 223 236 966
295 244 235 236 966
238 250 238 236 966
191 280 228 236 966
458 282 225 236 966
214 263 221 236 966
557 279 226 236 966
701 270 227 236 966
718 211 225 236 966
23 276 221 237 966
504 264 222 237 967
295 245 228 237 967
238 251 221 237 967
191 281 233 237 967
701 271 223 237 967
504 267 225 240 970
23 280 232 240 970
609 286 225 240 970
493 261 230 240 970
458 286 221 240 970
632 260 223 240 971
295 249 223 241 971
23 281 221 241 971
191 285 222 241 971
690 284 222 242 972
295 250 225 242 972
191 286 223 242 972
504 270 221 243 973
690 285 223 243 973
191 287 222 243 973
493 264 221 243 973
504 271 236 244 974
690 286 221 244 974
295 252 229 244 974
238 258 221 244 974
191 288 231 244 974
557 287 225 244 974
701 278 221 244 974
632 264 221 244 975
504 272 231 245 975
295 253 224 245 975
238 259 226 245 975
191 289 224 245 975
493 266 221 245 975
701 279 221 245 975
504 273 221 246 976
295 254 227 246 976
557 289 222 246 976
504 274 224 247 977
295 255 222 247 977
238 261 225 247 977
191 291 222 247 977
458 293 221 247 977
419 268 222 248 978
295 256 228 248 978
191 292 221 248 978
493 269 228 248 978
458 294 224 248 978
557 291 223 248 978
377 318 225 248 978
419 269 225 249 979
295 257 222 249 979
238 263 226 249 979
609 295 223 249 979
493 270 229 249 979
458 295 222 249 979
214 276 224 249 979
377 319 227 249 979
690 292 229 250 980
295 258 224 250 980
238 264 230 250 980
609 296 232 250 980
493 271 226 250 980
458 296 223 250 980
214 277 234 250 980
557 293 225 250 980
377 320 237 250 980
730 280 225 251 980
504 278 227 251 981
238 265 231 251 981
214 278 228 251 981
632 271 221 251 982
238 266 227 252 982
609 298 230 252 982
493 273 221 252 982
214 279 231 252 982
730 282 221 253 982
442 286 235 252 983
504 280 222 253 983
238 267 233 253 983
609 299 235 253 983
493 274 227 253 983
214 280 247 253 983
442 287 221 253 984
609 300 228 254 984
214 281 248 254 984
377 324 223 254 984
632 274 221 254 985
442 288 237 254 985
238 269 222 255 985
609 301 223 255 985
214 282 230 255 985
442 289 227 255 986
504 283 224 256 986
609 302 232 256 986
493 277 233 256 986
377 326 223 256 986
442 290 234 256 987
609 303 227 257 987
493 278 230 257 987
442 291 234 257 988
609 304 225 258 988
442 292 227 258 989
442 293 227 259 990
442 294 231 260 991
730 291 221 261 991
238 275 222 261 991
191 305 223 261 991
609 307 225 261 991
493 282 225 261 991
377 331 225 261 991
442 295 236 261 992
504 289 226 262 992
23 302 222 262 992
238 276 224 262 992
609 308 231 262 992
493 283 225 262 992
442 296 227 262 993
690 305 224 263 993
238 277 243 263 993
238 278 223 264 994
504 292 226 265 995
504 293 223 266 996
504 294 224 267 997
504 295 223 268 998
238 282 231 268 998
191 312 225 268 998
493 289 221 268 998
214 295 223 268 998
557 311 222 268 998
238 283 223 269 999
609 315 227 269 999
493 290 228 269 999
377 339 224 269 999
238 284 222 270 1000
214 297 221 270 1000
504 298 226 271 1001
238 285 235 271 1001
191 315 224 271 1001
504 299 227 272 1002
690 314 221 272 1002
238 286 229 272 1002
191 316 222 272 1002
504 300 221 273 1003
238 287 225 273 1003
504 301 229 274 1004
504 306 224 279 1009
419 299 223 279 1009
238 293 235 279 1009
493 300 225 279 1009
214 306 223 279 1009
377 349 225 279 1009
442 313 225 279 1010
504 307 225 280 1010
690 322 224 280 1010
730 310 223 280 1010
609 326 221 280 1010
493 301 226 280 1010
557 323 224 280 1010
442 314 223 280 1011
238 295 235 281 1011
458 328 223 282 1012
442 316 222 282 1013
419 303 224 283 1013
493 304 223 283 1013
557 326 221 283 1013
718 258 223 283 1013
295 292 226 284 1014
238 298 225 284 1014
493 305 224 284 1014
214 311 225 284 1014
557 327 222 284 1014
701 319 221 284 1015
442 318 221 284 1015
690 327 243 285 1015
23 325 224 285 1015
214 312 233 285 1015
388 323 221 284 1016
690 328 223 286 1016
238 300 222 286 1016
419 308 235 288 1018
295 296 225 288 1018
724 325 236 288 1018
633 308 227 288 1018
36 316 225 289 1018
393 317 221 288 1019
565 325 226 289 1019
526 312 227 292 1019
549 317 226 289 1020
526 313 221 293 1020
459 311 229 292 1022
641 307 221 292 1022
378 296 224 292 1022
609 338 221 292 1022
458 338 223 292 1022
773 254 239 292 1022
764 262 222 292 1022
526 315 225 295 1022
459 312 233 293 1023
378 297 231 293 1023
609 339 227 293 1023
765 332 221 293 1023
764 263 233 293 1023
526 316 221 296 1023
522 331 227 293 1024
459 313 246 294 1024
378 298 236 294 1024
179 313 224 294 1024
609 340 222 294 1024
773 256 232 294 1024
764 264 225 294 1024
522 332 223 294 1025
459 314 239 295 1025
378 299 228 295 1025
179 314 224 295 1025
609 341 233 295 1025
458 341 235 295 1025
764 265 222 295 1025
522 333 223 295 1026
459 315 227 296 1026
641 311 227 296 1026
378 300 230 296 1026
179 315 222 296 1026
609 342 234 296 1026
458 342 221 296 1026
522 334 223 296 1027
459 316 241 297 1027
378 301 224 297 1027
764 267 227 297 1027
82 265 224 297 1027
526 321 221 301 1028
522 336 223 298 1029
179 319 221 300 1030
103 345 221 300 1031
66 335 221 301 1031
459 320 235 301 1031
609 347 226 301 1031
103 346 221 301 1032
459 321 227 302 1032
609 348 221 302 1032
773 264 221 302 1032
459 322 235 303 1033
641 318 221 303 1033
378 307 223 303 1033
459 323 231 304 1034
459 324 230 305 1035
773 267 223 305 1035
522 343 225 305 1036
459 325 229 306 1036
609 352 223 306 1036
459 326 232 307 1037
459 327 232 308 1038
609 354 223 308 1038
459 328 221 309 1039
297 279 222 309 1039
297 280 221 310 1040
459 330 223 311 1041
459 331 234 312 1042
609 358 222 312 1042
297 282 221 312 1042
459 332 225 313 1043
609 359 223 313 1043
459 333 237 314 1044
773 276 223 314 1044
764 284 222 314 1044
609 361 221 315 1045
522 353 222 315 1046
459 335 221 316 1046
297 286 222 316 1046
764 286 224 316 1046
459 336 231 317 1047
522 355 225 317 1048
459 337 223 318 1048
459 338 225 319 1049
522 357 223 319 1050
459 340 225 321 1051
522 359 223 321 1052
459 341 233 322 1052
773 284 221 322 1052
459 342 225 323 1053
522 361 223 323 1054
459 344 225 325 1055
522 363 228 325 1056
459 345 224 326 1056
459 346 237 327 1057
522 365 221 327 1058
66 362 221 328 1058
459 347 231 328 1058
459 348 223 329 1059
66 364 225 330 1060
459 349 229 330 1060
459 350 235 331 1061
773 293 223 331 1061
522 369 227 331 1062
66 366 223 332 1062
459 351 227 332 1062
773 294 222 332 1062
522 370 222 332 1063
459 352 235 333 1063
773 295 225 333 1063
522 371 225 333 1064
459 353 234 334 1064
773 296 223 334 1064
522 372 229 334 1065
764 305 224 334 1065
459 354 224 335 1065
459 357 233 338 1068
773 300 223 338 1068
459 358 222 339 1069
459 359 225 340 1070
459 360 225 341 1071
459 361 237 342 1072
773 304 224 342 1072
82 310 222 342 1072
522 380 225 342 1073
459 362 235 343 1073
773 305 221 343 1073
522 381 221 343 1074
459 363 231 344 1074
459 364 241 345 1075
773 307 223 345 1075
765 384 223 345 1075
522 383 222 345 1076
459 365 231 346 1076
459 366 235 347 1077
459 367 233 348 1078
459 368 227 349 1079
459 369 229 350 1080
459 370 221 351 1081
459 371 227 352 1082
459 372 230 353 1083
459 373 229 354 1084
459 374 227 355 1085
459 376 225 357 1087
522 396 226 358 1089
459 378 241 359 1089
103 403 221 359 1089
609 405 232 359 1089
765 398 227 359 1089
764 329 223 359 1089
522 397 228 359 1090
459 380 229 361 1091
378 365 221 361 1091
609 407 221 361 1091
765 400 223 361 1091
297 331 223 361 1091
522 399 223 361 1092
459 381 229 362 1092
609 408 225 362 1092
522 400 221 362 1093
459 382 235 363 1093
773 325 223 363 1093
765 402 223 363 1093
297 333 227 363 1093
522 401 223 363 1094
459 383 227 364 1094
765 403 227 364 1094
526 387 247 367 1094
522 402 229 364 1095
641 380 222 365 1095
773 327 224 365 1095
765 404 221 365 1095
526 388 221 368 1095
773 328 223 366 1096
765 405 222 366 1096
526 389 225 369 1096
459 386 231 367 1097
103 411 231 367 1097
179 386 239 367 1097
773 329 223 367 1097
459 387 222 368 1098
641 383 221 368 1098
179 387 221 368 1098
765 407 222 368 1098
459 388 235 369 1099
103 413 223 369 1099
773 331 225 369 1099
66 405 221 371 1101
459 390 237 371 1101
179 390 227 371 1101
609 417 233 371 1101
765 410 223 371 1101
764 341 224 371 1101
82 339 221 371 1101
458 417 233 372 1101
593 399 222 371 1102
765 411 227 372 1102
82 340 223 372 1102
459 392 221 1 1103
459 393 229 2 1104
526 397 223 4 1104
459 394 227 3 1105
773 337 222 3 1105
641 391 223 3 1106
378 380 221 3 1106
609 422 237 3 1106
593 403 224 3 1106
764 346 221 3 1106
459 395 241 4 1106
458 422 227 4 1106
773 338 223 4 1106
66 411 223 4 1107
641 392 221 4 1107
103 421 222 4 1107
179 396 221 4 1107
609 423 227 4 1107
522 414 226 4 1107
459 396 229 5 1107
641 393 223 5 1108
179 397 223 5 1108
522 415 222 5 1108
459 397 225 6 1108
458 424 221 6 1108
103 423 221 6 1109
179 398 221 6 1109
765 418 221 6 1109
82 347 231 6 1109
458 425 221 7 1109
526 402 231 10 1109
66 414 227 7 1110
609 426 222 7 1110
459 399 227 8 1110
458 426 222 8 1110
526 403 241 11 1110
66 415 221 8 1111
764 351 225 8 1111
82 349 221 8 1111
459 400 229 9 1111
773 343 221 9 1111
526 404 221 12 1111
765 421 223 9 1112
459 401 233 10 1112
773 344 223 10 1112
764 353 225 10 1113
82 351 221 10 1113
459 402 233 11 1113
609 430 228 11 1114
522 421 223 11 1114
459 403 233 12 1114
458 430 222 12 1114
179 404 225 12 1115
609 431 227 12 1115
764 355 223 12 1115
459 404 223 13 1115
522 423 221 13 1116
593 413 223 13 1116
459 405 236 14 1116
103 431 223 14 1117
179 406 225 14 1117
764 357 221 14 1117
82 355 221 14 1117
459 406 225 15 1117
459 407 221 16 1118
459 408 227 17 1119
459 409 221 18 1120
609 437 221 18 1121
459 410 225 19 1121
526 414 221 22 1121
459 411 237 20 1122
526 415 221 23 1122
297 363 225 20 1123
459 412 241 21 1123
458 439 225 21 1123
773 355 227 21 1123
378 398 221 21 1124
609 440 222 21 1124
297 364 224 21 1124
82 362 221 21 1124
459 413 237 22 1124
458 440 227 22 1124
773 356 221 22 1124
378 399 230 22 1125
764 365 221 22 1125
459 414 226 23 1125
773 357 230 23 1125
641 411 225 23 1126
378 400 222 23 1126
179 415 225 23 1126
609 442 231 23 1126
765 435 223 23 1126
522 433 235 23 1126
297 366 227 23 1126
82 364 221 23 1126
459 415 232 24 1126
458 442 227 24 1126
773 358 231 24 1126
526 419 223 27 1126
179 416 222 24 1127
765 436 237 24 1127
297 367 233 24 1127
82 365 231 24 1127
459 416 231 25 1127
458 443 221 25 1127
103 442 224 25 1128
765 437 233 25 1128
593 425 222 25 1128
297 368 223 25 1128
82 366 235 25 1128
459 417 243 26 1128
609 445 223 26 1129
765 438 225 26 1129
593 426 224 26 1129
297 369 223 26 1129
459 418 223 27 1129
179 419 235 27 1130
765 439 237 27 1130
522 437 223 27 1130
297 370 223 27 1130
82 368 225 27 1130
459 419 235 28 1130
459 420 224 29 1131
526 424 225 32 1131
82 370 226 29 1132
459 421 236 30 1132
526 425 221 33 1132
378 407 226 30 1133
82 371 235 30 1133
765 442 247 31 1133
526 426 222 34 1133
66 438 224 31 1134
179 423 221 31 1134
764 374 229 31 1134
82 372 229 31 1134
765 443 239 32 1134
297 375 227 32 1135
459 424 225 33 1135
765 444 227 33 1135
297 376 225 33 1136
82 374 221 33 1136
459 425 245 34 1136
765 445 233 34 1136
378 411 221 34 1137
297 377 226 34 1137
459 426 231 35 1137
458 453 227 35 1137
765 446 239 35 1137
179 427 221 35 1138
82 376 223 35 1138
459 427 230 36 1138
765 447 235 36 1138
526 431 233 39 1138
378 413 224 36 1139
82 377 225 36 1139
459 428 237 37 1139
765 448 229 37 1139
609 456 226 37 1140
82 378 225 37 1140
459 429 239 38 1140
458 456 223 38 1140
765 449 232 38 1140
66 445 221 38 1141
378 415 228 38 1141
609 457 229 38 1141
82 379 237 38 1141
459 430 241 39 1141
765 450 239 39 1141
526 434 222 42 1141
66 446 222 39 1142
378 416 233 39 1142
179 431 228 39 1142
609 458 233 39 1142
522 449 223 39 1142
764 382 222 39 1142
82 380 227 39 1142
459 431 232 40 1142
526 435 223 43 1142
378 417 221 40 1143
179 432 225 40 1143
609 459 221 40 1143
764 383 222 40 1143
82 381 229 40 1143
459 432 238 41 1143
765 452 235 41 1143
297 383 223 41 1143
526 436 225 44 1143
378 418 222 41 1144
459 433 241 42 1144
765 453 233 42 1144
297 384 227 42 1144
179 434 224 42 1145
522 452 228 42 1145
593 442 225 42 1145
82 383 225 42 1145
459 434 227 43 1145
765 454 221 43 1145
66 450 223 43 1146
378 420 231 43 1146
522 453 231 43 1146
82 384 223 43 1146
459 435 243 44 1146
765 455 241 44 1146
526 439 224 47 1146
378 421 225 44 1147
609 463 223 44 1147
522 454 228 44 1147
764 387 225 44 1147
82 385 233 44 1147
459 437 231 46 1148
765 457 237 46 1148
526 441 231 49 1148
378 423 230 46 1149
764 389 223 46 1149
82 387 223 46 1149
459 438 233 47 1149
458 465 221 47 1149
765 458 223 47 1149
297 389 221 47 1149
526 442 227 50 1149
378 424 222 47 1150
179 439 225 47 1150
609 466 221 47 1150
522 457 231 47 1150
459 439 234 48 1150
765 459 226 48 1150
641 436 222 48 1151
609 467 221 48 1151
522 458 225 48 1151
82 389 232 48 1151
459 440 245 49 1151
179 440 222 49 1151
773 383 223 49 1151
765 460 235 49 1151
526 444 223 52 1151
522 459 224 49 1152
764 392 224 49 1152
82 390 231 49 1152
459 441 239 50 1152
179 441 221 50 1152
765 461 227 50 1152
297 392 222 50 1152
641 438 223 50 1153
378 427 223 50 1153
764 393 222 50 1153
82 391 224 50 1153
459 442 237 51 1153
765 462 227 51 1153
526 446 223 54 1153
103 468 222 51 1154
82 392 234 51 1154
459 443 241 52 1154
378 429 222 52 1155
179 444 224 52 1155
764 395 221 52 1155
82 393 226 52 1155
459 444 237 53 1155
765 464 237 53 1155
179 445 222 53 1156
82 394 241 53 1156
459 445 235 54 1156
765 465 247 54 1156
378 431 240 54 1157
764 397 222 54 1157
82 395 238 54 1157
459 446 238 55 1157
764 398 223 55 1158
82 396 236 55 1158
459 447 239 56 1158
179 447 227 56 1158
765 467 231 56 1158
526 451 221 59 1158
378 433 224 56 1159
297 399 227 56 1159
764 399 227 56 1159
82 397 239 56 1159
459 448 239 57 1159
179 448 227 57 1159
765 468 223 57 1159
103 474 221 57 1160
593 457 221 57 1160
297 400 227 57 1160
82 398 223 57 1160
459 449 243 58 1160
458 476 221 58 1160
765 469 222 58 1160
103 475 228 58 1161
522 468 223 58 1161
297 401 223 58 1161
764 401 228 58 1161
82 399 233 58 1161
459 450 241 59 1161
765 470 226 59 1161
526 454 225 62 1161
66 466 225 59 1162
103 476 223 59 1162
593 459 225 59 1162
297 402 225 59 1162
764 402 227 59 1162
82 400 230 59 1162
459 451 246 60 1162
297 403 223 60 1163
82 401 244 60 1163
459 452 252 61 1163
179 452 223 61 1163
765 473 223 61 1164
297 404 222 61 1164
82 402 246 61 1164
459 453 245 62 1164
66 469 221 62 1165
82 403 237 62 1165
459 455 223 63 1166
641 451 223 63 1166
378 440 222 63 1166
103 480 223 63 1166
522 473 222 63 1166
297 406 223 63 1166
82 404 221 63 1166
459 455 235 64 1166
179 455 221 64 1166
458 482 231 64 1166
66 471 221 64 1167
641 452 221 64 1167
103 481 225 64 1167
609 483 221 64 1167
593 464 221 64 1167
458 483 224 65 1167
459 457 221 65 1168
103 482 223 65 1168
179 457 221 66 1168
459 458 237 66 1169
459 458 241 67 1169
458 485 222 67 1169
765 478 225 67 1169
103 484 222 67 1170
522 477 221 67 1170
609 487 221 1 1171
459 461 229 2 1172
641 457 221 2 1172
103 486 222 2 1172
179 461 223 2 1172
609 488 229 2 1172
773 404 223 2 1172
764 412 221 2 1172
459 462 235 3 1173
103 487 228 3 1173
179 462 223 3 1173
609 489 225 3 1173
593 471 223 3 1174
459 463 234 4 1174
641 459 225 4 1174
179 463 227 4 1174
773 406 223 4 1174
765 483 221 4 1174
459 464 227 5 1175
179 464 224 5 1175
459 465 239 6 1176
609 492 223 6 1176
765 485 221 6 1176
459 466 234 7 1177
641 462 225 7 1177
103 491 224 7 1177
179 466 221 7 1177
609 493 225 7 1177
773 409 227 7 1177
765 486 224 7 1177
764 417 225 7 1177
458 493 225 8 1177
459 467 231 8 1178
179 467 221 8 1178
765 487 225 8 1178
459 468 227 9 1179
459 469 221 10 1180
459 470 231 11 1181
459 471 239 12 1182
641 467 223 12 1182
103 496 221 12 1182
179 471 223 12 1182
765 491 225 12 1182
764 422 221 12 1182
82 420 225 12 1182
459 472 226 13 1183
459 473 237 14 1184
179 473 223 14 1184
609 500 221 14 1184
459 474 237 15 1185
378 459 222 15 1185
179 474 231 15 1185
297 425 223 15 1185
764 425 222 15 1185
593 483 225 15 1186
66 490 221 16 1186
459 475 233 16 1186
641 471 223 16 1186
179 475 222 16 1186
609 502 233 16 1186
773 418 221 16 1186
764 426 224 16 1186
66 491 221 17 1187
459 476 226 17 1187
641 472 223 17 1187
378 461 223 17 1187
103 501 226 17 1187
179 476 221 17 1187
609 503 225 17 1187
773 419 221 17 1187
458 503 221 18 1187
459 477 222 18 1188
641 473 223 18 1188
378 462 224 18 1188
179 477 225 18 1188
609 504 222 18 1188
522 495 226 18 1188
66 493 223 19 1189
459 478 224 19 1189
459 479 230 20 1190
609 506 222 20 1190
297 430 222 20 1190
66 495 221 21 1191
459 480 231 21 1191
641 476 225 21 1191
179 480 227 21 1191
522 498 225 21 1191
459 481 229 22 1192
641 478 221 23 1193
378 467 223 23 1193
297 433 221 23 1193
66 498 228 24 1194
459 483 232 24 1194
179 483 228 24 1194
609 510 223 24 1194
765 503 226 24 1194
593 491 221 24 1194
82 432 228 24 1194
66 499 223 25 1195
459 484 222 25 1195
641 480 221 25 1195
378 469 223 25 1195
179 484 225 25 1195
764 435 223 25 1195
66 500 225 26 1196
459 485 225 26 1196
179 485 225 26 1196
297 436 222 26 1196
82 434 222 26 1196
593 494 221 26 1197
179 486 225 27 1197
609 513 230 27 1197
297 437 222 27 1197
82 435 221 27 1197
66 502 223 28 1198
459 487 229 28 1198
179 487 227 28 1198
609 514 227 28 1198
773 430 221 28 1198
297 438 221 28 1198
458 514 222 29 1198
459 488 227 29 1199
103 513 221 29 1199
179 488 225 29 1199
609 515 230 29 1199
765 508 231 29 1199
66 504 223 30 1200
459 489 225 30 1200
179 489 227 30 1200
609 516 225 30 1200
765 509 223 30 1200
522 507 221 30 1200
297 440 225 30 1200
764 440 222 30 1200
82 438 222 30 1200
459 490 229 31 1201
378 475 221 31 1201
179 490 226 31 1201
609 517 224 31 1201
297 441 227 31 1201
764 441 221 31 1201
593 499 221 31 1202
459 491 221 32 1202
179 491 222 32 1202
609 518 222 32 1202
522 509 228 32 1202
459 492 235 33 1203
103 517 222 33 1203
522 510 225 33 1203
297 443 227 33 1203
764 443 225 33 1203
459 493 229 34 1204
103 518 221 34 1204
179 493 223 34 1204
773 436 221 34 1204
765 513 222 34 1204
764 444 224 34 1204
82 442 224 34 1204
459 494 227 35 1205
378 479 222 35 1205
179 494 221 35 1205
609 521 229 35 1205
459 495 241 36 1206
773 438 222 36 1206
522 513 226 36 1206
641 492 225 37 1207
378 481 223 37 1207
179 496 225 37 1207
609 523 221 37 1207
297 447 225 37 1207
459 497 228 38 1208
459 498 238 39 1209
179 498 224 39 1209
459 499 243 40 1210
609 526 229 40 1210
773 442 222 40 1210
522 517 222 40 1210
459 500 227 41 1211
459 501 228 42 1212
609 528 227 42 1212
773 444 223 42 1212
765 521 224 42 1212
522 519 222 42 1212
297 452 230 42 1212
522 520 221 43 1213
764 453 223 43 1213
297 454 222 44 1214
459 504 237 45 1215
609 531 222 45 1215
522 522 221 45 1215
459 505 247 46 1216
179 505 221 46 1216
609 532 221 46 1216
765 525 221 46 1216
764 456 223 46 1216
459 506 229 47 1217
522 524 226 47 1217
522 525 224 48 1218
459 509 223 50 1220
765 529 224 50 1220
764 460 225 50 1220
459 510 227 51 1221
179 510 221 51 1221
297 461 224 51 1221
764 461 222 51 1221
593 519 222 51 1222
522 529 223 52 1222
459 512 224 53 1223
179 512 225 53 1223
609 539 227 53 1223
522 530 221 53 1223
297 463 223 53 1223
764 463 222 53 1223
82 461 224 53 1223
459 513 227 54 1224
609 540 225 54 1224
522 531 223 54 1224
297 464 221 54 1224
459 514 229 55 1225
522 532 227 55 1225
297 465 221 55 1225
459 515 233 56 1226
459 516 231 57 1227
459 517 222 58 1228
103 545 223 61 1231
522 540 230 63 1233
459 523 235 64 1234
522 541 230 64 1234
459 524 227 65 1235
459 525 227 66 1236
609 552 222 66 1236
459 526 227 67 1237
764 477 221 67 1237
459 527 224 68 1238
609 554 221 68 1238
609 555 224 69 1239
522 546 224 69 1239
297 479 221 69 1239
459 529 226 70 1240
378 514 223 70 1240
609 556 223 70 1240
522 547 224 70 1240
459 530 225 71 1241
297 481 225 71 1241
459 531 224 72 1242
522 549 221 72 1242
459 532 233 73 1243
179 532 223 73 1243
458 559 222 73 1243
522 550 226 73 1243
459 533 228 74 1244
458 560 223 74 1244
522 551 224 74 1244
459 535 221 76 1246
459 536 224 77 1247
459 537 221 78 1248
297 491 225 81 1251
66 556 227 82 1252
459 541 233 82 1252
641 537 223 82 1252
103 566 226 82 1252
609 568 222 82 1252
458 568 224 82 1252
297 492 222 82 1252
764 492 225 82 1252
82 490 225 82 1252
66 557 221 83 1253
459 542 225 83 1253
458 569 224 83 1253
593 551 225 83 1254
66 559 221 85 1255
459 544 222 85 1255
378 529 223 85 1255
179 544 222 85 1255
609 571 224 85 1255
458 571 221 85 1255
765 564 227 85 1255
522 562 226 85 1255
82 493 227 85 1255
593 553 223 85 1256
121 570 222 87 1258
224 538 227 88 1258
254 572 221 88 1258
579 573 225 88 1258
583 568 225 88 1259
555 558 224 90 1260
173 567 223 91 1261
578 567 237 91 1261
672 554 221 91 1261
165 539 231 91 1261
331 548 231 92 1262
654 559 224 92 1262
6 508 224 93 1263
555 562 241 94 1264
286 566 237 94 1264
768 766 224 92 1265
555 563 222 95 1265
286 567 222 95 1265
654 562 222 95 1265
560 571 227 95 1265
666 570 222 95 1265
632 555 225 96 1266
630 545 225 96 1266
362 571 225 96 1266
654 563 231 96 1266
462 557 221 96 1267
109 548 226 96 1267
632 556 221 97 1267
362 572 241 97 1267
654 564 233 97 1267
632 557 231 98 1268
335 574 221 98 1268
462 558 223 98 1268
254 582 221 98 1268
654 565 224 98 1268
660 563 236 98 1268
493 560 227 99 1269
427 588 225 99 1269
368 512 227 99 1269
670 575 225 100 1270
730 570 225 100 1270
522 577 225 100 1270
372 553 247 100 1270
542 544 226 100 1270
362 575 222 100 1270
507 565 222 100 1270
632 560 225 101 1271
648 576 224 101 1271
194 564 225 101 1271
227 526 222 101 1271
595 564 227 101 1271
614 569 232 101 1271
648 577 222 102 1272
581 585 223 102 1272
614 570 221 102 1272
214 570 237 103 1273
30 582 224 103 1273
214 572 237 105 1275
772 585 221 105 1275
329 516 237 105 1275
677 526 221 106 1276
214 573 237 106 1276
600 559 225 106 1276
329 517 237 106 1276
677 527 223 107 1277
696 577 225 107 1277
214 574 241 107 1277
30 586 222 107 1277
329 518 237 107 1277
677 528 221 108 1278
696 578 222 108 1278
214 575 221 108 1278
30 587 227 108 1278
329 519 231 108 1278
214 576 238 109 1279
329 520 231 109 1279
202 588 223 110 1280
411 587 225 110 1280
214 577 248 110 1280
329 521 237 110 1280
214 578 241 111 1281
214 579 241 112 1282
696 583 222 113 1283
409 514 221 113 1283
214 580 221 113 1283
147 598 221 113 1283
275 592 221 114 1284
214 581 227 114 1284
147 599 221 114 1284
696 585 221 115 1285
748 590 221 115 1285
147 600 223 115 1285
214 583 229 116 1286
748 591 221 116 1286
147 601 221 116 1286
696 586 221 117 1286
762 573 223 117 1287
214 584 231 117 1287
748 592 221 117 1287
147 602 221 117 1287
30 596 224 117 1287
663 592 225 117 1287
762 574 234 118 1288
147 603 226 118 1288
147 605 225 120 1290
147 606 221 121 1291
147 608 226 123 1293
41 600 223 123 1293
221 599 223 123 1293
214 591 223 124 1294
147 609 223 124 1294
130 595 223 124 1294
221 600 226 124 1294
221 601 226 125 1295
214 593 225 126 1296
214 594 229 127 1297
130 598 224 127 1297
214 595 223 128 1298
221 604 223 128 1298
214 596 232 129 1299
221 605 224 129 1299
275 608 223 130 1300
275 609 225 131 1301
721 593 221 131 1301
214 598 221 131 1301
177 610 226 131 1301
117 515 233 131 1301
221 607 222 131 1301
275 610 224 132 1302
721 594 223 132 1302
709 601 223 132 1302
772 612 225 132 1302
275 611 225 133 1303
721 595 221 133 1303
221 609 229 133 1303
721 596 223 134 1304
214 601 223 134 1304
221 610 231 134 1304
721 597 229 135 1305
214 602 231 135 1305
130 606 221 135 1305
434 604 222 135 1305
501 581 227 136 1306
676 613 221 136 1306
130 607 225 136 1306
94 602 226 136 1306
147 622 226 137 1307
676 614 229 137 1307
22 561 221 138 1308
767 613 241 138 1308
577 619 234 138 1308
666 613 239 138 1308
699 614 236 139 1308
62 548 237 139 1309
685 595 234 139 1309
454 619 223 139 1309
22 562 222 139 1309
554 615 221 139 1309
577 620 225 139 1309
221 615 221 139 1309
585 611 223 139 1309
699 615 223 140 1309
350 621 221 140 1310
300 601 225 140 1310
454 620 221 140 1310
522 617 224 140 1310
22 563 221 140 1310
745 618 230 140 1310
652 608 243 140 1310
706 801 227 140 1310
300 602 231 141 1311
300 603 228 142 1312
252 623 221 142 1312
202 621 226 143 1313
347 614 221 143 1313
290 623 224 143 1313
300 605 231 144 1314
554 620 221 144 1314
254 628 225 144 1314
745 622 221 144 1314
248 601 229 144 1314
717 620 222 144 1314
581 627 227 144 1314
656 618 223 144 1314
696 614 227 145 1314
119 618 227 145 1314
500 613 222 145 1315
307 622 229 145 1315
487 606 223 145 1315
255 593 225 145 1315
713 618 221 145 1315
351 625 223 145 1315
65 565 223 145 1315
292 616 221 144 1316
214 613 229 146 1316
283 591 240 147 1316
437 580 231 147 1317
570 617 223 148 1318
214 615 248 148 1318
460 623 229 148 1318
493 610 222 149 1319
214 617 241 150 1320
214 618 237 151 1321
214 619 223 152 1322
650 633 221 153 1323
214 620 223 153 1323
22 576 225 153 1323
441 634 221 153 1324
202 632 225 154 1324
650 635 222 155 1325
576 599 229 155 1325
652 623 233 155 1325
595 618 235 156 1325
214 623 237 156 1326
652 624 227 156 1326
764 566 221 156 1326
214 624 233 157 1327
764 567 226 157 1327
214 625 235 158 1328
764 568 223 158 1328
15 631 225 158 1328
214 626 230 159 1329
329 570 226 159 1329
214 627 221 160 1330
398 642 221 161 1331
275 640 231 162 1332
214 629 223 162 1332
207 624 222 162 1332
778 636 225 162 1332
329 573 233 162 1332
441 643 227 162 1333
214 630 228 163 1333
398 644 221 163 1333
329 574 231 163 1333
441 644 226 163 1334
202 642 221 164 1334
214 631 240 164 1334
329 575 226 164 1334
699 640 221 165 1334
441 645 234 164 1335
275 643 225 165 1335
214 632 231 165 1335
109 616 225 165 1335
398 646 231 165 1335
652 633 227 165 1335
441 646 225 165 1336
214 633 248 166 1336
214 634 221 167 1337
409 569 223 168 1338
214 637 249 170 1340
152 646 223 170 1341
553 640 235 171 1341
201 815 240 171 1342
214 639 241 172 1342
92 810 221 172 1343
214 641 248 174 1344
214 642 249 175 1345
214 643 252 176 1346
214 644 253 177 1347
10 599 237 178 1348
265 662 225 178 1348
275 657 222 179 1349
265 663 222 179 1349
329 590 241 179 1349
144 649 230 179 1349
65 599 224 179 1349
441 660 227 179 1350
764 590 222 180 1350
2 652 227 181 1351
529 670 222 181 1351
286 653 230 181 1351
618 661 221 182 1352
228 667 223 183 1352
419 643 227 183 1353
286 655 226 183 1353
78 649 225 183 1353
214 651 231 184 1354
286 656 225 184 1354
437 617 221 184 1354
78 650 221 184 1354
228 669 223 185 1354
618 664 225 185 1355
227 610 224 185 1355
237 659 227 185 1355
652 653 223 185 1355
367 643 223 185 1355
214 653 252 186 1356
237 660 223 186 1356
214 654 244 187 1357
214 655 244 188 1358
286 660 221 188 1358
581 671 222 188 1358
215 677 223 192 1362
279 669 237 192 1362
8 618 225 195 1365
737 661 223 196 1366
541 669 225 196 1367
493 659 224 198 1368
737 663 235 198 1368
541 671 225 198 1369
662 674 221 199 1369
737 665 228 200 1370
33 641 225 200 1371
324 671 223 201 1371
737 666 233 201 1371
654 668 224 201 1371
378 646 223 201 1372
541 674 221 201 1372
493 663 223 202 1372
737 667 234 202 1372
662 677 224 202 1372
654 669 223 202 1372
418 678 223 202 1372
378 647 221 202 1373
541 675 221 202 1373
737 668 222 203 1373
654 670 227 203 1373
378 648 221 203 1374
419 664 225 204 1374
493 665 221 204 1374
737 669 232 204 1374
286 676 228 204 1374
701 678 221 204 1374
228 689 224 205 1374
654 671 225 205 1374
324 675 222 205 1375
493 666 225 205 1375
702 683 224 205 1375
737 670 231 205 1375
286 677 221 205 1375
701 679 224 205 1375
228 690 225 206 1375
541 678 225 205 1376
493 667 223 206 1376
737 671 227 206 1376
654 673 222 206 1376
654 673 223 207 1376
737 672 221 207 1377
228 692 226 208 1377
654 674 224 208 1377
493 669 222 208 1378
737 673 229 208 1378
286 680 233 208 1378
701 682 227 208 1378
228 693 221 209 1378
654 675 231 209 1378
408 687 233 209 1379
737 674 233 209 1379
286 681 221 209 1379
249 234 231 209 1379
654 676 231 210 1379
555 678 231 210 1380
385 661 227 210 1380
408 688 233 210 1380
737 675 228 210 1380
228 695 221 211 1380
378 655 226 210 1381
555 679 224 211 1381
493 672 222 211 1381
737 676 223 211 1381
434 680 221 211 1381
378 657 224 212 1383
33 653 224 212 1383
419 673 223 213 1383
385 664 225 213 1383
701 688 224 213 1384
419 674 226 214 1384
385 665 223 214 1384
654 681 225 215 1384
701 689 221 214 1385
33 655 221 214 1385
493 676 225 215 1385
33 656 224 215 1386
555 684 232 216 1386
33 657 223 216 1387
419 677 226 217 1387
654 684 222 217 1387
33 658 221 217 1388
419 678 229 218 1388
737 683 225 218 1388
298 625 223 218 1388
761 691 221 219 1388
555 687 221 219 1389
493 680 223 219 1389
737 684 221 219 1389
555 688 225 220 1390
737 685 221 220 1390
761 693 224 221 1390
419 681 235 221 1391
469 691 221 221 1391
555 689 222 221 1391
385 672 227 221 1391
701 696 223 221 1392
555 690 223 222 1392
385 696 223 245 1415
555 742 224 274 1444
419 770 234 310 1480
555 778 232 310 1480
408 788 221 310 1480
419 771 231 311 1481
555 779 233 311 1481
385 762 221 311 1481
419 772 221 312 1482
555 780 235 312 1482
385 763 222 312 1482
33 753 223 312 1483
555 781 231 313 1483
385 764 225 313 1483
737 778 223 313 1483
33 754 221 313 1484
419 774 224 314 1484
555 782 226 314 1484
385 765 227 314 1484
378 759 223 314 1485
701 789 223 314 1485
33 755 223 314 1485
555 783 222 315 1485
701 790 221 315 1486
555 784 228 316 1486
385 767 221 316 1486
378 761 221 316 1487
701 791 225 316 1487
555 785 230 317 1487
378 762 222 317 1488
701 792 225 317 1488
33 758 221 317 1488
555 786 233 318 1488
385 769 227 318 1488
701 793 221 318 1489
555 787 231 319 1489
385 770 221 319 1489
701 794 225 319 1490
33 760 224 319 1490
701 795 221 320 1491
419 781 222 321 1491
555 789 226 321 1491
419 782 227 322 1492
555 790 225 322 1492
385 773 225 322 1492
555 793 231 325 1495
701 800 225 325 1496
33 766 221 325 1496
555 794 231 326 1496
385 777 221 326 1496
701 801 224 326 1497
33 767 221 326 1497
555 795 231 327 1497
385 778 225 327 1497
701 802 221 327 1498
555 796 231 328 1498
385 779 223 328 1498
555 797 225 329 1499
555 798 224 330 1500
555 799 224 331 1501
419 792 222 332 1502
555 800 231 332 1502
385 783 221 332 1502
701 807 222 332 1503
419 793 221 333 1503
555 801 227 333 1503
555 802 224 334 1504
701 809 223 334 1505
555 803 235 335 1505
385 786 225 335 1505
378 780 221 335 1506
701 810 226 335 1506
761 809 222 336 1506
555 804 234 336 1506
385 788 223 336 1507
701 811 221 336 1507
419 797 223 337 1507
555 805 235 337 1507
378 782 221 337 1508
385 789 227 337 1508
419 798 221 338 1508
555 806 229 338 1508
737 803 221 338 1508
555 807 226 339 1509
737 804 221 339 1509
385 792 221 340 1511
555 810 225 342 1512
385 796 221 345 1515
378 790 221 345 1516
555 814 223 346 1516
701 824 221 349 1520
555 818 229 350 1520
701 825 223 350 1521
555 819 229 351 1521
761 824 221 352 1521
378 796 221 351 1522
701 826 222 351 1522
555 820 230 352 1522
385 803 221 352 1522
385 804 221 353 1523
761 829 223 357 1526
555 825 222 357 1527
701 832 231 357 1528
33 798 223 357 1528
555 826 229 358 1528
701 833 231 358 1529
419 819 224 359 1529
555 827 228 359 1529
737 824 222 359 1529
701 834 231 359 1530
555 828 222 360 1530
737 825 221 360 1530
249 385 221 360 1530
701 835 229 360 1531
419 821 221 361 1531
555 829 223 361 1531
385 812 223 361 1531
737 826 222 361 1531
701 836 227 361 1532
419 822 224 362 1532
701 837 228 362 1533
33 803 225 362 1533
701 838 225 363 1534
33 804 222 363 1534
555 832 231 364 1534
737 829 221 364 1534
378 809 221 364 1535
701 839 227 364 1535
33 805 227 364 1535
33 806 223 365 1536
555 834 223 366 1536
701 840 223 366 1536
249 391 223 366 1536
761 839 224 367 1536
701 841 221 367 1537
249 392 223 367 1537
33 808 223 367 1538
555 836 221 368 1538
761 841 225 369 1538
419 829 224 369 1539
555 837 225 369 1539
385 820 224 369 1539
408 847 223 369 1539
493 830 223 369 1539
737 834 227 369 1539
701 843 222 369 1539
555 838 224 370 1540
737 835 223 370 1540
378 815 226 370 1541
555 839 234 371 1541
385 822 223 371 1541
737 836 221 371 1541
701 845 221 371 1541
378 816 223 371 1542
555 840 231 372 1542
737 837 222 372 1542
701 846 226 372 1542
378 817 223 372 1543
555 841 227 373 1543
701 847 225 373 1543
378 818 224 373 1544
555 842 223 374 1544
378 819 222 374 1545
555 843 226 375 1545
701 849 224 375 1545
378 820 222 375 1546
33 816 221 375 1546
701 850 221 376 1546
385 828 221 377 1547
701 852 224 377 1548
701 853 224 378 1549
555 847 226 379 1549
378 825 221 380 1551
385 832 221 381 1551
761 854 221 382 1551
555 850 222 382 1552
737 847 221 382 1552
555 851 222 383 1553
385 834 221 383 1553
378 830 223 385 1556
555 861 228 393 1563
555 862 233 394 1564
33 835 223 394 1565
555 863 233 395 1565
33 836 223 395 1566
701 875 222 400 1571
555 870 222 402 1572
385 854 225 403 1573
555 872 223 404 1574
701 879 222 404 1575
701 881 225 406 1577
555 877 227 409 1579
701 884 222 409 1580
33 850 222 409 1580
555 879 227 411 1581
761 884 222 412 1581
555 880 229 412 1582
555 881 227 413 1583
701 889 221 414 1585
555 884 223 416 1586
701 891 221 416 1587
555 885 223 417 1587
701 892 223 417 1588
33 858 221 417 1588
555 886 221 418 1588
701 894 223 419 1590
555 888 221 420 1590
701 895 221 420 1591
555 891 227 423 1593
555 892 222 424 1594
555 893 223 425 1595
701 900 224 425 1596
33 866 223 425 1596
555 894 226 426 1596
469 897 221 427 1597
385 878 221 427 1597
701 902 225 427 1598
33 868 221 427 1598
555 896 231 428 1598
737 893 223 428 1598
555 897 224 429 1599
701 904 221 429 1600
737 895 223 430 1600
701 905 224 430 1601
555 899 224 431 1601
701 906 223 431 1602
419 897 223 437 1607
701 912 221 437 1608
33 878 221 437 1608
419 899 221 439 1609
701 915 221 440 1611
737 906 221 441 1611
701 916 225 441 1612
33 882 224 441 1612
419 902 231 442 1612
737 907 233 442 1612
671 927 223 442 1612
761 915 222 443 1612
33 883 226 442 1613
419 903 229 443 1613
555 911 225 443 1613
493 904 222 443 1613
469 914 223 443 1614
701 918 239 443 1614
419 904 223 444 1614
555 912 226 444 1614
298 851 222 444 1614
761 917 225 445 1614
228 929 224 445 1614
378 889 238 444 1615
701 919 225 444 1615
33 885 229 444 1615
408 923 223 445 1615
298 852 227 445 1615
568 922 235 446 1615
469 916 221 445 1616
378 890 233 445 1616
701 920 233 445 1616
33 886 235 445 1616
737 911 226 446 1616
469 917 225 446 1617
397 892 221 446 1617
270 898 230 446 1617
33 887 226 446 1617
27 916 223 447 1617
737 912 222 447 1617
701 922 223 447 1618
701 923 227 448 1619
510 914 225 450 1619
701 924 221 449 1620
66 924 223 450 1620
10 871 221 450 1620
654 917 221 450 1620
581 933 222 450 1620
701 925 236 450 1621
418 927 221 450 1621
350 932 224 451 1621
322 916 224 451 1621
581 934 227 451 1621
701 926 236 451 1622
690 934 239 452 1622
701 927 233 452 1623
418 929 223 452 1623
661 882 224 452 1623
587 921 222 452 1623
764 863 226 453 1623
701 928 238 453 1624
418 930 230 453 1624
538 915 227 454 1624
764 864 222 454 1624
60 939 237 454 1625
256 913 224 455 1625
703 917 221 456 1626
764 866 233 456 1626
680 871 221 456 1626
55 931 226 456 1627
538 918 221 457 1627
60 942 223 457 1628
256 916 226 458 1628
703 919 227 458 1628
365 923 231 458 1628
764 868 225 458 1628
481 939 225 458 1629
538 920 223 458 1629
538 920 223 459 1629
764 869 223 459 1629
680 874 225 459 1629
185 938 231 459 1629
481 940 224 459 1630
487 921 221 459 1630
60 944 221 459 1630
538 921 224 460 1630
764 870 226 460 1630
388 938 242 459 1631
764 871 229 461 1631
388 941 235 462 1634
764 874 223 464 1634
388 942 246 463 1635
365 930 224 465 1635
388 943 246 464 1636
764 876 223 466 1636
185 945 221 466 1636
388 944 245 465 1637
487 928 221 466 1637
764 877 222 467 1637
185 946 222 467 1637
388 945 241 466 1638
365 933 223 468 1638
764 878 222 468 1638
185 947 221 468 1638
388 946 246 467 1639
764 879 224 469 1639
388 947 246 468 1640
365 935 222 470 1640
185 949 222 470 1640
388 948 245 469 1641
185 950 221 471 1641
388 949 245 470 1642
538 933 222 472 1642
185 951 223 472 1642
388 950 246 471 1643
365 938 223 473 1643
388 951 244 472 1644
481 954 221 473 1644
764 884 221 474 1644
185 953 222 474 1644
388 952 245 473 1645
185 954 223 475 1645
388 953 246 474 1646
764 886 221 476 1646
388 954 246 475 1647
388 955 246 476 1648
388 956 247 477 1649
388 957 237 478 1650
703 941 223 480 1650
388 958 242 479 1651
680 896 221 481 1651
388 959 241 480 1652
388 960 241 481 1653
388 961 239 482 1654
680 899 225 484 1654
388 962 239 483 1655
388 963 245 484 1656
388 964 242 485 1657
388 965 245 486 1658
388 966 241 487 1659
388 967 241 488 1660
388 968 243 489 1661
388 969 241 490 1662
388 970 240 491 1663
365 958 223 493 1663
764 903 225 493 1663
680 908 221 493 1663
185 972 225 493 1663
388 971 233 492 1664
481 974 222 493 1664
703 955 222 494 1664
764 904 222 494 1664
680 909 227 494 1664
185 973 225 494 1664
388 972 239 493 1665
481 975 222 494 1665
538 956 221 495 1665
703 956 223 495 1665
185 974 227 495 1665
388 973 240 494 1666
481 976 221 495 1666
515 979 221 496 1666
703 957 223 496 1666
365 961 224 496 1666
680 911 223 496 1666
185 975 226 496 1666
388 974 237 495 1667
481 977 221 496 1667
703 958 221 497 1667
185 976 227 497 1667
388 975 239 496 1668
256 956 223 498 1668
703 959 226 498 1668
388 976 235 497 1669
487 960 223 498 1669
256 957 223 499 1669
365 964 225 499 1669
388 977 240 498 1670
256 958 225 500 1670
703 961 225 500 1670
365 965 225 500 1670
388 978 241 499 1671
481 981 223 500 1671
680 916 224 501 1671
388 979 237 500 1672
481 982 225 501 1672
487 963 221 501 1672
256 960 223 502 1672
680 917 225 502 1672
388 980 237 501 1673
487 964 223 502 1673
256 961 223 503 1673
680 918 224 503 1673
185 982 223 503 1673
388 981 236 502 1674
481 984 221 503 1674
487 965 223 503 1674
185 983 221 504 1674
388 982 237 503 1675
487 966 221 504 1675
764 915 221 505 1675
388 983 237 504 1676
487 967 221 505 1676
60 990 225 505 1676
764 916 227 506 1676
680 921 227 506 1676
185 985 221 506 1676
388 984 237 505 1677
487 968 221 506 1677
764 917 225 507 1677
680 922 227 507 1677
388 985 238 506 1678
487 969 223 507 1678
764 918 227 508 1678
680 923 228 508 1678
388 986 237 507 1679
764 919 227 509 1679
680 924 221 509 1679
388 987 239 508 1680
60 994 223 509 1680
764 920 226 510 1680
680 925 223 510 1680
388 988 238 509 1681
481 991 221 510 1681
256 969 221 511 1681
365 976 223 511 1681
764 921 224 511 1681
680 926 224 511 1681
388 989 236 510 1682
764 922 221 512 1682
680 927 222 512 1682
388 990 222 511 1683
481 993 223 512 1683
515 996 223 513 1683
764 923 224 513 1683
680 928 224 513 1683
388 991 227 512 1684
515 997 223 514 1684
703 975 221 514 1684
764 924 225 514 1684
680 929 223 514 1684
388 992 227 513 1685
481 995 224 514 1685
256 973 221 515 1685
703 976 221 515 1685
680 930 222 515 1685
388 993 225 514 1686
487 977 221 515 1686
365 981 229 516 1686
764 926 223 516 1686
388 994 225 515 1687
365 982 224 517 1687
388 995 225 516 1688
481 998 223 517 1688
365 983 226 518 1688
764 928 224 518 1688
388 996 225 517 1689
481 999 223 518 1689
487 980 221 518 1689
538 980 224 519 1689
703 980 221 519 1689
388 997 223 518 1690
487 981 221 519 1690
538 981 225 520 1690
764 930 222 520 1690
388 998 221 519 1691
481 1001 221 520 1691
487 982 221 520 1691
538 982 224 521 1691
388 999 223 520 1692
481 1002 225 521 1692
60 1006 221 521 1692
388 1000 223 521 1693
481 1003 225 522 1693
538 984 221 523 1693
481 1004 222 523 1694
365 990 227 525 1695
388 1003 221 524 1696
481 1006 223 525 1696
703 987 221 526 1696
365 991 221 526 1696
185 1005 221 526 1696
365 992 223 527 1697
680 942 225 527 1697
256 986 223 528 1698
538 989 221 528 1698
365 993 227 528 1698
388 1006 221 527 1699
256 987 221 529 1699
538 990 223 529 1699
680 944 223 529 1699
481 1010 227 529 1700
256 988 221 530 1700
538 991 221 530 1700
764 940 223 530 1700
481 1011 223 530 1701
538 992 224 531 1701
703 992 221 531 1701
481 1012 223 531 1702
515 1015 228 532 1702
538 993 223 532 1702
365 997 221 532 1702
481 1013 225 532 1703
538 994 222 533 1703
365 998 223 533 1703
481 1014 226 533 1704
515 1017 221 534 1704
703 995 221 534 1704
388 1012 223 533 1705
481 1015 223 534 1705
256 993 223 535 1705
538 996 221 535 1705
703 996 221 535 1705
141 998 223 535 1705
365 1000 223 535 1705
680 950 224 535 1705
185 1014 227 535 1705
388 1013 233 534 1706
515 1019 222 536 1706
256 994 224 536 1706
703 997 221 536 1706
185 1015 227 536 1706
388 1014 226 535 1707
60 1021 221 536 1707
515 1020 222 537 1707
256 995 223 537 1707
703 998 223 537 1707
141 1000 221 537 1707
365 1002 221 537 1707
185 1016 223 537 1707
388 1015 227 536 1708
515 1021 221 538 1708
256 996 222 538 1708
703 999 223 538 1708
185 1017 229 538 1708
388 1016 226 537 1709
481 1019 223 538 1709
141 1002 223 539 1709
365 1004 224 539 1709
185 1018 229 539 1709
388 1017 225 538 1710
703 1001 221 540 1710
365 1005 221 540 1710
764 950 221 540 1710
680 955 224 540 1710
388 1018 221 539 1711
538 1002 221 541 1711
703 1002 225 541 1711
365 1006 222 541 1711
185 1020 227 541 1711
388 1019 227 540 1712
703 1003 223 542 1712
764 952 222 542 1712
388 1020 230 541 1713
481 1023 222 542 1713
487 1004 222 542 1713
703 1004 223 543 1713
365 1008 222 543 1713
680 958 221 543 1713
185 1022 221 543 1713
388 1021 239 542 1714
487 1005 221 543 1714
515 1027 224 544 1714
538 1005 221 544 1714
703 1005 223 544 1714
185 1023 225 544 1714
388 1022 233 543 1715
481 1025 225 544 1715
703 1006 222 545 1715
365 1010 223 545 1715
680 960 221 545 1715
388 1023 230 544 1716
481 1026 223 545 1716
487 1007 222 545 1716
703 1007 223 546 1716
680 961 225 546 1716
388 1024 231 545 1717
481 1027 225 546 1717
703 1008 222 547 1717
680 962 223 547 1717
141 1010 221 548 1717
388 1025 234 546 1718
481 1028 221 547 1718
60 1032 221 547 1718
703 1009 221 548 1718
185 1027 225 548 1718
388 1026 230 547 1719
487 1010 221 548 1719
256 1007 223 549 1719
538 1010 221 549 1719
703 1010 221 549 1719
680 964 221 549 1719
185 1028 229 549 1719
388 1027 225 548 1720
481 1030 228 549 1720
256 1008 221 550 1720
538 1011 222 550 1720
764 960 227 550 1720
185 1029 226 550 1720
388 1028 231 549 1721
538 1012 223 551 1721
764 961 224 551 1721
680 966 224 551 1721
185 1030 224 551 1721
388 1029 231 550 1722
481 1032 229 551 1722
487 1013 221 551 1722
538 1013 221 552 1722
764 962 221 552 1722
680 967 226 552 1722
185 1031 227 552 1722
388 1030 233 551 1723
538 1014 221 553 1723
764 963 222 553 1723
680 968 225 553 1723
185 1032 227 553 1723
388 1031 235 552 1724
481 1034 225 553 1724
365 1019 225 554 1724
764 964 223 554 1724
185 1033 227 554 1724
388 1032 237 553 1725
141 1018 221 555 1725
365 1020 225 555 1725
764 965 223 555 1725
680 970 227 555 1725
185 1034 229 555 1725
388 1033 230 554 1726
538 1017 221 556 1726
365 1021 224 556 1726
185 1035 229 556 1726
388 1034 231 555 1727
256 1015 223 557 1727
185 1036 229 557 1727
388 1035 228 556 1728
481 1038 226 557 1728
365 1023 221 558 1728
680 973 223 558 1728
185 1037 225 558 1728
388 1036 235 557 1729
481 1039 229 558 1729
60 1043 221 558 1729
256 1017 221 559 1729
185 1038 228 559 1729
388 1037 237 558 1730
481 1040 226 559 1730
487 1021 221 559 1730
515 1043 223 560 1730
703 1021 221 560 1730
764 970 223 560 1730
680 975 225 560 1730
185 1039 230 560 1730
388 1038 235 559 1731
481 1041 222 560 1731
487 1022 221 560 1731
60 1045 227 560 1731
764 971 223 561 1731
680 976 225 561 1731
185 1040 226 561 1731
388 1039 235 560 1732
515 1045 222 562 1732
538 1023 223 562 1732
185 1041 229 562 1732
388 1040 237 561 1733
515 1046 221 563 1733
538 1024 221 563 1733
764 973 223 563 1733
185 1042 231 563 1733
388 1041 235 562 1734
185 1043 229 564 1734
388 1042 235 563 1735
481 1045 225 564 1735
60 1049 223 564 1735
185 1044 228 565 1735
388 1043 241 564 1736
487 1027 221 565 1736
60 1050 222 565 1736
256 1024 221 566 1736
365 1031 221 566 1736
185 1045 225 566 1736
515 1049 223 567 1736
388 1044 231 565 1737
481 1047 222 566 1737
703 1028 221 567 1737
365 1032 221 567 1737
764 977 223 567 1737
185 1046 227 567 1737
388 1045 233 566 1738
365 1033 225 568 1738
185 1047 226 568 1738
388 1046 234 567 1739
703 1030 223 569 1739
365 1034 223 569 1739
680 984 224 569 1739
185 1048 224 569 1739
388 1047 231 568 1740
487 1031 222 569 1740
256 1028 221 570 1740
764 980 233 570 1740
185 1049 227 570 1740
388 1048 229 569 1741
487 1032 221 570 1741
60 1055 221 570 1741
764 981 227 571 1741
185 1050 229 571 1741
388 1049 223 570 1742
487 1033 221 571 1742
60 1056 221 571 1742
388 1050 226 571 1743
388 1051 231 572 1744
388 1052 229 573 1745
388 1053 229 574 1746
365 1041 221 576 1746
388 1054 231 575 1747
388 1055 239 576 1748
388 1056 235 577 1749
703 1040 221 579 1749
764 989 224 579 1749
185 1058 223 579 1749
388 1057 233 578 1750
365 1045 221 580 1750
764 990 221 580 1750
388 1058 234 579 1751
365 1047 222 582 1752
680 997 222 582 1752
481 1063 221 582 1753
764 993 221 583 1753
680 998 221 583 1753
185 1062 223 583 1753
388 1061 223 582 1754
388 1062 223 583 1755
703 1046 223 586 1755
365 1051 221 586 1756
487 1048 221 586 1757
487 1049 224 587 1758
365 1053 225 588 1758
487 1050 223 588 1759
185 1070 222 591 1761
481 1072 221 591 1762
185 1071 221 592 1762
365 1058 221 593 1763
388 1072 229 593 1765
60 1079 221 594 1765
365 1060 227 595 1765
388 1073 225 594 1766
388 1074 223 595 1767
764 1007 221 597 1767
185 1076 222 597 1767
388 1075 221 596 1768
538 1060 221 599 1769
764 1009 223 599 1769
703 1060 221 600 1769
538 1061 221 600 1770
703 1063 225 602 1772
365 1067 225 602 1772
481 1085 223 604 1775
365 1071 222 606 1776
764 1016 223 606 1776
388 1084 222 605 1777
703 1068 221 607 1777
764 1017 223 607 1777
538 1069 222 608 1778
703 1069 223 608 1778
764 1018 226 608 1778
538 1070 224 609 1779
703 1070 223 609 1779
185 1089 223 610 1780
538 1072 221 611 1781
703 1072 221 611 1781
365 1076 227 611 1781
764 1021 221 611 1781
185 1090 223 611 1781
703 1074 221 613 1783
365 1078 229 613 1783
185 1092 225 613 1783
388 1092 232 613 1785
365 1080 231 615 1785
388 1094 228 615 1787
388 1095 222 616 1788
388 1111 221 632 1804
365 1105 233 640 1810
764 1050 221 640 1810
365 1106 228 641 1811
388 1119 225 640 1812
538 1103 221 642 1812
365 1107 221 642 1812
388 1120 227 641 1813
538 1104 227 643 1813
365 1108 237 643 1813
764 1053 223 643 1813
680 1058 225 643 1813
388 1121 225 642 1814
365 1109 226 644 1814
680 1059 224 644 1814
388 1122 231 643 1815
487 1106 221 644 1815
538 1106 221 645 1815
703 1106 221 645 1815
365 1110 223 645 1815
680 1060 221 645 1815
388 1123 229 644 1816
764 1056 225 646 1816
680 1061 222 646 1816
388 1124 224 645 1817
365 1112 229 647 1817
680 1062 225 647 1817
388 1125 223 646 1818
60 1132 222 647 1818
538 1109 221 648 1818
365 1113 227 648 1818
680 1063 225 648 1818
388 1126 227 647 1819
365 1114 223 649 1819
764 1059 223 649 1819
388 1127 229 648 1820
487 1111 223 649 1820
365 1115 237 650 1820
764 1060 221 650 1820
388 1128 233 649 1821
487 1112 223 650 1821
60 1135 221 650 1821
365 1116 237 651 1821
764 1061 224 651 1821
388 1129 221 650 1822
365 1117 237 652 1822
388 1130 223 651 1823
487 1114 221 652 1823
365 1118 228 653 1823
764 1063 221 653 1823
388 1131 226 652 1824
365 1119 233 654 1824
764 1064 221 654 1824
388 1132 225 653 1825
365 1120 231 655 1825
365 1121 232 656 1826
256 1116 225 658 1828
365 1123 225 658 1828
388 1136 235 657 1829
365 1124 235 659 1829
388 1137 233 658 1830
487 1121 221 659 1830
256 1118 221 660 1830
365 1125 231 660 1830
388 1138 235 659 1831
256 1119 222 661 1831
538 1122 221 661 1831
365 1126 227 661 1831
185 1140 222 661 1831
388 1139 235 660 1832
487 1123 221 661 1832
256 1120 222 662 1832
538 1123 228 662 1832
388 1140 231 661 1833
487 1124 221 662 1833
538 1124 227 663 1833
365 1128 221 663 1833
388 1141 227 662 1834
256 1122 221 664 1834
538 1125 224 664 1834
365 1129 226 664 1834
388 1142 230 663 1835
538 1126 224 665 1835
365 1130 226 665 1835
764 1075 222 665 1835
388 1143 225 664 1836
365 1131 223 666 1836
388 1144 229 665 1837
388 1145 224 666 1838
365 1133 223 668 1838
60 1153 222 668 1839
538 1130 224 669 1839
365 1134 235 669 1839
764 1079 223 669 1839
388 1147 225 667 1840
487 1131 221 669 1840
365 1135 225 670 1840
388 1148 233 668 1841
703 1132 223 671 1841
365 1136 223 671 1841
764 1081 222 671 1841
388 1149 233 669 1842
365 1137 235 672 1842
388 1150 228 670 1843
481 1153 221 672 1843
703 1134 221 673 1843
388 1151 229 671 1844
388 1152 226 672 1845
487 1136 223 674 1845
388 1153 228 673 1846
481 1156 226 675 1846
487 1137 222 675 1846
365 1141 224 676 1846
388 1154 227 674 1847
388 1154 228 675 1847
481 1157 223 676 1847
487 1138 223 676 1847
538 1138 224 677 1847
388 1155 226 676 1848
481 1158 223 677 1848
365 1143 223 678 1848
388 1156 226 677 1849
481 1159 221 678 1849
538 1140 223 679 1849
365 1144 233 679 1849
388 1157 231 678 1850
538 1141 232 680 1850
365 1145 229 680 1850
481 1161 221 680 1851
365 1146 228 681 1851
388 1159 230 679 1852
365 1147 229 682 1852
388 1160 229 680 1853
703 1144 223 683 1853
388 1161 231 681 1854
365 1149 239 684 1854
388 1162 232 682 1855
365 1150 233 685 1855
388 1163 234 683 1856
388 1164 235 684 1857
256 1145 222 687 1857
538 1148 221 687 1857
703 1148 222 687 1857
365 1152 228 687 1857
764 1097 223 687 1857
388 1165 222 685 1858
481 1168 221 687 1858
256 1146 233 688 1858
538 1149 223 688 1858
487 1149 233 688 1858
185 1167 221 688 1858
141 1151 225 689 1858
388 1166 231 686 1859
60 1173 225 688 1859
256 1147 227 689 1859
102 1160 224 689 1859
764 1099 221 689 1859
388 1167 227 687 1860
256 1148 234 690 1860
388 1168 221 688 1861
459 1150 227 691 1861
652 1159 221 691 1861
531 1146 221 691 1862
780 1179 246 694 1864
493 1155 233 694 1864
119 1169 235 694 1865
350 1177 246 696 1866
435 1175 221 696 1866
313 1165 238 696 1866
32 1150 221 696 1867
256 1158 227 700 1870
532 1182 224 701 1870
650 1181 223 700 1871
256 1159 223 701 1871
242 877 221 702 1871
650 1182 224 701 1872
322 1167 221 702 1872
532 1184 224 703 1872
2 1174 244 703 1873
256 1161 233 703 1873
761 1176 222 704 1873
532 1185 221 704 1873
256 1162 230 704 1874
157 1189 223 704 1874
761 1177 237 705 1874
532 1186 224 705 1874
650 1185 239 704 1875
403 1179 234 704 1875
256 1163 238 705 1875
157 1190 231 705 1875
761 1178 221 706 1875
336 1175 225 706 1875
650 1186 242 705 1876
403 1180 231 705 1876
383 1179 221 706 1876
2 1177 223 706 1876
685 1162 225 706 1876
256 1164 227 706 1876
322 1171 223 706 1876
19 1177 231 706 1876
761 1179 224 707 1876
685 1163 221 707 1877
256 1165 224 707 1877
650 1188 226 707 1878
403 1182 233 707 1878
256 1166 221 708 1878
157 1193 221 708 1878
761 1181 224 709 1878
532 1190 229 709 1878
2 1180 222 708 1879
650 1189 229 708 1879
230 1164 222 708 1879
157 1194 233 709 1879
737 1174 221 709 1879
532 1191 233 710 1879
650 1190 231 709 1880
403 1184 231 709 1880
532 1192 223 711 1880
685 1167 222 711 1881
360 1181 223 712 1881
383 1185 224 712 1882
300 1173 223 712 1882
157 1197 221 712 1882
360 1182 221 713 1882
532 1194 223 713 1882
650 1193 228 712 1883
403 1187 221 712 1883
239 1185 226 712 1883
383 1186 221 713 1883
157 1198 224 713 1883
19 1184 223 713 1883
532 1195 223 714 1883
403 1188 223 713 1884
239 1186 223 713 1884
300 1175 222 714 1884
737 1179 222 714 1884
19 1185 228 714 1884
761 1187 221 715 1884
360 1184 221 715 1884
650 1195 233 714 1885
761 1188 231 716 1885
2 1187 223 715 1886
650 1196 226 715 1886
403 1190 241 715 1886
383 1189 225 716 1886
737 1181 221 716 1886
761 1189 227 717 1886
650 1197 237 716 1887
322 1182 221 716 1887
403 1191 225 716 1887
19 1188 231 717 1887
761 1190 223 718 1887
650 1198 238 717 1888
403 1192 222 717 1888
19 1189 230 718 1888
761 1191 228 719 1888
650 1199 236 718 1889
403 1193 225 718 1889
761 1192 222 720 1889
650 1200 231 719 1890
403 1194 223 719 1890
19 1191 222 720 1890
761 1193 221 721 1890
2 1192 221 720 1891
650 1201 228 720 1891
403 1195 225 720 1891
300 1182 222 721 1891
19 1192 230 721 1891
403 1196 227 721 1892
300 1183 221 722 1892
360 1192 221 724 1892
650 1203 233 722 1893
403 1197 232 722 1893
383 1196 224 723 1893
650 1204 233 723 1894
403 1198 235 723 1894
383 1197 221 724 1894
685 1180 221 724 1894
761 1197 227 725 1894
650 1205 223 724 1895
403 1199 231 724 1895
383 1198 225 725 1895
19 1196 227 725 1895
761 1198 226 726 1895
650 1206 229 725 1896
403 1200 231 725 1896
650 1207 223 726 1897
403 1201 224 726 1897
383 1200 224 727 1897
532 1209 222 728 1897
403 1202 232 727 1898
761 1201 227 729 1898
650 1209 230 728 1899
403 1203 224 728 1899
360 1199 221 731 1899
650 1210 229 729 1900
403 1204 231 729 1900
19 1201 223 730 1900
532 1212 225 731 1900
650 1211 225 730 1901
403 1205 223 730 1901
383 1204 222 731 1901
300 1192 224 731 1901
322 1196 222 731 1901
336 1201 221 732 1901
650 1212 227 731 1902
456 1207 225 731 1902
403 1206 223 731 1902
383 1205 232 732 1902
322 1197 223 732 1902
19 1203 229 732 1902
157 1217 221 733 1902
650 1213 239 732 1903
403 1207 237 732 1903
19 1204 221 733 1903
650 1214 225 733 1904
403 1208 231 733 1904
300 1195 224 734 1904
157 1219 221 734 1904
19 1205 224 734 1904
19 1206 221 735 1905
650 1216 222 735 1906
403 1210 223 735 1906
300 1197 223 736 1906
19 1207 222 736 1906
761 1209 223 737 1906
360 1206 221 738 1906
2 1208 221 736 1907
650 1217 230 736 1907
403 1211 233 736 1907
300 1198 223 737 1907
157 1222 221 737 1907
19 1208 227 737 1907
650 1218 222 737 1908
403 1212 224 737 1908
685 1194 221 738 1908
300 1199 225 738 1908
157 1223 221 738 1908
19 1209 233 738 1908
532 1220 223 739 1908
2 1210 222 738 1909
403 1213 228 738 1909
239 1211 221 738 1909
300 1200 227 739 1909
157 1224 223 739 1909
322 1205 224 739 1910
157 1225 222 740 1910
403 1215 231 740 1911
19 1213 230 742 1912
403 1217 227 742 1913
239 1215 222 742 1913
19 1214 223 743 1913
650 1224 225 743 1914
403 1218 226 743 1914
383 1217 222 744 1914
2 1216 221 744 1915
403 1219 225 744 1915
532 1227 226 746 1915
403 1220 227 745 1916
157 1231 221 746 1916
2 1218 221 746 1917
403 1221 225 746 1917
650 1228 229 747 1918
650 1229 233 748 1919
19 1220 224 749 1919
650 1230 221 749 1920
761 1223 222 751 1920
532 1232 223 751 1920
157 1236 221 751 1921
532 1233 228 752 1921
650 1232 226 751 1922
403 1226 226 751 1922
300 1213 221 752 1922
157 1237 231 752 1922
19 1223 223 752 1922
322 1218 224 752 1923
19 1225 222 754 1924
650 1235 227 754 1925
403 1229 225 754 1925
157 1240 226 755 1925
737 1220 224 755 1925
19 1226 221 755 1925
650 1236 223 755 1926
157 1241 222 756 1926
19 1227 222 756 1926
650 1237 229 756 1927
403 1231 233 756 1927
157 1242 237 757 1927
19 1228 224 757 1927
650 1238 224 757 1928
157 1243 236 758 1928
19 1229 226 758 1928
403 1233 228 758 1929
383 1232 221 759 1929
157 1244 238 759 1929
650 1240 229 759 1930
383 1233 221 760 1930
300 1221 223 760 1930
19 1231 225 760 1930
650 1241 221 760 1931
403 1236 231 761 1932
383 1235 223 762 1932
650 1243 224 762 1933
403 1237 226 762 1933
230 1218 225 762 1933
336 1233 221 764 1933
532 1245 221 764 1933
650 1244 232 763 1934
403 1238 225 763 1934
650 1245 233 764 1935
403 1239 223 764 1935
761 1238 223 766 1935
650 1246 231 765 1936
403 1240 227 765 1936
157 1251 231 766 1936
761 1239 222 767 1936
157 1252 224 767 1937
737 1232 223 767 1937
650 1248 222 767 1938
403 1242 235 767 1938
737 1233 226 768 1938
19 1239 228 768 1938
650 1249 225 768 1939
403 1243 231 768 1939
403 1244 221 769 1940
403 1245 222 770 1941
761 1244 225 772 1941
403 1246 225 771 1942
19 1243 224 772 1942
650 1253 222 772 1943
650 1256 223 775 1946
650 1257 230 776 1947
403 1251 227 776 1947
761 1250 225 778 1947
761 1251 225 779 1948
650 1259 226 778 1949
650 1260 224 779 1950
403 1254 223 779 1950
650 1262 221 781 1952
650 1263 221 782 1953
19 1255 222 784 1954
650 1266 221 785 1956
403 1260 221 785 1956
650 1267 223 786 1957
2 1259 221 787 1958
403 1262 223 787 1958
239 1260 221 787 1958
157 1273 222 788 1958
2 1260 222 788 1959
157 1274 227 789 1959
403 1264 222 789 1960
685 1248 223 792 1962
300 1253 223 792 1962
650 1273 221 792 1963
403 1267 235 792 1963
685 1249 221 793 1963
157 1278 226 793 1963
650 1274 223 793 1964
403 1268 227 793 1964
157 1279 228 794 1964
157 1280 221 795 1965
157 1282 222 797 1967
650 1278 234 797 1968
403 1272 228 797 1968
157 1283 221 798 1968
650 1279 221 798 1969
157 1284 240 799 1969
19 1270 244 799 1969
650 1280 231 799 1970
403 1274 227 799 1970
19 1271 228 800 1970
761 1273 221 801 1970
403 1275 227 800 1971
157 1286 223 801 1971
19 1272 250 801 1971
532 1283 222 802 1971
19 1273 223 802 1972
403 1277 223 802 1973
157 1288 221 803 1973
19 1274 223 803 1973
761 1276 221 804 1973
403 1278 222 803 1974
157 1289 221 804 1974
403 1279 222 804 1975
2 1279 221 807 1978
403 1283 222 808 1979
157 1294 221 809 1979
19 1280 221 809 1979
322 1277 221 811 1982
322 1279 223 813 1984
230 1270 221 814 1985
19 1286 223 815 1985
322 1281 222 815 1986
403 1290 233 815 1986
157 1301 221 816 1986
19 1287 223 816 1986
650 1298 222 817 1988
761 1293 222 821 1990
383 1294 223 821 1991
2 1294 222 822 1993
650 1303 232 822 1993
650 1304 235 823 1994
383 1297 223 824 1994
650 1305 235 824 1995
403 1299 223 824 1995
650 1306 231 825 1996
383 1299 221 826 1996
300 1287 231 826 1996
403 1300 226 826 1996
650 1307 233 826 1997
300 1288 222 827 1997
403 1301 227 827 1997
300 1289 226 828 1998
403 1302 225 828 1998
650 1309 237 828 1999
761 1302 221 830 1999
737 1295 222 830 2000
403 1304 221 830 2000
650 1311 222 830 2001
157 1316 238 831 2001
403 1305 223 831 2001
761 1304 223 832 2001
650 1312 226 831 2002
157 1317 241 832 2002
737 1297 223 832 2002
403 1306 225 832 2002
650 1313 234 832 2003
157 1318 231 833 2003
403 1307 226 833 2003
761 1306 221 834 2003
532 1315 222 834 2003
650 1314 241 833 2004
157 1319 227 834 2004
737 1299 227 834 2004
403 1308 226 834 2004
650 1315 239 834 2005
383 1308 222 835 2005
157 1320 232 835 2005
403 1309 226 835 2005
650 1316 233 835 2006
403 1310 223 836 2006
532 1318 221 837 2006
650 1317 238 836 2007
403 1311 225 837 2007
650 1318 232 837 2008
157 1323 223 838 2008
403 1312 223 838 2008
650 1319 229 838 2009
157 1324 223 839 2009
737 1304 221 839 2009
737 1305 223 840 2010
650 1321 226 840 2011
157 1327 228 842 2012
737 1307 229 842 2012
737 1308 224 843 2013
403 1317 222 843 2013
737 1309 223 844 2014
650 1325 224 844 2015
383 1318 223 845 2015
157 1330 221 845 2015
761 1318 221 846 2015
650 1326 228 845 2016
403 1320 238 846 2016
650 1327 223 846 2017
737 1312 222 847 2017
403 1321 235 847 2017
532 1329 221 847 2017
598 1334 221 853 2017
650 1328 228 847 2018
403 1322 231 848 2018
761 1321 223 849 2018
2 1320 223 848 2019
650 1329 228 848 2019
403 1323 224 849 2019
761 1322 232 850 2019
2 1321 221 849 2020
383 1323 222 850 2020
300 1311 221 850 2020
157 1335 242 850 2020
403 1324 237 850 2020
532 1332 221 850 2020
685 1307 223 850 2021
84 1328 227 852 2023
574 1321 222 853 2023
776 1333 226 853 2023
84 1329 233 853 2024
317 1329 223 853 2024
499 1311 225 855 2025
242 1031 228 856 2025
88 1302 221 856 2026
421 1334 225 856 2026
123 1313 221 856 2026
732 1291 222 856 2026
356 1332 225 856 2026
6 1272 222 859 2027
6 1273 226 860 2028
773 1261 228 859 2029
781 7 228 859 2029
6 1274 229 861 2029
773 1262 237 860 2030
781 8 238 860 2030
6 1275 229 862 2030
773 1263 239 861 2031
781 9 237 861 2031
6 1276 231 863 2031
773 1264 235 862 2032
781 10 235 862 2032
773 1265 237 863 2033
781 11 235 863 2033
773 1266 236 864 2034
781 12 233 864 2034
773 1267 226 865 2035
781 13 239 865 2035
773 1268 235 866 2036
781 14 233 866 2036
773 1269 235 867 2037
781 15 230 867 2037
773 1270 235 868 2038
781 16 235 868 2038
773 1271 231 869 2039
781 17 233 869 2039
773 1272 233 870 2040
781 18 235 870 2040
773 1273 235 871 2041
781 19 232 871 2041
773 1274 233 872 2042
781 20 233 872 2042
773 1275 233 873 2043
781 21 233 873 2043
773 1276 233 874 2044
781 22 233 874 2044
773 1277 232 875 2045
781 23 234 875 2045
773 1278 231 876 2046
781 24 235 876 2046
773 1279 231 877 2047
781 25 234 877 2047
773 1280 231 878 2048
781 26 234 878 2048
773 1281 231 879 2049
781 27 233 879 2049
773 1282 231 880 2050
781 28 235 880 2050
773 1283 231 881 2051
781 29 235 881 2051
773 1284 231 882 2052
781 30 234 882 2052
773 1285 231 883 2053
781 31 235 883 2053
773 1286 231 884 2054
781 32 234 884 2054
773 1287 231 885 2055
781 33 235 885 2055
773 1288 231 886 2056
781 34 235 886 2056
773 1289 231 887 2057
781 35 234 887 2057
773 1290 231 888 2058
781 36 234 888 2058
773 1291 231 889 2059
781 37 235 889 2059
773 1292 231 890 2060
781 38 235 890 2060
773 1293 231 891 2061
781 39 234 891 2061
773 1294 231 892 2062
781 40 235 892 2062
773 1295 231 893 2063
781 41 235 893 2063
773 1296 231 894 2064
781 42 235 894 2064
773 1297 231 895 2065
781 43 235 895 2065
773 1298 231 896 2066
781 44 235 896 2066
773 1299 231 897 2067
781 45 235 897 2067
773 1300 229 898 2068
781 46 235 898 2068
773 1301 227 899 2069
781 47 235 899 2069
773 1302 231 900 2070
781 48 234 900 2070
773 1303 231 901 2071
781 49 234 901 2071
773 1304 231 902 2072
781 50 234 902 2072
773 1305 231 903 2073
781 51 234 903 2073
773 1306 229 904 2074
781 52 234 904 2074
773 1307 231 905 2075
781 53 235 905 2075
773 1308 228 906 2076
781 54 233 906 2076
773 1309 227 907 2077
781 55 232 907 2077
773 1310 225 908 2078
781 56 233 908 2078
773 1311 229 909 2079
781 57 231 909 2079
773 1312 232 910 2080
781 58 230 910 2080
773 1313 232 911 2081
781 59 232 911 2081
773 1314 228 912 2082
781 60 232 912 2082
773 1315 221 913 2083
773 1318 228 916 2086
781 65 226 917 2087
781 66 231 918 2088
781 67 233 919 2089
773 1322 222 920 2090
781 68 227 920 2090
